0.020430 0.000010 0.027455 0.064626 0.014254 0.163258 0.222222 0.487746
0.000010 0.000010 0.044690 0.102993 0.000010 0.204893 0.133342 0.514052
0.000010 0.000010 0.000010 0.000010 0.000010 0.000010 0.999930 0.000010
0.000010 0.000010 0.000010 0.000010 0.000010 0.000010 0.999930 0.000010
0.000010 0.000010 0.000010 0.000010 0.000010 0.000010 0.999930 0.000010
0.000010 0.000010 0.000010 0.000010 0.000019 0.000010 0.999921 0.000010
0.000010 0.000010 0.000010 0.015674 0.000010 0.120497 0.268088 0.595701
0.000010 0.000010 0.000010 0.000010 0.000010 0.000010 0.999930 0.000010
0.000019 0.000010 0.000010 0.047890 0.035649 0.182552 0.471432 0.262438
0.000010 0.000010 0.000010 0.102688 0.000010 0.231808 0.353804 0.311660
0.000010 0.000010 0.000010 0.099100 0.000010 0.277304 0.329688 0.293868
0.000010 0.000010 0.000010 0.094947 0.000010 0.477293 0.217371 0.210348
0.000010 0.080645 0.007343 0.089232 0.037079 0.387564 0.112960 0.285166
0.000010 0.000010 0.000010 0.092719 0.009847 0.370176 0.250517 0.276711
0.000010 0.000010 0.000010 0.000010 0.000010 0.999930 0.000010 0.000010
0.000010 0.000010 0.000010 0.999930 0.000010 0.000010 0.000010 0.000010
0.000010 0.000010 0.000010 0.112928 0.033668 0.366195 0.232849 0.254331
0.000010 0.000010 0.000010 0.000010 0.000010 0.999930 0.000010 0.000010
0.000010 0.000010 0.000011 0.000010 0.000010 0.999929 0.000010 0.000010
0.013557 0.000010 0.000010 0.216743 0.000010 0.122200 0.170760 0.476710
0.000010 0.000010 0.000010 0.999928 0.000010 0.000010 0.000012 0.000010
0.000010 0.000010 0.000011 0.999929 0.000010 0.000010 0.000010 0.000010
0.000010 0.000010 0.000010 0.999930 0.000010 0.000010 0.000010 0.000010
0.000010 0.000010 0.000010 0.000010 0.000010 0.999930 0.000010 0.000010
0.000010 0.000010 0.000010 0.000010 0.000010 0.999930 0.000010 0.000010
0.000010 0.000010 0.000010 0.000010 0.000010 0.659436 0.340504 0.000010
0.000010 0.000010 0.000012 0.000010 0.000010 0.999928 0.000010 0.000010
0.000010 0.000010 0.000010 0.000010 0.000010 0.999930 0.000010 0.000010
0.000010 0.000010 0.000010 0.000010 0.000010 0.999930 0.000010 0.000010
0.103270 0.107964 0.000010 0.072455 0.190719 0.249098 0.000010 0.276474
0.000010 0.000010 0.000010 0.000010 0.000010 0.000010 0.999930 0.000010
0.000010 0.063769 0.025096 0.045653 0.000010 0.307388 0.079129 0.478945
0.059338 0.186254 0.077288 0.085466 0.000010 0.000010 0.000010 0.591624
0.313196 0.017190 0.000010 0.010296 0.000010 0.052317 0.000010 0.606972
0.295748 0.205040 0.002493 0.116775 0.000010 0.000010 0.023822 0.356102
0.316312 0.211880 0.114820 0.000010 0.000010 0.000010 0.000010 0.356948
0.011832 0.337131 0.000010 0.000010 0.000010 0.000010 0.000010 0.650988
0.000010 0.000010 0.000010 0.999930 0.000010 0.000010 0.000010 0.000010
0.167051 0.477759 0.212502 0.000010 0.109871 0.032787 0.000010 0.000010
0.520640 0.018355 0.000010 0.039253 0.050335 0.000010 0.080945 0.290453
0.000010 0.349101 0.000010 0.000010 0.000010 0.000010 0.000010 0.650839
0.012772 0.298127 0.044188 0.000010 0.000010 0.000010 0.000010 0.644873
0.285067 0.202189 0.000010 0.000010 0.000010 0.059294 0.000010 0.453410
0.000010 0.474660 0.000010 0.000010 0.000010 0.002789 0.000010 0.522501
0.000010 0.180931 0.094851 0.000010 0.000010 0.000010 0.000010 0.724168
0.367974 0.060980 0.000010 0.000010 0.000010 0.065368 0.000010 0.505638
0.392180 0.250013 0.000010 0.000010 0.000010 0.091460 0.000010 0.266307
0.032742 0.208193 0.024854 0.023515 0.000010 0.000010 0.000010 0.710665
0.293511 0.332196 0.000010 0.016403 0.065463 0.048926 0.000010 0.243481
0.397810 0.195197 0.000010 0.047683 0.000010 0.002443 0.000010 0.356837
0.084294 0.549338 0.000010 0.000010 0.000010 0.045464 0.056963 0.263910
0.275014 0.189431 0.000010 0.000010 0.029730 0.000010 0.000010 0.505785
0.376175 0.157913 0.000010 0.000010 0.000010 0.000010 0.000010 0.465862
0.428030 0.133618 0.000010 0.006572 0.000010 0.000010 0.000010 0.431740
0.366354 0.099077 0.000010 0.000010 0.000010 0.002363 0.000010 0.532166
0.461501 0.203108 0.000010 0.066963 0.000010 0.000010 0.004561 0.263837
0.000010 0.000010 0.000010 0.999930 0.000010 0.000010 0.000010 0.000010
0.364580 0.189196 0.000010 0.003674 0.000010 0.000010 0.000010 0.442510
0.374331 0.199174 0.000010 0.013834 0.000010 0.000010 0.000010 0.412621
0.465688 0.131804 0.000010 0.000015 0.000010 0.000010 0.000010 0.402453
0.252620 0.062021 0.002692 0.018105 0.028197 0.019580 0.025692 0.591094
0.246063 0.082702 0.002501 0.008279 0.016050 0.031814 0.036870 0.575721
0.282386 0.066256 0.000010 0.010645 0.031794 0.007969 0.034413 0.566527
0.243304 0.060925 0.000010 0.011574 0.026971 0.019092 0.040370 0.597754
0.282332 0.065469 0.000010 0.013701 0.012643 0.015478 0.016969 0.593399
0.268450 0.073460 0.000010 0.004505 0.022030 0.019793 0.015198 0.596554
0.248887 0.058898 0.000010 0.012741 0.028120 0.011462 0.008693 0.631190
0.273690 0.078007 0.000010 0.006441 0.017422 0.033345 0.025729 0.565356
0.270266 0.019985 0.003859 0.007150 0.000010 0.013077 0.026659 0.658994
0.202335 0.072042 0.039773 0.018367 0.060919 0.069100 0.080978 0.456486
0.216063 0.110767 0.000010 0.019111 0.045047 0.043587 0.058565 0.506851
0.270985 0.045559 0.000010 0.003345 0.000010 0.019201 0.020405 0.640485
0.000010 0.000010 0.000010 0.000010 0.564919 0.025510 0.050064 0.359468
0.261448 0.083027 0.000010 0.000010 0.004850 0.017199 0.025994 0.607462
0.299277 0.064725 0.006243 0.004675 0.017137 0.029929 0.014078 0.563937
0.000010 0.999930 0.000010 0.000010 0.000010 0.000010 0.000010 0.000010
0.000010 0.999930 0.000010 0.000010 0.000010 0.000010 0.000010 0.000010
0.000010 0.999930 0.000010 0.000010 0.000010 0.000010 0.000010 0.000010
0.000010 0.999930 0.000010 0.000010 0.000010 0.000010 0.000010 0.000010
0.055380 0.889809 0.000936 0.000010 0.007275 0.000010 0.000010 0.046570
0.000010 0.999930 0.000010 0.000010 0.000010 0.000010 0.000010 0.000010
0.000010 0.998637 0.001303 0.000010 0.000010 0.000010 0.000010 0.000010
0.000010 0.999930 0.000010 0.000010 0.000010 0.000010 0.000010 0.000010
0.000010 0.999930 0.000010 0.000010 0.000010 0.000010 0.000010 0.000010
0.031680 0.944225 0.013618 0.000010 0.000010 0.000010 0.000010 0.010437
0.000010 0.999485 0.000010 0.000010 0.000010 0.000010 0.000455 0.000010
0.073739 0.897561 0.011723 0.000010 0.010923 0.006024 0.000010 0.000010
0.073955 0.808315 0.000010 0.002420 0.000010 0.000524 0.003893 0.110873
0.000010 0.999930 0.000010 0.000010 0.000010 0.000010 0.000010 0.000010
0.744950 0.013564 0.106956 0.000010 0.021609 0.000010 0.048857 0.064044
0.730047 0.032838 0.121954 0.005392 0.012328 0.003053 0.044439 0.049950
0.738911 0.006180 0.105829 0.012297 0.017784 0.010030 0.048708 0.060261
0.713555 0.065422 0.093843 0.004337 0.014558 0.011790 0.035882 0.060612
0.799362 0.000010 0.084109 0.002550 0.017660 0.021680 0.057545 0.017084
0.689471 0.044021 0.103613 0.006598 0.025300 0.000245 0.037917 0.092835
0.749331 0.025623 0.104280 0.007606 0.036542 0.012663 0.049967 0.013989
0.752897 0.000010 0.109895 0.019931 0.031045 0.021696 0.046243 0.018283
0.473360 0.390591 0.026953 0.004211 0.000010 0.006766 0.000010 0.098099
0.465603 0.365204 0.017598 0.000018 0.000010 0.003881 0.001352 0.146335
0.445942 0.401626 0.024655 0.000010 0.006084 0.017443 0.000010 0.104230
0.457596 0.385611 0.029251 0.004936 0.000010 0.000010 0.000667 0.121919
0.497841 0.370849 0.026991 0.000056 0.013247 0.000010 0.000010 0.090996
0.460596 0.352356 0.034344 0.002039 0.000010 0.000777 0.000010 0.149867
0.455908 0.398164 0.012986 0.000810 0.018066 0.012529 0.000010 0.101526
0.455357 0.397597 0.029050 0.002043 0.000010 0.016252 0.005946 0.093745
0.491299 0.377276 0.001915 0.000373 0.010881 0.000010 0.000010 0.118236
0.439706 0.412075 0.030318 0.000010 0.000010 0.000010 0.000010 0.117862
0.449298 0.402315 0.042105 0.000010 0.002334 0.009256 0.007773 0.086910
0.443060 0.364770 0.045770 0.000010 0.006820 0.003616 0.000010 0.135943
0.480904 0.363205 0.007821 0.000723 0.000010 0.000010 0.000010 0.147316
0.445898 0.399974 0.011894 0.009071 0.000010 0.000010 0.001734 0.131410
0.468970 0.359686 0.022315 0.005472 0.005410 0.004352 0.000010 0.133785
0.433422 0.396998 0.037536 0.014895 0.005057 0.012982 0.000010 0.099100
0.469955 0.370715 0.029792 0.000414 0.024035 0.000010 0.000010 0.105069
0.479214 0.373356 0.020851 0.000676 0.000072 0.000010 0.000010 0.125810
0.444972 0.374455 0.030534 0.005154 0.000010 0.000010 0.000010 0.144854
0.466407 0.401220 0.039992 0.000796 0.000010 0.000010 0.000010 0.091555
0.486362 0.403782 0.001526 0.002000 0.000010 0.001918 0.000010 0.104391
0.478009 0.398465 0.000010 0.001292 0.000010 0.000010 0.000010 0.122194
0.480985 0.360244 0.025802 0.003978 0.000010 0.000010 0.000010 0.128961
0.465466 0.405715 0.020851 0.000010 0.000010 0.000010 0.001915 0.106022
0.471088 0.362124 0.022220 0.002715 0.007795 0.015325 0.005313 0.113420
0.483809 0.328988 0.050685 0.004566 0.000010 0.000346 0.000010 0.131586
0.683049 0.094052 0.122411 0.008940 0.000010 0.001014 0.000010 0.090515
0.552226 0.148296 0.070920 0.000359 0.000010 0.000010 0.000010 0.228168
0.718006 0.059331 0.122908 0.000010 0.000010 0.008604 0.000010 0.091122
0.469341 0.159886 0.039888 0.004595 0.001675 0.009287 0.000010 0.315318
0.565392 0.156602 0.042138 0.009954 0.011804 0.000010 0.000010 0.214090
0.661533 0.079748 0.095180 0.004912 0.006681 0.003298 0.006306 0.142340
0.747788 0.054455 0.128372 0.005326 0.016838 0.000010 0.001335 0.045876
0.589236 0.119977 0.040595 0.004842 0.006426 0.002265 0.000010 0.236649
0.533112 0.168478 0.043367 0.001230 0.000010 0.016537 0.000010 0.237255
0.647012 0.084626 0.079629 0.000010 0.016555 0.012651 0.002956 0.156561
0.726299 0.076304 0.118420 0.000010 0.003177 0.000010 0.006988 0.068792
0.640006 0.130822 0.098607 0.004894 0.000010 0.008010 0.002363 0.115288
0.452145 0.392855 0.017994 0.008011 0.000010 0.010824 0.000010 0.118151
0.480251 0.383673 0.008976 0.000010 0.015149 0.000010 0.002277 0.109654
0.656194 0.117859 0.094602 0.005045 0.000010 0.000410 0.001321 0.124561
0.736522 0.084081 0.120716 0.013822 0.014492 0.006081 0.018653 0.005634
0.677233 0.070663 0.093836 0.000010 0.028885 0.000314 0.000010 0.129049
0.496419 0.183320 0.067343 0.006026 0.000010 0.000600 0.000010 0.246273
0.581522 0.156303 0.039358 0.000345 0.000010 0.000010 0.000010 0.222441
0.723216 0.061376 0.109185 0.002644 0.011001 0.002256 0.000010 0.090311
0.638844 0.126207 0.072539 0.000010 0.016792 0.018329 0.000010 0.127270
0.746975 0.065636 0.113070 0.004719 0.000010 0.000010 0.000010 0.069571
0.685641 0.082595 0.118064 0.006846 0.023022 0.000010 0.000010 0.083812
0.725429 0.066985 0.112281 0.000010 0.014330 0.008688 0.015122 0.057155
0.652500 0.122790 0.063688 0.004146 0.000010 0.000014 0.000010 0.156842
0.449120 0.367669 0.040384 0.006109 0.005526 0.011256 0.000010 0.119926
0.520785 0.136438 0.041420 0.009515 0.000010 0.000010 0.004526 0.287296
0.623332 0.112672 0.114564 0.000010 0.000010 0.000010 0.012723 0.136679
0.582938 0.101581 0.094396 0.009445 0.008071 0.002719 0.005123 0.195726
0.690894 0.084411 0.117617 0.002790 0.014604 0.000010 0.000010 0.089665
0.740418 0.067791 0.125186 0.002304 0.001500 0.002024 0.000010 0.060767
0.552791 0.160097 0.061085 0.000010 0.000010 0.000010 0.000010 0.225986
0.651169 0.091802 0.087517 0.006070 0.000010 0.004134 0.000010 0.159288
0.652883 0.087131 0.093047 0.004540 0.000010 0.007048 0.000010 0.155331
0.497451 0.167431 0.040782 0.000306 0.000010 0.000010 0.000010 0.294001
0.527062 0.151648 0.068513 0.000010 0.000010 0.007781 0.000010 0.244966
0.634993 0.087417 0.088100 0.005579 0.002757 0.003021 0.005053 0.173080
0.556219 0.088736 0.078176 0.006985 0.002511 0.005255 0.000010 0.262109
0.638440 0.080903 0.076427 0.000010 0.000010 0.004498 0.000010 0.199703
0.599499 0.108009 0.072788 0.015470 0.000010 0.010001 0.008247 0.185977
0.566005 0.116420 0.055155 0.000010 0.003825 0.000010 0.002464 0.256111
0.553068 0.134867 0.093320 0.006598 0.000010 0.001580 0.000941 0.209615
0.614264 0.112009 0.085463 0.000010 0.000010 0.000011 0.000010 0.188222
0.600826 0.078343 0.057847 0.003086 0.000639 0.000010 0.000010 0.259239
0.650944 0.081049 0.064960 0.007092 0.012819 0.006803 0.000010 0.176323
0.545262 0.113754 0.060366 0.000011 0.000010 0.000010 0.000010 0.280577
0.417409 0.087747 0.020489 0.000010 0.000010 0.000010 0.027406 0.446919
0.379937 0.030828 0.035111 0.004853 0.000010 0.008274 0.016523 0.524463
0.370593 0.044803 0.030499 0.003250 0.000010 0.000010 0.025601 0.525234
0.144061 0.032865 0.000010 0.003786 0.000010 0.019081 0.007260 0.792927
0.325565 0.067486 0.030231 0.002254 0.035594 0.015511 0.000010 0.523349
0.382956 0.033316 0.024223 0.000021 0.025576 0.011857 0.003283 0.518767
0.395388 0.045379 0.030414 0.000010 0.014853 0.000010 0.002848 0.511098
0.375438 0.017944 0.010605 0.000010 0.033974 0.000010 0.023544 0.538476
0.546666 0.091587 0.069511 0.000221 0.000010 0.008890 0.000010 0.283104
0.364780 0.057913 0.022749 0.002694 0.005856 0.014798 0.011626 0.519584
0.672208 0.042577 0.073625 0.000010 0.000010 0.016181 0.007872 0.187517
0.640014 0.070837 0.058086 0.000010 0.004399 0.000125 0.014324 0.212205
0.678530 0.052599 0.061831 0.002571 0.019489 0.007292 0.002626 0.175061
0.657329 0.049354 0.062989 0.005369 0.002323 0.001075 0.022519 0.199041
0.630959 0.059770 0.091469 0.000028 0.007037 0.011150 0.004909 0.194677
0.650654 0.053683 0.072473 0.003629 0.000010 0.010289 0.006808 0.202454
0.647917 0.070765 0.061368 0.000351 0.000614 0.001220 0.000010 0.217755
0.639993 0.073817 0.079624 0.006863 0.004145 0.000010 0.000010 0.195538
0.657928 0.043339 0.067290 0.000010 0.015146 0.000010 0.000010 0.216267
0.659676 0.069337 0.069686 0.006175 0.013280 0.010535 0.012761 0.158550
0.058731 0.786919 0.000010 0.005733 0.000010 0.000010 0.000010 0.148578
0.271104 0.486735 0.000010 0.000010 0.003454 0.009727 0.000010 0.228950
0.222724 0.607827 0.010707 0.002515 0.012091 0.006602 0.004008 0.133526
0.120913 0.750244 0.002760 0.008825 0.003278 0.000010 0.000010 0.113960
0.180600 0.645728 0.003538 0.000690 0.018396 0.007002 0.003972 0.140074
0.206987 0.539882 0.026581 0.000010 0.012812 0.001658 0.000010 0.212060
0.175279 0.661042 0.017073 0.003651 0.005646 0.000010 0.003483 0.133816
0.055378 0.869721 0.000010 0.000016 0.000010 0.000010 0.004653 0.070202
0.246009 0.498460 0.037133 0.006852 0.000010 0.006102 0.016773 0.188661
0.251033 0.549211 0.000010 0.000010 0.000010 0.000010 0.005223 0.194493
0.289362 0.479901 0.012818 0.000010 0.001884 0.002462 0.006533 0.207031
0.285518 0.458353 0.000010 0.006312 0.012276 0.000010 0.004834 0.232687
0.237648 0.541413 0.019320 0.007720 0.025838 0.010707 0.003374 0.153980
0.271608 0.524451 0.000010 0.004662 0.021348 0.000010 0.011964 0.165947
0.254289 0.538398 0.007917 0.000131 0.000010 0.012146 0.012018 0.175091
0.275299 0.543638 0.006373 0.003793 0.000010 0.001466 0.002900 0.166521
0.279543 0.524302 0.000010 0.007715 0.000010 0.019147 0.000010 0.169263
0.278635 0.522930 0.000010 0.000271 0.001780 0.008382 0.000010 0.187982
0.310070 0.385537 0.022815 0.010147 0.006202 0.000785 0.022201 0.242243
0.406628 0.309978 0.031156 0.001608 0.015563 0.000010 0.000010 0.235048
0.386315 0.303110 0.010998 0.005722 0.013733 0.000010 0.024511 0.255601
0.375946 0.346526 0.024672 0.000010 0.006543 0.000010 0.011503 0.234790
0.346968 0.317350 0.042135 0.000010 0.036820 0.000010 0.000010 0.256696
0.391060 0.289069 0.034110 0.000010 0.012780 0.000010 0.015107 0.257853
0.303859 0.464385 0.014341 0.004150 0.000010 0.000010 0.000354 0.212890
0.159108 0.718513 0.000010 0.001864 0.006326 0.001090 0.006592 0.106496
0.161240 0.741653 0.000010 0.000010 0.000010 0.000010 0.000010 0.097057
0.337250 0.438797 0.001024 0.007744 0.000010 0.010647 0.017515 0.187014
0.328850 0.464011 0.007880 0.012726 0.000010 0.006664 0.001045 0.178815
0.147476 0.767765 0.000010 0.000010 0.006030 0.021439 0.004023 0.053247
0.291856 0.483322 0.011362 0.000010 0.008062 0.000010 0.005422 0.199956
0.218368 0.630126 0.005983 0.000010 0.000010 0.004011 0.005545 0.135947
0.322010 0.385818 0.015859 0.000010 0.000010 0.000010 0.001100 0.275182
0.322922 0.435533 0.010459 0.009619 0.000010 0.008505 0.000010 0.212942
0.337420 0.420768 0.026357 0.007261 0.000010 0.000010 0.000010 0.208164
0.335226 0.376439 0.016251 0.000010 0.009606 0.016137 0.004092 0.242240
0.343228 0.408298 0.032329 0.006311 0.013995 0.001993 0.000010 0.193837
0.340000 0.392112 0.002318 0.004339 0.025954 0.000010 0.005067 0.230200
0.329248 0.371849 0.027681 0.007307 0.001824 0.011951 0.000010 0.250130
0.488233 0.179590 0.017610 0.000010 0.007016 0.001507 0.000010 0.306023
0.462938 0.172801 0.054580 0.009624 0.000010 0.012162 0.008830 0.279056
0.486880 0.175096 0.000551 0.000015 0.000010 0.000010 0.000010 0.337428
0.453286 0.193678 0.025038 0.009953 0.007771 0.007539 0.001048 0.301687
0.489369 0.174240 0.011334 0.000010 0.000010 0.000010 0.014654 0.310373
0.452750 0.181819 0.027755 0.008153 0.005995 0.001767 0.006053 0.315709
0.487081 0.187982 0.023241 0.005555 0.020152 0.007201 0.000010 0.268779
0.523870 0.161502 0.043665 0.001740 0.000010 0.004817 0.008132 0.256263
0.434767 0.208551 0.027574 0.011029 0.000010 0.004245 0.000010 0.313815
0.476446 0.172371 0.026261 0.010567 0.036335 0.000010 0.008324 0.269686
0.792677 0.009310 0.133904 0.000010 0.035176 0.009555 0.014892 0.004475
0.847239 0.000010 0.118508 0.006258 0.005178 0.000010 0.008504 0.014293
0.851080 0.000016 0.136763 0.010749 0.000010 0.000428 0.000945 0.000010
0.826547 0.000010 0.151981 0.000010 0.004277 0.000010 0.017155 0.000010
0.804713 0.005051 0.136889 0.003155 0.021938 0.009292 0.015117 0.003847
0.851435 0.000010 0.131760 0.000010 0.001818 0.000010 0.014947 0.000010
0.779439 0.009245 0.153230 0.002452 0.043585 0.000010 0.012030 0.000010
0.794710 0.016676 0.134048 0.000010 0.004007 0.016032 0.017862 0.016655
0.837274 0.009422 0.115965 0.000010 0.020887 0.014250 0.002181 0.000010
0.815077 0.000010 0.143187 0.005313 0.004952 0.014404 0.017047 0.000010
0.718384 0.005313 0.064199 0.000010 0.027265 0.017831 0.018251 0.148748
0.811642 0.000010 0.044757 0.006765 0.046195 0.008187 0.017936 0.064507
0.717068 0.000010 0.048199 0.004028 0.037113 0.014604 0.026475 0.152504
0.736371 0.000010 0.064434 0.007014 0.014111 0.011617 0.027122 0.139321
0.770886 0.000010 0.066657 0.007430 0.021843 0.016420 0.028293 0.088460
0.778881 0.000010 0.059670 0.000010 0.037549 0.016239 0.026169 0.081471
0.704390 0.010689 0.070348 0.009984 0.013907 0.009834 0.015212 0.165636
0.723758 0.015232 0.050473 0.001446 0.000010 0.019898 0.011166 0.178017
0.759320 0.047696 0.084900 0.009519 0.000010 0.000010 0.009649 0.088897
0.649468 0.091888 0.081199 0.002100 0.000010 0.022981 0.000010 0.152344
0.691919 0.120570 0.056289 0.007854 0.012267 0.008843 0.000010 0.102247
0.751369 0.054649 0.056774 0.006185 0.016801 0.000010 0.001742 0.112470
0.716872 0.044093 0.074147 0.005434 0.000010 0.017477 0.007178 0.134789
0.685582 0.069548 0.089804 0.000015 0.000010 0.000010 0.018303 0.136728
0.724976 0.084149 0.086330 0.000010 0.007636 0.000010 0.014165 0.082724
0.660367 0.087290 0.089341 0.002295 0.000010 0.012684 0.002990 0.145023
0.697616 0.062892 0.083270 0.005481 0.000010 0.012076 0.000010 0.138644
0.684287 0.088281 0.083845 0.009656 0.000010 0.001030 0.005986 0.126905
0.393984 0.105684 0.031494 0.006535 0.010637 0.014955 0.000010 0.436701
0.400201 0.066669 0.029529 0.000010 0.017079 0.020589 0.012544 0.453379
0.405791 0.055812 0.006161 0.002095 0.005875 0.011046 0.008111 0.505108
0.342470 0.073720 0.018506 0.011992 0.009878 0.013153 0.018524 0.511757
0.343320 0.064509 0.032931 0.004348 0.040670 0.007821 0.015398 0.491003
0.397313 0.040510 0.000010 0.000010 0.018318 0.005492 0.014510 0.523838
0.357437 0.077067 0.000010 0.000836 0.022161 0.010023 0.000858 0.531608
0.337234 0.073031 0.012381 0.011057 0.000010 0.016231 0.010401 0.539654
0.339940 0.063266 0.017259 0.006281 0.020727 0.009711 0.000010 0.542806
0.330900 0.182154 0.026293 0.003439 0.024392 0.004571 0.017105 0.411145
0.320342 0.139124 0.026718 0.010651 0.041433 0.029400 0.018415 0.413916
0.284672 0.148449 0.000010 0.000478 0.054875 0.006312 0.037099 0.468105
0.325577 0.192678 0.020022 0.001239 0.041311 0.024119 0.017851 0.377204
0.368221 0.189916 0.009589 0.009308 0.039118 0.000010 0.014151 0.369686
0.366089 0.161860 0.017070 0.004488 0.020327 0.015640 0.015497 0.399029
0.330523 0.213333 0.019727 0.010340 0.019657 0.012365 0.014939 0.379116
0.371613 0.134570 0.022201 0.004685 0.013891 0.013338 0.015921 0.423780
0.342872 0.167949 0.026733 0.007554 0.046005 0.009277 0.029876 0.369735
0.327887 0.181142 0.000010 0.014845 0.056322 0.023659 0.004872 0.391262
0.000010 0.000010 0.999930 0.000010 0.000010 0.000010 0.000010 0.000010
0.000010 0.000010 0.999930 0.000010 0.000010 0.000010 0.000010 0.000010
0.547788 0.000010 0.452152 0.000010 0.000010 0.000010 0.000010 0.000010
0.504774 0.188838 0.021111 0.003911 0.008159 0.003898 0.000555 0.268752
0.000010 0.000010 0.999930 0.000010 0.000010 0.000010 0.000010 0.000010
0.000010 0.000010 0.999930 0.000010 0.000010 0.000010 0.000010 0.000010
0.498924 0.000010 0.501016 0.000010 0.000010 0.000010 0.000010 0.000010
0.478675 0.333947 0.027338 0.001723 0.000010 0.002869 0.009920 0.145519
0.000010 0.000010 0.999930 0.000010 0.000010 0.000010 0.000010 0.000010
0.519114 0.000010 0.480826 0.000010 0.000010 0.000010 0.000010 0.000010
0.525665 0.000010 0.474275 0.000010 0.000010 0.000010 0.000010 0.000010
0.465545 0.323286 0.026038 0.008053 0.009933 0.011874 0.003707 0.151566
0.544597 0.000010 0.455343 0.000010 0.000010 0.000010 0.000010 0.000010
0.506652 0.000010 0.493288 0.000010 0.000010 0.000010 0.000010 0.000010
0.000010 0.000010 0.999930 0.000010 0.000010 0.000010 0.000010 0.000010
0.560839 0.000010 0.439101 0.000010 0.000010 0.000010 0.000010 0.000010
0.000010 0.000010 0.999930 0.000010 0.000010 0.000010 0.000010 0.000010
0.515324 0.000010 0.484616 0.000010 0.000010 0.000010 0.000010 0.000010
0.418323 0.303838 0.032455 0.004002 0.000010 0.000010 0.000010 0.241352
0.000010 0.000010 0.999930 0.000010 0.000010 0.000010 0.000010 0.000010
0.553641 0.000010 0.446299 0.000010 0.000010 0.000010 0.000010 0.000010
0.409846 0.313587 0.056950 0.000010 0.015263 0.015624 0.000010 0.188709
0.000010 0.000010 0.999930 0.000010 0.000010 0.000010 0.000010 0.000010
0.531079 0.000010 0.468861 0.000010 0.000010 0.000010 0.000010 0.000010
0.441386 0.345871 0.034923 0.003807 0.000010 0.000010 0.000010 0.173983
0.786243 0.018825 0.118417 0.000010 0.004459 0.016855 0.019188 0.036004
0.796237 0.025369 0.092065 0.008277 0.007669 0.005764 0.014553 0.050066
0.816070 0.030348 0.093545 0.008746 0.000010 0.000010 0.028083 0.023187
0.772541 0.040626 0.118471 0.000010 0.033283 0.006927 0.013818 0.014323
0.772135 0.043650 0.122598 0.000010 0.015432 0.000010 0.032402 0.013763
0.766410 0.049802 0.118303 0.001853 0.016563 0.018219 0.011716 0.017135
0.824059 0.036834 0.092683 0.001698 0.000010 0.001786 0.013495 0.029436
0.794938 0.024744 0.127481 0.000010 0.040000 0.000010 0.009263 0.003553
0.692573 0.046428 0.086774 0.008285 0.027513 0.024054 0.053863 0.060511
0.780711 0.023550 0.120936 0.000010 0.012213 0.021826 0.010306 0.030449
0.901405 0.000010 0.000010 0.000010 0.010434 0.000010 0.088112 0.000010
0.670302 0.039309 0.103152 0.011443 0.036954 0.029833 0.044477 0.064529
0.661602 0.068655 0.101204 0.003384 0.011741 0.010508 0.017388 0.125518
0.665789 0.046422 0.090066 0.009257 0.035719 0.014470 0.045285 0.092992
0.707473 0.070174 0.082927 0.006657 0.015784 0.016786 0.037289 0.062909
0.896455 0.000010 0.000010 0.000010 0.015616 0.000010 0.087879 0.000010
0.892599 0.000010 0.000010 0.000010 0.022331 0.000010 0.085020 0.000010
0.669499 0.053439 0.102773 0.009696 0.024894 0.025970 0.037758 0.075972
0.136789 0.811352 0.000010 0.006107 0.000010 0.000010 0.000010 0.045712
0.023177 0.948126 0.005998 0.000797 0.000010 0.000501 0.000418 0.020973
0.000010 0.999930 0.000010 0.000010 0.000010 0.000010 0.000010 0.000010
0.000010 0.987023 0.008434 0.000010 0.002401 0.000010 0.000010 0.002102
0.000010 0.992665 0.007275 0.000010 0.000010 0.000010 0.000010 0.000010
0.000010 0.961172 0.000010 0.000650 0.000010 0.000010 0.013882 0.024257
0.000010 0.988295 0.000010 0.000010 0.009205 0.000010 0.002449 0.000010
0.034390 0.960393 0.000010 0.001823 0.000010 0.002648 0.000010 0.000716
0.000010 0.999930 0.000010 0.000010 0.000010 0.000010 0.000010 0.000010
0.000010 0.999930 0.000010 0.000010 0.000010 0.000010 0.000010 0.000010
0.000010 0.999930 0.000010 0.000010 0.000010 0.000010 0.000010 0.000010
0.361325 0.193901 0.026567 0.000010 0.015409 0.006703 0.026752 0.369333
0.376230 0.196899 0.036239 0.012033 0.024876 0.011203 0.017555 0.324966
0.361393 0.126014 0.029118 0.004137 0.005073 0.003745 0.019644 0.450876
0.403364 0.162991 0.032367 0.012557 0.000010 0.000010 0.011264 0.377437
0.291606 0.134319 0.001936 0.004788 0.025487 0.017661 0.025946 0.498255
0.027846 0.018690 0.013437 0.008443 0.353897 0.045158 0.036805 0.495723
0.082446 0.073816 0.000010 0.004120 0.079986 0.052095 0.059832 0.647694
0.019302 0.000010 0.021440 0.011037 0.523189 0.023148 0.044423 0.357452
0.043157 0.043194 0.000010 0.003953 0.271898 0.043384 0.059577 0.534828
0.063351 0.059132 0.013017 0.006500 0.045935 0.028421 0.026741 0.756903
0.077616 0.046719 0.000383 0.005900 0.033446 0.000010 0.024682 0.811245
0.080433 0.069793 0.000010 0.000010 0.034719 0.021004 0.030679 0.763353
0.062771 0.066972 0.018661 0.000010 0.043412 0.029841 0.016939 0.761394
0.086727 0.044587 0.000010 0.008424 0.042478 0.026603 0.024857 0.766314
0.057652 0.040399 0.007130 0.000010 0.057350 0.015117 0.044538 0.777804
0.072993 0.070016 0.000010 0.002350 0.073427 0.019345 0.032662 0.729199
0.082171 0.045968 0.000010 0.000010 0.033865 0.000010 0.025260 0.812706
0.072329 0.057122 0.021045 0.000010 0.026410 0.012214 0.026938 0.783932
0.078037 0.030799 0.000010 0.006359 0.087094 0.025596 0.047551 0.724554
0.142051 0.080816 0.000010 0.000947 0.027805 0.019533 0.015926 0.712912
0.208638 0.135338 0.015639 0.000685 0.026683 0.011937 0.044318 0.556763
0.080980 0.065426 0.000010 0.000010 0.050180 0.014577 0.020336 0.768481
0.142203 0.090459 0.000010 0.005600 0.055147 0.030949 0.041119 0.634512
0.427501 0.188036 0.000010 0.000010 0.005977 0.019234 0.010519 0.348713
0.103727 0.076655 0.000010 0.001605 0.044780 0.018844 0.019785 0.734594
0.116667 0.115985 0.002803 0.002454 0.037594 0.008885 0.053723 0.661889
0.203613 0.095632 0.015415 0.012779 0.035148 0.032572 0.046181 0.558660
0.029684 0.017490 0.002058 0.016830 0.075287 0.045321 0.100362 0.712968
0.095098 0.160863 0.000010 0.006448 0.031044 0.039349 0.041287 0.625901
0.048404 0.037475 0.017498 0.006639 0.082300 0.054346 0.076528 0.676810
0.147877 0.169541 0.000010 0.008610 0.046396 0.010334 0.035115 0.582117
0.059012 0.043819 0.007204 0.016810 0.113641 0.033388 0.066571 0.659554
0.103827 0.169134 0.014473 0.005359 0.040685 0.006598 0.042405 0.617520
0.030638 0.056515 0.022883 0.018322 0.070069 0.065488 0.075419 0.660667
0.190044 0.013413 0.001736 0.000010 0.028348 0.002097 0.000010 0.764342
0.060039 0.051093 0.002890 0.011386 0.074512 0.060204 0.067738 0.672138
0.202218 0.041255 0.000010 0.000010 0.000010 0.000010 0.007988 0.748500
0.061010 0.049376 0.007012 0.003348 0.060908 0.041605 0.050515 0.726226
0.224108 0.000010 0.007136 0.000010 0.000010 0.000010 0.005879 0.762837
0.156975 0.190188 0.023896 0.000010 0.052528 0.017524 0.020513 0.538365
0.031213 0.017695 0.002538 0.017000 0.080175 0.058022 0.100243 0.693115
0.285527 0.052723 0.015433 0.008967 0.028961 0.026670 0.018152 0.563568
0.130533 0.149235 0.008080 0.009386 0.019005 0.024331 0.033330 0.626100
0.041859 0.013893 0.008220 0.009782 0.087879 0.070672 0.081258 0.686438
0.117796 0.144724 0.007111 0.010341 0.027980 0.027856 0.035745 0.628447
0.051129 0.051469 0.006653 0.000010 0.046515 0.019906 0.035656 0.788661
0.397819 0.170718 0.001679 0.007538 0.042920 0.012314 0.016904 0.350108
0.086498 0.088709 0.004918 0.000601 0.029771 0.010066 0.044278 0.735159
0.266905 0.064895 0.033455 0.004963 0.012748 0.000010 0.023310 0.593714
0.073261 0.072074 0.017434 0.000010 0.045122 0.018436 0.017923 0.755741
0.272131 0.050177 0.045685 0.000010 0.000010 0.000010 0.006873 0.625103
0.032578 0.022115 0.000010 0.002020 0.106613 0.065158 0.084384 0.687123
0.113677 0.040297 0.005945 0.000010 0.017874 0.000010 0.009270 0.812917
0.124905 0.069105 0.000010 0.000636 0.052339 0.019511 0.037878 0.695617
0.117561 0.018997 0.000010 0.000010 0.020877 0.000010 0.023910 0.818625
0.027515 0.038007 0.023268 0.018178 0.081259 0.066053 0.076924 0.668796
0.131879 0.029732 0.000010 0.008760 0.009471 0.000010 0.000010 0.820128
0.114144 0.041172 0.002661 0.000010 0.001046 0.000010 0.008974 0.831983
0.039815 0.047333 0.003493 0.010546 0.046226 0.034623 0.067516 0.750448
0.404330 0.150800 0.059458 0.010399 0.000010 0.003189 0.002418 0.369396
0.197563 0.074553 0.006758 0.000010 0.022946 0.003439 0.015762 0.678969
0.077886 0.050715 0.000010 0.003608 0.070380 0.022154 0.026988 0.748258
0.619462 0.112082 0.056405 0.002665 0.000010 0.008716 0.000010 0.200649
0.112476 0.038817 0.021673 0.003241 0.027162 0.020217 0.018407 0.758009
0.051665 0.007779 0.010351 0.006337 0.070309 0.064927 0.072792 0.715839
0.133402 0.022595 0.000010 0.000010 0.002027 0.018250 0.000010 0.823696
0.076173 0.075967 0.000010 0.000982 0.004609 0.001918 0.022547 0.817794
0.038103 0.041317 0.011209 0.010915 0.091995 0.098070 0.097944 0.610446
0.185263 0.087323 0.000010 0.000010 0.013023 0.011525 0.000010 0.702836
0.096894 0.056337 0.000010 0.005174 0.032528 0.001435 0.005349 0.802273
0.030210 0.000010 0.015127 0.013449 0.123037 0.056138 0.066116 0.695913
0.134277 0.057672 0.023382 0.000010 0.000010 0.011429 0.015017 0.758204
0.035391 0.048959 0.000010 0.001606 0.028596 0.004322 0.040884 0.840231
0.072489 0.066505 0.009895 0.017978 0.091129 0.042817 0.071436 0.627752
0.536515 0.144409 0.051697 0.002728 0.000010 0.000010 0.000010 0.264621
0.252053 0.059484 0.007161 0.000010 0.026068 0.000010 0.019725 0.635488
0.027511 0.019147 0.021063 0.016960 0.101119 0.052584 0.075101 0.686515
0.090366 0.087914 0.000010 0.004294 0.017022 0.020089 0.025861 0.754444
0.604739 0.083807 0.081709 0.000010 0.000469 0.000010 0.000010 0.229246
0.000010 0.000010 0.024724 0.000374 0.083651 0.065273 0.098792 0.727167
0.089433 0.061216 0.000010 0.005871 0.009329 0.000010 0.026974 0.807157
0.462419 0.119267 0.070424 0.000010 0.016886 0.000010 0.000010 0.330974
0.084649 0.090699 0.012324 0.017648 0.071459 0.029687 0.047079 0.646454
0.419968 0.087025 0.045764 0.005215 0.024114 0.000010 0.000010 0.417894
0.098783 0.039977 0.000010 0.005430 0.030220 0.000010 0.022686 0.802885
0.076464 0.038492 0.000853 0.008678 0.076206 0.063928 0.076782 0.658597
0.149560 0.183044 0.019014 0.011085 0.032400 0.015660 0.033643 0.555595
0.339758 0.083900 0.042086 0.006711 0.018235 0.013917 0.000010 0.495383
0.000010 0.005966 0.029667 0.016761 0.098808 0.070300 0.077649 0.700840
0.142587 0.153049 0.000010 0.009639 0.030855 0.001531 0.031560 0.630768
0.495944 0.083579 0.046348 0.004472 0.012765 0.005261 0.000010 0.351620
0.023981 0.014834 0.008000 0.025681 0.085364 0.056085 0.081781 0.704275
0.109703 0.120742 0.021357 0.001434 0.032232 0.022759 0.029270 0.662503
0.072794 0.089613 0.013178 0.007701 0.046754 0.016662 0.015588 0.737709
0.034983 0.045363 0.000010 0.013529 0.115984 0.049002 0.099844 0.641285
0.152825 0.096378 0.013778 0.007305 0.037696 0.026562 0.041943 0.623512
0.172280 0.051071 0.000010 0.000010 0.000010 0.000010 0.011071 0.765539
0.000683 0.017090 0.000010 0.011935 0.115799 0.072917 0.090358 0.691207
0.212140 0.134134 0.001883 0.011025 0.019063 0.011777 0.015139 0.594839
0.473647 0.105598 0.058221 0.000133 0.000010 0.019758 0.011464 0.331168
0.024772 0.048214 0.020661 0.011900 0.077891 0.058648 0.078548 0.679366
0.331726 0.162542 0.013378 0.007323 0.013554 0.007976 0.004890 0.458609
0.064925 0.098582 0.005741 0.001918 0.009760 0.000955 0.036077 0.782042
0.049661 0.042327 0.017422 0.013263 0.088567 0.054371 0.082977 0.651411
0.139232 0.124018 0.016631 0.011585 0.038748 0.004632 0.038959 0.626194
0.106420 0.052254 0.000010 0.000010 0.009914 0.000010 0.000010 0.831372
0.045003 0.023569 0.006881 0.014261 0.073614 0.063899 0.096445 0.676329
0.135441 0.113961 0.006503 0.006316 0.015148 0.018012 0.043343 0.661277
0.349683 0.080388 0.010320 0.006272 0.020680 0.000010 0.000010 0.532636
0.040408 0.000010 0.019638 0.020129 0.102168 0.061916 0.093795 0.661937
0.143544 0.094396 0.000010 0.008154 0.032265 0.025794 0.017640 0.678197
0.312429 0.085457 0.032482 0.006769 0.017584 0.000010 0.000010 0.545259
0.031408 0.026998 0.001538 0.006394 0.091300 0.080896 0.110173 0.651295
0.106176 0.112585 0.003312 0.004124 0.017700 0.016411 0.023964 0.715729
0.107257 0.039914 0.000010 0.000010 0.031361 0.005684 0.003143 0.812622
0.046501 0.041935 0.022782 0.007899 0.066289 0.047938 0.068751 0.697906
0.071097 0.025580 0.000010 0.007063 0.105035 0.042554 0.084178 0.664482
0.200045 0.063303 0.011042 0.006562 0.014074 0.000010 0.000010 0.704954
0.009529 0.000741 0.012605 0.011957 0.070223 0.063604 0.100025 0.731317
0.555328 0.128631 0.071963 0.000010 0.006719 0.002196 0.002936 0.232218
0.568141 0.104067 0.033666 0.000209 0.000010 0.000010 0.016797 0.277101
0.105045 0.124068 0.001117 0.002282 0.028677 0.024768 0.029433 0.684610
0.067650 0.064034 0.000010 0.001263 0.025569 0.000010 0.034191 0.807272
0.134935 0.165908 0.015896 0.015797 0.007620 0.021420 0.016674 0.621751
0.179406 0.113483 0.012380 0.010277 0.035703 0.008271 0.021632 0.618848
0.000010 0.000010 0.000010 0.005721 0.034914 0.081362 0.175086 0.702887
0.039783 0.018694 0.000010 0.019932 0.058840 0.077264 0.130115 0.655363
0.000010 0.015042 0.011243 0.020538 0.051340 0.093824 0.124739 0.683263
0.000010 0.034313 0.004335 0.015829 0.041757 0.080239 0.180761 0.642755
0.000010 0.025482 0.023073 0.013807 0.073976 0.071521 0.117667 0.674463
0.035350 0.034679 0.014216 0.012426 0.070152 0.047272 0.106917 0.678988
0.000010 0.020239 0.008423 0.020342 0.072507 0.050785 0.119781 0.707912
0.000010 0.000010 0.010400 0.017394 0.090133 0.068779 0.122492 0.690781
0.000010 0.022771 0.014246 0.008839 0.094574 0.067864 0.124629 0.667067
0.000010 0.000010 0.025802 0.026353 0.058905 0.060934 0.129354 0.698633
0.000010 0.000010 0.015729 0.010231 0.091006 0.071508 0.119069 0.692437
0.000010 0.000010 0.011934 0.010123 0.044865 0.073900 0.132001 0.727158
0.000010 0.000010 0.038978 0.009895 0.060951 0.076680 0.116189 0.697287
0.029414 0.022202 0.013145 0.010143 0.079915 0.051415 0.076486 0.717280
0.000010 0.000010 0.008561 0.021821 0.094750 0.079423 0.122140 0.673286
0.000010 0.000010 0.016025 0.012773 0.057513 0.070861 0.126202 0.716607
0.009228 0.000010 0.026305 0.021794 0.083721 0.087077 0.104536 0.667329
0.000010 0.000010 0.013011 0.017710 0.092822 0.074695 0.118604 0.683139
0.000010 0.000010 0.010071 0.010534 0.048246 0.085129 0.109894 0.736106
0.000010 0.000010 0.023964 0.017536 0.041595 0.080793 0.105802 0.730291
0.000010 0.000010 0.015320 0.019664 0.071756 0.074800 0.121589 0.696852
0.021800 0.044004 0.016860 0.022046 0.070077 0.051163 0.099753 0.674298
0.000010 0.000010 0.025570 0.012841 0.051819 0.050110 0.114384 0.745257
0.000010 0.000010 0.005932 0.012633 0.031381 0.056960 0.101820 0.791254
0.000010 0.000010 0.021340 0.008458 0.064171 0.053169 0.100342 0.752500
0.000010 0.000010 0.000010 0.008327 0.026061 0.055744 0.097777 0.812062
0.000010 0.000010 0.018154 0.005439 0.063002 0.065865 0.110748 0.736773
0.000010 0.003792 0.025809 0.013348 0.041458 0.049487 0.111075 0.755021
0.000010 0.007458 0.011754 0.006507 0.030399 0.058684 0.085110 0.800078
0.000010 0.002317 0.032246 0.014870 0.130324 0.083362 0.100903 0.635966
0.014636 0.018445 0.022277 0.022648 0.079876 0.073794 0.114487 0.653839
0.000010 0.000010 0.007429 0.014546 0.008369 0.047379 0.114221 0.808036
0.000010 0.000010 0.005461 0.003376 0.000010 0.053580 0.118716 0.818836
0.011690 0.006933 0.023674 0.012832 0.084312 0.049882 0.098644 0.712033
0.068373 0.038495 0.019425 0.014170 0.078657 0.050555 0.102587 0.627738
0.048846 0.007405 0.011774 0.004023 0.077114 0.078086 0.083677 0.689075
0.040141 0.052039 0.000010 0.012205 0.079561 0.043344 0.071363 0.701337
0.000010 0.000010 0.000010 0.000010 0.999930 0.000010 0.000010 0.000010
0.000010 0.000010 0.000010 0.000010 0.999930 0.000010 0.000010 0.000010
0.000010 0.000010 0.000010 0.009559 0.751727 0.000010 0.027979 0.210695
0.000010 0.000010 0.000010 0.011204 0.767032 0.000010 0.015889 0.205835
0.000010 0.000010 0.000010 0.000010 0.999930 0.000010 0.000010 0.000010
0.000010 0.000010 0.007416 0.000010 0.829890 0.000010 0.004731 0.157923
0.000010 0.000010 0.000010 0.000010 0.999930 0.000010 0.000010 0.000010
0.000010 0.000010 0.000010 0.005490 0.697670 0.009713 0.031135 0.255962
0.000010 0.000010 0.000010 0.002050 0.793715 0.001738 0.010264 0.192204
0.000010 0.000010 0.007118 0.003178 0.726182 0.027628 0.031378 0.204497
0.000010 0.000010 0.002950 0.009129 0.773717 0.000010 0.014939 0.199236
0.000010 0.000010 0.000010 0.000010 0.908793 0.011279 0.000010 0.079878
0.000010 0.000010 0.000010 0.000010 0.999930 0.000010 0.000010 0.000010
0.000010 0.000010 0.000010 0.003494 0.833077 0.000010 0.006149 0.157239
0.000010 0.000010 0.000010 0.000010 0.999930 0.000010 0.000010 0.000010
0.000010 0.000010 0.000010 0.000010 0.999930 0.000010 0.000010 0.000010
0.000010 0.000010 0.000010 0.000010 0.918495 0.001610 0.000010 0.079845
0.000010 0.000010 0.000010 0.000010 0.999930 0.000010 0.000010 0.000010
0.000010 0.000010 0.000010 0.001121 0.768093 0.020845 0.011828 0.198084
0.000010 0.000010 0.000010 0.000010 0.699456 0.013169 0.031917 0.255419
0.016026 0.000010 0.000010 0.000010 0.818475 0.018687 0.017045 0.129737
0.000010 0.000010 0.000010 0.004317 0.749940 0.037299 0.024856 0.183558
