0.000010 0.000010 0.000010 0.000010 0.000010 0.000010 0.000010 0.999910 0.000010 0.000010
0.000012 0.000010 0.000010 0.000010 0.000010 0.000013 0.000016 0.999898 0.000010 0.000010
0.000010 0.000010 0.000010 0.000017 0.000010 0.000010 0.000010 0.000010 0.000010 0.999903
0.000010 0.000010 0.014257 0.000010 0.000010 0.000010 0.000010 0.586535 0.000010 0.399138
0.000010 0.000010 0.000010 0.000010 0.000010 0.000010 0.000010 0.999910 0.000010 0.000010
0.000010 0.000010 0.000010 0.000010 0.000010 0.000010 0.000010 0.000010 0.000010 0.999910
0.000010 0.000010 0.000010 0.000010 0.000010 0.000010 0.000010 0.999910 0.000010 0.000010
0.000010 0.000010 0.000010 0.000010 0.000010 0.000010 0.000010 0.000010 0.000010 0.999910
0.000010 0.000010 0.000010 0.000010 0.000010 0.000010 0.000010 0.796841 0.000010 0.203079
0.000010 0.000010 0.000010 0.000010 0.000010 0.000010 0.000010 0.999910 0.000010 0.000010
0.000010 0.000010 0.000010 0.000010 0.000010 0.000010 0.000010 0.999910 0.000010 0.000010
0.000010 0.000010 0.000010 0.000010 0.999910 0.000010 0.000010 0.000010 0.000010 0.000010
0.000010 0.000010 0.000010 0.000010 0.000010 0.000010 0.000010 0.999910 0.000010 0.000010
0.000010 0.000010 0.000010 0.000010 0.000010 0.000010 0.000010 0.999910 0.000010 0.000010
0.000010 0.000010 0.000010 0.000010 0.999910 0.000010 0.000010 0.000010 0.000010 0.000010
0.000010 0.000010 0.000010 0.000010 0.000010 0.000010 0.000010 0.999910 0.000010 0.000010
0.000010 0.000010 0.000010 0.000011 0.213135 0.000010 0.000012 0.786781 0.000010 0.000010
0.000010 0.000010 0.000010 0.000010 0.999910 0.000010 0.000010 0.000010 0.000010 0.000010
0.000010 0.000010 0.000010 0.000010 0.999910 0.000010 0.000010 0.000010 0.000010 0.000010
0.000011 0.000012 0.000011 0.000010 0.000010 0.000010 0.000013 0.999903 0.000010 0.000010
0.000010 0.000010 0.000010 0.000010 0.000010 0.000010 0.000010 0.000010 0.000010 0.999910
0.000018 0.000012 0.000010 0.000010 0.000010 0.000010 0.000010 0.000013 0.000010 0.999898
0.000012 0.000010 0.000010 0.000012 0.000010 0.000010 0.000010 0.000010 0.000010 0.999906
0.000010 0.000010 0.000010 0.000010 0.999910 0.000010 0.000010 0.000010 0.000010 0.000010
0.000010 0.000010 0.000010 0.000010 0.000010 0.000010 0.000010 0.999910 0.000010 0.000010
0.000010 0.000010 0.000010 0.000010 0.000010 0.000010 0.000010 0.999910 0.000010 0.000010
0.000010 0.000010 0.000010 0.000010 0.999908 0.000012 0.000010 0.000010 0.000010 0.000010
0.000010 0.000010 0.000010 0.000010 0.000010 0.000010 0.000010 0.999910 0.000010 0.000010
0.000010 0.000010 0.000010 0.000010 0.999910 0.000010 0.000010 0.000010 0.000010 0.000010
0.000010 0.000010 0.000010 0.000010 0.000010 0.000010 0.999910 0.000010 0.000010 0.000010
0.000010 0.000010 0.000010 0.000010 0.000010 0.000010 0.000010 0.999910 0.000010 0.000010
0.000010 0.000010 0.000010 0.000010 0.000010 0.000010 0.000010 0.999910 0.000010 0.000010
0.000010 0.000010 0.000010 0.000010 0.000010 0.000010 0.999910 0.000010 0.000010 0.000010
0.000010 0.000010 0.000010 0.000010 0.000010 0.000010 0.999910 0.000010 0.000010 0.000010
0.000010 0.000010 0.000010 0.000010 0.000010 0.000010 0.999910 0.000010 0.000010 0.000010
0.000010 0.000010 0.000010 0.000010 0.000010 0.000010 0.999910 0.000010 0.000010 0.000010
0.000010 0.000010 0.000010 0.000010 0.000010 0.000010 0.999910 0.000010 0.000010 0.000010
0.000010 0.000010 0.000010 0.999910 0.000010 0.000010 0.000010 0.000010 0.000010 0.000010
0.276915 0.000010 0.000010 0.000010 0.000010 0.000010 0.723005 0.000010 0.000010 0.000010
0.000010 0.000010 0.000010 0.000010 0.000010 0.000010 0.999910 0.000010 0.000010 0.000010
0.000010 0.000015 0.000010 0.000010 0.000010 0.000010 0.999905 0.000010 0.000010 0.000010
0.000010 0.000010 0.000010 0.000010 0.000010 0.000010 0.999910 0.000010 0.000010 0.000010
0.000010 0.000010 0.000010 0.000010 0.000010 0.000010 0.999910 0.000010 0.000010 0.000010
0.000010 0.000010 0.000010 0.253788 0.000010 0.000010 0.746132 0.000010 0.000010 0.000010
0.000010 0.000010 0.000010 0.000010 0.000010 0.000010 0.999910 0.000010 0.000010 0.000010
0.000010 0.000010 0.000010 0.000010 0.000010 0.000010 0.999910 0.000010 0.000010 0.000010
0.000010 0.000010 0.000010 0.000010 0.000010 0.000010 0.999910 0.000010 0.000010 0.000010
0.000010 0.000010 0.000010 0.000010 0.000010 0.000010 0.999910 0.000010 0.000010 0.000010
0.000010 0.000010 0.000010 0.000010 0.000010 0.000010 0.999910 0.000010 0.000010 0.000010
0.000010 0.000010 0.000010 0.999910 0.000010 0.000010 0.000010 0.000010 0.000010 0.000010
0.000010 0.000010 0.000010 0.000010 0.000010 0.446345 0.312744 0.240841 0.000010 0.000010
0.000010 0.000010 0.000010 0.999910 0.000010 0.000010 0.000010 0.000010 0.000010 0.000010
0.000010 0.000010 0.000010 0.000010 0.000010 0.000010 0.999910 0.000010 0.000010 0.000010
0.000010 0.000010 0.000010 0.000010 0.000010 0.000010 0.999910 0.000010 0.000010 0.000010
0.000010 0.000010 0.000010 0.000010 0.000010 0.000010 0.999910 0.000010 0.000010 0.000010
0.000010 0.000010 0.000010 0.000010 0.000010 0.000010 0.999910 0.000010 0.000010 0.000010
0.000010 0.000010 0.000010 0.000010 0.000010 0.000010 0.999910 0.000010 0.000010 0.000010
0.000010 0.000010 0.000010 0.000010 0.000010 0.000010 0.999910 0.000010 0.000010 0.000010
0.000010 0.000010 0.000010 0.000010 0.000010 0.000010 0.999910 0.000010 0.000010 0.000010
0.000010 0.000010 0.000010 0.000010 0.000010 0.000010 0.999910 0.000010 0.000010 0.000010
0.000010 0.543160 0.022483 0.012978 0.019248 0.047192 0.016280 0.025269 0.288663 0.024716
0.000010 0.529483 0.008716 0.024831 0.020303 0.068779 0.008789 0.059752 0.268843 0.010494
0.000010 0.521746 0.025126 0.020211 0.001563 0.051058 0.013885 0.043900 0.308645 0.013857
0.000010 0.547009 0.018308 0.008224 0.000010 0.044335 0.014413 0.073590 0.279055 0.015046
0.000010 0.545522 0.008248 0.000010 0.003737 0.047998 0.014603 0.023527 0.335460 0.020885
0.000010 0.548062 0.015624 0.013674 0.006976 0.055638 0.020662 0.030892 0.299925 0.008537
0.000010 0.590952 0.020858 0.005223 0.001776 0.040404 0.020780 0.019374 0.289827 0.010795
0.000010 0.514669 0.013421 0.004309 0.016904 0.059554 0.018180 0.037695 0.316427 0.018830
0.000524 0.602247 0.000010 0.005806 0.004619 0.002353 0.020037 0.039856 0.313420 0.011127
0.041534 0.414179 0.049217 0.079242 0.035584 0.064615 0.007266 0.145108 0.143935 0.019320
0.000010 0.481233 0.034433 0.049088 0.020361 0.098678 0.007297 0.076260 0.203059 0.029582
0.000010 0.581612 0.000010 0.000010 0.014367 0.025819 0.020107 0.029247 0.320683 0.008136
0.000010 0.350060 0.558484 0.000010 0.009998 0.000010 0.000010 0.069356 0.000010 0.012051
0.000010 0.565856 0.000010 0.009699 0.011120 0.066305 0.008586 0.034691 0.302024 0.001699
0.001718 0.514184 0.012956 0.005230 0.018430 0.046169 0.022712 0.023047 0.344613 0.010942
0.000010 0.000010 0.000010 0.000010 0.000010 0.999910 0.000010 0.000010 0.000010 0.000010
0.000010 0.000010 0.000010 0.000010 0.000010 0.999910 0.000010 0.000010 0.000010 0.000010
0.000010 0.000010 0.000010 0.000010 0.000010 0.999910 0.000010 0.000010 0.000010 0.000010
0.000010 0.000010 0.000010 0.000010 0.000010 0.999910 0.000010 0.000010 0.000010 0.000010
0.000010 0.025191 0.008986 0.000010 0.002631 0.884136 0.004540 0.000010 0.074476 0.000010
0.000010 0.000010 0.000010 0.000010 0.000010 0.999910 0.000010 0.000010 0.000010 0.000010
0.004889 0.000010 0.000010 0.000010 0.000010 0.995031 0.000010 0.000010 0.000010 0.000010
0.000010 0.000010 0.000010 0.000010 0.000010 0.999910 0.000010 0.000010 0.000010 0.000010
0.000010 0.000010 0.000010 0.000010 0.000010 0.999910 0.000010 0.000010 0.000010 0.000010
0.011123 0.000010 0.000010 0.000010 0.000010 0.934084 0.009420 0.000010 0.045312 0.000010
0.000010 0.000010 0.000010 0.000422 0.000010 0.999496 0.000011 0.000010 0.000010 0.000010
0.009135 0.000010 0.004554 0.000010 0.000010 0.886080 0.000010 0.015450 0.084731 0.000010
0.000010 0.102744 0.000010 0.000632 0.000010 0.799288 0.007755 0.000010 0.086447 0.003095
0.000010 0.000010 0.000010 0.000010 0.000010 0.999910 0.000010 0.000010 0.000010 0.000010
0.116472 0.046941 0.007408 0.160097 0.000010 0.000010 0.000010 0.031405 0.634990 0.002657
0.122917 0.022244 0.001131 0.112689 0.000010 0.018490 0.002326 0.040403 0.668198 0.011593
0.112161 0.044167 0.000010 0.163725 0.002230 0.000010 0.000010 0.047208 0.623891 0.006589
0.093016 0.035496 0.006300 0.101809 0.005808 0.050743 0.000542 0.029883 0.666656 0.009747
0.089195 0.000010 0.000010 0.162136 0.017642 0.000010 0.000010 0.038827 0.685339 0.006821
0.105373 0.073675 0.013664 0.120959 0.000010 0.027696 0.003013 0.020601 0.622556 0.012452
0.109794 0.000010 0.017095 0.165716 0.000010 0.012007 0.000010 0.055966 0.634315 0.005077
0.114836 0.000010 0.011297 0.168471 0.017503 0.000010 0.000010 0.042337 0.633686 0.011839
0.008290 0.034304 0.000010 0.000010 0.000010 0.360948 0.009222 0.028117 0.559079 0.000010
0.000010 0.088089 0.000491 0.000010 0.003502 0.335576 0.014100 0.000320 0.550400 0.007502
0.009936 0.043955 0.014879 0.000010 0.015880 0.379216 0.016902 0.000010 0.519201 0.000010
0.012151 0.062021 0.000010 0.000010 0.000010 0.357335 0.011548 0.012877 0.538590 0.005447
0.011469 0.032956 0.020440 0.000010 0.000010 0.342963 0.018554 0.000010 0.569102 0.004485
0.017747 0.087750 0.000010 0.000010 0.002405 0.322974 0.018572 0.000010 0.538090 0.012432
0.000010 0.037323 0.024432 0.000010 0.000790 0.368158 0.014057 0.016519 0.533378 0.005322
0.017399 0.041396 0.000010 0.000999 0.008277 0.372627 0.020798 0.022765 0.513090 0.002641
0.000010 0.038583 0.019164 0.000010 0.000010 0.346854 0.019185 0.008606 0.567568 0.000010
0.014206 0.066405 0.000010 0.000010 0.000010 0.384176 0.016688 0.000010 0.518475 0.000010
0.023883 0.027537 0.008441 0.000010 0.005823 0.374199 0.019500 0.013351 0.523314 0.003942
0.028460 0.071930 0.013697 0.000010 0.001258 0.340812 0.018516 0.007138 0.518168 0.000010
0.000010 0.087954 0.000010 0.000010 0.000010 0.334359 0.019309 0.000010 0.558319 0.000010
0.000010 0.074472 0.000010 0.000010 0.000010 0.371005 0.021471 0.000010 0.518595 0.014407
0.006586 0.073053 0.011652 0.003002 0.006857 0.334204 0.022098 0.000010 0.537827 0.004711
0.019835 0.042090 0.012731 0.000010 0.015116 0.367746 0.016740 0.000010 0.515816 0.009907
0.008610 0.048071 0.028269 0.000010 0.000010 0.340052 0.012883 0.000010 0.557481 0.004604
0.003784 0.062945 0.005617 0.000010 0.003571 0.344657 0.020082 0.000010 0.557610 0.001714
0.015294 0.097048 0.000010 0.000010 0.002462 0.347683 0.018000 0.000010 0.517646 0.001836
0.024924 0.034826 0.006511 0.000010 0.000010 0.374980 0.019230 0.000010 0.539489 0.000010
0.000010 0.038361 0.000010 0.000010 0.002089 0.371515 0.023967 0.007877 0.552612 0.003548
0.000010 0.059924 0.000010 0.000016 0.002350 0.367211 0.024236 0.000010 0.545274 0.000959
0.007832 0.073794 0.000010 0.000010 0.000010 0.335688 0.009051 0.006268 0.567327 0.000010
0.000190 0.035831 0.000010 0.000010 0.000010 0.372749 0.024763 0.011521 0.554906 0.000010
0.002515 0.035242 0.014507 0.000010 0.011611 0.331202 0.025449 0.026415 0.550032 0.003018
0.035964 0.077296 0.000010 0.000010 0.005044 0.304157 0.012794 0.001316 0.559517 0.003893
0.111760 0.038843 0.000010 0.016300 0.003146 0.070620 0.019612 0.000010 0.727238 0.012461
0.058370 0.163246 0.003640 0.000010 0.000696 0.119883 0.021234 0.000010 0.632901 0.000010
0.112920 0.045494 0.000010 0.020522 0.009894 0.037173 0.012449 0.000010 0.761519 0.000010
0.026729 0.253459 0.003686 0.000010 0.011553 0.133260 0.024025 0.000010 0.544877 0.002391
0.029100 0.155527 0.016164 0.000010 0.000010 0.129032 0.017614 0.000010 0.642487 0.010046
0.085496 0.089653 0.006583 0.026627 0.000010 0.057254 0.015114 0.013472 0.700975 0.004815
0.118651 0.000010 0.018549 0.029987 0.000010 0.032250 0.009292 0.000010 0.784350 0.006892
0.027428 0.176611 0.008584 0.001450 0.008508 0.095450 0.023409 0.000010 0.658385 0.000164
0.032161 0.177283 0.001734 0.000215 0.013302 0.144893 0.018164 0.008169 0.602827 0.001250
0.071272 0.110775 0.014965 0.030914 0.013331 0.063138 0.016336 0.001851 0.677409 0.000010
0.108136 0.023852 0.006813 0.024895 0.000010 0.056279 0.007948 0.001861 0.770197 0.000010
0.089506 0.067316 0.000010 0.010645 0.009982 0.105748 0.013869 0.000641 0.695467 0.006817
0.000010 0.051786 0.006201 0.000010 0.002976 0.365591 0.010369 0.017446 0.538423 0.007189
0.000010 0.041181 0.020381 0.002562 0.000010 0.360139 0.012841 0.018323 0.544543 0.000010
0.081583 0.050807 0.000010 0.005568 0.000010 0.092213 0.024520 0.029592 0.715686 0.000010
0.111991 0.000010 0.005652 0.041110 0.004516 0.054221 0.012446 0.011140 0.743882 0.015031
0.080790 0.060556 0.034290 0.014201 0.001837 0.048648 0.021365 0.002291 0.736011 0.000010
0.055035 0.180506 0.000010 0.000010 0.000010 0.153526 0.033244 0.011394 0.566254 0.000010
0.024085 0.154412 0.000010 0.000010 0.000010 0.131341 0.026745 0.000010 0.657296 0.006082
0.099408 0.051281 0.010245 0.035316 0.001467 0.040073 0.005544 0.000010 0.756646 0.000010
0.059663 0.065560 0.021066 0.000010 0.016557 0.102365 0.015943 0.006063 0.712764 0.000010
0.105069 0.016904 0.000010 0.030612 0.000010 0.043445 0.014816 0.003602 0.783920 0.001612
0.107204 0.033267 0.026449 0.027166 0.000964 0.061552 0.012313 0.000010 0.726258 0.004818
0.105356 0.016315 0.016182 0.042989 0.015082 0.047991 0.015290 0.003117 0.737669 0.000010
0.053131 0.098745 0.000010 0.001569 0.000176 0.094956 0.027221 0.000010 0.718915 0.005267
0.024953 0.065236 0.012905 0.000010 0.012364 0.341142 0.016251 0.000010 0.524807 0.002322
0.028588 0.226929 0.000010 0.000010 0.000010 0.106952 0.031201 0.000010 0.594835 0.011454
0.104591 0.084417 0.000010 0.017949 0.000076 0.090829 0.017979 0.000010 0.668266 0.015874
0.081195 0.127565 0.010176 0.000010 0.000010 0.079225 0.020068 0.029465 0.650303 0.001983
0.106148 0.042524 0.015487 0.021993 0.002628 0.060545 0.007435 0.000010 0.740435 0.002796
0.114945 0.000340 0.004629 0.024399 0.006781 0.044706 0.013612 0.005912 0.784667 0.000010
0.050104 0.170757 0.000010 0.000010 0.005138 0.131903 0.020167 0.000010 0.621891 0.000010
0.076116 0.095941 0.002635 0.007319 0.006387 0.069133 0.029755 0.005303 0.707401 0.000010
0.080863 0.097371 0.000010 0.000010 0.008536 0.062396 0.017335 0.003067 0.725167 0.005244
0.027054 0.236077 0.000010 0.000010 0.000010 0.142592 0.022055 0.000010 0.572172 0.000010
0.058219 0.191069 0.000010 0.006463 0.009525 0.127015 0.018946 0.001896 0.586847 0.000010
0.080367 0.128066 0.002130 0.017055 0.001948 0.063635 0.017009 0.000010 0.677259 0.012522
0.068519 0.206101 0.004321 0.005093 0.013860 0.065998 0.021412 0.000010 0.614675 0.000010
0.066436 0.133307 0.000010 0.006189 0.005983 0.057058 0.017725 0.012968 0.700314 0.000010
0.062994 0.134483 0.000010 0.034645 0.003956 0.087870 0.013346 0.015661 0.631133 0.015902
0.046028 0.199708 0.004533 0.018056 0.000010 0.091723 0.023078 0.004442 0.612413 0.000010
0.081839 0.154349 0.000010 0.000010 0.002177 0.108773 0.020024 0.000010 0.621837 0.010971
0.075643 0.136168 0.000010 0.018535 0.001632 0.089029 0.019937 0.000010 0.659027 0.000010
0.046334 0.196908 0.005034 0.010755 0.000010 0.056255 0.026142 0.001083 0.657469 0.000010
0.055116 0.112823 0.014392 0.018420 0.006564 0.060276 0.020472 0.014855 0.697071 0.000010
0.050839 0.225141 0.000010 0.000859 0.000010 0.093758 0.021132 0.000010 0.608231 0.000010
0.017335 0.404655 0.000010 0.019578 0.000010 0.070319 0.016345 0.020610 0.447042 0.004097
0.030369 0.484331 0.000010 0.007829 0.007698 0.011188 0.010802 0.000010 0.431168 0.016596
0.027225 0.479424 0.000010 0.013802 0.000010 0.027659 0.015297 0.021505 0.406095 0.008973
0.000010 0.750913 0.000010 0.000010 0.018198 0.010750 0.013429 0.003015 0.203206 0.000460
0.026644 0.488808 0.028332 0.019236 0.015205 0.053078 0.013414 0.000010 0.355263 0.000010
0.021388 0.474032 0.021100 0.016598 0.005596 0.016763 0.014686 0.013171 0.416657 0.000010
0.025278 0.474271 0.009028 0.003912 0.000010 0.024409 0.015037 0.000010 0.448034 0.000010
0.006956 0.507324 0.028440 0.018988 0.002052 0.000802 0.013722 0.000010 0.410570 0.011135
0.061645 0.230671 0.000010 0.008717 0.008849 0.066205 0.021262 0.000010 0.602621 0.000010
0.020573 0.488766 0.000010 0.027675 0.017397 0.040909 0.014271 0.002375 0.386462 0.001561
0.064819 0.142192 0.000010 0.020224 0.018478 0.020381 0.016043 0.000010 0.715411 0.002431
0.048392 0.168192 0.004438 0.025652 0.000010 0.049359 0.013114 0.000010 0.680826 0.010007
0.053955 0.121703 0.018921 0.027383 0.006831 0.029728 0.017734 0.009792 0.713943 0.000010
0.055421 0.140761 0.004881 0.019658 0.003438 0.025897 0.019613 0.014162 0.702329 0.013841
0.080608 0.140109 0.009501 0.000010 0.008282 0.036420 0.007062 0.000010 0.704092 0.013906
0.062559 0.147089 0.000010 0.032538 0.007242 0.033368 0.009331 0.019122 0.688295 0.000447
0.055679 0.160850 0.001246 0.021709 0.001001 0.047968 0.015054 0.006423 0.690060 0.000010
0.071958 0.144519 0.004535 0.009814 0.000010 0.051498 0.018593 0.000010 0.693387 0.005676
0.058247 0.161594 0.015577 0.020869 0.000010 0.020440 0.015755 0.000010 0.705153 0.002344
0.062619 0.106393 0.011338 0.040043 0.003472 0.049897 0.012144 0.032462 0.680572 0.001060
0.000010 0.136562 0.000010 0.000010 0.000010 0.776902 0.010409 0.000010 0.076067 0.000010
0.000010 0.200213 0.001589 0.005911 0.007863 0.468809 0.011896 0.000010 0.303530 0.000170
0.006772 0.108161 0.009977 0.020336 0.008757 0.593976 0.010423 0.000010 0.235291 0.006297
0.002612 0.099937 0.001732 0.015190 0.000010 0.742728 0.008006 0.003855 0.125591 0.000340
0.000370 0.117291 0.014842 0.018552 0.009053 0.632723 0.012437 0.004307 0.190415 0.000010
0.023762 0.183349 0.009246 0.007988 0.007293 0.526970 0.013423 0.000010 0.227950 0.000010
0.014781 0.116277 0.003675 0.018999 0.000010 0.650755 0.008177 0.000010 0.182802 0.004513
0.000010 0.056656 0.000010 0.000010 0.000010 0.861658 0.006197 0.006209 0.069219 0.000021
0.032992 0.170970 0.000010 0.011670 0.007834 0.482708 0.009467 0.000010 0.272185 0.012153
0.000010 0.158119 0.000010 0.005613 0.003977 0.530440 0.015656 0.000010 0.279835 0.006329
0.006407 0.169545 0.000915 0.017121 0.000010 0.462319 0.015416 0.012566 0.315691 0.000010
0.000010 0.197358 0.009701 0.015055 0.000010 0.438518 0.011490 0.015910 0.311936 0.000010
0.014359 0.126065 0.025070 0.010532 0.013915 0.525339 0.012913 0.000010 0.264197 0.007599
0.000010 0.135940 0.022559 0.022278 0.000010 0.505390 0.017340 0.000010 0.287208 0.009254
0.002397 0.147336 0.000010 0.013431 0.015701 0.521251 0.013795 0.005769 0.280301 0.000010
0.001220 0.140309 0.000010 0.001675 0.001651 0.525085 0.011752 0.000010 0.313440 0.004849
0.000010 0.131785 0.000010 0.001011 0.022789 0.504403 0.024208 0.000010 0.311484 0.004290
0.000010 0.148713 0.002020 0.014209 0.011912 0.504618 0.011682 0.000010 0.306815 0.000010
0.017469 0.208963 0.002991 0.024935 0.000010 0.367731 0.017035 0.018808 0.327695 0.014364
0.023333 0.193950 0.014559 0.025567 0.001001 0.289433 0.016690 0.000010 0.435447 0.000010
0.004241 0.223363 0.013367 0.014560 0.000010 0.283692 0.011418 0.000010 0.426749 0.022590
0.016910 0.198466 0.006671 0.010458 0.000010 0.326048 0.015995 0.007619 0.417813 0.000010
0.031787 0.215271 0.038257 0.000010 0.000010 0.294374 0.011978 0.000010 0.408294 0.000010
0.026226 0.211361 0.013264 0.000881 0.000010 0.267375 0.019352 0.020083 0.441440 0.000010
0.008453 0.174792 0.000010 0.007786 0.000010 0.445299 0.023339 0.000010 0.336580 0.003721
0.000010 0.089496 0.004160 0.017175 0.002519 0.707409 0.013065 0.003383 0.161360 0.001422
0.000010 0.077854 0.000010 0.000010 0.000010 0.731121 0.003038 0.000010 0.187927 0.000010
0.000010 0.158025 0.000010 0.019599 0.010270 0.418737 0.010938 0.003535 0.362612 0.016264
0.001254 0.136768 0.000010 0.008664 0.005304 0.445939 0.013470 0.020833 0.365486 0.002273
0.000010 0.040760 0.007309 0.009992 0.022955 0.757966 0.005729 0.000011 0.155257 0.000010
0.006983 0.167173 0.009133 0.006958 0.000010 0.464930 0.019048 0.001365 0.324389 0.000010
0.003142 0.110515 0.000010 0.018865 0.007731 0.617779 0.010509 0.001727 0.229711 0.000010
0.008098 0.239379 0.000010 0.017751 0.000010 0.366566 0.011250 0.000010 0.356917 0.000010
0.003364 0.174508 0.000010 0.003810 0.007027 0.414980 0.016466 0.000010 0.368860 0.010965
0.020364 0.176703 0.000010 0.015859 0.000010 0.402160 0.009218 0.000010 0.368815 0.006851
0.009665 0.206907 0.007460 0.024522 0.018989 0.359422 0.010690 0.000010 0.362013 0.000323
0.025663 0.155540 0.015357 0.010553 0.001811 0.390886 0.018799 0.000010 0.378640 0.002741
0.000010 0.192145 0.026168 0.009119 0.001973 0.373006 0.009334 0.003448 0.381731 0.003066
0.019137 0.212799 0.001719 0.008837 0.014957 0.352779 0.010783 0.000010 0.375065 0.003914
0.005878 0.238238 0.008831 0.007853 0.000010 0.153966 0.024608 0.012978 0.547629 0.000010
0.045712 0.220673 0.000010 0.015811 0.000010 0.152381 0.019986 0.038304 0.504294 0.002819
0.000010 0.279460 0.000010 0.000010 0.000010 0.148284 0.025823 0.000010 0.546373 0.000010
0.016338 0.255414 0.005274 0.004172 0.006853 0.173617 0.016391 0.002406 0.508716 0.010819
0.003077 0.255154 0.000264 0.000010 0.005601 0.150318 0.024590 0.005536 0.551443 0.004008
0.020754 0.259536 0.006546 0.001985 0.003793 0.160201 0.026581 0.009006 0.504249 0.007351
0.012840 0.217359 0.020127 0.016894 0.012785 0.164497 0.021888 0.000010 0.533591 0.000010
0.032086 0.199605 0.000010 0.000010 0.010029 0.135135 0.024241 0.000010 0.591616 0.007259
0.020003 0.265675 0.000010 0.007502 0.004510 0.185273 0.023977 0.000010 0.483346 0.009694
0.015680 0.214106 0.035717 0.008834 0.000010 0.148487 0.025427 0.011479 0.529229 0.011031
0.128831 0.000010 0.023346 0.076840 0.008512 0.000010 0.001909 0.000013 0.760520 0.000010
0.116150 0.000010 0.000010 0.090523 0.000010 0.000010 0.005020 0.000010 0.787156 0.001101
0.129737 0.000010 0.000010 0.057459 0.000010 0.000010 0.000173 0.000010 0.812571 0.000010
0.149435 0.000010 0.000010 0.076887 0.000010 0.000010 0.005252 0.000010 0.768366 0.000010
0.131088 0.000010 0.008496 0.062548 0.007956 0.000013 0.008102 0.000010 0.775515 0.006261
0.127811 0.000010 0.000010 0.080519 0.000010 0.000010 0.000011 0.000010 0.791599 0.000010
0.150076 0.000010 0.030524 0.072768 0.000010 0.000010 0.001594 0.005308 0.739689 0.000010
0.130096 0.000010 0.000010 0.060814 0.007285 0.000010 0.002452 0.018718 0.780594 0.000010
0.110963 0.000010 0.003724 0.078546 0.009492 0.000010 0.003902 0.000010 0.793333 0.000010
0.137064 0.000010 0.000010 0.070147 0.005786 0.000010 0.006270 0.005462 0.771567 0.003674
0.060383 0.106338 0.022660 0.062281 0.004981 0.000010 0.006158 0.028870 0.708308 0.000010
0.042581 0.021408 0.039339 0.094708 0.000010 0.000010 0.000010 0.028442 0.771194 0.002298
0.048020 0.119546 0.028278 0.089348 0.006538 0.000010 0.004215 0.025936 0.672904 0.005207
0.063500 0.104508 0.005886 0.092702 0.002817 0.000010 0.000010 0.027070 0.693866 0.009630
0.064301 0.046926 0.014898 0.087559 0.005497 0.000010 0.000010 0.034278 0.735950 0.010571
0.058654 0.040719 0.031485 0.084787 0.007087 0.000010 0.000010 0.033746 0.743122 0.000381
0.070097 0.132315 0.006423 0.087363 0.004559 0.000010 0.003984 0.021456 0.670344 0.003450
0.048703 0.129690 0.000010 0.074348 0.016001 0.000010 0.012009 0.016616 0.702603 0.000010
0.072813 0.030139 0.000010 0.011506 0.000010 0.022490 0.012137 0.005887 0.824468 0.020540
0.067803 0.092824 0.000010 0.000010 0.025544 0.062793 0.020936 0.000010 0.721103 0.008966
0.047782 0.039606 0.017442 0.008771 0.016040 0.095916 0.019858 0.000010 0.751798 0.002777
0.042627 0.048633 0.020524 0.016028 0.000010 0.028221 0.013088 0.001459 0.815999 0.013411
0.061170 0.064531 0.000010 0.000010 0.013780 0.021582 0.018561 0.019845 0.790247 0.010263
0.077818 0.079075 0.000011 0.013643 0.000010 0.045422 0.018808 0.009732 0.741640 0.013841
0.074246 0.029314 0.014404 0.008638 0.002634 0.058104 0.014022 0.000010 0.789322 0.009306
0.076986 0.084538 0.000010 0.011634 0.009848 0.063039 0.012448 0.014837 0.722823 0.003839
0.072792 0.075813 0.000571 0.013481 0.004029 0.038758 0.019426 0.017310 0.752886 0.004934
0.071920 0.066484 0.000010 0.019648 0.000010 0.064703 0.015036 0.015383 0.735336 0.011470
0.028424 0.401741 0.005581 0.015889 0.014671 0.087976 0.016066 0.000010 0.429633 0.000010
0.023898 0.411382 0.012893 0.009971 0.011662 0.048058 0.016182 0.015053 0.444916 0.005985
0.000135 0.461471 0.000010 0.020624 0.021714 0.036050 0.015877 0.000010 0.443696 0.000413
0.012361 0.474789 0.004141 0.006198 0.008463 0.053623 0.012762 0.016570 0.394459 0.016635
0.031320 0.467105 0.033197 0.024122 0.006748 0.048529 0.009950 0.000010 0.364791 0.014229
0.000010 0.485150 0.013183 0.014286 0.003264 0.023481 0.013379 0.011992 0.435245 0.000010
0.000010 0.491168 0.016255 0.009051 0.008124 0.058087 0.013782 0.000954 0.402558 0.000010
0.005538 0.494214 0.000010 0.005251 0.019556 0.054593 0.014715 0.000010 0.391446 0.014667
0.014540 0.511015 0.013457 0.018535 0.004740 0.048623 0.007915 0.007356 0.373809 0.000010
0.021979 0.378466 0.018443 0.027649 0.000010 0.164978 0.013605 0.010159 0.351168 0.013544
0.022605 0.377170 0.036000 0.020084 0.018429 0.123004 0.018589 0.026174 0.343250 0.014694
0.000010 0.435157 0.050375 0.019626 0.001452 0.131894 0.012791 0.025214 0.308261 0.015220
0.018235 0.355401 0.034451 0.047108 0.026742 0.177594 0.019263 0.003959 0.316399 0.000848
0.003893 0.322770 0.034440 0.013980 0.000010 0.170817 0.013629 0.032901 0.407550 0.000010
0.011582 0.363314 0.016533 0.015676 0.013213 0.142753 0.017133 0.013354 0.401175 0.005267
0.014472 0.342207 0.015244 0.031164 0.005871 0.196387 0.016880 0.024244 0.347373 0.006158
0.016553 0.371424 0.009300 0.015895 0.002976 0.114427 0.025763 0.036612 0.404808 0.002244
0.023736 0.334323 0.042600 0.028968 0.001358 0.152395 0.020700 0.024581 0.353871 0.017468
0.000010 0.350139 0.051168 0.026778 0.011677 0.164179 0.019306 0.029826 0.343220 0.003697
0.999910 0.000010 0.000010 0.000010 0.000010 0.000010 0.000010 0.000010 0.000010 0.000010
0.999910 0.000010 0.000010 0.000010 0.000010 0.000010 0.000010 0.000010 0.000010 0.000010
0.452760 0.000010 0.000010 0.000010 0.000010 0.000010 0.000010 0.000010 0.547160 0.000010
0.007689 0.213738 0.008579 0.000010 0.007240 0.159460 0.024009 0.000010 0.575721 0.003545
0.999910 0.000010 0.000010 0.000010 0.000010 0.000010 0.000010 0.000010 0.000010 0.000010
0.999910 0.000010 0.000010 0.000010 0.000010 0.000010 0.000010 0.000010 0.000010 0.000010
0.501742 0.000010 0.000010 0.000010 0.000010 0.000010 0.000010 0.000010 0.498178 0.000010
0.008038 0.071037 0.000010 0.000010 0.009084 0.302321 0.027281 0.016738 0.561504 0.003978
0.999910 0.000010 0.000010 0.000010 0.000010 0.000010 0.000010 0.000010 0.000010 0.000010
0.484883 0.000010 0.000010 0.000010 0.000010 0.000010 0.000010 0.000010 0.515037 0.000010
0.480699 0.000010 0.000010 0.004815 0.000010 0.000010 0.000010 0.000010 0.514417 0.000010
0.011873 0.090467 0.014756 0.000010 0.012306 0.298349 0.023816 0.000010 0.531719 0.016693
0.456982 0.000010 0.000010 0.016442 0.000010 0.000010 0.000010 0.000010 0.526506 0.000010
0.496621 0.000010 0.000010 0.000010 0.000010 0.000010 0.000010 0.000010 0.503299 0.000010
0.999910 0.000010 0.000010 0.000010 0.000010 0.000010 0.000010 0.000010 0.000010 0.000010
0.439688 0.000010 0.000010 0.000010 0.000010 0.000010 0.000010 0.000010 0.560232 0.000010
0.999910 0.000010 0.000010 0.000010 0.000010 0.000010 0.000010 0.000010 0.000010 0.000010
0.485076 0.000010 0.000010 0.000010 0.000010 0.000010 0.000010 0.000010 0.514844 0.000010
0.017464 0.183826 0.000010 0.000010 0.000010 0.275708 0.024383 0.000010 0.498569 0.000010
0.999910 0.000010 0.000010 0.000010 0.000010 0.000010 0.000010 0.000010 0.000010 0.000010
0.448332 0.000010 0.000010 0.000010 0.000010 0.000010 0.000010 0.000010 0.551588 0.000010
0.042134 0.125456 0.021511 0.000010 0.016552 0.285881 0.025196 0.000010 0.483240 0.000010
0.999910 0.000010 0.000010 0.000010 0.000010 0.000010 0.000010 0.000010 0.000010 0.000010
0.467351 0.000010 0.000010 0.000010 0.000010 0.000010 0.000010 0.000010 0.532569 0.000010
0.016609 0.115835 0.000010 0.000010 0.001824 0.317808 0.017902 0.000010 0.527685 0.002306
0.112711 0.000010 0.000194 0.070017 0.012063 0.000016 0.006986 0.020849 0.777146 0.000010
0.088641 0.012451 0.003069 0.076115 0.006137 0.006066 0.012225 0.000010 0.779671 0.015615
0.087367 0.000010 0.000010 0.071786 0.000010 0.005691 0.004846 0.006973 0.804986 0.018321
0.112699 0.000010 0.023979 0.064495 0.000010 0.013339 0.011531 0.014063 0.757896 0.001978
0.118030 0.000010 0.009930 0.076620 0.001332 0.023396 0.009333 0.006103 0.745216 0.010029
0.115758 0.000010 0.006718 0.091157 0.011839 0.029885 0.005273 0.013179 0.726172 0.000010
0.087967 0.000010 0.000010 0.075855 0.000010 0.011598 0.009861 0.007589 0.806303 0.000797
0.123361 0.000010 0.025535 0.078889 0.000010 0.000010 0.010659 0.000010 0.760906 0.000610
0.088771 0.045399 0.018126 0.127766 0.015522 0.032717 0.000010 0.035651 0.617193 0.018846
0.121224 0.002689 0.003137 0.104948 0.019562 0.007587 0.010774 0.001453 0.728617 0.000010
0.000010 0.000010 0.000010 0.999910 0.000010 0.000010 0.000010 0.000010 0.000010 0.000010
0.110503 0.050701 0.020270 0.153571 0.013500 0.019287 0.000010 0.054393 0.565893 0.011872
0.098700 0.092773 0.003874 0.086758 0.000468 0.053109 0.002418 0.029274 0.631493 0.001134
0.093559 0.074583 0.020584 0.147724 0.007426 0.032462 0.000010 0.051369 0.572272 0.000010
0.083618 0.035824 0.006667 0.121382 0.011683 0.055152 0.009746 0.031508 0.638162 0.006258
0.000010 0.000010 0.000010 0.999909 0.000011 0.000010 0.000010 0.000010 0.000010 0.000010
0.000010 0.000012 0.000010 0.999907 0.000011 0.000010 0.000010 0.000010 0.000010 0.000010
0.105796 0.069371 0.013116 0.135052 0.027565 0.038626 0.000010 0.017898 0.587440 0.005128
0.000010 0.033345 0.000010 0.002381 0.000010 0.803102 0.007791 0.000010 0.153331 0.000010
0.007034 0.014997 0.000010 0.009962 0.005973 0.941915 0.000010 0.000010 0.018984 0.001104
0.000010 0.000010 0.000010 0.000010 0.000010 0.999908 0.000012 0.000010 0.000010 0.000010
0.009671 0.003025 0.000010 0.000010 0.000010 0.984308 0.000010 0.000010 0.000010 0.002936
0.009840 0.000010 0.000010 0.000010 0.000010 0.990080 0.000010 0.000010 0.000010 0.000010
0.000010 0.033735 0.000010 0.000012 0.000010 0.961065 0.000010 0.000010 0.000010 0.005127
0.000758 0.000010 0.007188 0.000016 0.000010 0.991977 0.000010 0.000010 0.000010 0.000010
0.000010 0.000010 0.000010 0.000010 0.003393 0.946458 0.003170 0.000010 0.046919 0.000010
0.000010 0.000010 0.000010 0.000010 0.000010 0.999910 0.000010 0.000010 0.000010 0.000010
0.000010 0.000010 0.000010 0.000010 0.000010 0.999910 0.000010 0.000010 0.000010 0.000010
0.000010 0.000010 0.000010 0.000010 0.000010 0.998218 0.001702 0.000010 0.000010 0.000010
0.021335 0.338791 0.012224 0.035001 0.011954 0.177830 0.012607 0.011374 0.377244 0.001640
0.030703 0.295914 0.020925 0.044904 0.010914 0.180975 0.014719 0.006299 0.380400 0.014247
0.025226 0.417808 0.000010 0.041506 0.002034 0.108901 0.018611 0.016599 0.368223 0.001082
0.027746 0.333950 0.000010 0.033951 0.000010 0.145468 0.017695 0.015078 0.420215 0.005878
0.000010 0.475362 0.017567 0.030296 0.016116 0.119952 0.007481 0.008079 0.308940 0.016196
0.013081 0.477306 0.345463 0.000010 0.034976 0.012469 0.006243 0.053633 0.045878 0.010940
0.000010 0.616705 0.070418 0.014342 0.037370 0.064345 0.006483 0.072280 0.099283 0.018764
0.021387 0.345086 0.517339 0.000010 0.007960 0.000010 0.000580 0.044720 0.030949 0.031960
0.000010 0.518282 0.264167 0.000010 0.032694 0.035085 0.002664 0.055026 0.068681 0.023382
0.013439 0.745138 0.034501 0.003763 0.023920 0.047965 0.010930 0.015026 0.090772 0.014546
0.000014 0.796806 0.023366 0.000010 0.000010 0.031811 0.011780 0.008912 0.119671 0.007621
0.000010 0.749082 0.023677 0.017737 0.019162 0.057689 0.014926 0.018996 0.095416 0.003304
0.016145 0.741191 0.032431 0.000010 0.022522 0.050759 0.018672 0.010765 0.102600 0.004905
0.000010 0.756337 0.031089 0.000010 0.021973 0.031862 0.003450 0.009647 0.128527 0.017094
0.007956 0.754694 0.048245 0.013402 0.004334 0.029669 0.018138 0.032730 0.070287 0.020544
0.000010 0.706106 0.063385 0.000010 0.010348 0.055654 0.011364 0.042844 0.107874 0.002403
0.000010 0.803597 0.022667 0.000010 0.003094 0.031659 0.014151 0.000010 0.118358 0.006445
0.014771 0.747541 0.018277 0.000010 0.004458 0.038460 0.009447 0.036864 0.130163 0.000010
0.000010 0.707776 0.076770 0.000286 0.013956 0.020316 0.007065 0.049598 0.108536 0.015688
0.000013 0.674272 0.020038 0.000010 0.015505 0.059823 0.016313 0.014393 0.193809 0.005824
0.014877 0.541296 0.017495 0.037224 0.008234 0.122071 0.016905 0.025571 0.204627 0.011701
0.000010 0.756301 0.038321 0.005914 0.005693 0.055282 0.000010 0.023535 0.114923 0.000010
0.000010 0.616780 0.046567 0.022051 0.024570 0.078025 0.016284 0.024650 0.151070 0.019991
0.000010 0.318613 0.001801 0.031719 0.013001 0.167182 0.013577 0.000010 0.445363 0.008725
0.000010 0.711992 0.034568 0.000691 0.007681 0.062180 0.009818 0.029444 0.140901 0.002717
0.001355 0.638675 0.026888 0.010419 0.000010 0.104419 0.003528 0.059687 0.143855 0.011163
0.012902 0.538276 0.027707 0.024800 0.029463 0.082207 0.013225 0.031108 0.217677 0.022635
0.003430 0.694817 0.061493 0.013341 0.025455 0.009693 0.000010 0.109751 0.042021 0.039989
0.001678 0.612308 0.019728 0.021921 0.027912 0.150099 0.014486 0.042486 0.095308 0.014073
0.017577 0.658345 0.072628 0.006711 0.041459 0.026240 0.012791 0.066625 0.065478 0.032147
0.000010 0.565410 0.036784 0.032712 0.008194 0.159506 0.010876 0.028643 0.146045 0.011820
0.007542 0.634673 0.101948 0.018543 0.013756 0.035085 0.007448 0.095294 0.064502 0.021209
0.015661 0.611176 0.030659 0.036178 0.004798 0.159441 0.009507 0.027211 0.092770 0.012599
0.024386 0.633187 0.057148 0.007530 0.037264 0.048954 0.007154 0.114656 0.042424 0.027297
0.000010 0.727148 0.016879 0.005146 0.004065 0.000010 0.023588 0.000010 0.223134 0.000010
0.002472 0.642039 0.062481 0.014787 0.032311 0.042150 0.001952 0.110555 0.074014 0.017239
0.000010 0.715781 0.000010 0.000010 0.000010 0.025543 0.008645 0.000010 0.249971 0.000010
0.007623 0.703749 0.048987 0.002687 0.024760 0.038003 0.009559 0.074186 0.085439 0.005008
0.002727 0.722542 0.000010 0.000010 0.000010 0.000010 0.003754 0.000010 0.270918 0.000010
0.023308 0.522264 0.044236 0.033913 0.018604 0.180528 0.008037 0.012934 0.156166 0.000010
0.003186 0.664812 0.067891 0.017889 0.039532 0.011537 0.003667 0.114245 0.036041 0.041201
0.011081 0.525368 0.020690 0.022962 0.015751 0.038208 0.009473 0.043083 0.312726 0.000658
0.006552 0.607852 0.010333 0.010907 0.028379 0.137723 0.007826 0.018738 0.157792 0.013898
0.009236 0.658504 0.076451 0.012316 0.044225 0.004750 0.005231 0.113339 0.052815 0.023134
0.004713 0.601999 0.018322 0.006752 0.019104 0.133089 0.005525 0.046376 0.149561 0.014560
0.004428 0.769850 0.036534 0.000010 0.019753 0.037364 0.011594 0.017069 0.090966 0.012432
0.000010 0.320933 0.037742 0.044572 0.006424 0.153242 0.020887 0.007318 0.397832 0.011039
0.001839 0.701675 0.019834 0.000010 0.000010 0.074148 0.014021 0.046242 0.125968 0.016253
0.031510 0.569658 0.008002 0.000010 0.000010 0.050039 0.016342 0.000010 0.311859 0.012560
0.017179 0.733068 0.031405 0.003114 0.004275 0.060202 0.010152 0.036477 0.104118 0.000010
0.043749 0.589846 0.000010 0.013667 0.000010 0.033256 0.017214 0.000010 0.301107 0.001132
0.000010 0.669685 0.093138 0.023283 0.042098 0.015518 0.000010 0.095204 0.033561 0.027493
0.004890 0.785664 0.006306 0.000359 0.000010 0.024834 0.014125 0.008366 0.155436 0.000010
0.000010 0.671395 0.043623 0.000010 0.010159 0.053750 0.008785 0.034837 0.167301 0.010130
0.000010 0.801299 0.011769 0.000010 0.000010 0.004957 0.006456 0.004720 0.164682 0.006087
0.024507 0.639460 0.069528 0.009839 0.042050 0.032444 0.005435 0.107465 0.037303 0.031970
0.000010 0.796249 0.000010 0.000010 0.000010 0.013379 0.003575 0.000010 0.186738 0.000010
0.001560 0.808249 0.000010 0.005130 0.000010 0.027179 0.008116 0.000010 0.149726 0.000010
0.004566 0.746109 0.034809 0.015068 0.025567 0.038808 0.003830 0.049365 0.051884 0.029993
0.051199 0.324046 0.000010 0.000010 0.007791 0.127115 0.023315 0.000010 0.460365 0.006139
0.003282 0.647719 0.013624 0.000907 0.000010 0.058923 0.012488 0.019710 0.243327 0.000010
0.000010 0.733445 0.058493 0.007139 0.010806 0.038997 0.006439 0.029468 0.107239 0.007964
0.047039 0.147272 0.000886 0.009205 0.002118 0.088925 0.022632 0.000010 0.675100 0.006814
0.020773 0.737316 0.019993 0.005033 0.023500 0.022991 0.013627 0.000010 0.150113 0.006643
0.012265 0.694845 0.057675 0.032375 0.043161 0.000010 0.008749 0.088500 0.038067 0.024355
0.000010 0.787813 0.000010 0.000010 0.015967 0.000010 0.016247 0.000010 0.179912 0.000010
0.000010 0.799286 0.000010 0.000010 0.002047 0.056137 0.014505 0.000010 0.120863 0.007123
0.013842 0.587339 0.079585 0.020213 0.062554 0.035243 0.006416 0.123941 0.031536 0.039330
0.000010 0.665376 0.005418 0.000010 0.010759 0.065868 0.016162 0.000018 0.236369 0.000010
0.000010 0.778370 0.020434 0.000010 0.003617 0.038341 0.000789 0.000010 0.154485 0.003934
0.015065 0.670896 0.111314 0.006930 0.031247 0.000010 0.004824 0.085574 0.046161 0.027979
0.019931 0.731285 0.000010 0.009089 0.009853 0.045768 0.002680 0.007621 0.173753 0.000010
0.000010 0.826490 0.017960 0.004359 0.002233 0.036953 0.019197 0.019906 0.060608 0.012284
0.011374 0.603977 0.079567 0.014308 0.016592 0.057628 0.010796 0.096052 0.078167 0.031537
0.046031 0.219438 0.000010 0.008973 0.000010 0.120124 0.022944 0.000010 0.582450 0.000010
0.005294 0.608741 0.019623 0.004156 0.000010 0.042774 0.018729 0.000010 0.293201 0.007463
0.021156 0.653571 0.088168 0.004716 0.024334 0.011798 0.003943 0.114331 0.047963 0.030020
0.000010 0.741631 0.006975 0.008281 0.015427 0.075153 0.015107 0.008272 0.117168 0.011975
0.076337 0.186061 0.000010 0.021067 0.000010 0.057581 0.017558 0.000010 0.636900 0.004467
0.028732 0.709844 0.070247 0.000513 0.043489 0.000010 0.000010 0.116173 0.008096 0.022885
0.000010 0.786961 0.000010 0.010150 0.000010 0.048189 0.018069 0.013831 0.116262 0.006509
0.064166 0.286797 0.014702 0.002622 0.002928 0.095871 0.019124 0.000010 0.513769 0.000010
0.012945 0.621210 0.059073 0.006370 0.014723 0.081592 0.006972 0.074111 0.105798 0.017206
0.038181 0.370564 0.019971 0.014523 0.000010 0.068094 0.015082 0.008025 0.464179 0.001370
0.000010 0.794394 0.019578 0.005764 0.000010 0.026733 0.015002 0.005259 0.130858 0.002393
0.001062 0.624437 0.064368 0.012457 0.043605 0.029864 0.004461 0.112972 0.090293 0.016482
0.018689 0.543108 0.023395 0.028714 0.011759 0.172365 0.013963 0.026743 0.148728 0.012536
0.037479 0.463076 0.011457 0.013992 0.012475 0.067961 0.011644 0.000010 0.377839 0.004068
0.033414 0.684676 0.086758 0.007141 0.052966 0.000860 0.004431 0.096047 0.004261 0.029446
0.000010 0.618361 0.019287 0.026002 0.000010 0.142561 0.006360 0.026221 0.150949 0.010239
0.039074 0.305603 0.010700 0.019010 0.005398 0.062131 0.021879 0.000010 0.535709 0.000486
0.007859 0.680372 0.070748 0.015697 0.036478 0.008654 0.000010 0.113699 0.033829 0.032653
0.019892 0.651724 0.022435 0.009155 0.019178 0.106556 0.013610 0.015312 0.135311 0.006827
0.010608 0.718906 0.036319 0.000010 0.012295 0.076511 0.008718 0.015235 0.114752 0.006645
0.000010 0.612493 0.104713 0.012303 0.018089 0.038040 0.003305 0.137148 0.043832 0.030066
0.011781 0.587342 0.028177 0.014361 0.015484 0.084135 0.014598 0.062268 0.173260 0.008594
0.000010 0.734924 0.000010 0.000010 0.000010 0.029942 0.013104 0.000010 0.221206 0.000774
0.000010 0.653433 0.102569 0.003809 0.047798 0.011611 0.001868 0.131939 0.019451 0.027511
0.000010 0.568854 0.009986 0.020391 0.009415 0.120862 0.008115 0.018436 0.237024 0.006906
0.052302 0.291614 0.000010 0.011391 0.008042 0.085364 0.012105 0.013273 0.518497 0.007402
0.021047 0.646905 0.066457 0.000010 0.040665 0.041792 0.004407 0.100794 0.048167 0.029756
0.008642 0.425959 0.008946 0.018321 0.006134 0.145764 0.012584 0.005186 0.364886 0.003578
0.004148 0.770046 0.000010 0.000010 0.001979 0.084551 0.009391 0.003471 0.107375 0.019018
0.022198 0.632215 0.074733 0.022396 0.033572 0.035375 0.007166 0.105503 0.038703 0.028139
0.015567 0.602322 0.030512 0.022526 0.001074 0.112647 0.014583 0.024510 0.151090 0.025170
