0.000010 0.000010 0.000010 0.000010 0.000010 0.000010 0.999910 0.000010 0.000010 0.000010
0.000010 0.000010 0.999910 0.000010 0.000010 0.000010 0.000010 0.000010 0.000010 0.000010
0.000010 0.000010 0.000010 0.000010 0.000010 0.000010 0.999910 0.000010 0.000010 0.000010
0.999908 0.000010 0.000010 0.000010 0.000010 0.000012 0.000010 0.000010 0.000010 0.000010
0.000010 0.000010 0.999910 0.000010 0.000010 0.000010 0.000010 0.000010 0.000010 0.000010
0.000010 0.000010 0.999910 0.000010 0.000010 0.000010 0.000010 0.000010 0.000010 0.000010
0.000010 0.000010 0.000010 0.000010 0.000010 0.000010 0.999910 0.000010 0.000010 0.000010
0.000013 0.000010 0.000010 0.000010 0.000010 0.000010 0.999907 0.000010 0.000010 0.000010
0.999910 0.000010 0.000010 0.000010 0.000010 0.000010 0.000010 0.000010 0.000010 0.000010
0.000010 0.000016 0.000010 0.000010 0.000010 0.999904 0.000010 0.000010 0.000010 0.000010
0.000010 0.000010 0.999910 0.000010 0.000010 0.000010 0.000010 0.000010 0.000010 0.000010
0.000010 0.000010 0.000010 0.000010 0.000010 0.999910 0.000010 0.000010 0.000010 0.000010
0.000010 0.000010 0.999910 0.000010 0.000010 0.000010 0.000010 0.000010 0.000010 0.000010
0.000010 0.000010 0.999910 0.000010 0.000010 0.000010 0.000010 0.000010 0.000010 0.000010
0.000010 0.000010 0.000010 0.000011 0.000010 0.999909 0.000010 0.000010 0.000010 0.000010
0.000010 0.000012 0.000010 0.000010 0.000010 0.999908 0.000010 0.000010 0.000010 0.000010
0.000010 0.000010 0.742775 0.000010 0.000010 0.257145 0.000010 0.000010 0.000010 0.000010
0.000010 0.000012 0.000010 0.000010 0.000010 0.999908 0.000010 0.000010 0.000010 0.000010
0.000010 0.000010 0.000010 0.000010 0.000010 0.999910 0.000010 0.000010 0.000010 0.000010
0.000010 0.000010 0.999910 0.000010 0.000010 0.000010 0.000010 0.000010 0.000010 0.000010
0.000010 0.000010 0.000010 0.999910 0.000010 0.000010 0.000010 0.000010 0.000010 0.000010
0.000010 0.000010 0.000010 0.999907 0.000010 0.000013 0.000010 0.000010 0.000010 0.000010
0.000010 0.000010 0.000010 0.999910 0.000010 0.000010 0.000010 0.000010 0.000010 0.000010
0.999910 0.000010 0.000010 0.000010 0.000010 0.000010 0.000010 0.000010 0.000010 0.000010
0.000010 0.000010 0.000010 0.999910 0.000010 0.000010 0.000010 0.000010 0.000010 0.000010
0.000010 0.000010 0.999910 0.000010 0.000010 0.000010 0.000010 0.000010 0.000010 0.000010
0.999910 0.000010 0.000010 0.000010 0.000010 0.000010 0.000010 0.000010 0.000010 0.000010
0.000010 0.000010 0.000010 0.999910 0.000010 0.000010 0.000010 0.000010 0.000010 0.000010
0.000010 0.000010 0.999910 0.000010 0.000010 0.000010 0.000010 0.000010 0.000010 0.000010
0.000010 0.000010 0.999910 0.000010 0.000010 0.000010 0.000010 0.000010 0.000010 0.000010
0.000010 0.000010 0.999905 0.000010 0.000010 0.000010 0.000015 0.000010 0.000010 0.000010
0.000010 0.000010 0.000010 0.999910 0.000010 0.000010 0.000010 0.000010 0.000010 0.000010
0.000010 0.185041 0.000010 0.056910 0.000010 0.000010 0.059779 0.552759 0.082248 0.063223
0.065822 0.000010 0.000010 0.023650 0.000010 0.014739 0.000010 0.628027 0.267712 0.000010
0.000010 0.176443 0.000010 0.070271 0.000010 0.040480 0.022641 0.406806 0.283319 0.000010
0.000010 0.192178 0.000010 0.000010 0.000010 0.012168 0.000010 0.382347 0.293396 0.119860
0.000010 0.275321 0.000010 0.000010 0.000010 0.000010 0.000010 0.724599 0.000010 0.000010
0.000010 0.000010 0.000010 0.000010 0.000010 0.000010 0.000010 0.267540 0.732380 0.000010
0.135411 0.461021 0.000010 0.000010 0.070748 0.000010 0.000010 0.000010 0.097634 0.235136
0.000010 0.009770 0.000010 0.063708 0.044957 0.016511 0.033108 0.338940 0.492976 0.000010
0.000010 0.289033 0.000010 0.000010 0.000011 0.000010 0.000010 0.710886 0.000010 0.000010
0.004141 0.279813 0.000010 0.000010 0.000010 0.000010 0.000010 0.671646 0.000010 0.044340
0.067110 0.197729 0.000010 0.000010 0.000010 0.006329 0.000010 0.463950 0.264833 0.000010
0.001584 0.436244 0.000010 0.000010 0.000010 0.031499 0.000010 0.530613 0.000010 0.000010
0.000010 0.127854 0.000010 0.000010 0.000010 0.000010 0.000010 0.782800 0.000010 0.089276
0.000010 0.042325 0.000010 0.028716 0.000010 0.000010 0.000010 0.594970 0.328609 0.005329
0.026456 0.225137 0.000010 0.000010 0.000010 0.035789 0.000010 0.351157 0.361410 0.000010
0.000010 0.198209 0.000010 0.000010 0.000010 0.000010 0.000010 0.752842 0.023471 0.025418
0.055854 0.320803 0.000482 0.000020 0.054839 0.000010 0.000010 0.290409 0.277563 0.000010
0.000010 0.178130 0.000010 0.000010 0.000010 0.076773 0.000010 0.365873 0.379165 0.000010
0.000010 0.546837 0.212635 0.000010 0.000010 0.000010 0.000010 0.166937 0.073532 0.000010
0.000010 0.177753 0.000010 0.000010 0.033550 0.000010 0.045875 0.466355 0.276417 0.000010
0.001687 0.141790 0.000010 0.000010 0.000010 0.000010 0.000010 0.503825 0.352638 0.000010
0.000010 0.114836 0.000010 0.000010 0.000010 0.022162 0.031949 0.425510 0.405492 0.000010
0.000010 0.083288 0.000010 0.000010 0.000010 0.004691 0.014837 0.553814 0.343319 0.000010
0.000010 0.188537 0.000010 0.077057 0.000010 0.000010 0.005622 0.280514 0.448221 0.000010
0.023190 0.121176 0.000010 0.035791 0.000010 0.000010 0.000010 0.474786 0.345007 0.000010
0.000010 0.176244 0.000010 0.001396 0.000010 0.000010 0.000010 0.475614 0.346686 0.000010
0.000010 0.181581 0.000010 0.028010 0.000010 0.000010 0.000010 0.436326 0.354022 0.000010
0.000010 0.116623 0.000010 0.000110 0.000010 0.000010 0.000010 0.442087 0.441120 0.000010
0.013020 0.054039 0.030385 0.011703 0.028723 0.012422 0.020549 0.588106 0.239742 0.001312
0.018626 0.075559 0.045418 0.010371 0.016078 0.018745 0.014694 0.565492 0.233923 0.001093
0.005041 0.057451 0.028206 0.008223 0.033034 0.009758 0.024727 0.565915 0.267635 0.000010
0.017895 0.051438 0.034007 0.022990 0.027445 0.002382 0.022532 0.592017 0.229284 0.000010
0.005406 0.055740 0.014885 0.025034 0.013137 0.009303 0.010185 0.601250 0.265050 0.000010
0.003145 0.063567 0.029926 0.014034 0.021644 0.006732 0.011398 0.596994 0.252551 0.000010
0.004752 0.048570 0.018426 0.014377 0.027974 0.008798 0.006917 0.635960 0.234215 0.000010
0.008733 0.068233 0.029826 0.016068 0.017506 0.014089 0.017252 0.570964 0.257320 0.000010
0.003134 0.010355 0.038823 0.008225 0.000010 0.010195 0.013950 0.656213 0.256519 0.002575
0.023231 0.067668 0.125250 0.016133 0.060018 0.026522 0.034111 0.413957 0.196286 0.036824
0.011227 0.103944 0.096781 0.021844 0.044879 0.013554 0.013270 0.490734 0.203758 0.000010
0.005185 0.035324 0.017033 0.004844 0.000010 0.016656 0.022303 0.641293 0.257341 0.000010
0.013607 0.000010 0.064056 0.003100 0.564932 0.006451 0.009746 0.338079 0.000010 0.000010
0.010798 0.073374 0.021473 0.008158 0.005790 0.010374 0.013571 0.609928 0.246526 0.000010
0.000010 0.054771 0.024951 0.015004 0.017108 0.020153 0.013132 0.565163 0.284860 0.004847
0.000010 0.999910 0.000010 0.000010 0.000010 0.000010 0.000010 0.000010 0.000010 0.000010
0.000010 0.999910 0.000010 0.000010 0.000010 0.000010 0.000010 0.000010 0.000010 0.000010
0.000010 0.999910 0.000010 0.000010 0.000010 0.000010 0.000010 0.000010 0.000010 0.000010
0.000010 0.999910 0.000010 0.000010 0.000010 0.000010 0.000010 0.000010 0.000010 0.000010
0.000010 0.887507 0.000010 0.000010 0.008082 0.004258 0.000655 0.044969 0.053315 0.001185
0.000010 0.999908 0.000010 0.000012 0.000010 0.000010 0.000010 0.000010 0.000010 0.000010
0.000010 0.998301 0.000010 0.000010 0.000010 0.000010 0.000010 0.000010 0.000010 0.001619
0.000010 0.999907 0.000010 0.000010 0.000010 0.000010 0.000013 0.000010 0.000010 0.000010
0.000010 0.999910 0.000010 0.000010 0.000010 0.000010 0.000010 0.000010 0.000010 0.000010
0.000010 0.942763 0.004608 0.000329 0.000010 0.000010 0.000010 0.007815 0.031524 0.012922
0.000010 0.989523 0.010397 0.000010 0.000010 0.000010 0.000010 0.000010 0.000010 0.000010
0.000010 0.893986 0.013889 0.000010 0.008416 0.001692 0.000010 0.000010 0.072458 0.009519
0.009197 0.803258 0.000010 0.005613 0.000010 0.000010 0.000010 0.114412 0.067469 0.000010
0.000010 0.999910 0.000010 0.000010 0.000010 0.000010 0.000010 0.000010 0.000010 0.000010
0.000010 0.010255 0.082206 0.000010 0.020368 0.000010 0.007943 0.041170 0.738099 0.099928
0.008680 0.029365 0.057077 0.003106 0.010955 0.000010 0.009724 0.043438 0.722495 0.115150
0.004031 0.002545 0.101742 0.003123 0.012182 0.000010 0.000606 0.042926 0.734952 0.097883
0.000010 0.062289 0.062852 0.005051 0.011863 0.001336 0.010806 0.051528 0.707303 0.086962
0.007743 0.000010 0.095172 0.000010 0.011589 0.008021 0.010573 0.000010 0.790072 0.076801
0.006607 0.040371 0.052996 0.005959 0.023608 0.000010 0.007028 0.085218 0.680820 0.097382
0.000010 0.022477 0.085992 0.003557 0.032693 0.000010 0.013806 0.000010 0.743988 0.097457
0.007178 0.000010 0.091719 0.010682 0.028941 0.013823 0.000010 0.000010 0.746697 0.100929
0.000010 0.382863 0.000010 0.008384 0.000010 0.013664 0.000010 0.107821 0.463068 0.024160
0.000010 0.355439 0.000010 0.002275 0.000010 0.002442 0.016826 0.154955 0.452847 0.015187
0.003482 0.396538 0.000010 0.003844 0.006427 0.012796 0.000010 0.117058 0.437356 0.022478
0.006400 0.378321 0.000010 0.007606 0.000010 0.000010 0.000480 0.132424 0.448177 0.026562
0.002940 0.363875 0.000010 0.005000 0.011749 0.000010 0.000010 0.104814 0.487406 0.024187
0.000010 0.342723 0.000010 0.003834 0.000010 0.003717 0.008064 0.163199 0.446395 0.032039
0.000510 0.391557 0.000010 0.011418 0.017178 0.001138 0.009148 0.112946 0.445108 0.010986
0.014387 0.390996 0.007470 0.005737 0.000010 0.001059 0.002476 0.106464 0.444327 0.027075
0.000010 0.370855 0.000010 0.008668 0.010854 0.000010 0.000010 0.128084 0.481490 0.000010
0.001901 0.402922 0.000010 0.000010 0.000010 0.004416 0.000010 0.135418 0.427292 0.028012
0.013243 0.396644 0.000010 0.002429 0.002837 0.000010 0.005804 0.098895 0.440549 0.039579
0.000010 0.360043 0.000010 0.000096 0.008252 0.000010 0.005485 0.147678 0.435342 0.043074
0.000010 0.353915 0.000010 0.004709 0.000010 0.000010 0.000010 0.167662 0.468156 0.005508
0.004836 0.391860 0.000010 0.006951 0.000010 0.000209 0.003879 0.148284 0.434070 0.009891
0.001668 0.354119 0.000010 0.004497 0.004597 0.001043 0.005956 0.149250 0.459074 0.019786
0.011047 0.389634 0.000010 0.008983 0.002574 0.013789 0.000010 0.116187 0.421888 0.035879
0.005803 0.360527 0.000010 0.000010 0.020346 0.000114 0.002629 0.125826 0.456980 0.027754
0.000010 0.365000 0.000010 0.003312 0.000010 0.003501 0.004953 0.137450 0.467053 0.018701
0.005056 0.366140 0.000010 0.002204 0.000010 0.004289 0.000010 0.160874 0.432857 0.028551
0.000010 0.396492 0.000010 0.000010 0.000829 0.001302 0.001897 0.104462 0.457369 0.037618
0.001950 0.394279 0.000010 0.009479 0.000010 0.005420 0.002488 0.113684 0.472671 0.000010
0.004525 0.390386 0.000010 0.000151 0.000010 0.000010 0.000010 0.140142 0.464747 0.000010
0.000010 0.354877 0.000010 0.005657 0.000010 0.000010 0.000010 0.143835 0.472449 0.023131
0.000010 0.399388 0.000010 0.000010 0.000010 0.002982 0.005962 0.117810 0.455424 0.018394
0.012781 0.355073 0.000010 0.004162 0.007003 0.018555 0.000010 0.121063 0.462148 0.019194
0.000010 0.321984 0.000010 0.000497 0.000010 0.011380 0.004139 0.140449 0.473717 0.047805
0.011617 0.085536 0.000010 0.013582 0.000010 0.000010 0.000010 0.101911 0.670118 0.117196
0.000010 0.141195 0.000010 0.003946 0.000010 0.000010 0.000534 0.245528 0.541017 0.067741
0.008278 0.053196 0.008737 0.000010 0.000010 0.000011 0.000010 0.105698 0.706787 0.117262
0.000010 0.153016 0.000010 0.008631 0.003046 0.007011 0.006153 0.327318 0.457733 0.037071
0.002527 0.148075 0.000010 0.008702 0.010485 0.006918 0.000010 0.232870 0.551469 0.038935
0.005498 0.073281 0.000010 0.009836 0.006703 0.002761 0.006933 0.153854 0.650991 0.090132
0.007111 0.049532 0.000010 0.002913 0.017075 0.000010 0.000210 0.062468 0.738139 0.122532
0.000010 0.111793 0.000010 0.009108 0.005567 0.008586 0.000010 0.252650 0.575401 0.036864
0.007827 0.161646 0.000010 0.009589 0.000010 0.005309 0.008118 0.244573 0.523105 0.039814
0.008075 0.077806 0.000150 0.000010 0.016294 0.012477 0.000428 0.173186 0.636483 0.075091
0.000010 0.072002 0.000010 0.000010 0.003707 0.001597 0.012322 0.080741 0.716370 0.113231
0.004079 0.123287 0.000010 0.005778 0.000010 0.016113 0.002820 0.125413 0.628244 0.094246
0.009959 0.386595 0.000010 0.011648 0.000010 0.003597 0.000482 0.130009 0.441924 0.015766
0.005082 0.377368 0.000010 0.000010 0.014406 0.000010 0.006553 0.120131 0.469815 0.006615
0.000010 0.111389 0.014813 0.004591 0.000010 0.004079 0.000010 0.131457 0.643423 0.090219
0.009611 0.080083 0.016867 0.001287 0.013223 0.014528 0.009274 0.012531 0.727784 0.114812
0.000010 0.065168 0.000010 0.000010 0.029235 0.008113 0.000010 0.141141 0.667466 0.088837
0.009218 0.176289 0.000019 0.007956 0.000010 0.000010 0.000010 0.258423 0.483546 0.064518
0.000010 0.146483 0.000010 0.001409 0.000010 0.003310 0.012068 0.234699 0.565924 0.036076
0.006250 0.056421 0.000010 0.000010 0.010117 0.003206 0.001877 0.105986 0.712619 0.103504
0.009255 0.119724 0.000010 0.002828 0.016553 0.015174 0.000010 0.140542 0.627168 0.068736
0.000010 0.061918 0.001892 0.000247 0.000010 0.004248 0.005524 0.080419 0.738402 0.107330
0.003451 0.077595 0.000010 0.010800 0.022973 0.000010 0.000010 0.096888 0.675051 0.113211
0.010748 0.062155 0.008651 0.000010 0.013959 0.007312 0.003708 0.071964 0.714345 0.107149
0.000010 0.115366 0.000010 0.003146 0.000010 0.003079 0.003035 0.176096 0.639700 0.059548
0.002110 0.360573 0.000010 0.010806 0.005078 0.008678 0.000010 0.136153 0.438334 0.038248
0.000010 0.129148 0.000010 0.003712 0.000010 0.002440 0.011988 0.306735 0.507450 0.038497
0.011697 0.105211 0.000010 0.002405 0.000010 0.000010 0.010544 0.148814 0.610881 0.110417
0.000574 0.093838 0.000010 0.007595 0.006733 0.013580 0.010132 0.205798 0.571519 0.090221
0.000010 0.078410 0.000010 0.004893 0.013679 0.003157 0.008656 0.098606 0.680136 0.112443
0.005018 0.063775 0.000010 0.000010 0.001721 0.010180 0.000010 0.067776 0.731844 0.119656
0.006286 0.149078 0.000010 0.000010 0.000010 0.000010 0.009825 0.238710 0.537868 0.058193
0.002999 0.086179 0.000010 0.007365 0.000010 0.007312 0.000010 0.171706 0.641890 0.082518
0.000849 0.079522 0.000010 0.014963 0.000010 0.009152 0.000010 0.166160 0.641077 0.088247
0.000010 0.157061 0.000010 0.003970 0.000010 0.006016 0.000010 0.312126 0.482790 0.037998
0.008693 0.144740 0.000010 0.000010 0.000010 0.009415 0.000010 0.255972 0.516115 0.065026
0.000010 0.081260 0.002993 0.005573 0.002412 0.008040 0.006719 0.185999 0.623497 0.083497
0.000010 0.080947 0.000010 0.010822 0.001323 0.014169 0.000010 0.275955 0.542172 0.074581
0.000010 0.073410 0.000010 0.000010 0.000010 0.018364 0.000010 0.208902 0.627886 0.071389
0.004130 0.101562 0.000010 0.024431 0.000010 0.010579 0.010281 0.193565 0.586990 0.068443
0.002015 0.109552 0.010962 0.000010 0.003166 0.001061 0.003733 0.263607 0.554758 0.051135
0.015504 0.124298 0.000010 0.009863 0.000010 0.000010 0.000010 0.221302 0.538997 0.089997
0.000010 0.104991 0.000010 0.000012 0.000010 0.003455 0.000010 0.208282 0.601520 0.081699
0.000781 0.072956 0.000010 0.003825 0.003266 0.000010 0.000010 0.274623 0.590629 0.053889
0.001104 0.077189 0.000010 0.003174 0.013950 0.005664 0.013899 0.182989 0.642286 0.059735
0.002043 0.105962 0.000010 0.000015 0.000010 0.004840 0.000010 0.297156 0.532839 0.057114
0.000010 0.079746 0.030330 0.000231 0.000010 0.003810 0.012153 0.451388 0.404681 0.017640
0.006909 0.021351 0.014336 0.004471 0.000010 0.005662 0.013123 0.535491 0.365099 0.033549
0.018323 0.036144 0.013648 0.008100 0.000010 0.000010 0.011002 0.527239 0.357232 0.028292
0.004651 0.020264 0.001725 0.007913 0.000010 0.017355 0.012821 0.805763 0.129488 0.000010
0.000010 0.059386 0.023118 0.003448 0.034608 0.011980 0.000010 0.525057 0.314053 0.028331
0.002852 0.024745 0.014472 0.001047 0.025265 0.010900 0.004243 0.525714 0.368343 0.022421
0.011921 0.035174 0.000010 0.000010 0.014772 0.000010 0.000281 0.527806 0.381269 0.028747
0.011554 0.008172 0.029619 0.000010 0.032378 0.000010 0.003441 0.546244 0.359758 0.008814
0.008806 0.083855 0.000010 0.005445 0.000010 0.004075 0.000010 0.296190 0.535564 0.066034
0.014625 0.048149 0.015601 0.003144 0.004545 0.011047 0.000010 0.532353 0.348940 0.021587
0.008661 0.033791 0.000010 0.005817 0.000010 0.012264 0.006581 0.204816 0.658793 0.069257
0.005033 0.064134 0.006538 0.007529 0.004176 0.000010 0.006470 0.224939 0.627631 0.053541
0.005882 0.046550 0.012696 0.000010 0.018308 0.010537 0.003355 0.178090 0.668254 0.056317
0.006216 0.042875 0.003480 0.001065 0.002730 0.017807 0.011498 0.210612 0.645410 0.058305
0.001168 0.051399 0.000010 0.006322 0.005915 0.005665 0.021137 0.201475 0.620112 0.086797
0.000010 0.047690 0.016286 0.004050 0.000010 0.012831 0.004261 0.207366 0.640159 0.067336
0.000010 0.064935 0.003480 0.000010 0.001992 0.004798 0.002133 0.227971 0.638289 0.056382
0.000010 0.067107 0.000010 0.008757 0.004549 0.000040 0.007912 0.207026 0.629776 0.074815
0.005272 0.037270 0.000010 0.004353 0.014953 0.000010 0.001768 0.227712 0.646162 0.062490
0.007124 0.064578 0.017598 0.006743 0.013047 0.010308 0.005737 0.160931 0.649521 0.064412
0.000010 0.781345 0.000012 0.007018 0.000010 0.004069 0.000010 0.155225 0.052291 0.000010
0.000010 0.479558 0.000010 0.005176 0.003144 0.002356 0.009780 0.239667 0.260290 0.000010
0.005880 0.602570 0.000010 0.004812 0.010368 0.011689 0.002646 0.137278 0.214914 0.009831
0.007816 0.746435 0.000012 0.007908 0.002892 0.000010 0.000010 0.116625 0.115889 0.002402
0.002732 0.640803 0.022548 0.000010 0.014656 0.003674 0.000010 0.139502 0.173140 0.002925
0.004459 0.533515 0.000010 0.000010 0.011455 0.006342 0.000010 0.218909 0.199414 0.025875
0.003313 0.656317 0.007495 0.007086 0.004499 0.000011 0.000010 0.136245 0.167726 0.017299
0.000557 0.866420 0.003074 0.000018 0.000010 0.000010 0.007442 0.070354 0.052104 0.000010
0.015205 0.492998 0.013666 0.000010 0.000010 0.001792 0.003824 0.199349 0.236921 0.036225
0.002670 0.542956 0.000010 0.000010 0.000010 0.009238 0.000941 0.204082 0.240072 0.000010
0.000010 0.473472 0.012028 0.004265 0.001034 0.000010 0.005107 0.212093 0.280622 0.011359
0.001262 0.450918 0.000010 0.005363 0.010559 0.010452 0.009170 0.238584 0.273672 0.000010
0.006752 0.536117 0.002349 0.009749 0.025180 0.012234 0.000010 0.158530 0.230961 0.018119
0.002401 0.518693 0.005414 0.003458 0.022923 0.000010 0.004517 0.179687 0.262887 0.000010
0.005207 0.531874 0.018508 0.000010 0.000010 0.008549 0.000010 0.183926 0.244641 0.007265
0.009868 0.537486 0.000010 0.001575 0.000010 0.001461 0.000010 0.177649 0.266589 0.005341
0.010041 0.516687 0.000010 0.005675 0.000010 0.022070 0.001771 0.174591 0.269134 0.000010
0.004689 0.517437 0.000010 0.002333 0.000557 0.012538 0.000010 0.192982 0.269434 0.000010
0.006825 0.378430 0.033205 0.011389 0.003904 0.000010 0.000203 0.245613 0.298795 0.021626
0.004795 0.303021 0.006253 0.000010 0.013346 0.005313 0.000010 0.243897 0.393882 0.029472
0.000010 0.296489 0.010093 0.004272 0.015560 0.000010 0.023520 0.265509 0.375202 0.009334
0.000401 0.340025 0.007031 0.001899 0.006897 0.005486 0.000029 0.250029 0.365514 0.022689
0.000010 0.310112 0.000010 0.000010 0.036546 0.007035 0.000010 0.269475 0.336709 0.040083
0.000010 0.282126 0.019898 0.000010 0.012402 0.001834 0.008016 0.263038 0.381137 0.031528
0.000010 0.457049 0.004569 0.006120 0.000010 0.004759 0.002027 0.218538 0.293801 0.013117
0.002673 0.713952 0.000010 0.000010 0.005255 0.011534 0.006618 0.107604 0.152334 0.000010
0.000011 0.737638 0.000010 0.000010 0.000010 0.000010 0.000010 0.106401 0.155890 0.000010
0.005735 0.432343 0.004562 0.015914 0.000010 0.008747 0.007836 0.198901 0.325941 0.000010
0.000481 0.458869 0.024313 0.003070 0.000010 0.004034 0.002518 0.180122 0.320891 0.005692
0.008717 0.764215 0.000010 0.000010 0.005431 0.013931 0.005736 0.059197 0.142743 0.000010
0.000010 0.477973 0.000010 0.000010 0.009854 0.000010 0.005189 0.212892 0.283885 0.010167
0.000423 0.625789 0.011312 0.000010 0.000010 0.004786 0.005206 0.134674 0.213500 0.004290
0.001209 0.377897 0.000010 0.000010 0.000010 0.000010 0.009261 0.286391 0.310246 0.014956
0.002901 0.428035 0.000012 0.013915 0.000010 0.005283 0.003004 0.225856 0.311044 0.009939
0.000010 0.412919 0.000010 0.002197 0.000010 0.008215 0.003981 0.222197 0.325232 0.025229
0.000980 0.370295 0.014787 0.006579 0.008738 0.009194 0.004251 0.244667 0.325887 0.014621
0.004722 0.401212 0.000010 0.009633 0.012829 0.004452 0.000010 0.203586 0.332371 0.031174
0.009712 0.386226 0.000010 0.000010 0.025976 0.004701 0.002752 0.238995 0.330713 0.000904
0.001719 0.362595 0.000010 0.012121 0.000776 0.009190 0.006231 0.262713 0.318107 0.026537
0.002578 0.171052 0.000010 0.006284 0.006290 0.002680 0.002562 0.318571 0.474299 0.015675
0.003986 0.166235 0.021371 0.015010 0.000010 0.001372 0.004751 0.283833 0.451668 0.051764
0.000010 0.167222 0.000010 0.000010 0.000010 0.007367 0.000010 0.352137 0.473215 0.000010
0.000010 0.186406 0.020078 0.008932 0.006300 0.005038 0.000010 0.309108 0.441972 0.022145
0.001786 0.165296 0.000010 0.000010 0.000010 0.019375 0.008768 0.321726 0.474531 0.008487
0.005063 0.174755 0.002999 0.008310 0.005967 0.005520 0.006405 0.325586 0.440269 0.025126
0.000010 0.181120 0.000010 0.007767 0.020290 0.011565 0.000010 0.283252 0.475423 0.020552
0.010611 0.154058 0.000751 0.000010 0.000010 0.006506 0.006363 0.270210 0.510778 0.040702
0.000010 0.200774 0.000012 0.008281 0.000010 0.010370 0.005249 0.327473 0.422653 0.025168
0.000037 0.164652 0.000010 0.015117 0.035861 0.001789 0.010026 0.285763 0.462595 0.024150
0.015144 0.006116 0.005268 0.000010 0.034616 0.000010 0.011953 0.015288 0.783276 0.128319
0.006439 0.000010 0.016060 0.003101 0.003657 0.001906 0.000010 0.022094 0.836102 0.110621
0.002255 0.000010 0.002035 0.009446 0.000010 0.010062 0.003933 0.000010 0.843295 0.128943
0.000010 0.000010 0.002571 0.002312 0.009611 0.005636 0.012288 0.000010 0.822691 0.144861
0.010408 0.002077 0.019473 0.001355 0.021753 0.007895 0.001026 0.009405 0.797242 0.129368
0.000010 0.000010 0.005815 0.000010 0.005487 0.011800 0.007827 0.000010 0.844190 0.124840
0.000010 0.005136 0.030619 0.003489 0.040818 0.002081 0.000010 0.000010 0.771408 0.146419
0.004735 0.012828 0.028248 0.000010 0.003463 0.010901 0.004587 0.021432 0.786706 0.127090
0.003478 0.008197 0.017803 0.000010 0.019970 0.011468 0.000297 0.000010 0.830022 0.108744
0.002001 0.000010 0.024230 0.000010 0.003776 0.017646 0.010261 0.000010 0.806417 0.135640
0.010850 0.001977 0.033097 0.005532 0.027134 0.000010 0.006168 0.148690 0.708711 0.057831
0.001313 0.000010 0.056854 0.002493 0.044904 0.000010 0.000010 0.054438 0.804869 0.035097
0.007975 0.000010 0.056616 0.008258 0.034390 0.001271 0.000010 0.144124 0.706502 0.040843
0.010280 0.000010 0.052061 0.008683 0.012326 0.002834 0.000010 0.129384 0.727051 0.057360
0.019208 0.000010 0.055056 0.007974 0.020549 0.000010 0.000010 0.075045 0.764304 0.057834
0.007589 0.000010 0.055946 0.000010 0.035683 0.000837 0.010594 0.065779 0.771754 0.051798
0.001719 0.007496 0.036930 0.004834 0.012717 0.005460 0.011119 0.161515 0.693720 0.064491
0.013681 0.009683 0.022272 0.008279 0.000010 0.002776 0.008015 0.176688 0.713890 0.044706
0.000010 0.040961 0.000010 0.013637 0.000010 0.000497 0.017633 0.099654 0.748094 0.079494
0.007632 0.082872 0.000010 0.012733 0.000010 0.012746 0.001330 0.168407 0.637286 0.076975
0.016280 0.113824 0.000010 0.002265 0.010099 0.010650 0.000010 0.116346 0.679105 0.051411
0.000221 0.047705 0.000010 0.010693 0.015378 0.001918 0.010715 0.124116 0.737374 0.051870
0.004057 0.038496 0.003625 0.003878 0.000010 0.015226 0.016022 0.143720 0.706292 0.068674
0.000010 0.063306 0.006215 0.009417 0.000010 0.000010 0.013426 0.149344 0.673187 0.085073
0.005771 0.077276 0.000010 0.000010 0.007255 0.006465 0.005328 0.103695 0.712520 0.081670
0.003191 0.080199 0.002435 0.010848 0.000010 0.012758 0.000742 0.155499 0.649645 0.084672
0.005716 0.056647 0.015556 0.014604 0.000010 0.000010 0.000010 0.142908 0.685689 0.078850
0.000010 0.082534 0.011196 0.016566 0.000010 0.000010 0.005382 0.132177 0.673003 0.079111
0.000173 0.097729 0.009317 0.004195 0.011552 0.017556 0.000010 0.447600 0.382537 0.029330
0.003819 0.058556 0.021771 0.004269 0.017500 0.005695 0.014764 0.459924 0.386233 0.027469
0.004972 0.045910 0.000010 0.001427 0.003158 0.017327 0.015194 0.516223 0.391565 0.004212
0.007088 0.063863 0.022608 0.017474 0.009740 0.001547 0.011238 0.521135 0.328002 0.017305
0.008156 0.055332 0.021826 0.008608 0.039627 0.000010 0.003658 0.502789 0.328243 0.031750
0.002815 0.030749 0.015117 0.000010 0.016759 0.002514 0.017030 0.533992 0.381003 0.000010
0.000010 0.067244 0.014580 0.002387 0.021617 0.007059 0.006470 0.538676 0.341946 0.000010
0.006590 0.063379 0.029708 0.010589 0.000010 0.005143 0.005292 0.545958 0.321913 0.011419
0.004690 0.054205 0.007816 0.006803 0.020940 0.010022 0.001608 0.551582 0.326245 0.016089
0.004644 0.174111 0.011570 0.010652 0.023381 0.000010 0.017541 0.416332 0.317040 0.024719
0.011169 0.132056 0.031121 0.014158 0.040984 0.013476 0.008155 0.415308 0.308805 0.024768
0.006400 0.139712 0.008842 0.005804 0.056123 0.016785 0.020041 0.476952 0.269331 0.000010
0.007905 0.185771 0.036885 0.000010 0.039959 0.016723 0.000681 0.379628 0.314209 0.018229
0.000010 0.182651 0.029843 0.007900 0.038622 0.000010 0.007060 0.369866 0.356868 0.007170
0.013182 0.154260 0.024827 0.007035 0.019908 0.004619 0.002687 0.404546 0.353647 0.015288
0.003987 0.205904 0.029785 0.011998 0.018927 0.002050 0.007221 0.383540 0.318284 0.018304
0.001834 0.126391 0.046665 0.006032 0.012254 0.000119 0.002553 0.424767 0.359439 0.019945
0.004786 0.160767 0.039872 0.014170 0.046007 0.000010 0.006503 0.372457 0.330316 0.025112
0.001082 0.173781 0.039721 0.019320 0.055245 0.006837 0.000010 0.387926 0.316070 0.000010
0.000010 0.000010 0.000010 0.000010 0.000010 0.000010 0.000010 0.000010 0.000010 0.999910
0.000010 0.000010 0.000010 0.000010 0.000010 0.000010 0.000010 0.000010 0.000010 0.999910
0.000010 0.000010 0.000010 0.000010 0.000010 0.000010 0.000010 0.000010 0.555161 0.444759
0.011165 0.178446 0.000010 0.004100 0.005901 0.002711 0.000010 0.290666 0.488114 0.018877
0.000010 0.000010 0.000010 0.000010 0.000010 0.000010 0.000010 0.000010 0.000010 0.999910
0.000010 0.000010 0.000010 0.000010 0.000010 0.000010 0.000010 0.000010 0.000010 0.999910
0.000010 0.000010 0.000010 0.000010 0.000010 0.000010 0.000010 0.000010 0.506530 0.493390
0.001234 0.325652 0.000010 0.001204 0.000010 0.019631 0.007270 0.153854 0.467240 0.023897
0.000010 0.000010 0.000010 0.000010 0.000010 0.000010 0.000010 0.000010 0.000010 0.999910
0.000010 0.000010 0.000010 0.000014 0.000010 0.000010 0.000010 0.000010 0.526452 0.473464
0.000010 0.000010 0.000010 0.000010 0.000010 0.000010 0.000010 0.000010 0.533989 0.465931
0.014021 0.314609 0.000010 0.009067 0.005630 0.006336 0.010186 0.164270 0.452086 0.023784
0.000010 0.000010 0.000010 0.000010 0.000010 0.000010 0.000010 0.000010 0.551783 0.448137
0.000010 0.000010 0.000010 0.000010 0.000010 0.000010 0.000010 0.000010 0.514062 0.485858
0.000010 0.000010 0.000010 0.000010 0.000012 0.000010 0.000010 0.000010 0.000010 0.999908
0.000010 0.000010 0.000010 0.000010 0.000010 0.000010 0.000010 0.000010 0.567953 0.431967
0.000010 0.000010 0.000010 0.000010 0.000010 0.000010 0.000010 0.000010 0.000010 0.999910
0.000010 0.000010 0.000010 0.000010 0.000010 0.000010 0.000010 0.000010 0.522990 0.476930
0.000011 0.295824 0.000010 0.003947 0.000010 0.001570 0.000010 0.261101 0.406889 0.030629
0.000010 0.000010 0.000010 0.000010 0.000010 0.000010 0.000010 0.000010 0.000010 0.999910
0.000010 0.000010 0.000010 0.000010 0.000010 0.000010 0.000010 0.000010 0.560769 0.439151
0.000420 0.308481 0.000010 0.005527 0.017446 0.007159 0.000954 0.203310 0.401729 0.054965
0.000010 0.000010 0.000010 0.000010 0.000010 0.000010 0.000010 0.000010 0.000010 0.999910
0.000010 0.000010 0.000010 0.000010 0.000010 0.000010 0.000010 0.000010 0.538260 0.461660
0.000849 0.337401 0.000010 0.001372 0.000010 0.003492 0.001561 0.192966 0.429815 0.032524
0.008582 0.014341 0.026795 0.000010 0.003275 0.009441 0.004724 0.043700 0.777109 0.112024
0.006167 0.020856 0.023688 0.011845 0.006261 0.000010 0.006024 0.054173 0.785061 0.085915
0.004601 0.027368 0.033603 0.001877 0.000010 0.000010 0.010986 0.028038 0.807414 0.086093
0.000010 0.036900 0.021308 0.004099 0.032621 0.006441 0.011960 0.010254 0.765686 0.110721
0.000010 0.039485 0.032344 0.000010 0.015136 0.004547 0.013027 0.016350 0.762789 0.116302
0.009063 0.047495 0.043580 0.001148 0.013098 0.007318 0.000010 0.007354 0.759367 0.111566
0.000010 0.031812 0.029024 0.004696 0.000010 0.000141 0.000010 0.034761 0.813311 0.086225
0.006140 0.021186 0.010890 0.006984 0.038337 0.000010 0.000053 0.010374 0.785387 0.120640
0.009228 0.042163 0.081187 0.005473 0.025412 0.007176 0.009094 0.054382 0.685237 0.080648
0.008057 0.019894 0.032649 0.003256 0.011572 0.006149 0.000404 0.029931 0.773531 0.114557
0.000010 0.000010 0.149845 0.000013 0.000010 0.000010 0.000010 0.000010 0.850072 0.000010
0.000010 0.033503 0.109089 0.009891 0.033610 0.006433 0.000010 0.046614 0.663875 0.096965
0.000010 0.065031 0.040962 0.001890 0.011222 0.008801 0.005104 0.117472 0.654672 0.094835
0.000013 0.042690 0.100967 0.000010 0.033107 0.005572 0.004867 0.067512 0.662144 0.083119
0.000010 0.066994 0.066636 0.002024 0.014287 0.010238 0.006607 0.057812 0.698170 0.077221
0.000010 0.000010 0.154296 0.000010 0.000010 0.000010 0.000010 0.000010 0.845624 0.000010
0.000010 0.000010 0.155499 0.000010 0.000010 0.000010 0.000010 0.000010 0.844421 0.000010
0.010116 0.050658 0.073756 0.000010 0.022736 0.015210 0.000010 0.069187 0.661552 0.096765
0.009930 0.806982 0.000010 0.001291 0.000010 0.000010 0.000010 0.050094 0.131653 0.000010
0.006103 0.944303 0.003705 0.000010 0.000010 0.000010 0.000010 0.019840 0.020123 0.005887
0.000010 0.999910 0.000010 0.000010 0.000010 0.000010 0.000010 0.000010 0.000010 0.000010
0.000010 0.984331 0.000010 0.000010 0.002838 0.000010 0.000572 0.003404 0.000010 0.008805
0.000010 0.992367 0.000010 0.000010 0.000010 0.000010 0.000010 0.000010 0.000010 0.007553
0.000010 0.957766 0.022771 0.000010 0.000010 0.000013 0.005431 0.013969 0.000010 0.000010
0.000010 0.987604 0.000012 0.000010 0.011646 0.000010 0.000678 0.000010 0.000010 0.000010
0.005449 0.954957 0.000010 0.000031 0.000010 0.008770 0.000010 0.000010 0.030743 0.000010
0.000010 0.999910 0.000010 0.000010 0.000010 0.000010 0.000010 0.000010 0.000010 0.000010
0.000010 0.999910 0.000010 0.000010 0.000010 0.000010 0.000010 0.000010 0.000010 0.000010
0.000010 0.999910 0.000010 0.000010 0.000010 0.000010 0.000010 0.000010 0.000010 0.000010
0.000010 0.186533 0.036240 0.000010 0.014209 0.009794 0.012919 0.367355 0.348628 0.024302
0.005731 0.190800 0.012104 0.009057 0.024634 0.012497 0.014341 0.332078 0.364376 0.034382
0.000010 0.117169 0.040460 0.000010 0.003734 0.003246 0.006208 0.454114 0.347668 0.027381
0.000010 0.156401 0.034591 0.008354 0.000010 0.000010 0.000010 0.379591 0.390450 0.030573
0.000010 0.125827 0.039111 0.008695 0.025066 0.009821 0.011590 0.501285 0.277411 0.001185
0.014132 0.013962 0.059874 0.004380 0.354077 0.021691 0.017037 0.480085 0.021816 0.012945
0.023328 0.065213 0.076112 0.003975 0.079731 0.021707 0.027265 0.630439 0.072220 0.000010
0.011141 0.000010 0.045959 0.013190 0.523031 0.004910 0.019660 0.348201 0.012933 0.020966
0.016954 0.036999 0.078101 0.000010 0.271341 0.022898 0.017831 0.521261 0.034597 0.000010
0.017070 0.047332 0.034042 0.008478 0.045641 0.010868 0.009752 0.763857 0.049422 0.013538
0.001181 0.036506 0.034297 0.004468 0.034702 0.000010 0.006641 0.820476 0.060412 0.001309
0.005372 0.058625 0.035234 0.001557 0.035081 0.014341 0.012752 0.770905 0.066123 0.000010
0.004629 0.054965 0.029969 0.007635 0.043525 0.016327 0.004380 0.771032 0.047276 0.020262
0.019107 0.034069 0.031220 0.013386 0.042299 0.012473 0.000010 0.776392 0.071033 0.000010
0.005557 0.029925 0.043558 0.004375 0.058564 0.006084 0.025251 0.776700 0.042345 0.007642
0.009260 0.059223 0.043192 0.002926 0.073154 0.011138 0.009681 0.732273 0.059142 0.000010
0.009964 0.034750 0.028166 0.000010 0.034427 0.000010 0.003488 0.825133 0.064041 0.000010
0.006857 0.046646 0.052393 0.000010 0.027112 0.000010 0.006855 0.780025 0.058520 0.021571
0.018801 0.020874 0.046676 0.010765 0.088003 0.010516 0.012106 0.729733 0.062516 0.000010
0.007332 0.069276 0.020411 0.010712 0.028693 0.004325 0.013176 0.718745 0.126312 0.001019
0.017629 0.127010 0.049800 0.000010 0.025710 0.000226 0.010758 0.559043 0.194438 0.015376
0.001243 0.054882 0.055480 0.001506 0.049918 0.004462 0.000010 0.767216 0.065272 0.000010
0.013871 0.081130 0.059221 0.011207 0.054694 0.006869 0.010392 0.634029 0.128579 0.000010
0.012988 0.180018 0.015373 0.002908 0.006116 0.007722 0.000010 0.361777 0.413078 0.000010
0.014910 0.065689 0.047534 0.001097 0.043908 0.001111 0.000010 0.735652 0.090077 0.000010
0.008564 0.106928 0.074912 0.000010 0.036007 0.000010 0.016706 0.651780 0.102015 0.003068
0.010017 0.087647 0.071420 0.007014 0.034097 0.016969 0.011056 0.557265 0.189380 0.015135
0.023044 0.008815 0.119965 0.011991 0.075882 0.022501 0.024296 0.694608 0.016712 0.002188
0.026787 0.152274 0.063559 0.007734 0.030402 0.013817 0.000210 0.622129 0.083078 0.000010
0.021256 0.028330 0.095242 0.000010 0.082562 0.029566 0.022595 0.666875 0.035696 0.017868
0.011147 0.160882 0.031540 0.013157 0.045986 0.011010 0.008790 0.583704 0.133774 0.000010
0.014777 0.036112 0.104774 0.009815 0.112959 0.014116 0.012129 0.640919 0.046774 0.007624
0.013220 0.160906 0.049430 0.000754 0.040154 0.000010 0.015367 0.614118 0.091541 0.014499
0.018348 0.048375 0.106766 0.016035 0.069720 0.032803 0.024246 0.639850 0.021379 0.022479
0.003534 0.001296 0.000010 0.000010 0.028146 0.000010 0.008688 0.783482 0.171469 0.003353
0.017147 0.042906 0.123626 0.010983 0.074133 0.021512 0.008587 0.648797 0.049524 0.002785
0.000010 0.032315 0.024041 0.000010 0.000012 0.000010 0.003215 0.755152 0.185223 0.000010
0.021563 0.040705 0.060861 0.002291 0.060547 0.020492 0.017406 0.721457 0.047745 0.006933
0.000010 0.000010 0.008547 0.000010 0.000010 0.000010 0.013837 0.768177 0.203418 0.005971
0.019499 0.182582 0.015018 0.000010 0.051811 0.006110 0.017752 0.537323 0.145656 0.024241
0.031918 0.011117 0.120392 0.003570 0.080593 0.025213 0.042483 0.661437 0.021418 0.001859
0.000010 0.043809 0.049350 0.016040 0.027505 0.019063 0.000010 0.558545 0.271650 0.014018
0.007928 0.140183 0.042196 0.009084 0.019125 0.020937 0.008106 0.627332 0.116959 0.008150
0.029670 0.005567 0.110822 0.007568 0.088143 0.029369 0.022959 0.667189 0.029967 0.008745
0.009322 0.136472 0.050972 0.010019 0.027629 0.015230 0.016658 0.621444 0.105178 0.007076
0.007249 0.040742 0.052597 0.000010 0.047133 0.005583 0.014558 0.788388 0.036014 0.007727
0.004797 0.163019 0.028214 0.015614 0.042114 0.000876 0.008173 0.351559 0.385625 0.000010
0.007119 0.078870 0.044116 0.010201 0.030893 0.000010 0.022737 0.728596 0.072277 0.005181
0.014905 0.055814 0.007416 0.000608 0.015526 0.000010 0.008329 0.613090 0.250484 0.033817
0.008361 0.061561 0.041273 0.006158 0.044127 0.002027 0.000010 0.758186 0.059485 0.018811
0.003782 0.041260 0.000010 0.001791 0.000010 0.000010 0.003150 0.646477 0.257834 0.045676
0.030329 0.015207 0.090388 0.011401 0.106992 0.025838 0.031484 0.667567 0.020783 0.000010
0.000010 0.029330 0.004069 0.000519 0.020424 0.000010 0.017843 0.823207 0.097391 0.007198
0.011786 0.058798 0.050957 0.003128 0.052663 0.010791 0.000667 0.701406 0.109795 0.000010
0.000010 0.008571 0.027096 0.000010 0.021982 0.001086 0.014904 0.824767 0.101564 0.000010
0.026125 0.031156 0.109294 0.016543 0.080975 0.026729 0.025080 0.643518 0.017442 0.023139
0.000010 0.016538 0.000010 0.006936 0.009582 0.008663 0.000010 0.842924 0.115317 0.000010
0.000010 0.028891 0.015653 0.000010 0.001185 0.005835 0.000010 0.848038 0.096413 0.003955
0.017175 0.037810 0.072409 0.009222 0.047314 0.017377 0.022673 0.746828 0.024679 0.004515
0.000511 0.143146 0.002449 0.002278 0.000010 0.011478 0.007265 0.384083 0.391167 0.057613
0.003280 0.064541 0.033385 0.008323 0.022149 0.000010 0.000010 0.679405 0.182625 0.006272
0.007060 0.041003 0.043659 0.007572 0.070291 0.013276 0.001709 0.752348 0.063072 0.000010
0.000010 0.103069 0.000010 0.017604 0.000010 0.003501 0.000010 0.217668 0.605415 0.052703
0.013940 0.027923 0.008605 0.001417 0.028662 0.014891 0.015429 0.770050 0.095857 0.023226
0.025767 0.000010 0.110260 0.008129 0.070261 0.018302 0.020657 0.696285 0.039802 0.010525
0.013444 0.009022 0.000010 0.005149 0.002465 0.002767 0.000010 0.851358 0.115764 0.000010
0.001375 0.063481 0.011356 0.006756 0.005691 0.008628 0.005813 0.838509 0.058380 0.000010
0.041633 0.034418 0.132387 0.022231 0.091483 0.026053 0.028711 0.583548 0.028777 0.010759
0.000010 0.075808 0.000010 0.000345 0.015639 0.010131 0.000010 0.727792 0.170245 0.000010
0.002584 0.046458 0.002757 0.005229 0.033509 0.000358 0.013950 0.813861 0.081286 0.000010
0.017892 0.000010 0.100495 0.011174 0.122586 0.024270 0.014265 0.678071 0.016922 0.014315
0.005058 0.045843 0.016973 0.008024 0.000010 0.011675 0.003858 0.765571 0.119140 0.023847
0.014916 0.036076 0.042817 0.000010 0.027305 0.000010 0.010780 0.849841 0.018234 0.000010
0.017526 0.058852 0.103693 0.015254 0.090698 0.013479 0.017548 0.612133 0.061477 0.009339
0.006501 0.136728 0.000010 0.000010 0.000068 0.002323 0.001586 0.280703 0.523704 0.048368
0.000100 0.050568 0.002143 0.000010 0.029353 0.000010 0.014876 0.658084 0.237770 0.007087
0.018941 0.011736 0.108803 0.024938 0.101599 0.013358 0.022047 0.659660 0.018915 0.020003
0.003347 0.075840 0.019163 0.007191 0.017119 0.017089 0.016058 0.770499 0.072491 0.001204
0.007676 0.075578 0.000010 0.000010 0.000010 0.000010 0.002807 0.245868 0.589891 0.078140
0.037533 0.000010 0.112483 0.000010 0.083037 0.028267 0.029147 0.689693 0.000010 0.019809
0.003534 0.050282 0.029213 0.008688 0.009508 0.003484 0.003932 0.817465 0.073885 0.000010
0.000010 0.111820 0.000010 0.000010 0.017497 0.009006 0.000743 0.342477 0.450635 0.067792
0.017436 0.082633 0.069551 0.013548 0.071345 0.014580 0.010855 0.634340 0.073868 0.011844
0.000010 0.078895 0.000010 0.012328 0.024880 0.000010 0.008649 0.423984 0.408232 0.043004
0.012704 0.027457 0.019705 0.002353 0.030594 0.000010 0.000010 0.823899 0.083257 0.000010
0.017777 0.031287 0.124307 0.006992 0.076802 0.027554 0.019830 0.627855 0.067586 0.000010
0.014810 0.174581 0.055388 0.011845 0.030805 0.000010 0.002705 0.554521 0.136621 0.018714
0.007732 0.076300 0.000010 0.015726 0.018603 0.000010 0.007713 0.507998 0.324757 0.041152
0.018204 0.000019 0.095445 0.013628 0.098306 0.042177 0.031587 0.674270 0.000010 0.026353
0.007231 0.144435 0.050232 0.008726 0.030100 0.000010 0.002795 0.628465 0.127996 0.000010
0.005682 0.074951 0.000010 0.009516 0.013399 0.002173 0.002901 0.363536 0.484730 0.043100
0.027606 0.007084 0.114545 0.019666 0.085224 0.023758 0.023563 0.676558 0.015042 0.006953
0.018624 0.109923 0.046970 0.000010 0.030825 0.002804 0.004061 0.669512 0.095104 0.022168
0.004157 0.079302 0.020453 0.010445 0.047159 0.019036 0.004478 0.743592 0.057466 0.013913
0.025368 0.038676 0.135301 0.005810 0.115814 0.019164 0.022754 0.613171 0.023932 0.000010
0.004999 0.088344 0.074826 0.007025 0.037139 0.006126 0.017308 0.610126 0.141407 0.012700
0.000010 0.040104 0.017516 0.000010 0.000010 0.000010 0.000340 0.783816 0.158173 0.000010
0.029019 0.008552 0.143978 0.000634 0.114399 0.026971 0.028389 0.648039 0.000010 0.000010
0.000729 0.125816 0.044802 0.008291 0.018929 0.006767 0.001488 0.593042 0.198662 0.001474
0.006331 0.098503 0.010253 0.007557 0.000010 0.007628 0.011453 0.341732 0.461026 0.055506
0.031558 0.040963 0.080301 0.013291 0.079119 0.030681 0.034069 0.653420 0.016272 0.020325
0.000010 0.154221 0.011046 0.005846 0.013778 0.007625 0.012449 0.464530 0.318996 0.011498
0.008564 0.087287 0.018460 0.004349 0.009720 0.003570 0.018769 0.793791 0.048154 0.007336
0.021530 0.035377 0.117639 0.007358 0.088844 0.025630 0.018407 0.627721 0.040830 0.016665
0.008605 0.115218 0.035148 0.009963 0.039303 0.000225 0.024244 0.625034 0.125443 0.016817
