0.014902 0.004410 0.031630 0.168929 0.154975 0.000010 0.017937 0.510716 0.096492
0.000010 0.000010 0.044700 0.192244 0.105188 0.000010 0.045716 0.505857 0.106266
0.000010 0.000010 0.000013 0.000010 0.999917 0.000010 0.000010 0.000010 0.000010
0.000010 0.000010 0.000010 0.000010 0.999920 0.000010 0.000010 0.000010 0.000010
0.060877 0.000010 0.000010 0.127718 0.431713 0.000010 0.055511 0.195387 0.128765
0.000010 0.000010 0.000010 0.000010 0.999920 0.000010 0.000010 0.000010 0.000010
0.000010 0.000010 0.000010 0.000010 0.999920 0.000010 0.000010 0.000010 0.000010
0.000010 0.000010 0.000010 0.000010 0.999920 0.000010 0.000010 0.000010 0.000010
0.042138 0.000010 0.000010 0.114426 0.406097 0.000010 0.040902 0.289175 0.107233
0.000010 0.000010 0.000010 0.000010 0.000010 0.000010 0.000010 0.000010 0.999920
0.000010 0.000010 0.000010 0.000010 0.000010 0.000010 0.000010 0.000010 0.999920
0.000010 0.000010 0.000010 0.999920 0.000010 0.000010 0.000010 0.000010 0.000010
0.000010 0.000010 0.000010 0.000010 0.000010 0.000010 0.000010 0.000010 0.999920
0.015139 0.000010 0.000010 0.244085 0.200019 0.000010 0.076106 0.287498 0.177124
0.000010 0.000010 0.000010 0.000010 0.000010 0.000010 0.999920 0.000010 0.000010
0.033228 0.000010 0.000010 0.270263 0.205913 0.000010 0.063267 0.273841 0.153458
0.049451 0.000010 0.000010 0.162346 0.205458 0.000010 0.159613 0.292421 0.130681
0.000010 0.000010 0.000010 0.000010 0.000010 0.000010 0.999920 0.000010 0.000010
0.000010 0.000010 0.000010 0.000010 0.000010 0.000010 0.999920 0.000010 0.000010
0.000010 0.000010 0.000010 0.000010 0.000010 0.000010 0.000010 0.000010 0.999920
0.000010 0.000010 0.000010 0.999920 0.000010 0.000010 0.000010 0.000010 0.000010
0.000010 0.000010 0.000010 0.999920 0.000010 0.000010 0.000010 0.000010 0.000010
0.000010 0.000010 0.000010 0.999920 0.000010 0.000010 0.000010 0.000010 0.000010
0.000010 0.000010 0.000010 0.000010 0.000010 0.000010 0.000010 0.000010 0.999920
0.000010 0.000010 0.000010 0.190632 0.193624 0.000010 0.050173 0.303549 0.261983
0.000010 0.000010 0.000010 0.999920 0.000010 0.000010 0.000010 0.000010 0.000010
0.000010 0.000010 0.000010 0.000010 0.000010 0.000010 0.000010 0.000010 0.999920
0.000010 0.000010 0.000010 0.000010 0.000010 0.000010 0.000010 0.000010 0.999920
0.000010 0.000010 0.000010 0.000010 0.000010 0.000010 0.000010 0.000010 0.999920
0.194280 0.114278 0.000010 0.133942 0.000010 0.094119 0.029618 0.232541 0.201203
0.033486 0.000010 0.016763 0.067380 0.081090 0.000010 0.020712 0.623576 0.156973
0.000010 0.000010 0.000010 0.999920 0.000010 0.000010 0.000010 0.000010 0.000010
0.000010 0.158167 0.031066 0.090192 0.032129 0.190332 0.000010 0.498085 0.000010
0.000010 0.330684 0.000010 0.000010 0.000010 0.000010 0.093743 0.562269 0.013255
0.000010 0.300300 0.000010 0.038341 0.014733 0.195191 0.057005 0.394402 0.000010
0.000010 0.346133 0.096794 0.048717 0.000010 0.208276 0.013188 0.286862 0.000010
0.000010 0.000010 0.000010 0.000010 0.000010 0.000010 0.999920 0.000010 0.000010
0.000010 0.762033 0.000010 0.000010 0.000010 0.000010 0.000010 0.237897 0.000010
0.105455 0.146665 0.220877 0.050136 0.000010 0.476827 0.000010 0.000010 0.000010
0.037558 0.526246 0.000010 0.103472 0.022376 0.034644 0.000010 0.275674 0.000010
0.000010 0.000010 0.000010 0.000010 0.000010 0.000010 0.999920 0.000010 0.000010
0.000010 0.000010 0.049655 0.000010 0.000010 0.291951 0.000010 0.658334 0.000010
0.000010 0.299324 0.000010 0.027638 0.008232 0.197989 0.052910 0.413876 0.000010
0.000010 0.000010 0.000010 0.000010 0.000010 0.457315 0.120961 0.421664 0.000010
0.000010 0.000010 0.000010 0.000010 0.000010 0.000010 0.999920 0.000010 0.000010
0.000010 0.396700 0.000010 0.000010 0.000010 0.042278 0.077548 0.464033 0.019402
0.000010 0.385379 0.000010 0.000010 0.000713 0.231869 0.074942 0.307057 0.000010
0.000010 0.082569 0.006992 0.047578 0.000010 0.218122 0.023943 0.620766 0.000010
0.079595 0.311340 0.000010 0.030697 0.000010 0.332493 0.013135 0.161205 0.071516
0.000010 0.392012 0.000010 0.000010 0.000010 0.180645 0.074971 0.349406 0.002927
0.000010 0.093974 0.000010 0.058674 0.040227 0.551743 0.002914 0.238802 0.013646
0.046899 0.309780 0.000010 0.000010 0.016521 0.188600 0.052599 0.382868 0.002714
0.000010 0.394587 0.000010 0.000010 0.000010 0.165188 0.000010 0.434081 0.006093
0.000010 0.437656 0.000010 0.000010 0.000010 0.139603 0.039257 0.383434 0.000010
0.000010 0.372278 0.000010 0.000010 0.000010 0.103118 0.009322 0.515233 0.000010
0.000010 0.474323 0.000010 0.078176 0.000010 0.200256 0.000010 0.247195 0.000010
0.000010 0.377278 0.000010 0.031305 0.007506 0.141822 0.007488 0.434571 0.000010
0.000010 0.372119 0.000010 0.000010 0.000010 0.193492 0.000010 0.434328 0.000010
0.000010 0.382684 0.000010 0.016393 0.000010 0.199992 0.000010 0.400882 0.000010
0.000010 0.473256 0.000010 0.000010 0.000010 0.134359 0.008467 0.383868 0.000010
0.026350 0.257945 0.002168 0.025796 0.026037 0.063608 0.006554 0.577891 0.013651
0.014963 0.250855 0.002445 0.014858 0.032833 0.083538 0.011840 0.568336 0.020330
0.030747 0.286728 0.000010 0.020985 0.030915 0.066815 0.005621 0.556560 0.001619
0.025201 0.248233 0.000010 0.028003 0.035374 0.060990 0.001795 0.591330 0.009064
0.010807 0.286673 0.000010 0.017875 0.019903 0.066545 0.006680 0.589589 0.001918
0.020956 0.274178 0.000010 0.022779 0.010203 0.073842 0.004941 0.583383 0.009706
0.025742 0.255202 0.000010 0.012661 0.015329 0.059387 0.011348 0.620310 0.000010
0.016120 0.278188 0.000010 0.012378 0.023976 0.078344 0.014377 0.559229 0.017377
0.000010 0.275675 0.003470 0.021433 0.018059 0.020094 0.008471 0.649365 0.003423
0.060823 0.204039 0.040509 0.041120 0.068669 0.071925 0.018569 0.451497 0.042848
0.044362 0.218095 0.000010 0.027780 0.047127 0.110689 0.012187 0.510527 0.029222
0.000010 0.277813 0.000010 0.007933 0.021580 0.046260 0.013081 0.625229 0.008083
0.564019 0.000010 0.000010 0.010058 0.041606 0.000010 0.004385 0.364650 0.015252
0.004082 0.266437 0.000010 0.007728 0.020598 0.083373 0.007682 0.603157 0.006933
0.016547 0.303117 0.006598 0.015872 0.014125 0.064214 0.018381 0.561135 0.000010
0.000010 0.000010 0.000011 0.000011 0.000011 0.997322 0.002605 0.000010 0.000010
0.000011 0.000010 0.000010 0.000010 0.000010 0.999919 0.000010 0.000010 0.000010
0.000010 0.000010 0.000010 0.000010 0.000010 0.999920 0.000010 0.000010 0.000010
0.000010 0.000010 0.000010 0.000010 0.000010 0.999920 0.000010 0.000010 0.000010
0.009048 0.059029 0.000311 0.000019 0.000011 0.892498 0.003389 0.035685 0.000010
0.000010 0.000010 0.000010 0.000010 0.000010 0.999920 0.000010 0.000010 0.000010
0.000010 0.000010 0.001192 0.000010 0.000010 0.995855 0.002894 0.000010 0.000010
0.000010 0.000010 0.000010 0.000010 0.000011 0.999919 0.000010 0.000010 0.000010
0.000010 0.000010 0.000010 0.000010 0.000010 0.999920 0.000010 0.000010 0.000010
0.000010 0.033183 0.013195 0.006723 0.000010 0.943781 0.000010 0.003079 0.000010
0.000010 0.000011 0.000010 0.000010 0.000010 0.999919 0.000010 0.000010 0.000010
0.011712 0.073689 0.012525 0.000019 0.002658 0.898051 0.001326 0.000010 0.000010
0.000010 0.073560 0.000010 0.000010 0.000010 0.807376 0.002032 0.116983 0.000010
0.000010 0.000010 0.000010 0.000010 0.000010 0.999920 0.000010 0.000010 0.000010
0.023859 0.742226 0.109570 0.006380 0.040973 0.013896 0.000010 0.063076 0.000010
0.013336 0.728036 0.124412 0.009310 0.039357 0.032957 0.000010 0.047321 0.005262
0.019202 0.735259 0.108287 0.017585 0.035387 0.005151 0.001047 0.061456 0.016625
0.016260 0.712801 0.095821 0.014352 0.029387 0.065823 0.005096 0.052992 0.007468
0.020146 0.794932 0.087116 0.003212 0.051847 0.000010 0.010825 0.020147 0.011766
0.026869 0.688314 0.105577 0.011439 0.029986 0.044434 0.002429 0.088052 0.002901
0.038214 0.745330 0.107339 0.012200 0.041033 0.025066 0.004263 0.017287 0.009269
0.032278 0.748924 0.112724 0.025317 0.038711 0.000010 0.012795 0.019961 0.009280
0.000010 0.473836 0.027386 0.002341 0.000010 0.389806 0.009600 0.097002 0.000010
0.000010 0.467977 0.018098 0.000693 0.001400 0.365599 0.004268 0.141492 0.000463
0.007111 0.448290 0.025346 0.006691 0.000010 0.402276 0.012150 0.098116 0.000010
0.000010 0.460919 0.029263 0.006895 0.005137 0.386366 0.000010 0.111390 0.000010
0.014355 0.500655 0.027137 0.001853 0.000010 0.371497 0.000010 0.084473 0.000010
0.000010 0.463201 0.034443 0.000010 0.000010 0.352819 0.006642 0.142855 0.000010
0.018944 0.458727 0.013326 0.006870 0.000575 0.398923 0.007832 0.092671 0.002132
0.000010 0.456464 0.029558 0.000214 0.005442 0.397491 0.002251 0.091460 0.017111
0.011749 0.494833 0.001998 0.005051 0.000010 0.377791 0.000010 0.108548 0.000010
0.000010 0.442606 0.030443 0.000498 0.000010 0.412340 0.004485 0.109598 0.000010
0.003281 0.451338 0.042462 0.001614 0.006504 0.402656 0.004591 0.080877 0.006676
0.008178 0.446051 0.046102 0.000010 0.000010 0.366184 0.001466 0.127433 0.004567
0.000010 0.484453 0.008064 0.000010 0.000010 0.364034 0.000010 0.143399 0.000010
0.000010 0.448796 0.012300 0.003629 0.001419 0.400995 0.000219 0.129112 0.003520
0.005306 0.471540 0.022591 0.007904 0.000010 0.359713 0.004242 0.126869 0.001824
0.005780 0.435730 0.037974 0.011801 0.000010 0.397413 0.002106 0.093415 0.015771
0.025719 0.474396 0.029873 0.000010 0.001806 0.372736 0.000010 0.095440 0.000010
0.001905 0.484226 0.020549 0.002503 0.000010 0.375689 0.002457 0.112650 0.000010
0.000010 0.447394 0.030577 0.004364 0.000010 0.375171 0.003932 0.138531 0.000010
0.001401 0.468487 0.040646 0.000010 0.000010 0.402357 0.000010 0.087070 0.000010
0.000010 0.488486 0.001482 0.006059 0.000010 0.403315 0.003859 0.095783 0.000996
0.000010 0.482433 0.000010 0.000010 0.000010 0.399890 0.001641 0.115987 0.000010
0.000010 0.482971 0.026561 0.001306 0.000010 0.361392 0.002298 0.125443 0.000010
0.000010 0.468397 0.021079 0.000010 0.002337 0.406456 0.000010 0.101691 0.000010
0.008597 0.474447 0.021874 0.008594 0.004483 0.362721 0.014613 0.101144 0.003527
0.000010 0.485997 0.051197 0.000826 0.000010 0.330499 0.003982 0.126043 0.001436
0.000010 0.684539 0.123015 0.011091 0.000010 0.093298 0.000010 0.077636 0.010391
0.000010 0.554666 0.071247 0.000010 0.000010 0.148531 0.006130 0.219387 0.000010
0.000010 0.716433 0.124467 0.000010 0.000010 0.057940 0.003867 0.086125 0.011138
0.001703 0.473844 0.039953 0.011040 0.000010 0.160773 0.004983 0.305726 0.001968
0.012106 0.568252 0.042560 0.006557 0.000010 0.157527 0.004379 0.208599 0.000010
0.006879 0.662646 0.096301 0.001490 0.008004 0.079994 0.001756 0.137490 0.005440
0.018193 0.749115 0.129594 0.003571 0.003249 0.055486 0.000010 0.040561 0.000221
0.006081 0.591453 0.040973 0.002569 0.000010 0.119689 0.010048 0.229166 0.000010
0.000010 0.535688 0.044002 0.000010 0.000010 0.169120 0.010854 0.232087 0.008219
0.016669 0.646433 0.081085 0.000010 0.002114 0.084141 0.007912 0.154708 0.006928
0.003891 0.726793 0.119893 0.000010 0.010173 0.077065 0.002401 0.059765 0.000010
0.000010 0.641267 0.099648 0.008101 0.004062 0.130701 0.009944 0.106257 0.000010
0.000715 0.454688 0.018066 0.010955 0.000010 0.393446 0.006894 0.110960 0.004265
0.015819 0.482603 0.009240 0.000010 0.003687 0.384109 0.000010 0.102716 0.001805
0.000010 0.655237 0.095838 0.000136 0.000010 0.116848 0.003751 0.122917 0.005253
0.015292 0.735366 0.122883 0.013977 0.017654 0.084366 0.000776 0.001268 0.008417
0.030647 0.680267 0.094660 0.000010 0.000010 0.071837 0.001674 0.119980 0.000915
0.000010 0.498563 0.067646 0.006829 0.000010 0.182939 0.000010 0.243983 0.000010
0.000010 0.584762 0.039497 0.000010 0.002423 0.156480 0.007123 0.209684 0.000010
0.009900 0.719900 0.111053 0.000010 0.000010 0.060105 0.003817 0.091076 0.004129
0.017399 0.640506 0.073729 0.000010 0.000010 0.126514 0.006071 0.121204 0.014556
0.000010 0.747948 0.114887 0.001392 0.000845 0.066821 0.001149 0.066939 0.000010
0.023256 0.686826 0.118980 0.008950 0.000010 0.082881 0.000010 0.073692 0.005395
0.015006 0.724580 0.113906 0.000010 0.011941 0.066505 0.004089 0.053154 0.010810
0.000010 0.655685 0.064692 0.000010 0.000010 0.124760 0.000010 0.154812 0.000010
0.006340 0.451737 0.040471 0.007529 0.000010 0.368272 0.007211 0.112379 0.006051
0.000010 0.523305 0.042272 0.003961 0.003775 0.137181 0.000010 0.287444 0.002041
0.000010 0.626031 0.115466 0.000010 0.010513 0.113329 0.000125 0.131277 0.003239
0.007661 0.584355 0.094903 0.006277 0.006748 0.101546 0.008506 0.189995 0.000010
0.014234 0.692208 0.118448 0.000010 0.005640 0.084906 0.004872 0.079672 0.000010
0.001118 0.740758 0.126435 0.007139 0.000010 0.067106 0.000010 0.050220 0.007204
0.000010 0.553074 0.061833 0.000010 0.000010 0.159368 0.004923 0.220762 0.000010
0.000010 0.653525 0.088159 0.006521 0.000010 0.092735 0.000201 0.148819 0.010019
0.000010 0.654850 0.093810 0.010266 0.000010 0.087592 0.004042 0.146046 0.003374
0.000010 0.497964 0.041081 0.000010 0.000010 0.165915 0.006617 0.288383 0.000010
0.000010 0.528655 0.068742 0.000010 0.000010 0.150719 0.009631 0.240633 0.001590
0.002959 0.635325 0.089135 0.005535 0.005725 0.087621 0.002989 0.170701 0.000010
0.000998 0.556692 0.078766 0.010831 0.000010 0.087789 0.007947 0.256957 0.000010
0.000010 0.639720 0.077522 0.000010 0.000409 0.080814 0.008598 0.192907 0.000010
0.000010 0.601569 0.073553 0.021492 0.011658 0.108067 0.004670 0.178971 0.000010
0.004472 0.569365 0.055829 0.000520 0.001024 0.117493 0.000010 0.246647 0.004642
0.000010 0.554814 0.093997 0.005180 0.000010 0.134881 0.000010 0.199497 0.011600
0.000010 0.616112 0.086251 0.000019 0.000010 0.112265 0.004400 0.180923 0.000010
0.002568 0.604788 0.058328 0.000017 0.000010 0.080305 0.000010 0.253965 0.000010
0.014614 0.654602 0.065643 0.003461 0.000010 0.082536 0.000550 0.168010 0.010574
0.000010 0.548075 0.060567 0.000010 0.000010 0.114498 0.004574 0.272245 0.000010
0.000010 0.420059 0.021150 0.001644 0.017255 0.088572 0.004800 0.446499 0.000010
0.000010 0.383789 0.034975 0.009715 0.019201 0.032102 0.004146 0.516051 0.000010
0.000010 0.374423 0.030524 0.008942 0.022201 0.045122 0.000010 0.514087 0.004682
0.000010 0.150694 0.000010 0.009284 0.008769 0.033055 0.011233 0.786935 0.000010
0.034353 0.329346 0.030238 0.005677 0.000010 0.067679 0.010818 0.518346 0.003534
0.024770 0.386011 0.024669 0.000087 0.000253 0.034024 0.004962 0.515150 0.010075
0.012375 0.399696 0.030853 0.000010 0.007288 0.045522 0.000010 0.504236 0.000010
0.031889 0.378883 0.010990 0.000010 0.015158 0.018160 0.000010 0.532957 0.011942
0.000010 0.549812 0.069826 0.000010 0.000010 0.093044 0.011002 0.272946 0.003340
0.004712 0.366644 0.023440 0.011628 0.002840 0.057672 0.005025 0.519075 0.008964
0.000010 0.673383 0.074678 0.005416 0.004621 0.042132 0.011492 0.185984 0.002284
0.004125 0.641357 0.059320 0.004054 0.008334 0.070838 0.000010 0.205295 0.006666
0.018285 0.677996 0.063238 0.000010 0.004778 0.052247 0.008288 0.166858 0.008301
0.003177 0.659221 0.063762 0.006750 0.019557 0.049672 0.007629 0.190222 0.000010
0.007235 0.632845 0.092616 0.010818 0.006753 0.059724 0.003522 0.184209 0.002278
0.000010 0.651812 0.073657 0.006392 0.004973 0.053779 0.006861 0.196108 0.006409
0.000895 0.650083 0.062284 0.000010 0.000010 0.071577 0.000010 0.208068 0.007063
0.004181 0.642624 0.080372 0.004663 0.005872 0.075556 0.000010 0.186711 0.000010
0.015170 0.659739 0.068185 0.007058 0.000010 0.044091 0.000010 0.205727 0.000010
0.014166 0.660343 0.071062 0.008209 0.008179 0.069715 0.005898 0.151191 0.011237
0.000010 0.060516 0.000010 0.012739 0.000010 0.786809 0.000010 0.139886 0.000010
0.003392 0.274062 0.000010 0.000010 0.002820 0.487476 0.005450 0.222363 0.004417
0.011359 0.225627 0.010072 0.002675 0.008563 0.608551 0.011320 0.121823 0.000010
0.002652 0.122561 0.002017 0.006175 0.000010 0.750849 0.000010 0.109617 0.006107
0.017795 0.180217 0.003919 0.000010 0.000010 0.645479 0.004566 0.139750 0.008254
0.011588 0.208540 0.026501 0.004877 0.000010 0.539397 0.002906 0.206172 0.000010
0.004371 0.177959 0.016672 0.004297 0.004291 0.661526 0.000010 0.120704 0.010171
0.000010 0.056184 0.000010 0.000010 0.000010 0.870100 0.000010 0.065054 0.008613
0.000010 0.248870 0.036934 0.000010 0.019111 0.499949 0.004322 0.182110 0.008684
0.000010 0.254774 0.000010 0.002239 0.001596 0.549997 0.005542 0.185726 0.000106
0.001427 0.291192 0.012878 0.000010 0.005283 0.480156 0.006024 0.203020 0.000010
0.011309 0.288311 0.000010 0.003943 0.009726 0.458671 0.002352 0.225668 0.000010
0.025511 0.239639 0.019138 0.002787 0.004980 0.542119 0.009683 0.149495 0.006648
0.022211 0.274649 0.000010 0.003215 0.013221 0.525138 0.000010 0.161535 0.000010
0.000010 0.255553 0.008187 0.006184 0.002616 0.537996 0.005589 0.173904 0.009962
0.000010 0.276369 0.006753 0.000470 0.000010 0.543686 0.001269 0.164198 0.007235
0.000010 0.282419 0.000010 0.011406 0.000775 0.524972 0.009437 0.162980 0.007991
0.003117 0.283363 0.000010 0.005061 0.000010 0.524320 0.006564 0.175793 0.001762
0.004929 0.311625 0.023083 0.004530 0.017845 0.385806 0.000010 0.238892 0.013280
0.013367 0.405926 0.031801 0.000010 0.000010 0.308448 0.002992 0.233962 0.003483
0.014589 0.389463 0.011393 0.006761 0.021769 0.303933 0.000010 0.252072 0.000010
0.005992 0.377937 0.025075 0.000010 0.007015 0.346033 0.004182 0.233747 0.000010
0.034808 0.347492 0.042464 0.000010 0.000010 0.317083 0.006591 0.251532 0.000010
0.013303 0.392845 0.034707 0.000010 0.008407 0.289245 0.002316 0.257882 0.001286
0.000010 0.306207 0.014207 0.006796 0.000010 0.464081 0.004261 0.204418 0.000010
0.004489 0.159603 0.000016 0.000010 0.009321 0.718556 0.007251 0.100744 0.000010
0.000010 0.162401 0.000010 0.000010 0.000010 0.741827 0.000010 0.095712 0.000010
0.000010 0.338181 0.001619 0.008730 0.013024 0.438409 0.006245 0.187234 0.006547
0.000010 0.329354 0.008546 0.000010 0.002005 0.463679 0.008472 0.176164 0.011759
0.005490 0.148997 0.000010 0.000010 0.006136 0.767571 0.011445 0.051438 0.008903
0.008425 0.294125 0.011748 0.000010 0.002395 0.483874 0.000010 0.199402 0.000010
0.000010 0.219223 0.006522 0.000010 0.002083 0.629796 0.002395 0.134095 0.005866
0.000010 0.323233 0.016078 0.000010 0.000010 0.385118 0.004483 0.271047 0.000010
0.000010 0.326728 0.010074 0.009469 0.000010 0.436467 0.004273 0.206441 0.006528
0.000010 0.339389 0.026611 0.000010 0.000010 0.421270 0.007541 0.205149 0.000010
0.009138 0.337970 0.016406 0.007706 0.000010 0.376467 0.008095 0.232315 0.011892
0.014937 0.347893 0.032140 0.006240 0.000218 0.409723 0.005483 0.183356 0.000010
0.026531 0.342734 0.002274 0.002140 0.001581 0.392805 0.004817 0.227109 0.000010
0.002407 0.333624 0.027471 0.005081 0.002083 0.373029 0.008281 0.242932 0.005093
0.007151 0.492680 0.017277 0.000010 0.000010 0.180409 0.006051 0.296401 0.000010
0.000010 0.465599 0.054926 0.008943 0.010348 0.173509 0.004884 0.274659 0.007122
0.000010 0.488939 0.000816 0.000010 0.000010 0.174090 0.007216 0.328899 0.000010
0.007607 0.456271 0.025149 0.001466 0.001414 0.194651 0.005410 0.296605 0.011427
0.000010 0.492177 0.011349 0.000010 0.011323 0.174702 0.013634 0.296785 0.000010
0.004861 0.454689 0.028056 0.014407 0.002767 0.181713 0.003436 0.310060 0.000010
0.020803 0.490555 0.023600 0.000010 0.000010 0.189346 0.011302 0.263319 0.001055
0.000010 0.526943 0.044178 0.001159 0.006175 0.162380 0.005521 0.247212 0.006423
0.000010 0.437956 0.027542 0.000010 0.003902 0.209922 0.014159 0.306489 0.000010
0.035495 0.477392 0.026605 0.017497 0.002230 0.171784 0.004412 0.264576 0.000010
0.035656 0.790036 0.136571 0.000010 0.012205 0.008235 0.000010 0.004748 0.012529
0.007235 0.844957 0.120919 0.000010 0.005230 0.000010 0.005161 0.011000 0.005477
0.000010 0.843930 0.137603 0.007639 0.005699 0.000010 0.005089 0.000010 0.000010
0.005006 0.823139 0.154123 0.000010 0.017193 0.000010 0.000498 0.000010 0.000010
0.023399 0.802671 0.139217 0.000112 0.010249 0.005329 0.012324 0.001276 0.005423
0.003191 0.846792 0.134385 0.000010 0.008682 0.000010 0.006910 0.000010 0.000010
0.044247 0.774739 0.155399 0.006289 0.001910 0.008390 0.000010 0.000010 0.009005
0.003996 0.791905 0.136509 0.000010 0.009772 0.015080 0.012541 0.016796 0.013390
0.020633 0.833638 0.118195 0.000010 0.001923 0.007939 0.009725 0.000010 0.007927
0.006168 0.813513 0.145504 0.001815 0.020111 0.000010 0.009938 0.000010 0.002931
0.028521 0.718137 0.065789 0.001889 0.013903 0.005881 0.008093 0.144553 0.013234
0.048119 0.810383 0.047094 0.006831 0.014763 0.000010 0.004413 0.061349 0.007038
0.038141 0.715524 0.050464 0.018390 0.014940 0.000010 0.001620 0.148320 0.012591
0.015428 0.734625 0.066942 0.013640 0.021824 0.000010 0.007275 0.135291 0.004964
0.023023 0.769162 0.069231 0.014259 0.023816 0.000010 0.001947 0.084108 0.014445
0.039200 0.777214 0.062219 0.000010 0.023194 0.000010 0.009647 0.076080 0.012427
0.015267 0.704224 0.071973 0.003195 0.016523 0.011584 0.007436 0.161570 0.008228
0.000010 0.725112 0.051987 0.011764 0.009572 0.015529 0.002629 0.166386 0.017011
0.000010 0.762100 0.085806 0.014604 0.006559 0.048317 0.000010 0.076890 0.005703
0.000010 0.652291 0.081613 0.014145 0.000010 0.092016 0.011003 0.143317 0.005595
0.013224 0.693908 0.057017 0.003899 0.000010 0.121096 0.007788 0.091878 0.011181
0.017229 0.753366 0.057469 0.013361 0.000010 0.054801 0.004099 0.099655 0.000010
0.000010 0.718534 0.075333 0.000413 0.008210 0.044683 0.015207 0.128756 0.008855
0.000010 0.685814 0.091475 0.000010 0.012716 0.069719 0.003814 0.136187 0.000255
0.009088 0.726045 0.087396 0.000010 0.012791 0.084586 0.003696 0.076378 0.000010
0.000010 0.662928 0.090051 0.009800 0.006774 0.087982 0.009113 0.131186 0.002157
0.000010 0.698479 0.084529 0.006159 0.000010 0.061436 0.000010 0.127098 0.022269
0.000010 0.686401 0.084627 0.011082 0.006387 0.089146 0.000010 0.112998 0.009341
0.010737 0.398220 0.031680 0.002753 0.000733 0.106989 0.015456 0.433421 0.000010
0.016074 0.403164 0.029877 0.000010 0.010223 0.067607 0.008531 0.451029 0.013484
0.004586 0.409553 0.006333 0.005204 0.006281 0.056762 0.008339 0.497457 0.005485
0.007976 0.345503 0.018843 0.014099 0.012208 0.073762 0.003365 0.511612 0.012633
0.039342 0.346011 0.033500 0.003920 0.011433 0.064921 0.004148 0.489457 0.007269
0.016815 0.399526 0.000010 0.000010 0.007720 0.040733 0.005152 0.521396 0.008636
0.020827 0.361818 0.000010 0.000010 0.000226 0.078320 0.007695 0.523787 0.007306
0.000010 0.341853 0.012445 0.013268 0.007103 0.073604 0.001753 0.529829 0.020135
0.019708 0.344425 0.017185 0.004884 0.002241 0.064580 0.009600 0.536287 0.001091
0.022663 0.334193 0.026528 0.005184 0.014593 0.182310 0.000010 0.405230 0.009289
0.040177 0.322991 0.027085 0.021844 0.018325 0.139815 0.010242 0.408987 0.010534
0.053587 0.288379 0.000010 0.004613 0.033329 0.148205 0.009803 0.462063 0.000010
0.040333 0.327251 0.020746 0.000010 0.015218 0.192307 0.013697 0.375802 0.014636
0.038419 0.371589 0.009672 0.016329 0.010199 0.189952 0.000010 0.363820 0.000010
0.019559 0.368154 0.017764 0.002220 0.008850 0.162033 0.006390 0.396155 0.018875
0.018904 0.334199 0.019964 0.009090 0.018400 0.213682 0.004201 0.374015 0.007545
0.012639 0.373984 0.022676 0.006036 0.010933 0.134576 0.000010 0.419138 0.020008
0.045439 0.344426 0.027292 0.016106 0.022448 0.168102 0.005650 0.366546 0.003991
0.055480 0.330149 0.000010 0.027946 0.000033 0.180838 0.007236 0.390625 0.007683
0.000010 0.000010 0.999920 0.000010 0.000010 0.000010 0.000010 0.000010 0.000010
0.000010 0.000010 0.999920 0.000010 0.000010 0.000010 0.000010 0.000010 0.000010
0.000010 0.545431 0.454499 0.000010 0.000010 0.000010 0.000010 0.000010 0.000010
0.005783 0.505771 0.021269 0.000010 0.000010 0.187328 0.004510 0.262633 0.012686
0.000010 0.000010 0.999920 0.000010 0.000010 0.000010 0.000010 0.000010 0.000010
0.000011 0.000010 0.999918 0.000010 0.000010 0.000010 0.000011 0.000010 0.000010
0.000010 0.496601 0.503329 0.000010 0.000010 0.000010 0.000010 0.000010 0.000010
0.000010 0.481457 0.027090 0.011760 0.006338 0.334194 0.008126 0.131015 0.000010
0.000017 0.000010 0.999913 0.000010 0.000010 0.000010 0.000010 0.000010 0.000010
0.000010 0.516666 0.483264 0.000010 0.000010 0.000010 0.000010 0.000010 0.000010
0.000010 0.523350 0.476580 0.000010 0.000010 0.000010 0.000010 0.000010 0.000010
0.010839 0.468600 0.025934 0.002051 0.009093 0.324312 0.008150 0.142024 0.008998
0.000010 0.541714 0.458216 0.000010 0.000010 0.000010 0.000010 0.000010 0.000010
0.000010 0.504476 0.495454 0.000010 0.000010 0.000010 0.000010 0.000010 0.000010
0.000010 0.000010 0.999920 0.000010 0.000010 0.000010 0.000010 0.000010 0.000010
0.000010 0.558161 0.441769 0.000010 0.000010 0.000010 0.000010 0.000010 0.000010
0.000010 0.000010 0.999920 0.000010 0.000010 0.000010 0.000010 0.000010 0.000010
0.000010 0.513023 0.486907 0.000010 0.000010 0.000010 0.000010 0.000010 0.000010
0.000010 0.421493 0.032668 0.006797 0.000010 0.303895 0.000573 0.234545 0.000010
0.000010 0.000010 0.999920 0.000010 0.000010 0.000010 0.000010 0.000010 0.000010
0.000010 0.551091 0.448839 0.000010 0.000010 0.000010 0.000010 0.000010 0.000010
0.015551 0.412704 0.057287 0.008844 0.000010 0.314323 0.004726 0.179851 0.006704
0.000016 0.000010 0.999914 0.000010 0.000010 0.000010 0.000010 0.000010 0.000010
0.000010 0.528545 0.471385 0.000010 0.000010 0.000010 0.000010 0.000010 0.000010
0.000010 0.445374 0.035014 0.000010 0.000010 0.348107 0.004025 0.167441 0.000010
0.005996 0.785278 0.120541 0.000010 0.017903 0.018219 0.006692 0.036560 0.008801
0.008731 0.795211 0.093919 0.012636 0.006952 0.025365 0.002529 0.045379 0.009278
0.000010 0.815569 0.095575 0.002338 0.024881 0.031450 0.000620 0.022033 0.007526
0.034698 0.772981 0.120076 0.004067 0.015870 0.040740 0.003656 0.006422 0.001490
0.016728 0.771931 0.124098 0.000010 0.031460 0.043634 0.005685 0.006443 0.000010
0.018062 0.765468 0.120208 0.005897 0.009447 0.050097 0.006356 0.007935 0.016530
0.001013 0.821332 0.094984 0.007512 0.007081 0.036038 0.000010 0.032021 0.000010
0.040518 0.793637 0.129017 0.000010 0.006878 0.024279 0.000010 0.000010 0.005641
0.029133 0.689093 0.089234 0.018628 0.040201 0.045536 0.007641 0.064488 0.016046
0.013552 0.779949 0.123192 0.005969 0.010152 0.023489 0.006746 0.023246 0.013706
0.023980 0.901706 0.000010 0.000766 0.064090 0.000010 0.000010 0.000010 0.009418
0.037976 0.667096 0.105760 0.024053 0.034156 0.038035 0.008591 0.065615 0.018719
0.012753 0.660882 0.103088 0.001461 0.016483 0.068491 0.006774 0.124076 0.005991
0.036877 0.663512 0.092148 0.016476 0.033779 0.046107 0.005122 0.091658 0.014321
0.017572 0.705062 0.084906 0.016115 0.025925 0.070245 0.009894 0.062286 0.007995
0.029358 0.896408 0.000010 0.003656 0.060758 0.000010 0.000010 0.000010 0.009781
0.036815 0.893671 0.000010 0.002745 0.060895 0.000010 0.000010 0.000010 0.005834
0.025955 0.666431 0.105208 0.008127 0.031718 0.052849 0.009231 0.077806 0.022676
0.000010 0.137188 0.000010 0.003153 0.000010 0.810598 0.000010 0.044163 0.004857
0.000010 0.021514 0.006404 0.000010 0.000010 0.946529 0.000010 0.020607 0.004905
0.000010 0.000010 0.000010 0.000010 0.000010 0.999920 0.000010 0.000010 0.000010
0.001964 0.000010 0.008403 0.000010 0.000010 0.987216 0.000010 0.002368 0.000010
0.000010 0.000010 0.007280 0.000010 0.000010 0.992650 0.000010 0.000010 0.000010
0.000010 0.000010 0.000010 0.003076 0.010004 0.961713 0.000010 0.025158 0.000010
0.004701 0.000010 0.000010 0.000010 0.010783 0.984456 0.000010 0.000010 0.000010
0.000010 0.033798 0.000010 0.004144 0.000010 0.958623 0.003382 0.000013 0.000010
0.000010 0.000011 0.000010 0.000010 0.000010 0.999919 0.000010 0.000010 0.000010
0.000010 0.000010 0.000010 0.000010 0.000011 0.999919 0.000010 0.000010 0.000010
0.000010 0.000010 0.000010 0.000010 0.000010 0.999920 0.000010 0.000010 0.000010
0.016281 0.364256 0.026705 0.007327 0.011331 0.194695 0.011355 0.368040 0.000010
0.024062 0.378216 0.036639 0.012554 0.019468 0.197271 0.010335 0.321444 0.000010
0.004944 0.364628 0.029611 0.006695 0.013361 0.126178 0.004789 0.447810 0.001985
0.000010 0.405615 0.032871 0.014195 0.007084 0.163849 0.000149 0.376217 0.000010
0.023967 0.295712 0.002043 0.010118 0.023700 0.134689 0.005163 0.492087 0.012521
0.352004 0.028517 0.013916 0.015868 0.031419 0.018407 0.015009 0.503780 0.021080
0.078544 0.086943 0.000010 0.022023 0.052790 0.074441 0.014805 0.638598 0.031847
0.521589 0.020802 0.021624 0.015889 0.037029 0.000010 0.006999 0.361468 0.014591
0.271002 0.045312 0.000010 0.002058 0.048568 0.043209 0.021209 0.541618 0.027014
0.042893 0.068095 0.012815 0.008369 0.020722 0.058535 0.009072 0.758066 0.021435
0.031664 0.082478 0.000010 0.000409 0.016942 0.047937 0.003306 0.814002 0.003252
0.032632 0.087109 0.000010 0.004826 0.026552 0.070133 0.013001 0.761815 0.003923
0.040235 0.067530 0.018472 0.007867 0.011814 0.066401 0.014283 0.762055 0.011344
0.039669 0.091439 0.000010 0.009482 0.023731 0.045391 0.010345 0.764011 0.015921
0.054970 0.063536 0.005995 0.007828 0.043535 0.042030 0.005751 0.769224 0.007131
0.071048 0.077052 0.000010 0.015048 0.021697 0.069665 0.009041 0.728888 0.007551
0.031595 0.086590 0.000010 0.000010 0.015026 0.046953 0.002829 0.807493 0.009495
0.025824 0.076362 0.021321 0.006365 0.012125 0.057619 0.003029 0.783990 0.013364
0.085317 0.081073 0.000010 0.008666 0.039827 0.032160 0.006215 0.726650 0.020081
0.025767 0.147643 0.000010 0.017543 0.010159 0.080443 0.004048 0.707371 0.007015
0.024786 0.210602 0.016152 0.000010 0.038229 0.135740 0.002952 0.554825 0.016704
0.047630 0.086696 0.000010 0.002682 0.023531 0.066606 0.007207 0.761508 0.004129
0.053252 0.146176 0.000010 0.014245 0.033664 0.091003 0.008494 0.633980 0.019176
0.005839 0.430075 0.000010 0.000010 0.009761 0.187894 0.012307 0.350205 0.003899
0.041921 0.108272 0.000010 0.002960 0.017743 0.077431 0.006308 0.734912 0.010443
0.035308 0.119503 0.003294 0.001079 0.041530 0.116510 0.000010 0.663865 0.018901
0.033138 0.207515 0.015499 0.020153 0.040700 0.096192 0.006176 0.553519 0.027108
0.073903 0.029995 0.003376 0.034231 0.079755 0.017015 0.008663 0.722325 0.030738
0.029092 0.098862 0.000010 0.022213 0.035734 0.160731 0.009663 0.625514 0.018181
0.080757 0.050289 0.018366 0.015850 0.061956 0.036985 0.019928 0.685429 0.030440
0.044654 0.152347 0.000010 0.016503 0.029754 0.169904 0.003353 0.577461 0.006015
0.111854 0.061467 0.007735 0.022082 0.056668 0.044634 0.002793 0.661439 0.031327
0.038096 0.107459 0.014426 0.000010 0.037492 0.170142 0.000010 0.616275 0.016090
0.068843 0.032883 0.023464 0.027114 0.071033 0.056553 0.021210 0.664709 0.034191
0.025521 0.195964 0.001574 0.000010 0.000010 0.015850 0.000944 0.755750 0.004377
0.073304 0.061805 0.003536 0.033698 0.049116 0.050647 0.012547 0.675638 0.039711
0.000010 0.206334 0.000010 0.000010 0.000010 0.042203 0.000010 0.742249 0.009164
0.058880 0.063621 0.007206 0.010080 0.043588 0.049646 0.009303 0.733773 0.023903
0.000010 0.228740 0.007585 0.000010 0.004572 0.000010 0.000356 0.758523 0.000194
0.050542 0.162844 0.023720 0.000010 0.025387 0.191324 0.002410 0.527222 0.016540
0.078405 0.034531 0.002361 0.032907 0.088357 0.018728 0.008495 0.688291 0.047925
0.028394 0.288066 0.015792 0.021394 0.008410 0.052869 0.016718 0.562001 0.006357
0.016731 0.133887 0.008134 0.021099 0.023063 0.149173 0.008062 0.626781 0.013069
0.086496 0.043451 0.009379 0.031714 0.065615 0.012918 0.016516 0.692609 0.041303
0.025754 0.120871 0.007217 0.025404 0.028117 0.145029 0.009595 0.626141 0.011873
0.043488 0.057045 0.006138 0.008716 0.030456 0.051939 0.004790 0.787234 0.010195
0.041909 0.399842 0.002287 0.016560 0.013481 0.170708 0.005386 0.344457 0.005370
0.027656 0.090355 0.005331 0.008710 0.031304 0.089254 0.005420 0.734395 0.007575
0.012004 0.271498 0.033581 0.005509 0.020976 0.066333 0.000010 0.590079 0.000010
0.041915 0.077999 0.017643 0.008555 0.015531 0.071494 0.000263 0.756469 0.010132
0.000010 0.277112 0.045600 0.000010 0.007698 0.051488 0.000010 0.618062 0.000010
0.104731 0.035569 0.000010 0.021762 0.076225 0.022277 0.018539 0.689041 0.031846
0.014714 0.120698 0.005343 0.000010 0.010012 0.040442 0.001865 0.806906 0.000010
0.049898 0.128394 0.000010 0.016139 0.031147 0.068913 0.002253 0.696638 0.006608
0.018020 0.122515 0.000010 0.000010 0.018250 0.019660 0.003637 0.817887 0.000010
0.079778 0.030156 0.023678 0.041817 0.064613 0.038250 0.016688 0.667910 0.037109
0.007603 0.138688 0.000010 0.001835 0.000010 0.030973 0.001457 0.819414 0.000010
0.000010 0.119160 0.002003 0.000010 0.002034 0.042020 0.005727 0.829027 0.000010
0.044697 0.042497 0.003428 0.018258 0.049925 0.047586 0.012531 0.755978 0.025101
0.000010 0.406630 0.059820 0.003448 0.001505 0.151856 0.004203 0.369494 0.003034
0.020571 0.201235 0.007036 0.009850 0.008183 0.074207 0.001259 0.677650 0.000010
0.067222 0.082729 0.000010 0.007964 0.026456 0.051289 0.005494 0.747870 0.010966
0.000010 0.622555 0.056856 0.008708 0.000010 0.112616 0.007361 0.191875 0.000010
0.024335 0.117614 0.021629 0.005906 0.010089 0.039170 0.008389 0.754797 0.018070
0.069040 0.055596 0.010038 0.020733 0.057093 0.006905 0.014800 0.714315 0.051481
0.000010 0.138589 0.000010 0.000010 0.000010 0.022464 0.007329 0.827889 0.003689
0.000654 0.080921 0.000010 0.005269 0.017413 0.076634 0.004831 0.814258 0.000010
0.090771 0.038445 0.012324 0.034107 0.083830 0.040452 0.020262 0.618195 0.061613
0.011288 0.190067 0.000010 0.000010 0.000010 0.087504 0.007936 0.702892 0.000282
0.029199 0.102369 0.000010 0.004124 0.007032 0.057835 0.000010 0.794633 0.004788
0.121007 0.032197 0.015930 0.032290 0.051919 0.000010 0.013741 0.702276 0.030630
0.000010 0.140301 0.022607 0.010690 0.010009 0.059098 0.003327 0.747982 0.005976
0.025300 0.039081 0.000010 0.001303 0.030241 0.048220 0.000010 0.843154 0.012681
0.089517 0.075220 0.010024 0.034873 0.056219 0.066942 0.005251 0.628309 0.033645
0.000676 0.539734 0.052328 0.000010 0.001005 0.145697 0.002611 0.257929 0.000010
0.024506 0.258206 0.007223 0.000010 0.019962 0.060180 0.000010 0.629893 0.000010
0.098922 0.031306 0.021256 0.046060 0.061090 0.019519 0.004054 0.681344 0.036448
0.014418 0.094978 0.000010 0.006718 0.016927 0.087639 0.009151 0.756888 0.013270
0.000010 0.605820 0.082372 0.000010 0.003666 0.083920 0.004172 0.220021 0.000010
0.082345 0.000010 0.026410 0.010675 0.087100 0.000010 0.015032 0.726886 0.051533
0.008214 0.097009 0.000010 0.004446 0.020654 0.062788 0.002167 0.801007 0.003705
0.016245 0.465721 0.070763 0.003265 0.000010 0.119716 0.003471 0.320800 0.000010
0.069597 0.087648 0.012573 0.031103 0.039985 0.090924 0.005543 0.646589 0.016039
0.023148 0.423676 0.045801 0.006919 0.000010 0.087662 0.002469 0.410306 0.000010
0.027964 0.102789 0.000010 0.000370 0.013056 0.041026 0.000010 0.810076 0.004699
0.075689 0.079245 0.001366 0.037335 0.061637 0.037345 0.016966 0.659509 0.030908
0.030748 0.151100 0.019285 0.019991 0.019714 0.182904 0.000010 0.557506 0.018742
0.016167 0.344970 0.041838 0.008722 0.000010 0.085535 0.000010 0.483189 0.019560
0.097730 0.000010 0.030730 0.037487 0.064775 0.006165 0.019885 0.705597 0.037621
0.028150 0.145567 0.000010 0.016257 0.022672 0.152937 0.000010 0.629010 0.005387
0.012769 0.499530 0.046884 0.000376 0.000010 0.085216 0.001531 0.345103 0.008579
0.083772 0.027334 0.008176 0.038401 0.067916 0.014904 0.014239 0.705917 0.039342
0.029562 0.112376 0.021197 0.000010 0.024548 0.121109 0.006628 0.661478 0.023093
0.043234 0.077245 0.012596 0.016305 0.010876 0.089377 0.012326 0.738031 0.000010
0.115193 0.036995 0.000010 0.027806 0.080376 0.045345 0.010254 0.645044 0.038976
0.035960 0.157491 0.013790 0.017032 0.034723 0.096634 0.003665 0.617720 0.022986
0.000010 0.179309 0.000010 0.000010 0.010304 0.053518 0.000010 0.756819 0.000010
0.114304 0.003821 0.000010 0.028499 0.075521 0.017604 0.013065 0.689920 0.057255
0.017082 0.216483 0.001778 0.015074 0.014849 0.134886 0.003441 0.587749 0.008658
0.000010 0.474539 0.059123 0.003357 0.005391 0.105452 0.010356 0.329714 0.012058
0.076095 0.029969 0.020265 0.034182 0.069924 0.048955 0.014428 0.669363 0.036819
0.012456 0.335190 0.013502 0.005406 0.009030 0.163151 0.006034 0.455221 0.000010
0.006803 0.069222 0.005781 0.001243 0.032159 0.098874 0.000082 0.784214 0.001623
0.087572 0.051834 0.018304 0.020550 0.066314 0.042536 0.016252 0.653692 0.042945
0.036912 0.144083 0.016389 0.009182 0.034379 0.125349 0.004884 0.619333 0.009488
0.004357 0.111629 0.000010 0.000010 0.000010 0.050927 0.000018 0.833029 0.000010
0.072892 0.047010 0.008238 0.034856 0.079443 0.022684 0.010211 0.678792 0.045874
0.012333 0.139793 0.006445 0.013626 0.041496 0.114815 0.000010 0.656360 0.015120
0.018629 0.352757 0.010221 0.000010 0.000010 0.081164 0.008051 0.529149 0.000010
0.100357 0.042209 0.020292 0.042400 0.082317 0.000010 0.019150 0.666060 0.027204
0.030230 0.147541 0.000010 0.015906 0.010922 0.094886 0.009230 0.678648 0.012626
0.014804 0.316104 0.032370 0.003960 0.000010 0.085409 0.005405 0.541929 0.000010
0.090746 0.032886 0.002136 0.031233 0.089169 0.026541 0.024604 0.656307 0.046379
0.014109 0.109055 0.003684 0.006895 0.015475 0.111671 0.004692 0.722666 0.011753
0.027716 0.113638 0.000010 0.000010 0.002832 0.040446 0.001438 0.804354 0.009556
0.064956 0.048998 0.023466 0.022569 0.051987 0.041607 0.008518 0.699148 0.038751
0.103355 0.071794 0.000010 0.014496 0.064857 0.025247 0.010249 0.678083 0.031909
0.011086 0.206043 0.010626 0.000656 0.000010 0.064270 0.005150 0.702148 0.000010
0.069001 0.012917 0.012702 0.029694 0.083103 0.000504 0.009707 0.730552 0.051820
0.006151 0.556653 0.072665 0.000010 0.000010 0.128901 0.004766 0.222248 0.008598
0.000010 0.571404 0.034187 0.000010 0.015758 0.105273 0.000010 0.267813 0.005536
0.025913 0.109092 0.001068 0.014645 0.024510 0.124111 0.006736 0.680953 0.012972
0.022417 0.072816 0.000010 0.001398 0.031492 0.066040 0.000010 0.803102 0.002715
0.005978 0.137829 0.015742 0.020753 0.011794 0.165558 0.011612 0.627748 0.002987
0.033174 0.181344 0.012894 0.010316 0.012423 0.113778 0.002095 0.625444 0.008532
0.033720 0.000010 0.000010 0.036423 0.147245 0.000010 0.017664 0.717238 0.047680
0.058351 0.040680 0.000010 0.043779 0.096798 0.017811 0.014315 0.665062 0.063193
0.050640 0.000010 0.012495 0.052728 0.110678 0.014537 0.021190 0.689259 0.048462
0.041700 0.000010 0.005298 0.046748 0.148933 0.032134 0.018138 0.663631 0.043407
0.072620 0.000010 0.024903 0.022505 0.110740 0.026926 0.015305 0.675066 0.051925
0.068686 0.036858 0.014903 0.035455 0.084826 0.034790 0.017350 0.678197 0.028935
0.070965 0.000010 0.009544 0.032720 0.113314 0.021433 0.010688 0.709634 0.031692
0.088687 0.000010 0.012186 0.034066 0.107653 0.000010 0.006946 0.690287 0.060156
0.093595 0.000010 0.016218 0.025452 0.110932 0.022274 0.014817 0.675521 0.041182
0.057887 0.000010 0.026792 0.045059 0.104746 0.000010 0.011191 0.708064 0.046241
0.089526 0.000010 0.017070 0.037408 0.103094 0.000010 0.015178 0.695153 0.042552
0.042683 0.000010 0.013987 0.041553 0.111393 0.000010 0.006545 0.737984 0.045835
0.059094 0.000010 0.040477 0.030083 0.102766 0.000010 0.013451 0.702809 0.051301
0.077280 0.032078 0.013838 0.023507 0.074747 0.023094 0.009784 0.715679 0.029994
0.093692 0.000010 0.009792 0.057366 0.104797 0.000010 0.012803 0.682836 0.038694
0.055878 0.000010 0.017432 0.037679 0.100990 0.000010 0.010161 0.723648 0.054192
0.082255 0.008533 0.027942 0.049698 0.089938 0.000010 0.015224 0.672229 0.054172
0.091458 0.000019 0.014282 0.035608 0.101472 0.000010 0.011647 0.692476 0.053028
0.045575 0.000010 0.011832 0.041804 0.099306 0.000010 0.011803 0.743865 0.045796
0.039304 0.000010 0.025407 0.052209 0.089072 0.000010 0.017203 0.732443 0.044343
0.069753 0.000010 0.017207 0.042523 0.106325 0.000010 0.008461 0.700369 0.055340
0.068920 0.020986 0.017991 0.041021 0.078067 0.043382 0.012623 0.688479 0.028531
0.049704 0.000019 0.026790 0.026385 0.095792 0.000010 0.011913 0.762005 0.027382
0.028668 0.000010 0.008067 0.032447 0.092056 0.000010 0.009144 0.798500 0.031098
0.061758 0.000010 0.023136 0.023664 0.092034 0.000010 0.003522 0.755365 0.040502
0.023167 0.000016 0.001069 0.024780 0.091272 0.000010 0.006840 0.818317 0.034528
0.061056 0.000010 0.020129 0.024303 0.096877 0.000010 0.017424 0.746145 0.034046
0.039443 0.000010 0.027157 0.032877 0.095081 0.002989 0.013604 0.766156 0.022684
0.027621 0.000010 0.013541 0.004311 0.074443 0.006784 0.019173 0.819777 0.034340
