0.282555 0.547538 0.066600 0.103307
0.262591 0.564082 0.071209 0.102118
0.000010 0.999970 0.000010 0.000010
0.212346 0.787634 0.000010 0.000010
0.224563 0.774149 0.001279 0.000010
0.286557 0.713423 0.000010 0.000010
0.380059 0.493862 0.088275 0.037803
0.000010 0.999970 0.000010 0.000010
0.288195 0.711785 0.000010 0.000010
0.214409 0.785571 0.000010 0.000010
0.172798 0.827182 0.000010 0.000010
0.000010 0.999970 0.000010 0.000010
0.000010 0.950641 0.049339 0.000010
0.000010 0.999970 0.000010 0.000010
0.000010 0.999970 0.000010 0.000010
0.000010 0.999970 0.000010 0.000010
0.000010 0.999970 0.000010 0.000010
0.000010 0.999970 0.000010 0.000010
0.000010 0.999970 0.000010 0.000010
0.250650 0.598305 0.107658 0.043387
0.000010 0.999970 0.000010 0.000010
0.000010 0.999970 0.000010 0.000010
0.000010 0.999969 0.000011 0.000010
0.000010 0.999970 0.000010 0.000010
0.000010 0.999970 0.000010 0.000010
0.000010 0.999970 0.000010 0.000010
0.000010 0.999970 0.000010 0.000010
0.000010 0.908362 0.037604 0.054024
0.143394 0.856586 0.000010 0.000010
0.313647 0.412511 0.213686 0.060157
0.396870 0.450006 0.096141 0.056982
0.258325 0.520577 0.167866 0.053231
0.333813 0.088855 0.422153 0.155180
0.334295 0.083969 0.432865 0.148871
0.315584 0.155383 0.382499 0.146534
0.340197 0.070067 0.436809 0.152927
0.343778 0.070221 0.411175 0.174826
0.187331 0.084739 0.535879 0.192051
0.355782 0.072007 0.424799 0.147411
0.307422 0.000010 0.414448 0.278120
0.288975 0.034268 0.353102 0.323655
0.306761 0.073476 0.352313 0.267450
0.163172 0.071882 0.436488 0.328458
0.286716 0.076215 0.369210 0.267859
0.287344 0.016061 0.404215 0.292381
0.241706 0.046681 0.415364 0.296250
0.241315 0.037231 0.349793 0.371662
0.384653 0.150780 0.240845 0.223721
0.370934 0.158522 0.250586 0.219958
0.384167 0.133649 0.238309 0.243875
0.395612 0.156638 0.238546 0.209204
0.372466 0.133545 0.261557 0.232433
0.382884 0.127287 0.254761 0.235067
0.407176 0.121561 0.249341 0.221922
0.371283 0.139224 0.262816 0.226676
0.379112 0.153681 0.218281 0.248925
0.346336 0.243618 0.189771 0.220276
0.360349 0.195181 0.257923 0.186546
0.383368 0.136010 0.238359 0.242263
0.805839 0.131767 0.062384 0.000010
0.373681 0.131856 0.268761 0.225702
0.366721 0.125559 0.242670 0.265050
0.000010 0.000010 0.999970 0.000010
0.000010 0.000010 0.999970 0.000010
0.000010 0.000010 0.999970 0.000010
0.000010 0.000010 0.999970 0.000010
0.032873 0.000010 0.930543 0.036574
0.000010 0.000010 0.999970 0.000010
0.000010 0.000010 0.999970 0.000010
0.000010 0.000010 0.999970 0.000010
0.000010 0.000010 0.999970 0.000010
0.000010 0.000010 0.967420 0.032560
0.000010 0.000010 0.999970 0.000010
0.007610 0.000010 0.924002 0.068378
0.061010 0.020105 0.864050 0.054836
0.000010 0.000010 0.999970 0.000010
0.140029 0.040774 0.121165 0.698032
0.121737 0.038899 0.145540 0.693824
0.140582 0.058546 0.113862 0.687011
0.131281 0.038219 0.172817 0.657683
0.125168 0.071428 0.090891 0.712512
0.159847 0.036711 0.158623 0.644819
0.137452 0.046107 0.126455 0.689985
0.129504 0.073142 0.095470 0.701884
0.097167 0.005426 0.508723 0.388683
0.122795 0.005569 0.496444 0.375192
0.110600 0.000574 0.520776 0.368050
0.102518 0.007921 0.509136 0.380425
0.114518 0.000010 0.482009 0.403463
0.113275 0.010746 0.486891 0.389088
0.117110 0.011242 0.514010 0.357638
0.091027 0.016982 0.518367 0.373625
0.127213 0.000010 0.499186 0.373591
0.104210 0.000010 0.529489 0.366291
0.096522 0.006016 0.513801 0.383661
0.127945 0.000010 0.486877 0.385168
0.121575 0.000010 0.502254 0.376161
0.108242 0.010396 0.524574 0.356788
0.133569 0.000010 0.484566 0.381854
0.101076 0.022164 0.508163 0.368598
0.128840 0.000010 0.483907 0.387243
0.118240 0.000010 0.498890 0.382861
0.109847 0.012368 0.500785 0.377000
0.099517 0.000010 0.509794 0.390678
0.102009 0.000010 0.528736 0.369245
0.105001 0.000010 0.534558 0.360430
0.111677 0.000010 0.492016 0.396297
0.096441 0.000010 0.528418 0.375131
0.121912 0.016388 0.482228 0.379472
0.110932 0.011805 0.453883 0.423380
0.110933 0.000010 0.225451 0.663606
0.191032 0.000016 0.302640 0.506312
0.119448 0.001277 0.191658 0.687618
0.223793 0.039128 0.318995 0.418084
0.198303 0.011478 0.307810 0.482409
0.152013 0.017725 0.218859 0.611403
0.114624 0.000010 0.176351 0.709015
0.199885 0.014428 0.282693 0.502994
0.179812 0.033633 0.322103 0.464453
0.169625 0.017237 0.226740 0.586398
0.110145 0.000010 0.205278 0.684567
0.119349 0.013060 0.265548 0.602042
0.113912 0.010080 0.515866 0.360143
0.127427 0.000010 0.499861 0.372703
0.129125 0.003425 0.264365 0.603085
0.090820 0.020440 0.198679 0.690061
0.170056 0.000010 0.208055 0.621879
0.184291 0.018619 0.335899 0.461192
0.176965 0.011969 0.317953 0.493112
0.134886 0.000010 0.193322 0.671782
0.143902 0.017637 0.268453 0.570008
0.101991 0.000010 0.204970 0.693029
0.135106 0.000010 0.209842 0.655042
0.125745 0.006672 0.184993 0.682591
0.149060 0.000010 0.278924 0.572005
0.120758 0.005918 0.487976 0.385348
0.203751 0.038215 0.306530 0.451504
0.124773 0.012951 0.255048 0.607228
0.177478 0.025236 0.242344 0.554942
0.133046 0.000010 0.210039 0.656905
0.104736 0.000010 0.196666 0.698588
0.173420 0.012824 0.314422 0.499335
0.155289 0.005940 0.239126 0.599644
0.136652 0.021076 0.234735 0.607537
0.204778 0.018398 0.341391 0.435433
0.186367 0.020562 0.307377 0.485694
0.161966 0.023574 0.226916 0.587544
0.211255 0.025891 0.243264 0.519590
0.159980 0.021741 0.234878 0.583401
0.154368 0.046309 0.254543 0.544779
0.200792 0.020554 0.276497 0.502158
0.148100 0.028681 0.286344 0.536874
0.169147 0.000010 0.258100 0.572744
0.214826 0.009380 0.240804 0.534990
0.177166 0.015400 0.225316 0.582118
0.204973 0.018775 0.279679 0.496573
0.290190 0.078648 0.259446 0.371716
0.323692 0.102109 0.218311 0.355888
0.334168 0.100407 0.218825 0.346600
0.457321 0.147451 0.247380 0.147848
0.365789 0.082774 0.239997 0.311440
0.348014 0.087185 0.217029 0.347772
0.345880 0.057601 0.226979 0.369540
0.382449 0.086605 0.201977 0.328969
0.213402 0.024234 0.256043 0.506321
0.330936 0.096488 0.236740 0.335836
0.174414 0.030622 0.192746 0.602218
0.190211 0.023095 0.225499 0.561195
0.187937 0.023968 0.200686 0.587409
0.184533 0.035217 0.205810 0.574440
0.184778 0.024094 0.201775 0.589353
0.164343 0.038323 0.206162 0.591173
0.192153 0.008453 0.226682 0.572712
0.183781 0.005847 0.226838 0.583533
0.207475 0.005159 0.202557 0.584809
0.177810 0.027920 0.205244 0.589026
0.080172 0.014776 0.869453 0.035599
0.156812 0.029235 0.600510 0.213444
0.101684 0.028194 0.689109 0.181013
0.076057 0.012500 0.816771 0.094672
0.110911 0.027067 0.722557 0.139465
0.147764 0.018142 0.637825 0.196269
0.081819 0.025162 0.738203 0.154817
0.042714 0.001753 0.923643 0.031891
0.121308 0.050376 0.595093 0.233223
0.125949 0.022377 0.657626 0.194049
0.140976 0.029235 0.589487 0.240302
0.167617 0.033609 0.575709 0.223066
0.128056 0.037423 0.631076 0.203446
0.151997 0.015435 0.624467 0.208100
0.103766 0.044872 0.645276 0.206086
0.115384 0.017281 0.647424 0.219911
0.119277 0.041378 0.631031 0.208313
0.132908 0.020153 0.633609 0.213329
0.173933 0.055648 0.504163 0.266257
0.188202 0.018418 0.442279 0.351101
0.197485 0.048060 0.438528 0.315926
0.181738 0.022234 0.477421 0.318606
0.221678 0.009410 0.447875 0.321037
0.204204 0.027901 0.421896 0.345999
0.139613 0.025651 0.583312 0.251424
0.077368 0.014803 0.788987 0.118843
0.069600 0.000010 0.809923 0.120467
0.136450 0.049398 0.552906 0.261246
0.127720 0.037095 0.571320 0.263865
0.058577 0.018022 0.835428 0.087973
0.163029 0.000010 0.595636 0.241324
0.095027 0.016487 0.712517 0.175969
0.183490 0.021409 0.521509 0.273592
0.141920 0.034729 0.559818 0.263533
0.135853 0.025486 0.545401 0.293260
0.175910 0.044276 0.500504 0.279310
0.155299 0.018288 0.521598 0.304815
0.190904 0.025477 0.513822 0.269797
0.173398 0.041665 0.495852 0.289084
0.225001 0.029052 0.342340 0.403607
0.189427 0.060512 0.323456 0.426605
0.243440 0.023655 0.345926 0.386979
0.224459 0.043578 0.347468 0.384495
0.224284 0.041652 0.335877 0.398187
0.231291 0.046688 0.333710 0.388310
0.227046 0.026268 0.340856 0.405830
0.189521 0.037314 0.314808 0.458357
0.202217 0.051284 0.368751 0.377749
0.246683 0.026787 0.328229 0.398301
0.120617 0.000010 0.128278 0.751095
0.103663 0.000010 0.119857 0.776471
0.084752 0.000010 0.106176 0.809062
0.089941 0.000010 0.091042 0.819007
0.104659 0.007252 0.124584 0.763504
0.081844 0.000192 0.110633 0.807331
0.117223 0.000010 0.107583 0.775185
0.102981 0.005554 0.140356 0.751109
0.102333 0.000010 0.130226 0.767431
0.092766 0.012246 0.115864 0.779123
0.201718 0.029175 0.140487 0.628620
0.187421 0.018684 0.119770 0.674125
0.208565 0.052311 0.126351 0.612774
0.185316 0.051168 0.115052 0.648465
0.160211 0.049408 0.115200 0.675181
0.189622 0.038242 0.092847 0.679289
0.182260 0.044765 0.153397 0.619578
0.175258 0.039354 0.165139 0.620249
0.114342 0.010064 0.202285 0.673309
0.147473 0.023379 0.238547 0.590601
0.139475 0.003948 0.265507 0.591071
0.156452 0.000010 0.211520 0.632018
0.132779 0.034278 0.196841 0.636102
0.149619 0.010443 0.214869 0.625069
0.132037 0.000010 0.219382 0.648571
0.126395 0.027611 0.238125 0.607869
0.145600 0.016342 0.211232 0.626826
0.135436 0.015066 0.232619 0.616879
0.291547 0.075104 0.275762 0.357587
0.314032 0.087749 0.238211 0.360008
0.327277 0.079967 0.246407 0.346349
0.332957 0.103681 0.252521 0.310841
0.351250 0.092908 0.230742 0.325100
0.355494 0.084638 0.224045 0.335823
0.355954 0.077955 0.261574 0.304516
0.323530 0.114692 0.260086 0.301692
0.365986 0.086105 0.240347 0.307563
0.291572 0.070952 0.334456 0.303020
0.302931 0.114855 0.286719 0.295495
0.355346 0.100652 0.303788 0.240214
0.287124 0.093295 0.327231 0.292350
0.290708 0.059299 0.341051 0.308942
0.282341 0.081676 0.318648 0.317335
0.271282 0.078262 0.357464 0.292991
0.285186 0.087957 0.295425 0.331432
0.290852 0.092664 0.306751 0.309734
0.311074 0.091003 0.330373 0.267550
0.000010 0.000010 0.000010 0.999970
0.000010 0.000010 0.000010 0.999970
0.000010 0.000010 0.003250 0.996730
0.213166 0.022856 0.349300 0.414677
0.000010 0.000010 0.000010 0.999970
0.000010 0.000010 0.000010 0.999970
0.000010 0.000010 0.022350 0.977630
0.117723 0.022753 0.466790 0.392734
0.000010 0.000010 0.000010 0.999970
0.000010 0.000010 0.008877 0.991103
0.000010 0.000010 0.008261 0.991719
0.145322 0.019807 0.451851 0.383020
0.005145 0.000010 0.038994 0.955851
0.000010 0.000010 0.019303 0.980677
0.000010 0.000010 0.000010 0.999970
0.000010 0.000010 0.050919 0.949061
0.000010 0.000010 0.000010 0.999970
0.000010 0.000010 0.001119 0.998861
0.168280 0.012057 0.452868 0.366795
0.000010 0.000010 0.000010 0.999970
0.000010 0.000010 0.036949 0.963031
0.164571 0.017255 0.441662 0.376512
0.000010 0.000010 0.000010 0.999970
0.000340 0.000010 0.028475 0.971175
0.137966 0.000010 0.481381 0.380643
0.107602 0.019062 0.146994 0.726342
0.112667 0.017321 0.159627 0.710385
0.090831 0.018595 0.161662 0.728912
0.116315 0.003870 0.158704 0.721111
0.107423 0.007298 0.160264 0.725016
0.103650 0.015660 0.167274 0.713416
0.100793 0.002129 0.165589 0.731489
0.122036 0.000010 0.136549 0.741405
0.141442 0.074614 0.152596 0.631348
0.102764 0.019946 0.143366 0.733924
0.142930 0.060558 0.097824 0.698688
0.143102 0.088955 0.133390 0.634553
0.152412 0.033933 0.186031 0.627624
0.164247 0.064573 0.151908 0.619272
0.128434 0.053215 0.182591 0.635760
0.143809 0.067360 0.070237 0.718594
0.157490 0.063489 0.073259 0.705763
0.141957 0.070114 0.158220 0.629709
0.030546 0.002770 0.871244 0.095440
0.004496 0.000010 0.973390 0.022104
0.000010 0.000010 0.999970 0.000010
0.007147 0.000010 0.992833 0.000010
0.000010 0.000010 0.999970 0.000010
0.013311 0.004173 0.982506 0.000010
0.000010 0.000010 0.999970 0.000010
0.000010 0.000010 0.989131 0.010849
0.000010 0.000010 0.999970 0.000010
0.000010 0.000010 0.999970 0.000010
0.000010 0.000010 0.999970 0.000010
0.269472 0.065447 0.342950 0.322131
0.249420 0.075474 0.335284 0.339822
0.301540 0.080259 0.285966 0.332235
0.247984 0.061638 0.327553 0.362825
0.345527 0.106393 0.294161 0.253919
0.377394 0.196456 0.250152 0.175998
0.383640 0.231946 0.187169 0.197245
0.348063 0.221556 0.242868 0.187513
0.390078 0.237480 0.213896 0.158546
0.376997 0.208000 0.208876 0.206127
0.364156 0.209149 0.236369 0.190327
0.348544 0.248027 0.208628 0.194801
0.339237 0.213395 0.241585 0.205783
0.405609 0.254287 0.204894 0.135210
0.353609 0.256238 0.234911 0.155243
0.352670 0.231724 0.205749 0.209857
0.387756 0.236199 0.194498 0.181547
0.660616 0.162386 0.114230 0.062768
0.461680 0.209149 0.229686 0.099485
0.760997 0.126846 0.057138 0.055019
0.603623 0.181818 0.158146 0.056413
0.477123 0.176570 0.237741 0.108567
0.500479 0.144859 0.243257 0.111406
0.480806 0.157983 0.265280 0.095931
0.479416 0.159378 0.246279 0.114927
0.478986 0.177375 0.234931 0.108707
0.502742 0.179453 0.219849 0.097956
0.494144 0.154628 0.251405 0.099824
0.511145 0.138641 0.245340 0.104875
0.471810 0.149364 0.253070 0.125757
0.516176 0.178086 0.209260 0.096478
0.443970 0.135520 0.270332 0.150178
0.372530 0.125940 0.291348 0.210181
0.485716 0.156452 0.254173 0.103660
0.436447 0.164403 0.256002 0.143148
0.246753 0.062675 0.346648 0.343923
0.463132 0.156713 0.265847 0.114308
0.425419 0.156231 0.284066 0.134284
0.379352 0.166292 0.246483 0.207873
0.484907 0.270897 0.173158 0.071038
0.397086 0.176319 0.315710 0.110886
0.477993 0.237590 0.188057 0.096359
0.391150 0.138719 0.327714 0.142417
0.499596 0.216739 0.190792 0.092872
0.406501 0.138087 0.327493 0.127919
0.455386 0.259701 0.193854 0.091059
0.472867 0.110079 0.217782 0.199272
0.460812 0.248580 0.201937 0.088671
0.440323 0.110193 0.247016 0.202468
0.481047 0.198563 0.216224 0.104166
0.447930 0.112198 0.203881 0.235992
0.363350 0.123442 0.334021 0.179187
0.482137 0.283142 0.166575 0.068145
0.375899 0.128821 0.229941 0.265339
0.379249 0.156472 0.315919 0.148360
0.487092 0.268958 0.159309 0.084641
0.396689 0.162450 0.301907 0.138953
0.488848 0.174458 0.235602 0.101091
0.289137 0.074556 0.313385 0.322921
0.455616 0.162438 0.268092 0.113855
0.388986 0.089040 0.246935 0.275039
0.481203 0.146515 0.253635 0.118647
0.375008 0.082061 0.242475 0.300455
0.505107 0.258014 0.168536 0.068343
0.494272 0.116207 0.245429 0.144092
0.465961 0.155280 0.244121 0.134638
0.501065 0.137745 0.227942 0.133249
0.470161 0.262348 0.182441 0.085050
0.488411 0.108827 0.247577 0.155186
0.489035 0.126274 0.240166 0.144526
0.487467 0.219292 0.212174 0.081066
0.238146 0.058291 0.308345 0.395219
0.433532 0.110250 0.255038 0.201180
0.510204 0.161442 0.230015 0.098339
0.173616 0.017583 0.262925 0.545876
0.471517 0.148135 0.226394 0.153954
0.482441 0.260743 0.162903 0.093913
0.485310 0.129284 0.241723 0.143683
0.471348 0.145259 0.280592 0.102801
0.452741 0.296351 0.171887 0.079021
0.433546 0.094872 0.293810 0.177773
0.490039 0.129475 0.257956 0.122531
0.533113 0.240540 0.138590 0.087757
0.420723 0.144105 0.260332 0.174841
0.516699 0.163782 0.238752 0.080768
0.454673 0.231190 0.212501 0.101636
0.201045 0.023701 0.295834 0.479420
0.422210 0.091108 0.248830 0.237852
0.497029 0.250051 0.167796 0.085124
0.456245 0.155125 0.277072 0.111557
0.199700 0.004206 0.232185 0.563908
0.501142 0.279061 0.146919 0.072878
0.471624 0.145311 0.263287 0.119778
0.249894 0.031098 0.273977 0.445031
0.445714 0.195731 0.239854 0.118701
0.305045 0.051120 0.250094 0.393740
0.506572 0.130016 0.239317 0.124095
0.461654 0.256050 0.185756 0.096540
0.365692 0.135479 0.335229 0.163600
0.335717 0.076938 0.253377 0.333968
0.498749 0.273140 0.155767 0.072344
0.404579 0.132469 0.319838 0.143114
0.265175 0.034400 0.248418 0.452007
0.494964 0.268754 0.165245 0.071036
0.422015 0.142776 0.289736 0.145473
0.469775 0.146907 0.269460 0.113858
0.495168 0.260085 0.180244 0.064503
0.408091 0.162992 0.259051 0.169866
0.442368 0.109200 0.265493 0.182939
0.511305 0.288285 0.159948 0.040462
0.376660 0.119659 0.303394 0.200286
0.232821 0.066099 0.258521 0.442558
0.461472 0.258901 0.195554 0.084072
0.302918 0.079363 0.324994 0.292726
0.465428 0.144456 0.287288 0.102828
0.469536 0.252106 0.182962 0.095397
0.400542 0.148321 0.289393 0.161744
0.498026 0.101105 0.270087 0.130783
0.468867 0.281243 0.165685 0.084205
0.400181 0.163230 0.281807 0.154782
0.363645 0.060736 0.265622 0.309997
0.488058 0.281807 0.138756 0.091379
0.424681 0.155690 0.273000 0.146630
0.363412 0.069342 0.261117 0.306129
0.471844 0.294716 0.164809 0.068631
0.425375 0.153224 0.294354 0.127047
0.498451 0.128083 0.242024 0.131442
0.468697 0.231227 0.196846 0.103230
0.497452 0.237184 0.171788 0.093576
0.435705 0.096337 0.260533 0.207426
0.491140 0.286048 0.154996 0.067816
0.196158 0.016150 0.275858 0.511834
0.201863 0.041540 0.270780 0.485817
0.425116 0.156473 0.292796 0.125615
0.487689 0.152098 0.261910 0.098303
0.370647 0.143337 0.330728 0.155287
0.403198 0.127977 0.285004 0.183821
0.440259 0.379620 0.152450 0.027671
0.438009 0.328736 0.166279 0.066975
0.437475 0.353253 0.155694 0.053579
0.413103 0.384204 0.170224 0.032469
0.460622 0.310022 0.162255 0.067101
0.462935 0.274574 0.176407 0.086084
0.477975 0.304575 0.163996 0.053454
0.495221 0.324401 0.131749 0.048629
0.480344 0.304157 0.158200 0.057300
0.467903 0.331318 0.119741 0.081039
0.485125 0.326309 0.125263 0.063302
0.458972 0.349875 0.141919 0.049233
0.464302 0.322939 0.131059 0.081699
0.488461 0.259184 0.169432 0.082924
0.485695 0.343737 0.106335 0.064234
0.485200 0.340217 0.113888 0.060696
0.480914 0.338776 0.077256 0.103054
0.488044 0.327032 0.125398 0.059526
0.476931 0.359634 0.114248 0.049187
0.462831 0.335135 0.123542 0.078491
0.477018 0.340782 0.103138 0.079062
0.466252 0.271956 0.186515 0.075277
0.471331 0.308220 0.152391 0.068058
0.497441 0.318608 0.123207 0.060744
0.498884 0.292722 0.135959 0.072436
0.502444 0.316892 0.134784 0.045879
0.509890 0.309450 0.120679 0.059981
0.467147 0.306909 0.162656 0.063288
0.477265 0.287824 0.169708 0.065203
0.497107 0.299010 0.130104 0.073778
0.455580 0.312115 0.153481 0.078824
0.483940 0.320356 0.148710 0.046993
0.471007 0.321988 0.172529 0.034476
0.497861 0.268633 0.151991 0.081515
0.448855 0.259953 0.176889 0.114303
0.472765 0.273891 0.159595 0.093749
0.486377 0.237672 0.206876 0.069075
0.999970 0.000010 0.000010 0.000010
0.999970 0.000010 0.000010 0.000010
0.913962 0.058859 0.025653 0.001525
0.936995 0.044688 0.018307 0.000010
0.999970 0.000010 0.000010 0.000010
0.968883 0.031097 0.000010 0.000010
0.999970 0.000010 0.000010 0.000010
0.899580 0.093237 0.007174 0.000010
0.955791 0.044189 0.000010 0.000010
0.881137 0.085297 0.022278 0.011288
0.931928 0.048453 0.017600 0.002019
0.989362 0.010618 0.000010 0.000010
0.999970 0.000010 0.000010 0.000010
0.974791 0.025189 0.000010 0.000010
0.999970 0.000010 0.000010 0.000010
0.999970 0.000010 0.000010 0.000010
0.996569 0.003411 0.000010 0.000010
0.999970 0.000010 0.000010 0.000010
0.923653 0.059688 0.016649 0.000010
0.881708 0.083163 0.033845 0.001284
0.944255 0.055644 0.000010 0.000092
0.903500 0.096480 0.000010 0.000010
