0.027206 0.199246 0.022752 0.245287 0.015708 0.489791 0.000010
0.046455 0.283065 0.000010 0.173523 0.000010 0.496927 0.000010
0.000010 0.000010 0.000010 0.999940 0.000010 0.000010 0.000010
0.000010 0.000010 0.000010 0.999940 0.000010 0.000010 0.000010
0.000010 0.252458 0.000010 0.447806 0.061433 0.238273 0.000010
0.000010 0.208555 0.000010 0.465543 0.037800 0.288072 0.000010
0.000010 0.131161 0.000010 0.248025 0.000010 0.620774 0.000010
0.000010 0.000010 0.000010 0.999940 0.000010 0.000010 0.000010
0.000010 0.000010 0.000010 0.999940 0.000010 0.000010 0.000010
0.000010 0.999940 0.000010 0.000010 0.000010 0.000010 0.000010
0.000010 0.999935 0.000010 0.000010 0.000015 0.000010 0.000010
0.000010 0.999940 0.000010 0.000010 0.000010 0.000010 0.000010
0.000010 0.999940 0.000010 0.000010 0.000010 0.000010 0.000010
0.000010 0.437894 0.000010 0.331481 0.009156 0.221439 0.000010
0.000010 0.999940 0.000010 0.000010 0.000010 0.000010 0.000010
0.000010 0.999940 0.000010 0.000010 0.000010 0.000010 0.000010
0.000010 0.538068 0.000010 0.222026 0.038483 0.201392 0.000010
0.000010 0.999940 0.000010 0.000010 0.000010 0.000010 0.000010
0.000017 0.999925 0.000018 0.000010 0.000010 0.000010 0.000010
0.000010 0.999940 0.000010 0.000010 0.000010 0.000010 0.000010
0.000010 0.999940 0.000010 0.000010 0.000010 0.000010 0.000010
0.000010 0.999940 0.000010 0.000010 0.000010 0.000010 0.000010
0.000010 0.999940 0.000010 0.000010 0.000010 0.000010 0.000010
0.000010 0.000010 0.000010 0.999940 0.000010 0.000010 0.000010
0.000010 0.000010 0.000010 0.999940 0.000010 0.000010 0.000010
0.000010 0.346243 0.000010 0.633158 0.020559 0.000010 0.000010
0.000010 0.000010 0.000010 0.999940 0.000010 0.000010 0.000010
0.000010 0.000010 0.000010 0.999940 0.000010 0.000010 0.000010
0.000010 0.243931 0.000010 0.454733 0.011322 0.289983 0.000010
0.000010 0.269212 0.138870 0.091251 0.175871 0.198552 0.126233
0.018442 0.127191 0.000010 0.197650 0.034720 0.621976 0.000010
0.024030 0.160103 0.017035 0.286700 0.000010 0.447575 0.064548
0.045635 0.041497 0.117989 0.000010 0.000010 0.597593 0.197266
0.000010 0.003891 0.317755 0.037058 0.000010 0.624325 0.016951
0.000010 0.117147 0.301439 0.000010 0.000010 0.380378 0.201007
0.105806 0.014541 0.337281 0.000010 0.000010 0.325424 0.216929
0.000010 0.000010 0.013495 0.000010 0.000010 0.651035 0.335429
0.000010 0.000010 0.744715 0.000010 0.000010 0.255235 0.000010
0.231128 0.000010 0.134923 0.124806 0.076053 0.000010 0.433070
0.000010 0.086969 0.521504 0.000010 0.054634 0.287789 0.049084
0.000010 0.000010 0.000010 0.000010 0.000010 0.641244 0.358706
0.048226 0.000010 0.004438 0.000010 0.000010 0.654540 0.292766
0.000010 0.000018 0.296742 0.058856 0.000010 0.429620 0.214744
0.000010 0.000010 0.000010 0.000010 0.000010 0.523647 0.476303
0.094887 0.000010 0.000010 0.000010 0.000010 0.715312 0.189761
0.000010 0.000010 0.361281 0.000010 0.000010 0.573708 0.064971
0.000010 0.000019 0.395702 0.038050 0.000010 0.323481 0.242727
0.017111 0.000010 0.059177 0.000010 0.000010 0.703610 0.220071
0.000010 0.027654 0.301974 0.005898 0.080015 0.246030 0.338420
0.000010 0.077982 0.403330 0.000010 0.000010 0.330900 0.187758
0.000010 0.000010 0.081287 0.091217 0.000010 0.273775 0.553691
0.000010 0.000010 0.291584 0.000010 0.036428 0.481501 0.190457
0.000010 0.000010 0.391429 0.000010 0.000010 0.441984 0.166547
0.000010 0.028594 0.431468 0.000010 0.000010 0.408423 0.131485
0.000010 0.000010 0.371658 0.000010 0.000010 0.527412 0.100890
0.000010 0.078224 0.465287 0.000010 0.000010 0.255107 0.201351
0.000010 0.022630 0.371782 0.000010 0.000010 0.461417 0.144141
0.000010 0.000010 0.374283 0.000010 0.000010 0.430449 0.195228
0.000010 0.000010 0.382509 0.000010 0.000010 0.415234 0.202217
0.000010 0.000010 0.472642 0.000010 0.000010 0.394009 0.133310
0.002905 0.031981 0.257024 0.026548 0.027729 0.590287 0.063527
0.002832 0.030796 0.250511 0.041456 0.016520 0.573953 0.083933
0.000010 0.018304 0.286790 0.030473 0.031942 0.564653 0.067828
0.000010 0.014804 0.247411 0.050493 0.026221 0.598720 0.062341
0.000010 0.021442 0.286772 0.018511 0.012176 0.593617 0.067473
0.000010 0.022909 0.273797 0.017095 0.022598 0.588572 0.075019
0.000010 0.026082 0.255329 0.004563 0.027890 0.626128 0.059999
0.000010 0.029471 0.278560 0.030767 0.017797 0.564172 0.079222
0.004028 0.026478 0.274972 0.016905 0.000010 0.656679 0.020929
0.040307 0.070314 0.205006 0.093901 0.062042 0.455516 0.072914
0.000010 0.048670 0.218844 0.062114 0.045703 0.513428 0.111231
0.000010 0.022561 0.276513 0.016983 0.000010 0.637121 0.046802
0.000010 0.018889 0.000010 0.047607 0.565641 0.367833 0.000010
0.000010 0.013123 0.266647 0.023660 0.005377 0.607414 0.083769
0.006822 0.031917 0.303410 0.009277 0.017850 0.565838 0.064886
0.000010 0.000010 0.000010 0.000010 0.000010 0.000010 0.999940
0.000010 0.000010 0.000010 0.000010 0.000010 0.000010 0.999940
0.000010 0.000010 0.000010 0.000010 0.000010 0.000010 0.999940
0.000010 0.000010 0.000010 0.000010 0.000010 0.000010 0.999940
0.000580 0.001606 0.058503 0.000010 0.008244 0.038573 0.892484
0.000010 0.000010 0.000010 0.000010 0.000010 0.000010 0.999940
0.001389 0.000010 0.000010 0.000010 0.000010 0.000010 0.998561
0.000010 0.000010 0.000010 0.000010 0.000010 0.000010 0.999940
0.000010 0.000010 0.000010 0.000010 0.000010 0.000010 0.999940
0.013011 0.000010 0.034103 0.000010 0.000010 0.007081 0.945775
0.000010 0.000010 0.000010 0.000010 0.000010 0.000010 0.999940
0.012221 0.000010 0.074893 0.001561 0.012069 0.000010 0.899236
0.000010 0.000010 0.075783 0.011889 0.000010 0.102787 0.809511
0.000010 0.000010 0.000010 0.000010 0.000010 0.000010 0.999940
0.109194 0.000010 0.743925 0.034648 0.024164 0.073514 0.014545
0.124799 0.008803 0.728529 0.036337 0.013666 0.054735 0.033130
0.108259 0.017929 0.737223 0.043939 0.020144 0.066602 0.005904
0.096263 0.016860 0.713124 0.025961 0.016898 0.065484 0.065410
0.086408 0.018759 0.798094 0.054240 0.020888 0.021601 0.000010
0.105688 0.005530 0.690729 0.034041 0.027862 0.090689 0.045460
0.107053 0.013352 0.748418 0.045544 0.039020 0.021105 0.025508
0.112221 0.037613 0.752491 0.042597 0.033551 0.021517 0.000010
0.028061 0.008936 0.475255 0.000010 0.000010 0.096276 0.391453
0.018789 0.000010 0.467419 0.000352 0.000010 0.147606 0.365814
0.025979 0.005296 0.451724 0.000010 0.009682 0.101563 0.405745
0.029988 0.000010 0.461865 0.000010 0.000010 0.120269 0.387848
0.027347 0.000010 0.502069 0.000010 0.014323 0.083519 0.372722
0.035120 0.002964 0.462522 0.000010 0.000010 0.146729 0.352645
0.013880 0.006616 0.459318 0.002569 0.019104 0.098948 0.399565
0.029708 0.002211 0.458165 0.017117 0.000010 0.094496 0.398293
0.002477 0.000010 0.495707 0.000010 0.011826 0.110444 0.379526
0.030935 0.000010 0.442949 0.000010 0.000010 0.112778 0.413309
0.042866 0.000010 0.452389 0.015366 0.002807 0.082733 0.403828
0.046624 0.000010 0.446058 0.000010 0.007918 0.132950 0.366430
0.008429 0.000010 0.485500 0.000010 0.000010 0.140389 0.365652
0.012424 0.002901 0.450285 0.003963 0.000010 0.128036 0.402381
0.022827 0.003414 0.473201 0.000010 0.006180 0.132945 0.361424
0.037904 0.016039 0.438794 0.005921 0.007139 0.093799 0.400404
0.030670 0.000010 0.472217 0.000010 0.023963 0.101667 0.371463
0.021168 0.000011 0.483596 0.000010 0.001135 0.118549 0.375531
0.031167 0.001570 0.448505 0.000010 0.000010 0.142245 0.376494
0.040899 0.000010 0.468903 0.000010 0.000555 0.087325 0.402298
0.002183 0.002555 0.490285 0.000010 0.000010 0.099470 0.405487
0.000010 0.000010 0.481496 0.000010 0.000010 0.118970 0.399495
0.026732 0.000010 0.485005 0.000010 0.000010 0.125279 0.362954
0.021859 0.000010 0.466871 0.000010 0.000010 0.105158 0.406082
0.022677 0.020766 0.474780 0.002728 0.008726 0.106643 0.363680
0.051300 0.007314 0.487211 0.000010 0.000010 0.123383 0.330772
0.123937 0.000010 0.687056 0.010187 0.000010 0.082914 0.095886
0.072028 0.000010 0.554669 0.000010 0.000010 0.224295 0.148978
0.124914 0.000010 0.718633 0.005163 0.000010 0.091931 0.059339
0.041107 0.010093 0.472295 0.000010 0.001864 0.313090 0.161542
0.042966 0.006078 0.570381 0.000010 0.013111 0.208474 0.158980
0.096884 0.000131 0.663321 0.008098 0.007476 0.143244 0.080847
0.130355 0.000010 0.749206 0.000010 0.017787 0.047277 0.055356
0.041830 0.008105 0.591055 0.000010 0.006068 0.232813 0.120118
0.044830 0.007394 0.535976 0.001727 0.000771 0.239438 0.169864
0.081661 0.003679 0.648281 0.004526 0.017477 0.159505 0.084871
0.120593 0.000010 0.727474 0.000010 0.005179 0.069759 0.076975
0.100357 0.013485 0.642413 0.000010 0.000010 0.112138 0.131587
0.018679 0.006170 0.456686 0.005939 0.001428 0.116062 0.395035
0.009806 0.000010 0.482543 0.000010 0.015764 0.107258 0.384609
0.096452 0.006693 0.655999 0.000010 0.000010 0.123469 0.117367
0.122803 0.014584 0.737275 0.021057 0.015658 0.003596 0.085027
0.095387 0.000010 0.680120 0.000010 0.029869 0.122410 0.072195
0.068342 0.000010 0.499080 0.000585 0.000010 0.247717 0.184256
0.040494 0.000010 0.584067 0.000010 0.000010 0.218917 0.156492
0.111056 0.000010 0.723874 0.005404 0.010357 0.087725 0.061575
0.074280 0.007843 0.642837 0.000010 0.018929 0.127609 0.128491
0.115400 0.000358 0.747538 0.000010 0.000010 0.071009 0.065675
0.119573 0.000010 0.689409 0.000010 0.025257 0.080900 0.084841
0.114449 0.000010 0.726222 0.014432 0.016181 0.061339 0.067366
0.065167 0.000010 0.654979 0.000010 0.000010 0.155685 0.124138
0.040697 0.013777 0.454235 0.000010 0.007613 0.113571 0.370098
0.042770 0.002437 0.524099 0.000010 0.000010 0.292795 0.137879
0.116179 0.000010 0.624602 0.007300 0.000010 0.138941 0.112958
0.095556 0.014100 0.585623 0.000616 0.008330 0.192906 0.102869
0.119285 0.000010 0.692532 0.000010 0.015044 0.088738 0.084381
0.127071 0.002948 0.742739 0.000010 0.002863 0.055341 0.069028
0.062420 0.000010 0.555059 0.000010 0.000010 0.221438 0.161052
0.088748 0.007070 0.654916 0.000010 0.000010 0.156176 0.093070
0.094629 0.009212 0.654907 0.000010 0.000010 0.153998 0.087233
0.041813 0.000010 0.498304 0.000010 0.000010 0.292597 0.167256
0.069219 0.001541 0.531584 0.000010 0.000010 0.243992 0.153645
0.089852 0.003531 0.635762 0.000075 0.003847 0.178767 0.088168
0.079287 0.014111 0.558088 0.000010 0.001216 0.259041 0.088247
0.078027 0.004714 0.640032 0.000012 0.000010 0.196602 0.080602
0.073937 0.014985 0.602520 0.013535 0.000010 0.185593 0.109421
0.056452 0.000010 0.569728 0.000010 0.005391 0.250409 0.118000
0.094163 0.000015 0.557394 0.008636 0.000010 0.203329 0.136453
0.087004 0.000010 0.616068 0.000010 0.000010 0.184136 0.112762
0.058960 0.000010 0.603772 0.000010 0.000576 0.257480 0.079192
0.066553 0.003636 0.654533 0.000010 0.015036 0.177144 0.083090
0.061193 0.000010 0.549486 0.000010 0.000010 0.273789 0.115502
0.021845 0.003919 0.419684 0.011018 0.000010 0.454862 0.088661
0.035296 0.008202 0.384976 0.018170 0.000010 0.520560 0.032785
0.030931 0.000010 0.374964 0.025813 0.000010 0.521836 0.046435
0.000010 0.016883 0.149531 0.004947 0.000010 0.795231 0.033388
0.031075 0.013935 0.328686 0.000010 0.035350 0.523040 0.067905
0.025009 0.006499 0.386765 0.003221 0.025651 0.518403 0.034451
0.031145 0.000010 0.398410 0.002818 0.012990 0.509299 0.045328
0.011214 0.000010 0.378428 0.022941 0.033121 0.535960 0.018326
0.070786 0.002406 0.552181 0.000010 0.001027 0.278867 0.094723
0.023325 0.012546 0.368795 0.014776 0.006175 0.515221 0.059162
0.075639 0.003637 0.674234 0.010027 0.000010 0.193266 0.043186
0.059819 0.000010 0.641960 0.010717 0.004629 0.211505 0.071360
0.063604 0.006075 0.681150 0.002545 0.020440 0.172400 0.053787
0.064497 0.012384 0.660087 0.010667 0.003702 0.198239 0.050423
0.092998 0.000010 0.633977 0.014142 0.007528 0.190640 0.060706
0.074260 0.012768 0.652948 0.003500 0.000010 0.202206 0.054309
0.062920 0.000010 0.650671 0.000010 0.000981 0.213781 0.071626
0.081002 0.000293 0.643311 0.000010 0.004846 0.194959 0.075580
0.068721 0.000010 0.661312 0.000010 0.016138 0.208280 0.045530
0.071456 0.014776 0.662268 0.011580 0.014478 0.155236 0.070206
0.000010 0.005581 0.061965 0.000010 0.000010 0.143782 0.788641
0.000010 0.000010 0.273586 0.004772 0.003792 0.229779 0.488051
0.010689 0.010404 0.225747 0.005324 0.012150 0.126714 0.608972
0.002452 0.000160 0.124539 0.000010 0.005152 0.114946 0.752742
0.004014 0.008542 0.181648 0.000010 0.018752 0.141215 0.645819
0.026810 0.000010 0.210447 0.000010 0.013624 0.207239 0.541860
0.016984 0.005429 0.178338 0.002473 0.005941 0.128670 0.662165
0.000010 0.000010 0.057458 0.000891 0.000911 0.069280 0.871439
0.037378 0.004167 0.248999 0.021608 0.000010 0.187377 0.500462
0.000010 0.004759 0.254930 0.000010 0.000010 0.189738 0.550543
0.013308 0.000010 0.291679 0.006726 0.001650 0.205762 0.480865
0.000010 0.004361 0.289577 0.006422 0.012400 0.227165 0.460066
0.019526 0.017485 0.239922 0.003572 0.026010 0.150560 0.542924
0.000010 0.000010 0.274755 0.002318 0.024382 0.173281 0.525244
0.008709 0.009274 0.255703 0.008566 0.000010 0.178941 0.538798
0.006629 0.000010 0.278587 0.006469 0.000010 0.163097 0.545199
0.000010 0.020709 0.283987 0.006188 0.000010 0.162842 0.526254
0.000010 0.005618 0.282635 0.000010 0.002746 0.184367 0.524614
0.023681 0.000832 0.311579 0.023421 0.006450 0.247302 0.386734
0.032001 0.000012 0.409098 0.000010 0.015600 0.232125 0.311154
0.012074 0.004993 0.389129 0.010577 0.016612 0.262088 0.304527
0.025713 0.000010 0.379161 0.001271 0.008061 0.238843 0.346941
0.042851 0.000010 0.349008 0.000010 0.036205 0.253670 0.318246
0.035142 0.000010 0.393440 0.004156 0.014613 0.262865 0.289774
0.014533 0.005995 0.306866 0.000010 0.000010 0.207667 0.464920
0.000010 0.004790 0.161455 0.005441 0.006089 0.102201 0.720014
0.000010 0.000010 0.163811 0.000010 0.000010 0.092342 0.743806
0.001824 0.012730 0.339419 0.016035 0.000010 0.190396 0.439586
0.008869 0.012852 0.330069 0.000013 0.000010 0.183883 0.464306
0.000010 0.008924 0.149906 0.009630 0.006420 0.057008 0.768102
0.012278 0.000010 0.292778 0.000010 0.008188 0.202939 0.483797
0.006693 0.000010 0.220467 0.003181 0.000010 0.138276 0.631362
0.016379 0.000010 0.323949 0.000010 0.000010 0.273153 0.386488
0.010983 0.012334 0.326636 0.002494 0.000010 0.209922 0.437621
0.026777 0.007737 0.339844 0.000012 0.000010 0.204207 0.421414
0.016715 0.014792 0.339306 0.004017 0.010237 0.237351 0.377581
0.032607 0.005826 0.347895 0.000010 0.015187 0.187969 0.410507
0.002972 0.000144 0.342310 0.001253 0.026868 0.233118 0.393336
0.028274 0.010318 0.333128 0.000010 0.002856 0.252596 0.372818
0.018387 0.000010 0.490838 0.000010 0.006434 0.304668 0.179652
0.055552 0.009270 0.465985 0.015718 0.000010 0.278970 0.174495
0.001816 0.000010 0.487636 0.000010 0.000010 0.336794 0.173724
0.025858 0.014847 0.455433 0.000010 0.007172 0.302667 0.194013
0.012140 0.011996 0.492912 0.000010 0.000010 0.307386 0.175546
0.028626 0.009383 0.455531 0.000010 0.006303 0.317900 0.182246
0.024286 0.011036 0.489315 0.000010 0.019875 0.266893 0.188585
0.044880 0.005154 0.527127 0.006034 0.000010 0.253810 0.162984
0.028178 0.015558 0.437741 0.000010 0.000010 0.309268 0.209236
0.027223 0.003035 0.479192 0.005207 0.037713 0.274093 0.173538
0.136605 0.000010 0.792022 0.026722 0.033790 0.001863 0.008989
0.121365 0.001828 0.848154 0.006193 0.007751 0.014700 0.000010
0.138771 0.012369 0.848821 0.000010 0.000010 0.000010 0.000010
0.154991 0.000010 0.828434 0.008197 0.008348 0.000010 0.000010
0.139524 0.013560 0.805400 0.007876 0.024009 0.004739 0.004892
0.134684 0.001609 0.852665 0.005976 0.005046 0.000010 0.000010
0.155742 0.011706 0.778005 0.000010 0.045326 0.000010 0.009201
0.136851 0.001928 0.794870 0.019223 0.006977 0.023293 0.016858
0.118478 0.009808 0.837297 0.003950 0.021343 0.000010 0.009113
0.145696 0.014492 0.815966 0.017387 0.006440 0.000010 0.000010
0.066284 0.003081 0.720581 0.026535 0.028373 0.148578 0.006567
0.047521 0.007173 0.813108 0.019065 0.048012 0.065112 0.000010
0.050540 0.010601 0.718758 0.029982 0.038079 0.152030 0.000010
0.066932 0.012769 0.737090 0.028386 0.015156 0.139658 0.000010
0.069342 0.008723 0.772520 0.037931 0.022954 0.088520 0.000010
0.062476 0.006130 0.780132 0.029771 0.039561 0.081920 0.000010
0.072312 0.012917 0.706081 0.017225 0.015028 0.164793 0.011644
0.052567 0.002677 0.726891 0.025695 0.000010 0.176012 0.016149
0.086330 0.010344 0.763067 0.006321 0.000010 0.084449 0.049480
0.082880 0.008336 0.652216 0.006922 0.000010 0.156953 0.092683
0.057897 0.010389 0.695769 0.000010 0.013886 0.099346 0.122702
0.057978 0.008303 0.755426 0.000010 0.018087 0.103750 0.056446
0.076109 0.019890 0.719296 0.005559 0.000010 0.133973 0.045163
0.091863 0.000010 0.687586 0.007805 0.000010 0.141579 0.071147
0.088643 0.001644 0.726660 0.000212 0.010535 0.087038 0.085269
0.090970 0.015791 0.663179 0.000498 0.000010 0.141055 0.088497
0.085194 0.001896 0.700274 0.008743 0.000010 0.139450 0.064433
0.085482 0.006289 0.686338 0.004424 0.000010 0.127885 0.089572
0.032158 0.018634 0.398282 0.000010 0.010857 0.432939 0.107120
0.030434 0.006288 0.403588 0.020206 0.017189 0.454498 0.067797
0.006788 0.012505 0.410513 0.006010 0.006214 0.500369 0.057600
0.019129 0.017169 0.345865 0.016332 0.009719 0.517386 0.074399
0.033602 0.002583 0.346754 0.016950 0.040968 0.493709 0.065433
0.000010 0.000010 0.402323 0.013338 0.018735 0.523411 0.042174
0.000010 0.009690 0.361715 0.000010 0.021322 0.529305 0.077948
0.013092 0.021766 0.340332 0.010256 0.000010 0.539839 0.074705
0.017692 0.010384 0.344465 0.002588 0.021026 0.538983 0.064863
0.026505 0.000010 0.334833 0.027487 0.022974 0.404850 0.183341
0.027339 0.026037 0.323709 0.028221 0.041350 0.412611 0.140732
0.000378 0.013419 0.287837 0.026685 0.055513 0.466770 0.149398
0.021258 0.017021 0.327120 0.018812 0.041212 0.381801 0.192775
0.010460 0.005080 0.370499 0.008560 0.039935 0.374295 0.191171
0.017779 0.013104 0.369536 0.018416 0.020473 0.397564 0.163128
0.020677 0.012650 0.333051 0.016017 0.019781 0.383976 0.213847
0.023063 0.009479 0.374715 0.016668 0.014338 0.426487 0.135250
0.027521 0.014177 0.345670 0.025741 0.046915 0.371199 0.168777
0.000010 0.025253 0.332651 0.015018 0.055952 0.388676 0.182442
0.999940 0.000010 0.000010 0.000010 0.000010 0.000010 0.000010
0.999940 0.000010 0.000010 0.000010 0.000010 0.000010 0.000010
0.454934 0.000010 0.545016 0.000010 0.000010 0.000010 0.000010
0.021619 0.005992 0.508880 0.000010 0.008213 0.265663 0.189623
0.999940 0.000010 0.000010 0.000010 0.000010 0.000010 0.000010
0.999940 0.000010 0.000010 0.000010 0.000010 0.000010 0.000010
0.503684 0.000010 0.496266 0.000010 0.000010 0.000010 0.000010
0.028192 0.016083 0.481574 0.000010 0.000010 0.139110 0.335020
0.999940 0.000010 0.000010 0.000010 0.000010 0.000010 0.000010
0.483487 0.000010 0.516463 0.000010 0.000010 0.000010 0.000010
0.476339 0.000010 0.523611 0.000010 0.000010 0.000010 0.000010
0.026830 0.009699 0.468329 0.010856 0.010422 0.149071 0.324794
0.458055 0.000010 0.541895 0.000010 0.000010 0.000010 0.000010
0.495157 0.000010 0.504793 0.000010 0.000010 0.000010 0.000010
0.999940 0.000010 0.000010 0.000010 0.000010 0.000010 0.000010
0.441873 0.000010 0.558077 0.000010 0.000010 0.000010 0.000010
0.999940 0.000010 0.000010 0.000010 0.000010 0.000010 0.000010
0.487041 0.000010 0.512909 0.000010 0.000010 0.000010 0.000010
0.032945 0.000010 0.423227 0.000010 0.000010 0.237614 0.306183
0.999940 0.000010 0.000010 0.000010 0.000010 0.000010 0.000010
0.448943 0.000010 0.551007 0.000010 0.000010 0.000010 0.000010
0.057853 0.005788 0.413929 0.000010 0.017152 0.189117 0.316150
0.999940 0.000010 0.000010 0.000010 0.000010 0.000010 0.000010
0.471330 0.000010 0.528620 0.000010 0.000010 0.000010 0.000010
0.035687 0.000010 0.445372 0.000010 0.000010 0.170320 0.348591
0.120760 0.003680 0.788453 0.022566 0.006052 0.039330 0.019159
0.094181 0.005763 0.797781 0.016512 0.008736 0.050500 0.026527
0.096109 0.010618 0.817011 0.017636 0.000010 0.026788 0.031828
0.120908 0.003266 0.773781 0.012579 0.034593 0.013806 0.041066
0.124684 0.000010 0.771584 0.019419 0.019024 0.021373 0.043905
0.120266 0.014499 0.769374 0.019365 0.018136 0.007258 0.051103
0.095345 0.000010 0.823597 0.010906 0.001163 0.031991 0.036987
0.129295 0.000010 0.796544 0.008730 0.040639 0.000010 0.024771
0.089035 0.022361 0.691462 0.052383 0.030148 0.068029 0.046582
0.123383 0.005761 0.783338 0.023424 0.013519 0.026354 0.024221
0.000010 0.000010 0.906515 0.067836 0.025609 0.000010 0.000010
0.105266 0.032419 0.670934 0.048304 0.038183 0.065510 0.039385
0.103147 0.007987 0.663360 0.020569 0.011793 0.123513 0.069633
0.092272 0.025168 0.664476 0.032945 0.037789 0.100563 0.046789
0.085029 0.025301 0.707661 0.028898 0.018339 0.063808 0.070963
0.000010 0.000010 0.900812 0.069420 0.029728 0.000010 0.000010
0.000010 0.000010 0.898644 0.063367 0.037949 0.000010 0.000010
0.104737 0.024951 0.669780 0.041303 0.026178 0.079057 0.053994
0.000010 0.000010 0.141625 0.000010 0.000010 0.042919 0.815416
0.005790 0.001188 0.023988 0.000010 0.000010 0.020273 0.948742
0.000010 0.000010 0.000010 0.000010 0.000010 0.000010 0.999940
0.008486 0.000010 0.000010 0.000010 0.001869 0.002414 0.987201
0.007423 0.000010 0.000010 0.000010 0.000010 0.000010 0.992527
0.000010 0.000122 0.000010 0.000010 0.000010 0.036944 0.962894
0.000010 0.000010 0.000010 0.000010 0.010733 0.000010 0.989217
0.000010 0.004738 0.034725 0.000015 0.000010 0.000010 0.960492
0.000010 0.000010 0.000010 0.000010 0.000010 0.000010 0.999940
0.000010 0.000010 0.000010 0.000010 0.000010 0.000010 0.999940
0.000010 0.000010 0.000010 0.000010 0.000010 0.000010 0.999940
0.027730 0.012486 0.362844 0.005801 0.017168 0.379855 0.194115
0.036979 0.017236 0.378944 0.017260 0.025228 0.326118 0.198235
0.030031 0.012365 0.364314 0.006836 0.006133 0.453941 0.126381
0.033423 0.008724 0.406223 0.004121 0.000010 0.383000 0.164499
0.002552 0.019071 0.294399 0.021876 0.025776 0.501312 0.135013
0.013932 0.036058 0.028883 0.045167 0.353429 0.503541 0.018991
0.000010 0.044923 0.086384 0.069275 0.080206 0.644330 0.074872
0.021412 0.026089 0.021142 0.048563 0.523182 0.359603 0.000010
0.000010 0.046569 0.044717 0.051859 0.272476 0.541265 0.043104
0.013098 0.019693 0.067956 0.034972 0.045356 0.759130 0.059797
0.000270 0.006452 0.081392 0.009627 0.034798 0.819861 0.047599
0.000010 0.014504 0.084776 0.024098 0.035708 0.770288 0.070616
0.018590 0.021038 0.067053 0.020601 0.042605 0.762636 0.067476
0.000010 0.024171 0.091290 0.031026 0.041881 0.765978 0.045643
0.006514 0.015984 0.061863 0.038139 0.057816 0.777650 0.042035
0.000010 0.019408 0.076774 0.028701 0.072943 0.731282 0.070883
0.000010 0.000010 0.086502 0.011474 0.034719 0.820350 0.046934
0.021552 0.004692 0.075165 0.019914 0.027987 0.792475 0.058215
0.000010 0.021766 0.080866 0.048255 0.087287 0.729696 0.032120
0.000152 0.009054 0.146554 0.020371 0.027395 0.714542 0.081932
0.016399 0.006335 0.210359 0.040526 0.027854 0.562262 0.136265
0.000010 0.015976 0.085644 0.014411 0.050091 0.767660 0.066208
0.000010 0.024599 0.146156 0.044580 0.055233 0.638050 0.091371
0.000010 0.005911 0.432055 0.020258 0.005744 0.346630 0.189392
0.000010 0.010387 0.108500 0.026709 0.044192 0.732392 0.077809
0.003499 0.008563 0.118914 0.046212 0.038229 0.667710 0.116873
0.015771 0.034915 0.206940 0.048940 0.035269 0.561446 0.096718
0.002836 0.059817 0.029967 0.090441 0.076202 0.722515 0.018222
0.000010 0.027660 0.099148 0.049854 0.030966 0.631028 0.161333
0.018147 0.053113 0.050018 0.073217 0.082879 0.685522 0.037103
0.000010 0.017552 0.150933 0.029220 0.046587 0.585017 0.170682
0.007576 0.042394 0.060864 0.065571 0.113842 0.664614 0.045138
0.014424 0.006672 0.107101 0.039532 0.040331 0.621643 0.170298
0.023320 0.066110 0.032634 0.083310 0.070229 0.667637 0.056759
0.002107 0.000010 0.195019 0.000010 0.027600 0.758920 0.016334
0.003297 0.060853 0.062088 0.070419 0.075195 0.676533 0.051614
0.000010 0.000010 0.206792 0.000010 0.000010 0.750996 0.042173
0.007322 0.024152 0.063851 0.061383 0.061139 0.731338 0.050814
0.008007 0.000010 0.227151 0.003076 0.000010 0.761736 0.000010
0.024059 0.004003 0.162013 0.031133 0.051885 0.535437 0.191471
0.002563 0.066402 0.033223 0.099480 0.080996 0.698729 0.018607
0.015808 0.038010 0.289308 0.011113 0.029311 0.563122 0.053329
0.008426 0.031707 0.132943 0.025617 0.019145 0.632137 0.150025
0.009062 0.060382 0.043945 0.090901 0.088278 0.693907 0.013525
0.007668 0.036493 0.119796 0.030541 0.027759 0.632271 0.145472
0.006792 0.012544 0.054729 0.032223 0.046278 0.795300 0.052134
0.002662 0.012111 0.400575 0.018816 0.043434 0.350643 0.171760
0.005413 0.015150 0.089079 0.031715 0.029842 0.738908 0.089893
0.034121 0.000010 0.271021 0.018582 0.014056 0.595060 0.067150
0.017314 0.002595 0.078352 0.025651 0.044443 0.758901 0.072744
0.046218 0.000010 0.275683 0.000010 0.000010 0.627053 0.051015
0.000010 0.050113 0.035639 0.096544 0.106478 0.687948 0.023268
0.005807 0.000010 0.118310 0.007130 0.017384 0.810382 0.040977
0.000010 0.013425 0.128240 0.037292 0.051914 0.699174 0.069944
0.000010 0.000010 0.121937 0.005458 0.022113 0.830024 0.020449
0.023648 0.071343 0.029818 0.081751 0.081560 0.673098 0.038783
0.000010 0.002750 0.137474 0.000010 0.008799 0.820251 0.030706
0.002301 0.001931 0.117769 0.000010 0.000010 0.836803 0.041176
0.003472 0.041539 0.042149 0.059327 0.046800 0.758462 0.048252
0.059965 0.012734 0.407547 0.000010 0.000010 0.367958 0.151775
0.007135 0.000010 0.199458 0.013385 0.022742 0.681392 0.075878
0.000010 0.016734 0.081301 0.028154 0.069667 0.752173 0.051962
0.057831 0.002340 0.623518 0.000010 0.000010 0.202295 0.113996
0.021672 0.017762 0.116902 0.018545 0.026745 0.758375 0.039999
0.010612 0.050828 0.054830 0.085857 0.071005 0.719036 0.007833
0.000010 0.000010 0.139492 0.003817 0.002376 0.830390 0.023904
0.000010 0.010244 0.079925 0.007121 0.005039 0.820739 0.076922
0.011992 0.065186 0.039027 0.130841 0.092014 0.619364 0.041576
0.000010 0.000010 0.190004 0.000010 0.013492 0.707968 0.088506
0.000010 0.001904 0.101185 0.003139 0.031954 0.803919 0.057890
0.015548 0.053695 0.033963 0.074696 0.123070 0.699017 0.000010
0.022909 0.011182 0.139993 0.011028 0.000010 0.755264 0.059614
0.000010 0.000010 0.038776 0.040095 0.027880 0.844320 0.048909
0.010107 0.051022 0.075544 0.076498 0.091540 0.627234 0.068055
0.052901 0.000010 0.538878 0.000010 0.000010 0.263060 0.145131
0.007819 0.000010 0.256560 0.009252 0.027019 0.638627 0.060713
0.020929 0.055746 0.030340 0.084591 0.101021 0.686587 0.020786
0.000010 0.019792 0.094268 0.023199 0.016750 0.756706 0.089275
0.083023 0.000010 0.606894 0.001814 0.000010 0.223886 0.084363
0.026071 0.053223 0.000010 0.104707 0.084449 0.731530 0.000010
0.000010 0.011471 0.094657 0.011915 0.010265 0.808632 0.063049
0.071331 0.000010 0.464846 0.000010 0.016759 0.326742 0.120302
0.012099 0.039799 0.088054 0.050172 0.071099 0.646105 0.092672
0.046270 0.000501 0.423935 0.000010 0.023935 0.417074 0.088274
0.000010 0.000010 0.103056 0.013772 0.030721 0.810746 0.041685
0.001829 0.058414 0.077576 0.078175 0.076869 0.669207 0.037930
0.019207 0.011751 0.152435 0.039556 0.032216 0.560659 0.184176
0.042619 0.000803 0.344823 0.011372 0.018451 0.495360 0.086573
0.030545 0.072979 0.000010 0.081970 0.099320 0.708724 0.006453
0.000010 0.009043 0.145623 0.026048 0.030890 0.634405 0.153981
0.046943 0.000010 0.500077 0.004338 0.014656 0.346779 0.087197
0.008119 0.074566 0.026618 0.080199 0.085719 0.709135 0.015643
0.021799 0.011117 0.112677 0.032513 0.032161 0.668270 0.121464
0.012988 0.024894 0.077056 0.011646 0.045626 0.736925 0.090865
0.000010 0.056811 0.036412 0.095011 0.117572 0.648020 0.046164
0.014234 0.023580 0.155475 0.041142 0.037825 0.630998 0.096747
0.000010 0.000010 0.177148 0.000010 0.000010 0.769002 0.053810
0.000010 0.065122 0.003223 0.104703 0.115882 0.693213 0.017846
0.002208 0.021563 0.216317 0.010477 0.018877 0.595383 0.135176
0.059277 0.005174 0.476980 0.021358 0.000010 0.330766 0.106434
0.020483 0.060346 0.028740 0.087191 0.077486 0.676496 0.049259
0.014110 0.008258 0.334197 0.004870 0.013741 0.461375 0.163448
0.005952 0.000010 0.067982 0.028416 0.008904 0.789288 0.099448
0.017994 0.064335 0.051221 0.078187 0.089429 0.656229 0.042605
0.016881 0.015772 0.142507 0.032811 0.039141 0.627476 0.125412
0.000010 0.000010 0.111179 0.000010 0.007210 0.828753 0.052827
0.007598 0.056406 0.046621 0.105363 0.074772 0.685547 0.023693
0.006569 0.014006 0.138633 0.046092 0.015007 0.664418 0.115275
0.011009 0.002841 0.352445 0.000010 0.019946 0.532185 0.081564
0.020139 0.081931 0.042517 0.085688 0.103093 0.666621 0.000010
0.000010 0.027299 0.147885 0.019453 0.031698 0.678175 0.095481
0.032936 0.004021 0.316460 0.000010 0.017065 0.543114 0.086394
0.002274 0.068094 0.032842 0.117739 0.092134 0.659770 0.027147
0.003633 0.012765 0.109552 0.023825 0.017229 0.720484 0.112513
0.000010 0.000010 0.111100 0.005531 0.029935 0.812534 0.040881
0.023191 0.045319 0.048710 0.068330 0.067308 0.704916 0.042226
0.000010 0.044690 0.072845 0.078453 0.105209 0.672998 0.025796
0.010984 0.005628 0.204989 0.000010 0.012572 0.700746 0.065070
0.012766 0.061508 0.011926 0.104989 0.071025 0.736732 0.001054
0.073290 0.000010 0.557583 0.000010 0.007358 0.232422 0.129327
0.034876 0.000010 0.570943 0.011875 0.000010 0.276598 0.105687
0.001532 0.018106 0.107872 0.031419 0.027809 0.688257 0.125004
0.000010 0.000010 0.071882 0.027305 0.024852 0.810265 0.065676
0.016085 0.035322 0.138478 0.010599 0.007417 0.625475 0.166622
0.012501 0.010663 0.182817 0.019156 0.034995 0.625417 0.114452
0.000010 0.068938 0.000010 0.178804 0.035414 0.716072 0.000753
0.000010 0.085638 0.042017 0.131125 0.059747 0.662267 0.019196
0.012262 0.093016 0.000010 0.136966 0.051914 0.690101 0.015730
0.005068 0.083063 0.000010 0.171197 0.043054 0.663451 0.034157
0.023921 0.065072 0.000010 0.130480 0.074185 0.679322 0.027010
0.014624 0.063027 0.036520 0.096168 0.070683 0.683237 0.035742
0.009297 0.068201 0.000010 0.113511 0.073323 0.713885 0.021773
0.011602 0.067565 0.000010 0.131649 0.090717 0.698446 0.000010
0.015453 0.056582 0.000010 0.129745 0.095243 0.679838 0.023129
0.026706 0.081766 0.000010 0.125850 0.059787 0.705870 0.000010
0.016700 0.073906 0.000010 0.120323 0.091467 0.697584 0.000010
0.013616 0.066491 0.000010 0.138164 0.044704 0.737005 0.000010
0.040284 0.066866 0.000010 0.131089 0.061492 0.700249 0.000010
0.013602 0.048533 0.032700 0.088653 0.079399 0.713415 0.023698
0.009800 0.086932 0.000010 0.128570 0.095690 0.678988 0.000010
0.017182 0.072489 0.000010 0.128400 0.058225 0.723684 0.000010
0.027391 0.092924 0.010481 0.116222 0.083786 0.669186 0.000010
0.014469 0.072221 0.000010 0.124596 0.094030 0.694663 0.000010
0.011644 0.068031 0.000010 0.131956 0.047630 0.740718 0.000010
0.025227 0.084968 0.000010 0.112429 0.041968 0.735388 0.000010
0.016896 0.075874 0.000010 0.136490 0.072683 0.698038 0.000010
0.017213 0.064563 0.022332 0.093949 0.070984 0.686286 0.044673
0.026379 0.053583 0.000010 0.110411 0.052009 0.757598 0.000010
0.007158 0.056109 0.000010 0.106365 0.031327 0.799022 0.000010
0.022703 0.037679 0.000010 0.113567 0.063561 0.762470 0.000010
0.000032 0.046611 0.000010 0.105914 0.026085 0.821338 0.000010
0.019586 0.052421 0.000010 0.115809 0.063369 0.748795 0.000010
0.027040 0.057597 0.000010 0.103823 0.042186 0.765429 0.003915
0.012974 0.046577 0.000010 0.089408 0.030104 0.813736 0.007190
0.033358 0.077733 0.000010 0.113259 0.130801 0.642033 0.002806
0.023116 0.077017 0.015781 0.122402 0.080623 0.662216 0.018843
0.008711 0.056509 0.000010 0.104001 0.009747 0.821011 0.000010
0.006513 0.045270 0.000010 0.116471 0.000010 0.831716 0.000010
0.024146 0.053318 0.013372 0.100806 0.084555 0.715682 0.008120
0.019917 0.046530 0.069716 0.107938 0.079261 0.637338 0.039300
0.012475 0.054138 0.051325 0.106523 0.076348 0.690457 0.008735
0.000010 0.055902 0.042178 0.063944 0.079948 0.705531 0.052488
0.000010 0.000010 0.000010 0.000010 0.999940 0.000010 0.000010
0.000010 0.000010 0.000010 0.000010 0.999940 0.000010 0.000010
0.000010 0.021466 0.000010 0.008937 0.753545 0.216022 0.000010
0.000010 0.009975 0.000010 0.002669 0.769805 0.217521 0.000010
0.000010 0.000015 0.000010 0.000010 0.999935 0.000010 0.000010
0.007774 0.000010 0.000010 0.008356 0.830204 0.153636 0.000010
0.000010 0.000010 0.000010 0.000010 0.999940 0.000010 0.000010
0.000010 0.020379 0.000010 0.027163 0.697932 0.254497 0.000010
0.000010 0.013264 0.000010 0.004116 0.794262 0.188329 0.000010
0.007304 0.031111 0.000010 0.023950 0.726886 0.210729 0.000010
0.003228 0.020806 0.000010 0.000787 0.774108 0.201051 0.000010
0.000010 0.010128 0.000010 0.000010 0.912051 0.077782 0.000010
0.000010 0.000010 0.000010 0.000010 0.999940 0.000010 0.000010
0.000010 0.005316 0.000010 0.000010 0.832745 0.161899 0.000010
0.000010 0.000010 0.000010 0.000010 0.999940 0.000010 0.000010
0.000010 0.000010 0.000010 0.000010 0.999940 0.000010 0.000010
0.000010 0.000010 0.000010 0.010436 0.917303 0.072221 0.000010
0.000010 0.000010 0.000010 0.000010 0.999940 0.000010 0.000010
0.000010 0.016877 0.000010 0.023311 0.767819 0.191962 0.000010
0.000010 0.006615 0.000010 0.033845 0.700268 0.259242 0.000010
0.000010 0.012713 0.017041 0.023567 0.818404 0.128254 0.000010
0.000010 0.027280 0.000010 0.038919 0.749528 0.184242 0.000010
