0.074107 0.819689 0.106203
0.067925 0.824180 0.107895
0.000010 0.999980 0.000010
0.000010 0.999980 0.000010
0.000719 0.999271 0.000010
0.000010 0.999980 0.000010
0.091686 0.865418 0.042896
0.000010 0.999980 0.000010
0.000010 0.999980 0.000010
0.000010 0.999980 0.000010
0.000010 0.999980 0.000010
0.000010 0.999980 0.000010
0.093583 0.906407 0.000010
0.002033 0.997957 0.000010
0.000010 0.999980 0.000010
0.009564 0.990426 0.000010
0.003137 0.996853 0.000010
0.000010 0.999980 0.000010
0.000010 0.999980 0.000010
0.101297 0.843889 0.054813
0.034420 0.965570 0.000010
0.024474 0.972384 0.003142
0.000010 0.999980 0.000010
0.000010 0.999980 0.000010
0.000010 0.999471 0.000519
0.000010 0.999980 0.000010
0.000010 0.999980 0.000010
0.055565 0.867075 0.077360
0.000010 0.999980 0.000010
0.229006 0.711302 0.059692
0.101038 0.836489 0.062472
0.165887 0.774301 0.059812
0.444460 0.399306 0.156234
0.452956 0.396068 0.150976
0.395155 0.456486 0.148359
0.453086 0.391230 0.155684
0.434285 0.386469 0.179245
0.549720 0.258984 0.191296
0.447554 0.402884 0.149562
0.454755 0.254136 0.291109
0.378107 0.298510 0.323383
0.373689 0.356037 0.270274
0.448994 0.222178 0.328828
0.387273 0.341382 0.271345
0.425447 0.276750 0.297803
0.434948 0.267155 0.297896
0.367318 0.259017 0.373665
0.257603 0.515390 0.227007
0.267156 0.509235 0.223609
0.254659 0.497445 0.247896
0.255640 0.531232 0.213128
0.279168 0.484661 0.236170
0.274100 0.487296 0.238604
0.268801 0.506395 0.224804
0.280574 0.489641 0.229786
0.234886 0.512720 0.252394
0.202405 0.574280 0.223314
0.271887 0.538396 0.189717
0.255600 0.498368 0.246033
0.100007 0.898559 0.001433
0.287368 0.483881 0.228751
0.260510 0.470004 0.269486
0.999980 0.000010 0.000010
0.999977 0.000013 0.000010
0.999980 0.000010 0.000010
0.999980 0.000010 0.000010
0.938618 0.021450 0.039931
0.999980 0.000010 0.000010
0.999980 0.000010 0.000010
0.999980 0.000010 0.000010
0.999980 0.000010 0.000010
0.967858 0.000010 0.032132
0.999980 0.000010 0.000010
0.929363 0.000010 0.070627
0.869931 0.073897 0.056172
0.999980 0.000010 0.000010
0.131441 0.167329 0.701230
0.154214 0.148367 0.697420
0.122826 0.186445 0.690729
0.183718 0.155417 0.660864
0.099272 0.186055 0.714673
0.169645 0.181378 0.648978
0.135913 0.169985 0.694102
0.103550 0.192059 0.704391
0.518757 0.090566 0.390677
0.508613 0.114336 0.377051
0.531625 0.097870 0.370505
0.519308 0.098237 0.382455
0.499156 0.090977 0.409867
0.498061 0.110852 0.391087
0.523872 0.116372 0.359756
0.527890 0.096297 0.375812
0.518344 0.100119 0.381537
0.542956 0.085952 0.371092
0.523618 0.091155 0.385227
0.498756 0.112596 0.388648
0.522801 0.093753 0.383446
0.535474 0.106316 0.358210
0.497054 0.118391 0.384556
0.517783 0.111733 0.370484
0.503894 0.100717 0.395389
0.516366 0.094938 0.388696
0.512415 0.107950 0.379635
0.531622 0.068478 0.399900
0.539564 0.088914 0.371522
0.548766 0.087705 0.363530
0.506475 0.092875 0.400651
0.543517 0.076283 0.380200
0.494661 0.123454 0.381885
0.465799 0.109059 0.425142
0.236418 0.096740 0.666842
0.319075 0.169515 0.511411
0.203616 0.106067 0.690317
0.332223 0.245238 0.422540
0.322045 0.190996 0.486959
0.230931 0.154543 0.614526
0.192615 0.090464 0.716921
0.297096 0.196259 0.506645
0.335097 0.197607 0.467296
0.239058 0.170657 0.590285
0.222473 0.086365 0.691163
0.276057 0.119523 0.604420
0.526735 0.110573 0.362692
0.516142 0.105364 0.378494
0.275664 0.117592 0.606744
0.207287 0.099985 0.692728
0.225088 0.144895 0.630017
0.350722 0.184935 0.464343
0.330693 0.173497 0.495810
0.207305 0.116109 0.676586
0.280111 0.146786 0.573103
0.221186 0.079298 0.699516
0.223143 0.117010 0.659846
0.196655 0.117293 0.686052
0.291502 0.132745 0.575753
0.499600 0.112648 0.387752
0.320625 0.224708 0.454667
0.265831 0.125027 0.609142
0.255544 0.186247 0.558209
0.223223 0.115138 0.661639
0.211501 0.084216 0.704283
0.327287 0.169474 0.503238
0.250892 0.145649 0.603459
0.246244 0.142468 0.611288
0.356722 0.204242 0.439036
0.321591 0.189094 0.489315
0.237811 0.171086 0.591104
0.258111 0.217632 0.524258
0.246318 0.168003 0.585679
0.265427 0.187531 0.547042
0.289898 0.204477 0.505626
0.298528 0.161615 0.539857
0.272637 0.149947 0.577416
0.255506 0.204838 0.539655
0.238115 0.175995 0.585890
0.293658 0.205764 0.500578
0.275415 0.350199 0.374387
0.235918 0.404378 0.359705
0.234396 0.414304 0.351299
0.270212 0.579227 0.150560
0.259022 0.425701 0.315277
0.234602 0.412671 0.352727
0.246231 0.380420 0.373349
0.220161 0.447175 0.332664
0.270545 0.219630 0.509825
0.254742 0.405390 0.339868
0.206568 0.188031 0.605402
0.238567 0.195472 0.565960
0.213119 0.194845 0.592037
0.219125 0.202971 0.577903
0.213634 0.193262 0.593105
0.218053 0.187391 0.594556
0.241073 0.180400 0.578527
0.240815 0.173110 0.586075
0.216985 0.193462 0.589553
0.217187 0.189989 0.592824
0.876005 0.087036 0.036959
0.613691 0.169777 0.216532
0.697638 0.119855 0.182507
0.824270 0.079212 0.096518
0.731380 0.127147 0.141473
0.649235 0.151756 0.199008
0.745175 0.098517 0.156308
0.928843 0.038373 0.032784
0.604783 0.160284 0.234933
0.670975 0.132689 0.196336
0.600456 0.156787 0.242758
0.588442 0.185915 0.225643
0.640992 0.153219 0.205788
0.638018 0.151554 0.210428
0.654064 0.138435 0.207501
0.657830 0.119981 0.222188
0.640906 0.148938 0.210156
0.645453 0.138990 0.215558
0.516334 0.214619 0.269047
0.456610 0.189070 0.354319
0.452536 0.229020 0.318444
0.492180 0.185988 0.321832
0.461945 0.212949 0.325106
0.438389 0.212588 0.349023
0.595351 0.151207 0.253441
0.797522 0.082528 0.119950
0.824631 0.048342 0.127028
0.564046 0.172756 0.263199
0.581493 0.152559 0.265949
0.841620 0.069832 0.088548
0.606871 0.149159 0.243970
0.721893 0.099538 0.178569
0.535300 0.189084 0.275616
0.571631 0.163229 0.265140
0.556812 0.147480 0.295708
0.513897 0.204222 0.281882
0.533857 0.158353 0.307790
0.527273 0.199543 0.273184
0.509088 0.199086 0.291826
0.357472 0.235291 0.407237
0.336015 0.234323 0.429662
0.362286 0.246695 0.391019
0.361584 0.249930 0.388486
0.350874 0.246669 0.402458
0.347564 0.260035 0.392401
0.357187 0.232011 0.410802
0.327229 0.211346 0.461425
0.382718 0.236556 0.380726
0.344886 0.251944 0.403170
0.142488 0.101623 0.755889
0.132595 0.086920 0.780485
0.115573 0.071510 0.812917
0.101864 0.074057 0.824079
0.133825 0.100125 0.766050
0.120039 0.070055 0.809907
0.120755 0.099570 0.779674
0.149116 0.096621 0.754262
0.141125 0.086651 0.772223
0.125178 0.092868 0.781954
0.152012 0.214445 0.633543
0.132825 0.190652 0.676523
0.137995 0.245037 0.616968
0.126049 0.221707 0.652244
0.125958 0.195518 0.678524
0.103970 0.212410 0.683619
0.165074 0.210868 0.624058
0.177123 0.198827 0.624051
0.212905 0.111798 0.675296
0.250422 0.156223 0.593355
0.276145 0.129662 0.594193
0.224296 0.140398 0.635306
0.208069 0.153926 0.638005
0.226571 0.145694 0.627735
0.232700 0.115287 0.652013
0.248514 0.141250 0.610236
0.223111 0.146465 0.630424
0.244232 0.136313 0.619454
0.293306 0.345086 0.361607
0.254458 0.381067 0.364475
0.263318 0.386474 0.350208
0.268314 0.417422 0.314264
0.248028 0.422215 0.329757
0.241536 0.418424 0.340040
0.280556 0.410183 0.309261
0.276268 0.418813 0.304919
0.258864 0.429338 0.311798
0.351361 0.341917 0.306722
0.301742 0.399176 0.299083
0.322905 0.433169 0.243926
0.342646 0.361442 0.295912
0.357834 0.327842 0.314324
0.334648 0.344663 0.320689
0.373340 0.329865 0.296795
0.310750 0.354247 0.335003
0.320924 0.365081 0.313995
0.347774 0.380578 0.271648
0.000010 0.000010 0.999980
0.000010 0.000010 0.999980
0.003826 0.000010 0.996164
0.363350 0.218305 0.418345
0.000010 0.000010 0.999980
0.000010 0.000010 0.999980
0.023130 0.000010 0.976860
0.478026 0.127114 0.394860
0.000010 0.000010 0.999980
0.009350 0.000010 0.990640
0.009130 0.000010 0.990860
0.464926 0.149482 0.385592
0.042127 0.000010 0.957863
0.019722 0.000010 0.980268
0.000010 0.000010 0.999980
0.051810 0.000010 0.948180
0.000010 0.000010 0.999980
0.001692 0.000010 0.998298
0.467063 0.162856 0.370081
0.000010 0.000010 0.999980
0.037505 0.000010 0.962485
0.454915 0.165446 0.379639
0.000010 0.000010 0.999980
0.028769 0.000010 0.971221
0.494056 0.121892 0.384053
0.156899 0.113087 0.730015
0.168444 0.118698 0.712857
0.170686 0.098338 0.730975
0.168843 0.107983 0.723174
0.170217 0.101609 0.728174
0.176786 0.106660 0.716554
0.175888 0.090351 0.733760
0.153423 0.096869 0.749707
0.161613 0.204470 0.633917
0.153789 0.109997 0.736214
0.106844 0.191116 0.702039
0.141246 0.221580 0.637174
0.198547 0.169921 0.631532
0.161698 0.215535 0.622767
0.193091 0.168605 0.638304
0.079076 0.199036 0.721888
0.082205 0.208340 0.709455
0.167418 0.199539 0.633043
0.876875 0.025959 0.097166
0.977344 0.000010 0.022646
0.999980 0.000010 0.000010
0.999980 0.000010 0.000010
0.999980 0.000010 0.000010
0.987470 0.012520 0.000010
0.999980 0.000010 0.000010
0.988930 0.000010 0.011060
0.999980 0.000010 0.000010
0.999980 0.000010 0.000010
0.999980 0.000010 0.000010
0.357684 0.316787 0.325528
0.349430 0.307785 0.342785
0.301581 0.363486 0.334933
0.341617 0.291901 0.366482
0.310726 0.432056 0.257217
0.264533 0.556701 0.178766
0.201973 0.597487 0.200540
0.256042 0.553519 0.190439
0.228706 0.609365 0.161929
0.223643 0.566437 0.209920
0.251105 0.555356 0.193539
0.221816 0.580799 0.197385
0.254819 0.536784 0.208396
0.219083 0.642323 0.138594
0.247475 0.594553 0.157972
0.219282 0.567934 0.212784
0.209614 0.605700 0.184686
0.138000 0.791987 0.070013
0.247612 0.648922 0.103466
0.084628 0.847025 0.068347
0.180712 0.756337 0.062951
0.256915 0.630562 0.112522
0.266943 0.618036 0.115021
0.286838 0.612258 0.100904
0.265342 0.614532 0.120126
0.255069 0.632544 0.112386
0.240783 0.656762 0.102456
0.272205 0.621814 0.105982
0.268193 0.622942 0.108865
0.274192 0.594766 0.131042
0.230978 0.667582 0.101440
0.291103 0.554380 0.154516
0.309630 0.476798 0.213573
0.275563 0.616492 0.107946
0.274882 0.577445 0.147673
0.360799 0.293903 0.345298
0.287003 0.595731 0.117266
0.302705 0.559044 0.138250
0.262691 0.525569 0.211740
0.190384 0.734621 0.074995
0.333657 0.552188 0.114155
0.206096 0.694519 0.099385
0.346242 0.508361 0.145396
0.208971 0.693864 0.097165
0.346041 0.522195 0.131763
0.209613 0.695411 0.094976
0.241109 0.556472 0.202419
0.218149 0.689171 0.092680
0.268940 0.524016 0.207043
0.234428 0.656839 0.108733
0.224246 0.534025 0.241729
0.350905 0.465366 0.183729
0.182608 0.745226 0.072166
0.247024 0.483997 0.268979
0.332456 0.516182 0.151362
0.176035 0.735612 0.088352
0.319105 0.538309 0.142586
0.255490 0.639082 0.105428
0.328824 0.345790 0.325385
0.287821 0.594311 0.117868
0.264460 0.456915 0.278625
0.275476 0.600890 0.123634
0.261039 0.434616 0.304345
0.186977 0.740176 0.072847
0.266790 0.585249 0.147961
0.264464 0.596190 0.139347
0.249324 0.612407 0.138269
0.198812 0.712792 0.088396
0.270073 0.569391 0.160536
0.261007 0.590665 0.148328
0.230348 0.683862 0.085789
0.322354 0.278930 0.398716
0.275186 0.518729 0.206086
0.250691 0.644796 0.104513
0.276501 0.174162 0.549337
0.245326 0.596498 0.158176
0.179289 0.722672 0.098039
0.264250 0.588288 0.147463
0.300299 0.593114 0.106587
0.186254 0.731608 0.082138
0.314759 0.503734 0.181507
0.278842 0.593653 0.127505
0.158400 0.749256 0.092344
0.278961 0.541281 0.179759
0.260151 0.654274 0.085575
0.228689 0.666307 0.105003
0.309659 0.207178 0.483163
0.269937 0.488745 0.241317
0.185385 0.725210 0.089405
0.297531 0.586851 0.115619
0.241626 0.193517 0.564857
0.163861 0.759557 0.076582
0.284917 0.589783 0.125300
0.286701 0.265549 0.447750
0.256935 0.619817 0.123248
0.266450 0.334338 0.399212
0.261126 0.610704 0.128170
0.202198 0.697983 0.099818
0.353297 0.479314 0.167388
0.268822 0.393526 0.337653
0.174140 0.750320 0.075541
0.337587 0.515743 0.146670
0.262962 0.283897 0.453140
0.182312 0.743007 0.074680
0.309609 0.540916 0.149476
0.290341 0.593187 0.116472
0.196413 0.734716 0.068870
0.276096 0.550147 0.173757
0.285496 0.529639 0.184865
0.175823 0.778871 0.045306
0.321093 0.475061 0.203846
0.271230 0.284234 0.444536
0.211851 0.701127 0.087021
0.341532 0.361596 0.296873
0.307443 0.586539 0.106018
0.199598 0.701472 0.098930
0.307021 0.527848 0.165131
0.290574 0.574235 0.135191
0.181347 0.730310 0.088343
0.300031 0.541356 0.158612
0.280080 0.405905 0.314015
0.153750 0.750955 0.095296
0.291862 0.558688 0.149450
0.280590 0.409170 0.310239
0.179887 0.748524 0.071589
0.313411 0.555381 0.131209
0.262361 0.601515 0.136125
0.214696 0.678382 0.106922
0.189282 0.713034 0.097684
0.280607 0.508748 0.210645
0.173081 0.755330 0.071590
0.290328 0.194280 0.515391
0.284817 0.226842 0.488341
0.312702 0.558428 0.128870
0.281981 0.615082 0.102937
0.347844 0.493210 0.158946
0.305160 0.507306 0.187534
0.162498 0.806765 0.030737
0.178794 0.751243 0.069963
0.167964 0.775594 0.056442
0.179267 0.785034 0.035699
0.175841 0.753848 0.070311
0.191349 0.719160 0.089491
0.179791 0.762987 0.057222
0.147925 0.799750 0.052325
0.172357 0.766430 0.061214
0.133590 0.782092 0.084318
0.139413 0.793887 0.066700
0.154478 0.793607 0.051914
0.145022 0.770099 0.084879
0.186154 0.727145 0.086701
0.119633 0.812849 0.067518
0.128087 0.808164 0.063750
0.091550 0.802372 0.106078
0.140032 0.796230 0.063738
0.127227 0.820663 0.052110
0.136929 0.782116 0.080956
0.116298 0.801490 0.082212
0.202615 0.718945 0.078441
0.166778 0.762416 0.070805
0.139512 0.796418 0.064070
0.152211 0.771766 0.076023
0.149619 0.801157 0.049224
0.138458 0.797848 0.063694
0.177191 0.756340 0.066470
0.185209 0.746372 0.068419
0.146791 0.775326 0.077883
0.167063 0.751011 0.081926
0.163221 0.786726 0.050053
0.186016 0.776615 0.037369
0.169374 0.744960 0.085666
0.193067 0.688785 0.118148
0.176098 0.726394 0.097509
0.223584 0.703824 0.072592
0.000010 0.999980 0.000010
0.000010 0.999980 0.000010
0.052627 0.924775 0.022598
0.059250 0.936819 0.003931
0.015541 0.982225 0.002234
0.011488 0.959564 0.028948
0.000010 0.999980 0.000010
0.043961 0.940914 0.015125
0.003116 0.966191 0.030693
0.050752 0.920664 0.028584
0.053299 0.932753 0.013948
0.048892 0.951098 0.000010
0.000010 0.999980 0.000010
0.043538 0.956452 0.000010
0.000010 0.999980 0.000010
0.014113 0.985877 0.000010
0.014315 0.985675 0.000010
0.000010 0.999980 0.000010
0.057742 0.927962 0.014296
0.063060 0.916749 0.020191
0.036885 0.944304 0.018812
0.040650 0.956663 0.002687
