0.103307 0.066602 0.547546 0.282545
0.102118 0.071211 0.564090 0.262581
0.000010 0.000010 0.999970 0.000010
0.000010 0.000010 0.787638 0.212342
0.000010 0.001279 0.774158 0.224552
0.000010 0.000010 0.713433 0.286547
0.037803 0.088278 0.493872 0.380047
0.000010 0.000010 0.999970 0.000010
0.000010 0.000010 0.711792 0.288188
0.000010 0.000010 0.785586 0.214394
0.000010 0.000010 0.827197 0.172783
0.000010 0.000010 0.999970 0.000010
0.000010 0.049343 0.950637 0.000010
0.000010 0.000010 0.999970 0.000010
0.000010 0.000010 0.999970 0.000010
0.000010 0.000010 0.999970 0.000010
0.000010 0.000010 0.999970 0.000010
0.000010 0.000010 0.999970 0.000010
0.000010 0.000010 0.999970 0.000010
0.043387 0.107660 0.598313 0.250640
0.000010 0.000016 0.999964 0.000010
0.000010 0.000010 0.999970 0.000010
0.000010 0.000010 0.999970 0.000010
0.000010 0.000010 0.999970 0.000010
0.000010 0.000010 0.999970 0.000010
0.000010 0.000010 0.999970 0.000010
0.000010 0.000010 0.999970 0.000010
0.054021 0.037604 0.908365 0.000010
0.000010 0.000010 0.856606 0.143374
0.060157 0.213688 0.412516 0.313639
0.056982 0.096144 0.450016 0.396858
0.053231 0.167868 0.520585 0.258315
0.155179 0.422158 0.088863 0.333799
0.148871 0.432870 0.083977 0.334282
0.146533 0.382504 0.155392 0.315572
0.152926 0.436814 0.070075 0.340184
0.174826 0.411181 0.070229 0.343764
0.192050 0.535884 0.084745 0.187321
0.147411 0.424805 0.072017 0.355768
0.278120 0.414456 0.000010 0.307413
0.323654 0.353108 0.034274 0.288964
0.267450 0.352319 0.073483 0.306748
0.328457 0.436493 0.071889 0.163161
0.267859 0.369215 0.076222 0.286704
0.292380 0.404220 0.016069 0.287331
0.296249 0.415369 0.046687 0.241695
0.371662 0.349798 0.037237 0.241303
0.223721 0.240849 0.150788 0.384641
0.219958 0.250591 0.158530 0.370921
0.243875 0.238313 0.133657 0.384155
0.209204 0.238550 0.156647 0.395599
0.232433 0.261561 0.133553 0.372453
0.235067 0.254766 0.127295 0.382871
0.221922 0.249345 0.121569 0.407164
0.226676 0.262821 0.139233 0.371271
0.248925 0.218286 0.153690 0.379099
0.220276 0.189774 0.243625 0.346325
0.186546 0.257927 0.195188 0.360338
0.242263 0.238364 0.136018 0.383355
0.000010 0.062386 0.131774 0.805830
0.225701 0.268766 0.131864 0.373669
0.265050 0.242674 0.125567 0.366709
0.000010 0.999970 0.000010 0.000010
0.000010 0.999970 0.000010 0.000010
0.000010 0.999970 0.000010 0.000010
0.000010 0.999970 0.000010 0.000010
0.036574 0.930545 0.000010 0.032870
0.000010 0.999970 0.000010 0.000010
0.000010 0.999970 0.000010 0.000010
0.000010 0.999970 0.000010 0.000010
0.000010 0.999970 0.000010 0.000010
0.032559 0.967421 0.000010 0.000010
0.000010 0.999970 0.000010 0.000010
0.068378 0.924004 0.000010 0.007608
0.054836 0.864052 0.020106 0.061006
0.000010 0.999970 0.000010 0.000010
0.698032 0.121169 0.040777 0.140022
0.693824 0.145545 0.038902 0.121730
0.687010 0.113866 0.058549 0.140574
0.657683 0.172822 0.038222 0.131274
0.712512 0.090896 0.071431 0.125161
0.644819 0.158628 0.036714 0.159839
0.689985 0.126459 0.046110 0.137445
0.701884 0.095474 0.073145 0.129497
0.388683 0.508728 0.005428 0.097161
0.375191 0.496449 0.005571 0.122788
0.368049 0.520780 0.000576 0.110595
0.380425 0.509140 0.007923 0.102512
0.403463 0.482014 0.000010 0.114513
0.389087 0.486896 0.010748 0.113269
0.357638 0.514014 0.011244 0.117104
0.373624 0.518371 0.016984 0.091021
0.373591 0.499191 0.000010 0.127208
0.366291 0.529494 0.000010 0.104205
0.383661 0.513806 0.006017 0.096516
0.385168 0.486882 0.000010 0.127939
0.376162 0.502259 0.000010 0.121570
0.356787 0.524579 0.010398 0.108236
0.381855 0.484572 0.000010 0.133564
0.368597 0.508167 0.022166 0.101070
0.387243 0.483912 0.000010 0.128836
0.382861 0.498895 0.000010 0.118234
0.377000 0.500790 0.012370 0.109841
0.390678 0.509799 0.000010 0.099513
0.369245 0.528741 0.000010 0.102004
0.360431 0.534564 0.000010 0.104996
0.396297 0.492021 0.000010 0.111672
0.375131 0.528423 0.000010 0.096436
0.379471 0.482232 0.016390 0.121906
0.423379 0.453888 0.011808 0.110926
0.663606 0.225457 0.000010 0.110927
0.506312 0.302645 0.000017 0.191026
0.687618 0.191663 0.001279 0.119440
0.418083 0.319000 0.039132 0.223784
0.482409 0.307815 0.011482 0.198294
0.611403 0.218864 0.017728 0.152005
0.709015 0.176357 0.000010 0.114618
0.502993 0.282698 0.014433 0.199876
0.464452 0.322108 0.033637 0.179803
0.586398 0.226745 0.017240 0.169617
0.684567 0.205284 0.000010 0.110139
0.602041 0.265553 0.013063 0.119342
0.360142 0.515870 0.010082 0.113906
0.372703 0.499866 0.000010 0.127421
0.603085 0.264370 0.003428 0.129117
0.690061 0.198683 0.020442 0.090813
0.621880 0.208061 0.000010 0.170049
0.461192 0.335904 0.018622 0.184282
0.493112 0.317958 0.011973 0.176956
0.671782 0.193328 0.000010 0.134879
0.570008 0.268458 0.017640 0.143894
0.693029 0.204976 0.000010 0.101985
0.655042 0.209848 0.000010 0.135100
0.682591 0.184998 0.006674 0.125737
0.572006 0.278931 0.000010 0.149054
0.385347 0.487980 0.005921 0.120752
0.451503 0.306535 0.038220 0.203742
0.607227 0.255053 0.012954 0.124765
0.554941 0.242349 0.025240 0.177470
0.656906 0.210044 0.000010 0.133040
0.698588 0.196672 0.000010 0.104730
0.499335 0.314427 0.012827 0.173411
0.599644 0.239132 0.005944 0.155281
0.607537 0.234740 0.021079 0.136643
0.435433 0.341396 0.018403 0.204768
0.485694 0.307382 0.020566 0.186358
0.587544 0.226921 0.023578 0.161957
0.519590 0.243269 0.025895 0.211246
0.583401 0.234883 0.021745 0.159971
0.544779 0.254548 0.046313 0.154360
0.502157 0.276502 0.020558 0.200783
0.536874 0.286349 0.028685 0.148092
0.572744 0.258106 0.000010 0.169140
0.534990 0.240809 0.009384 0.214817
0.582118 0.225321 0.015404 0.177157
0.496573 0.279684 0.018780 0.204963
0.371716 0.259451 0.078655 0.290179
0.355888 0.218316 0.102116 0.323680
0.346600 0.218829 0.100414 0.334157
0.147848 0.247385 0.147460 0.457307
0.311440 0.240002 0.082781 0.365778
0.347772 0.217034 0.087193 0.348002
0.369540 0.226984 0.057608 0.345868
0.328968 0.201982 0.086613 0.382437
0.506320 0.256048 0.024239 0.213393
0.335836 0.236745 0.096495 0.330925
0.602218 0.192751 0.030626 0.174405
0.561195 0.225504 0.023098 0.190203
0.587408 0.200691 0.023972 0.187928
0.574440 0.205816 0.035221 0.184524
0.589352 0.201780 0.024098 0.184770
0.591172 0.206167 0.038327 0.164334
0.572712 0.226687 0.008457 0.192144
0.583533 0.226843 0.005851 0.183773
0.584809 0.202562 0.005163 0.207466
0.589026 0.205248 0.027924 0.177802
0.035598 0.869456 0.014778 0.080167
0.213443 0.600513 0.029238 0.156805
0.181013 0.689112 0.028196 0.101679
0.094672 0.816774 0.012502 0.076053
0.139465 0.722559 0.027069 0.110907
0.196268 0.637828 0.018145 0.147758
0.154817 0.738205 0.025164 0.081814
0.031890 0.923646 0.001754 0.042710
0.233222 0.595097 0.050379 0.121302
0.194048 0.657629 0.022380 0.125943
0.240302 0.589491 0.029238 0.140969
0.223066 0.575713 0.033612 0.167610
0.203446 0.631079 0.037425 0.128050
0.208100 0.624471 0.015438 0.151991
0.206086 0.645280 0.044875 0.103759
0.219911 0.647428 0.017283 0.115379
0.208313 0.631035 0.041381 0.119271
0.213329 0.633613 0.020156 0.132902
0.266257 0.504167 0.055652 0.173925
0.351100 0.442283 0.018422 0.188195
0.315926 0.438532 0.048064 0.197478
0.318606 0.477425 0.022238 0.181731
0.321036 0.447879 0.009414 0.221671
0.345999 0.421901 0.027905 0.204195
0.251424 0.583316 0.025654 0.139606
0.118843 0.788990 0.014804 0.077363
0.120467 0.809926 0.000010 0.069597
0.261246 0.552910 0.049401 0.136443
0.263864 0.571324 0.037098 0.127714
0.087973 0.835431 0.018023 0.058573
0.241325 0.595641 0.000010 0.163024
0.175969 0.712521 0.016489 0.095022
0.273592 0.521513 0.021413 0.183482
0.263533 0.559822 0.034732 0.141913
0.293260 0.545405 0.025489 0.135846
0.279310 0.500508 0.044280 0.175903
0.304815 0.521601 0.018291 0.155293
0.269797 0.513826 0.025481 0.190896
0.289084 0.495856 0.041669 0.173391
0.403606 0.342345 0.029057 0.224991
0.426605 0.323461 0.060516 0.189418
0.386979 0.345931 0.023661 0.243430
0.384494 0.347473 0.043583 0.224450
0.398187 0.335882 0.041657 0.224275
0.388310 0.333715 0.046693 0.231282
0.405830 0.340861 0.026272 0.227037
0.458357 0.314813 0.037318 0.189513
0.377748 0.368756 0.051288 0.202208
0.398301 0.328234 0.026792 0.246674
0.751095 0.128284 0.000010 0.120611
0.776470 0.119863 0.000010 0.103657
0.809062 0.106182 0.000010 0.084746
0.819007 0.091048 0.000010 0.089935
0.763504 0.124589 0.007254 0.104653
0.807331 0.110638 0.000194 0.081837
0.775185 0.107588 0.000010 0.117217
0.751109 0.140361 0.005557 0.102974
0.767431 0.130231 0.000010 0.102327
0.779123 0.115869 0.012248 0.092760
0.628620 0.140492 0.029179 0.201709
0.674124 0.119775 0.018688 0.187413
0.612773 0.126355 0.052316 0.208556
0.648465 0.115056 0.051172 0.185307
0.675181 0.115204 0.049412 0.160203
0.679289 0.092852 0.038246 0.189614
0.619578 0.153402 0.044769 0.182251
0.620249 0.165144 0.039358 0.175249
0.673308 0.202291 0.010067 0.114334
0.590600 0.238551 0.023382 0.147466
0.591070 0.265512 0.003951 0.139467
0.632018 0.211526 0.000010 0.156445
0.636101 0.196846 0.034281 0.132771
0.625069 0.214874 0.010446 0.149611
0.648571 0.219388 0.000010 0.132031
0.607869 0.238130 0.027615 0.126386
0.626825 0.211238 0.016345 0.145592
0.616879 0.232624 0.015069 0.135428
0.357587 0.275767 0.075109 0.291536
0.360008 0.238216 0.087756 0.314021
0.346349 0.246412 0.079974 0.327266
0.310841 0.252526 0.103688 0.332946
0.325099 0.230746 0.092915 0.351239
0.335823 0.224050 0.084645 0.355483
0.304516 0.261579 0.077963 0.355942
0.301692 0.260090 0.114700 0.323518
0.307563 0.240352 0.086112 0.365974
0.303019 0.334461 0.070958 0.291561
0.295495 0.286724 0.114860 0.302921
0.240214 0.303792 0.100659 0.355335
0.292350 0.327235 0.093301 0.287114
0.308942 0.341055 0.059304 0.290698
0.317335 0.318653 0.081682 0.282331
0.292991 0.357469 0.078268 0.271272
0.331432 0.295430 0.087963 0.285175
0.309734 0.306755 0.092669 0.290842
0.267550 0.330377 0.091009 0.311064
0.999970 0.000010 0.000010 0.000010
0.999966 0.000014 0.000010 0.000010
0.996728 0.003252 0.000010 0.000010
0.414677 0.349305 0.022860 0.213157
0.999970 0.000010 0.000010 0.000010
0.999970 0.000010 0.000010 0.000010
0.977628 0.022352 0.000010 0.000010
0.392733 0.466794 0.022756 0.117716
0.999970 0.000010 0.000010 0.000010
0.991100 0.008880 0.000010 0.000010
0.991717 0.008263 0.000010 0.000010
0.383020 0.451855 0.019810 0.145315
0.955850 0.038998 0.000010 0.005142
0.980675 0.019305 0.000010 0.000010
0.999970 0.000010 0.000010 0.000010
0.949059 0.050921 0.000010 0.000010
0.999970 0.000010 0.000010 0.000010
0.998857 0.001118 0.000014 0.000010
0.366795 0.452873 0.012061 0.168272
0.999970 0.000010 0.000010 0.000010
0.963029 0.036951 0.000010 0.000010
0.376512 0.441667 0.017258 0.164564
0.999970 0.000010 0.000010 0.000010
0.971174 0.028479 0.000010 0.000336
0.380643 0.481386 0.000010 0.137961
0.726342 0.146999 0.019064 0.107594
0.710384 0.159632 0.017324 0.112660
0.728912 0.161666 0.018598 0.090824
0.721110 0.158709 0.003873 0.116308
0.725016 0.160268 0.007300 0.107416
0.713415 0.167279 0.015662 0.103643
0.731489 0.165594 0.002131 0.100786
0.741406 0.136554 0.000010 0.122031
0.631348 0.152600 0.074617 0.141435
0.733924 0.143370 0.019948 0.102757
0.698688 0.097829 0.060561 0.142922
0.634553 0.133394 0.088958 0.143095
0.627624 0.186036 0.033936 0.152404
0.619272 0.151912 0.064576 0.164240
0.635760 0.182596 0.053217 0.128427
0.718593 0.070241 0.067363 0.143802
0.705763 0.073263 0.063492 0.157483
0.629709 0.158224 0.070117 0.141950
0.095439 0.871247 0.002771 0.030543
0.022104 0.973392 0.000010 0.004494
0.000010 0.999970 0.000010 0.000010
0.000010 0.992834 0.000010 0.007146
0.000010 0.999970 0.000010 0.000010
0.000010 0.982508 0.004173 0.013309
0.000010 0.999970 0.000010 0.000010
0.010849 0.989131 0.000010 0.000010
0.000010 0.999970 0.000010 0.000010
0.000010 0.999970 0.000010 0.000010
0.000010 0.999970 0.000010 0.000010
0.322131 0.342954 0.065452 0.269463
0.339822 0.335289 0.075478 0.249411
0.332235 0.285971 0.080265 0.301529
0.362825 0.327558 0.061643 0.247974
0.253919 0.294165 0.106400 0.345515
0.175998 0.250156 0.196464 0.377382
0.197245 0.187173 0.231953 0.383628
0.187513 0.242872 0.221563 0.348052
0.158546 0.213899 0.237489 0.390066
0.206127 0.208880 0.208007 0.376986
0.190327 0.236373 0.209156 0.364144
0.194801 0.208632 0.248035 0.348532
0.205783 0.241588 0.213402 0.339226
0.135210 0.204898 0.254295 0.405598
0.155243 0.234914 0.256245 0.353598
0.209857 0.205753 0.231732 0.352658
0.181547 0.194502 0.236207 0.387745
0.062768 0.114233 0.162393 0.660605
0.099485 0.229690 0.209157 0.461667
0.055019 0.057141 0.126852 0.760988
0.056414 0.158149 0.181826 0.603612
0.108567 0.237745 0.176579 0.477109
0.111406 0.243261 0.144868 0.500465
0.095931 0.265285 0.157992 0.480792
0.114927 0.246283 0.159387 0.479403
0.108707 0.234936 0.177385 0.478973
0.097956 0.219853 0.179463 0.502728
0.099824 0.251409 0.154637 0.494131
0.104875 0.245344 0.138651 0.511130
0.125757 0.253074 0.149373 0.471796
0.096479 0.209264 0.178095 0.516162
0.150178 0.270336 0.135529 0.443957
0.210181 0.291353 0.125948 0.372519
0.103660 0.254177 0.156461 0.485702
0.143148 0.256006 0.164412 0.436434
0.343923 0.346653 0.062680 0.246744
0.114308 0.265851 0.156722 0.463119
0.134285 0.284070 0.156240 0.425406
0.207873 0.246487 0.166299 0.379341
0.071038 0.173162 0.270906 0.484894
0.110886 0.315714 0.176327 0.397074
0.096359 0.188061 0.237599 0.477981
0.142417 0.327718 0.138726 0.391138
0.092872 0.190796 0.216748 0.499584
0.127919 0.327497 0.138095 0.406489
0.091059 0.193857 0.259710 0.455374
0.199272 0.217786 0.110089 0.472853
0.088671 0.201941 0.248588 0.460800
0.202468 0.247021 0.110202 0.440309
0.104166 0.216228 0.198572 0.481034
0.235992 0.203886 0.112207 0.447915
0.179187 0.334024 0.123449 0.363339
0.068146 0.166579 0.283151 0.482125
0.265339 0.229945 0.128829 0.375887
0.148360 0.315923 0.156480 0.379237
0.084641 0.159313 0.268967 0.487079
0.138954 0.301911 0.162458 0.396678
0.101092 0.235606 0.174467 0.488835
0.322921 0.313390 0.074561 0.289128
0.113855 0.268096 0.162447 0.455602
0.275039 0.246939 0.089048 0.388974
0.118647 0.253640 0.146524 0.481190
0.300455 0.242480 0.082069 0.374996
0.068343 0.168540 0.258023 0.505095
0.144092 0.245434 0.116216 0.494258
0.134638 0.244125 0.155289 0.465948
0.133248 0.227947 0.137755 0.501050
0.085051 0.182445 0.262356 0.470149
0.155186 0.247582 0.108836 0.488397
0.144526 0.240170 0.126283 0.489020
0.081066 0.212178 0.219302 0.487454
0.395218 0.308349 0.058296 0.238136
0.201180 0.255043 0.110258 0.433519
0.098339 0.230019 0.161452 0.510191
0.545876 0.262930 0.017587 0.173607
0.153954 0.226398 0.148144 0.471504
0.093913 0.162906 0.260753 0.482428
0.143683 0.241727 0.129294 0.485296
0.102801 0.280596 0.145268 0.471334
0.079021 0.171891 0.296359 0.452729
0.177772 0.293815 0.094880 0.433533
0.122531 0.257960 0.129484 0.490026
0.087757 0.138593 0.240549 0.533100
0.174841 0.260336 0.144114 0.420709
0.080768 0.238756 0.163792 0.516684
0.101636 0.212504 0.231198 0.454662
0.479420 0.295839 0.023705 0.201037
0.237852 0.248835 0.091116 0.422198
0.085124 0.167799 0.250060 0.497017
0.111557 0.277077 0.155135 0.456231
0.563907 0.232190 0.004210 0.199692
0.072878 0.146922 0.279071 0.501129
0.119778 0.263291 0.145321 0.471610
0.445031 0.273982 0.031103 0.249885
0.118701 0.239858 0.195739 0.445702
0.393740 0.250099 0.051126 0.305035
0.124095 0.239322 0.130025 0.506558
0.096540 0.185760 0.256059 0.461641
0.163600 0.335233 0.135486 0.365681
0.333968 0.253382 0.076944 0.335706
0.072344 0.155770 0.273150 0.498736
0.143114 0.319842 0.132477 0.404567
0.452006 0.248423 0.034405 0.265166
0.071037 0.165249 0.268763 0.494952
0.145473 0.289740 0.142784 0.422002
0.113858 0.269465 0.146916 0.469762
0.064503 0.180248 0.260094 0.495155
0.169866 0.259055 0.163000 0.408079
0.182939 0.265498 0.109209 0.442354
0.040463 0.159951 0.288294 0.511292
0.200286 0.303399 0.119666 0.376649
0.442558 0.258526 0.066104 0.232812
0.084072 0.195558 0.258910 0.461460
0.292726 0.324998 0.079369 0.302907
0.102828 0.287292 0.144466 0.465414
0.095397 0.182965 0.252114 0.469524
0.161744 0.289397 0.148329 0.400530
0.130782 0.270091 0.101115 0.498012
0.084205 0.165688 0.281252 0.468855
0.154782 0.281811 0.163239 0.400168
0.309997 0.265626 0.060743 0.363634
0.091379 0.138759 0.281816 0.488046
0.146630 0.273004 0.155698 0.424668
0.306129 0.261121 0.069349 0.363401
0.068631 0.164813 0.294725 0.471831
0.127047 0.294358 0.153233 0.425362
0.131442 0.242029 0.128093 0.498437
0.103230 0.196849 0.231236 0.468684
0.093576 0.171792 0.237193 0.497439
0.207425 0.260537 0.096346 0.435691
0.067816 0.155000 0.286057 0.491127
0.511833 0.275863 0.016154 0.196149
0.485817 0.270785 0.041545 0.201853
0.125615 0.292800 0.156481 0.425104
0.098303 0.261914 0.152108 0.487675
0.155287 0.330733 0.143345 0.370635
0.183821 0.285008 0.127985 0.403186
0.027671 0.152453 0.379631 0.440246
0.066975 0.166283 0.328746 0.437997
0.053579 0.155697 0.353262 0.437462
0.032469 0.170227 0.384214 0.413090
0.067102 0.162258 0.310032 0.460609
0.086084 0.176410 0.274583 0.462922
0.053454 0.164000 0.304584 0.477963
0.048629 0.131752 0.324411 0.495208
0.057300 0.158203 0.304166 0.480331
0.081039 0.119744 0.331327 0.467889
0.063302 0.125267 0.326319 0.485112
0.049233 0.141922 0.349885 0.458959
0.081699 0.131062 0.322949 0.464290
0.082924 0.169435 0.259193 0.488448
0.064234 0.106338 0.343747 0.485682
0.060696 0.113891 0.340227 0.485186
0.103055 0.077259 0.338786 0.480901
0.059526 0.125401 0.327041 0.488031
0.049187 0.114251 0.359645 0.476917
0.078491 0.123546 0.335145 0.462818
0.079062 0.103141 0.340792 0.477006
0.075277 0.186518 0.271965 0.466240
0.068058 0.152394 0.308230 0.471319
0.060744 0.123210 0.318618 0.497428
0.072436 0.135962 0.292731 0.498871
0.045880 0.134788 0.316902 0.502430
0.059981 0.120683 0.309460 0.509877
0.063288 0.162659 0.306918 0.467134
0.065203 0.169712 0.287834 0.477251
0.073778 0.130107 0.299019 0.497095
0.078823 0.153484 0.312124 0.455568
0.046993 0.148714 0.320367 0.483926
0.034476 0.172533 0.321998 0.470993
0.081515 0.151994 0.268642 0.497848
0.114303 0.176892 0.259962 0.448843
0.093750 0.159598 0.273900 0.472752
0.069075 0.206880 0.237682 0.486364
0.000010 0.000010 0.000010 0.999970
0.000010 0.000010 0.000010 0.999970
0.001525 0.025655 0.058866 0.913954
0.000010 0.018309 0.044695 0.936987
0.000010 0.000010 0.000010 0.999970
0.000010 0.000010 0.031105 0.968875
0.000010 0.000010 0.000010 0.999970
0.000010 0.007176 0.093243 0.899571
0.000010 0.000010 0.044196 0.955784
0.011288 0.022280 0.085303 0.881129
0.002019 0.017601 0.048459 0.931920
0.000010 0.000010 0.010623 0.989357
0.000010 0.000010 0.000010 0.999970
0.000010 0.000010 0.025196 0.974784
0.000010 0.000010 0.000010 0.999970
0.000010 0.000010 0.000010 0.999970
0.000010 0.000010 0.003417 0.996563
0.000010 0.000010 0.000010 0.999970
0.000010 0.016650 0.059695 0.923645
0.001284 0.033847 0.083169 0.881700
0.000093 0.000010 0.055649 0.944248
0.000010 0.000010 0.096487 0.903493
