0.106201 0.819691 0.074108
0.107893 0.824182 0.067925
0.000010 0.999980 0.000010
0.000010 0.999980 0.000010
0.000010 0.999276 0.000714
0.000010 0.999980 0.000010
0.042893 0.865421 0.091686
0.000010 0.999980 0.000010
0.000010 0.999980 0.000010
0.000010 0.999980 0.000010
0.000010 0.999980 0.000010
0.000010 0.999980 0.000010
0.000010 0.906408 0.093582
0.000010 0.997961 0.002029
0.000010 0.999980 0.000010
0.000010 0.990427 0.009563
0.000010 0.996857 0.003133
0.000010 0.999980 0.000010
0.000010 0.999980 0.000010
0.054811 0.843892 0.101297
0.000010 0.965573 0.034417
0.003140 0.972388 0.024472
0.000010 0.999980 0.000010
0.000010 0.999980 0.000010
0.000515 0.999475 0.000010
0.000016 0.999974 0.000010
0.000010 0.999980 0.000010
0.077357 0.867079 0.055564
0.000010 0.999980 0.000010
0.059689 0.711304 0.229006
0.062470 0.836491 0.101039
0.059810 0.774303 0.165887
0.156232 0.399307 0.444461
0.150975 0.396069 0.452957
0.148361 0.456487 0.395152
0.155682 0.391230 0.453088
0.179243 0.386470 0.434287
0.191293 0.258984 0.549723
0.149560 0.402885 0.447555
0.291106 0.254136 0.454757
0.323381 0.298510 0.378109
0.270272 0.356037 0.373691
0.328826 0.222178 0.448996
0.271344 0.341382 0.387274
0.297801 0.276750 0.425449
0.297895 0.267156 0.434950
0.373663 0.259017 0.367320
0.227005 0.515391 0.257604
0.223607 0.509236 0.267157
0.247894 0.497446 0.254660
0.213125 0.531233 0.255642
0.236168 0.484662 0.279170
0.238602 0.487297 0.274101
0.224802 0.506395 0.268802
0.229783 0.489642 0.280575
0.252392 0.512721 0.234887
0.223312 0.574281 0.202406
0.189714 0.538397 0.271888
0.246030 0.498369 0.255601
0.001431 0.898561 0.100007
0.228748 0.483882 0.287370
0.269484 0.470005 0.260511
0.000010 0.000010 0.999980
0.000010 0.000010 0.999980
0.000010 0.000010 0.999980
0.000010 0.000010 0.999980
0.039931 0.021450 0.938619
0.000010 0.000010 0.999980
0.000010 0.000010 0.999980
0.000010 0.000010 0.999980
0.000010 0.000010 0.999980
0.032132 0.000010 0.967858
0.000010 0.000010 0.999980
0.070627 0.000010 0.929363
0.056172 0.073897 0.869932
0.000010 0.000010 0.999980
0.701228 0.167329 0.131443
0.697418 0.148366 0.154217
0.690727 0.186445 0.122828
0.660862 0.155417 0.183721
0.714671 0.186055 0.099274
0.648976 0.181377 0.169647
0.694100 0.169985 0.135915
0.704389 0.192059 0.103552
0.390675 0.090566 0.518759
0.377049 0.114335 0.508615
0.370504 0.097870 0.531626
0.382454 0.098236 0.519310
0.409866 0.090977 0.499158
0.391085 0.110852 0.498063
0.359754 0.116372 0.523874
0.375811 0.096297 0.527892
0.381536 0.100119 0.518345
0.371091 0.085952 0.542957
0.385226 0.091155 0.523620
0.388647 0.112596 0.498757
0.383444 0.093753 0.522803
0.358209 0.106316 0.535475
0.384554 0.118390 0.497056
0.370482 0.111733 0.517785
0.395388 0.100716 0.503896
0.388695 0.094938 0.516367
0.379633 0.107950 0.512416
0.399898 0.068478 0.531624
0.371520 0.088914 0.539566
0.363528 0.087704 0.548767
0.400649 0.092874 0.506477
0.380198 0.076283 0.543519
0.381883 0.123454 0.494662
0.425140 0.109059 0.465801
0.666839 0.096740 0.236421
0.511409 0.169514 0.319077
0.690315 0.106066 0.203619
0.422538 0.245238 0.332225
0.486957 0.190996 0.322047
0.614524 0.154543 0.230933
0.716919 0.090464 0.192617
0.506643 0.196259 0.297098
0.467294 0.197607 0.335099
0.590283 0.170656 0.239061
0.691161 0.086364 0.222475
0.604418 0.119523 0.276059
0.362690 0.110573 0.526737
0.378493 0.105364 0.516144
0.606742 0.117591 0.275666
0.692726 0.099984 0.207290
0.630015 0.144895 0.225090
0.464341 0.184935 0.350725
0.495808 0.173497 0.330695
0.676584 0.116108 0.207308
0.573101 0.146786 0.280113
0.699513 0.079298 0.221189
0.659844 0.117010 0.223146
0.686050 0.117293 0.196657
0.575751 0.132745 0.291504
0.387750 0.112648 0.499601
0.454665 0.224708 0.320628
0.609140 0.125027 0.265833
0.558207 0.186247 0.255546
0.661637 0.115137 0.223225
0.704281 0.084215 0.211504
0.503236 0.169474 0.327290
0.603457 0.145649 0.250894
0.611286 0.142468 0.246246
0.439034 0.204242 0.356724
0.489313 0.189094 0.321593
0.591101 0.171085 0.237813
0.524256 0.217632 0.258113
0.585677 0.168003 0.246320
0.547040 0.187531 0.265430
0.505624 0.204476 0.289900
0.539855 0.161615 0.298531
0.577414 0.149946 0.272640
0.539653 0.204838 0.255509
0.585888 0.175995 0.238117
0.500576 0.205764 0.293660
0.374384 0.350199 0.275416
0.359702 0.404378 0.235919
0.351297 0.414305 0.234398
0.150558 0.579229 0.270213
0.315275 0.425701 0.259023
0.352725 0.412671 0.234604
0.373347 0.380421 0.246233
0.332662 0.447175 0.220163
0.509823 0.219630 0.270548
0.339866 0.405390 0.254744
0.605399 0.188030 0.206570
0.565958 0.195472 0.238570
0.592034 0.194844 0.213121
0.577901 0.202971 0.219128
0.593103 0.193261 0.213636
0.594554 0.187391 0.218056
0.578525 0.180400 0.241075
0.586073 0.173110 0.240817
0.589550 0.193462 0.216988
0.592821 0.189989 0.217190
0.036958 0.087037 0.876005
0.216531 0.169777 0.613692
0.182506 0.119855 0.697639
0.096517 0.079212 0.824271
0.141473 0.127147 0.731381
0.199007 0.151757 0.649236
0.156307 0.098517 0.745176
0.032783 0.038373 0.928844
0.234931 0.160284 0.604784
0.196335 0.132689 0.670977
0.242757 0.156787 0.600457
0.225642 0.185916 0.588443
0.205787 0.153219 0.640993
0.210427 0.151554 0.638018
0.207500 0.138435 0.654065
0.222187 0.119981 0.657831
0.210155 0.148938 0.640907
0.215556 0.138990 0.645454
0.269046 0.214619 0.516335
0.354318 0.189071 0.456612
0.318442 0.229020 0.452537
0.321830 0.185988 0.492182
0.325105 0.212949 0.461947
0.349021 0.212588 0.438391
0.253440 0.151207 0.595353
0.119949 0.082528 0.797523
0.127027 0.048341 0.824632
0.263198 0.172756 0.564047
0.265947 0.152559 0.581494
0.088547 0.069832 0.841621
0.243969 0.149159 0.606872
0.178568 0.099539 0.721893
0.275615 0.189084 0.535301
0.265139 0.163229 0.571632
0.295707 0.147480 0.556813
0.281880 0.204222 0.513898
0.307789 0.158353 0.533858
0.273183 0.199544 0.527274
0.291824 0.199086 0.509090
0.407235 0.235292 0.357473
0.429660 0.234323 0.336016
0.391017 0.246695 0.362288
0.388484 0.249931 0.361586
0.402455 0.246669 0.350876
0.392399 0.260035 0.347566
0.410800 0.232012 0.357188
0.461423 0.211346 0.327231
0.380724 0.236556 0.382720
0.403168 0.251944 0.344887
0.755887 0.101623 0.142491
0.780482 0.086919 0.132598
0.812914 0.071510 0.115576
0.824076 0.074057 0.101867
0.766048 0.100125 0.133827
0.809904 0.070054 0.120042
0.779672 0.099569 0.120758
0.754260 0.096621 0.149119
0.772222 0.086650 0.141128
0.781952 0.092868 0.125181
0.633541 0.214445 0.152014
0.676520 0.190652 0.132828
0.616966 0.245037 0.137997
0.652241 0.221707 0.126052
0.678521 0.195518 0.125961
0.683617 0.212410 0.103973
0.624056 0.210868 0.165076
0.624049 0.198826 0.177125
0.675294 0.111797 0.212908
0.593353 0.156223 0.250424
0.594191 0.129662 0.276147
0.635303 0.140398 0.224299
0.638003 0.153925 0.208071
0.627733 0.145693 0.226574
0.652011 0.115286 0.232703
0.610234 0.141250 0.248516
0.630422 0.146465 0.223113
0.619452 0.136313 0.244235
0.361605 0.345087 0.293308
0.364473 0.381067 0.254460
0.350206 0.386474 0.263320
0.314262 0.417423 0.268316
0.329754 0.422216 0.248030
0.340037 0.418424 0.241538
0.309259 0.410183 0.280558
0.304917 0.418813 0.276270
0.311796 0.429338 0.258866
0.306720 0.341918 0.351363
0.299081 0.399176 0.301743
0.243924 0.433170 0.322906
0.295910 0.361442 0.342647
0.314322 0.327842 0.357836
0.320687 0.344663 0.334650
0.296793 0.329865 0.373342
0.335001 0.354247 0.310752
0.313993 0.365081 0.320925
0.271647 0.380578 0.347775
0.999980 0.000010 0.000010
0.999980 0.000010 0.000010
0.996160 0.000010 0.003830
0.418343 0.218305 0.363352
0.999980 0.000010 0.000010
0.999980 0.000010 0.000010
0.976857 0.000010 0.023133
0.394858 0.127114 0.478028
0.999979 0.000011 0.000010
0.990637 0.000010 0.009353
0.990857 0.000010 0.009133
0.385591 0.149482 0.464928
0.957860 0.000010 0.042130
0.980265 0.000010 0.019725
0.999980 0.000010 0.000010
0.948177 0.000010 0.051813
0.999979 0.000011 0.000010
0.998295 0.000010 0.001695
0.370079 0.162856 0.467065
0.999973 0.000017 0.000010
0.962483 0.000010 0.037507
0.379638 0.165446 0.454917
0.999980 0.000010 0.000010
0.971218 0.000010 0.028772
0.384051 0.121891 0.494057
0.730012 0.113086 0.156901
0.712855 0.118698 0.168447
0.730973 0.098337 0.170689
0.723172 0.107982 0.168846
0.728172 0.101608 0.170220
0.716552 0.106659 0.176788
0.733758 0.090351 0.175891
0.749705 0.096869 0.153426
0.633915 0.204470 0.161616
0.736212 0.109996 0.153792
0.702037 0.191116 0.106847
0.637173 0.221580 0.141247
0.631530 0.169921 0.198549
0.622765 0.215535 0.161700
0.638302 0.168605 0.193093
0.721885 0.199036 0.079079
0.709453 0.208340 0.082207
0.633042 0.199538 0.167420
0.097165 0.025959 0.876876
0.022647 0.000010 0.977343
0.000010 0.000010 0.999980
0.000010 0.000010 0.999980
0.000010 0.000010 0.999980
0.000010 0.012520 0.987470
0.000010 0.000010 0.999980
0.011060 0.000010 0.988930
0.000010 0.000010 0.999980
0.000010 0.000010 0.999980
0.000010 0.000010 0.999980
0.325526 0.316788 0.357686
0.342783 0.307785 0.349432
0.334931 0.363487 0.301583
0.366480 0.291902 0.341619
0.257215 0.432057 0.310728
0.178763 0.556703 0.264534
0.200538 0.597488 0.201973
0.190437 0.553520 0.256043
0.161927 0.609366 0.228706
0.209918 0.566438 0.223644
0.193536 0.555357 0.251106
0.197383 0.580800 0.221817
0.208394 0.536786 0.254820
0.138592 0.642325 0.219083
0.157970 0.594554 0.247476
0.212781 0.567935 0.219283
0.184684 0.605701 0.209615
0.070011 0.791989 0.138000
0.103464 0.648924 0.247612
0.068345 0.847027 0.084628
0.062949 0.756339 0.180712
0.112520 0.630564 0.256916
0.115019 0.618037 0.266944
0.100902 0.612259 0.286839
0.120123 0.614534 0.265343
0.112384 0.632546 0.255070
0.102453 0.656763 0.240783
0.105979 0.621815 0.272205
0.108863 0.622944 0.268194
0.131040 0.594767 0.274193
0.101437 0.667584 0.230979
0.154514 0.554381 0.291104
0.213571 0.476799 0.309631
0.107943 0.616493 0.275564
0.147671 0.577446 0.274883
0.345296 0.293904 0.360800
0.117264 0.595733 0.287004
0.138248 0.559046 0.302706
0.211738 0.525570 0.262692
0.074993 0.734623 0.190384
0.114153 0.552189 0.333658
0.099382 0.694521 0.206097
0.145394 0.508362 0.346243
0.097163 0.693865 0.208971
0.131761 0.522196 0.346042
0.094974 0.695413 0.209614
0.202417 0.556473 0.241110
0.092678 0.689173 0.218149
0.207041 0.524017 0.268942
0.108731 0.656841 0.234428
0.241727 0.534026 0.224247
0.183727 0.465367 0.350906
0.072163 0.745227 0.182609
0.268977 0.483998 0.247025
0.151360 0.516183 0.332457
0.088350 0.735614 0.176036
0.142584 0.538310 0.319106
0.105426 0.639083 0.255491
0.325384 0.345791 0.328826
0.117867 0.594312 0.287821
0.278623 0.456916 0.264461
0.123631 0.600892 0.275477
0.304343 0.434617 0.261040
0.072844 0.740178 0.186978
0.147958 0.585250 0.266791
0.139345 0.596191 0.264465
0.138267 0.612408 0.249325
0.088394 0.712794 0.198813
0.160533 0.569392 0.270074
0.148326 0.590666 0.261008
0.085787 0.683864 0.230349
0.398714 0.278931 0.322356
0.206084 0.518730 0.275187
0.104511 0.644797 0.250692
0.549335 0.174162 0.276503
0.158173 0.596500 0.245327
0.098036 0.722674 0.179290
0.147460 0.588289 0.264251
0.106585 0.593115 0.300300
0.082135 0.731610 0.186255
0.181505 0.503735 0.314760
0.127503 0.593654 0.278843
0.092342 0.749258 0.158400
0.179756 0.541282 0.278962
0.085573 0.654275 0.260152
0.105001 0.666309 0.228690
0.483161 0.207178 0.309662
0.241315 0.488746 0.269939
0.089403 0.725212 0.185386
0.115616 0.586852 0.297531
0.564855 0.193517 0.241628
0.076579 0.759559 0.163861
0.125297 0.589784 0.284918
0.447748 0.265549 0.286703
0.123245 0.619819 0.256936
0.399209 0.334338 0.266452
0.128168 0.610705 0.261127
0.099816 0.697985 0.202199
0.167386 0.479315 0.353298
0.337651 0.393526 0.268823
0.075538 0.750322 0.174140
0.146669 0.515744 0.337588
0.453138 0.283898 0.262964
0.074678 0.743009 0.182313
0.149474 0.540917 0.309610
0.116470 0.593188 0.290342
0.068868 0.734718 0.196414
0.173755 0.550149 0.276097
0.184862 0.529640 0.285498
0.045302 0.778874 0.175824
0.203844 0.475062 0.321094
0.444534 0.284234 0.271232
0.087018 0.701130 0.211852
0.296871 0.361596 0.341533
0.106015 0.586541 0.307444
0.098928 0.701474 0.199598
0.165129 0.527849 0.307022
0.135189 0.574236 0.290575
0.088341 0.730312 0.181347
0.158610 0.541357 0.300032
0.314013 0.405906 0.280081
0.095293 0.750956 0.153750
0.149448 0.558689 0.291863
0.310237 0.409171 0.280592
0.071587 0.748526 0.179887
0.131206 0.555382 0.313412
0.136122 0.601516 0.262362
0.106920 0.678384 0.214696
0.097682 0.713035 0.189283
0.210643 0.508749 0.280608
0.071587 0.755332 0.173081
0.515389 0.194280 0.290330
0.488339 0.226841 0.284820
0.128868 0.558429 0.312703
0.102935 0.615083 0.281982
0.158944 0.493211 0.347844
0.187532 0.507307 0.305161
0.030734 0.806767 0.162499
0.069960 0.751245 0.178795
0.056440 0.775596 0.167964
0.035696 0.785036 0.179267
0.070309 0.753849 0.175842
0.089488 0.719162 0.191350
0.057219 0.762989 0.179791
0.052323 0.799752 0.147925
0.061212 0.766431 0.172357
0.084315 0.782094 0.133590
0.066698 0.793889 0.139414
0.051912 0.793609 0.154479
0.084876 0.770101 0.145023
0.086699 0.727147 0.186154
0.067515 0.812851 0.119634
0.063747 0.808166 0.128087
0.106075 0.802374 0.091551
0.063735 0.796232 0.140033
0.052107 0.820665 0.127228
0.080953 0.782117 0.136929
0.082209 0.801492 0.116298
0.078438 0.718946 0.202615
0.070803 0.762418 0.166779
0.064068 0.796420 0.139513
0.076020 0.771768 0.152212
0.049221 0.801159 0.149619
0.063691 0.797851 0.138459
0.066467 0.756342 0.177191
0.068417 0.746374 0.185209
0.077881 0.775328 0.146791
0.081924 0.751012 0.167064
0.050050 0.786728 0.163222
0.037367 0.776617 0.186016
0.085664 0.744962 0.169374
0.118145 0.688787 0.193068
0.097506 0.726396 0.176098
0.072590 0.703826 0.223584
0.000010 0.999980 0.000010
0.000010 0.999980 0.000010
0.022596 0.924778 0.052627
0.003929 0.936822 0.059249
0.002232 0.982227 0.015541
0.028946 0.959567 0.011487
0.000010 0.999980 0.000010
0.015122 0.940917 0.043961
0.030691 0.966193 0.003116
0.028582 0.920666 0.050752
0.013945 0.932755 0.053299
0.000010 0.951099 0.048891
0.000010 0.999980 0.000010
0.000010 0.956454 0.043536
0.000010 0.999980 0.000010
0.000010 0.985878 0.014112
0.000010 0.985677 0.014313
0.000010 0.999980 0.000010
0.014294 0.927964 0.057742
0.020189 0.916752 0.063059
0.018809 0.944306 0.036885
0.002685 0.956666 0.040650
