0.084711 0.038864 0.355125 0.521289 0.000010
0.044537 0.026556 0.395452 0.533445 0.000010
0.000010 0.000010 0.000010 0.999960 0.000010
0.182738 0.000010 0.000010 0.817232 0.000010
0.163898 0.000010 0.000010 0.817057 0.019024
0.182239 0.000010 0.082810 0.734931 0.000010
0.122224 0.000010 0.421389 0.456367 0.000010
0.000010 0.000010 0.000010 0.999960 0.000010
0.156749 0.000010 0.140245 0.702985 0.000010
0.112247 0.000010 0.084446 0.803286 0.000010
0.113578 0.000010 0.000010 0.886392 0.000010
0.000010 0.000010 0.000010 0.999960 0.000010
0.000010 0.000010 0.000010 0.926002 0.073968
0.000010 0.000010 0.000010 0.999960 0.000010
0.000010 0.000010 0.000010 0.999960 0.000010
0.000010 0.000010 0.000010 0.999960 0.000010
0.000010 0.000010 0.000010 0.999960 0.000010
0.000010 0.000010 0.000010 0.999960 0.000010
0.000010 0.000010 0.000010 0.999960 0.000010
0.062091 0.000010 0.353012 0.576312 0.008575
0.000010 0.000010 0.000010 0.999960 0.000010
0.000010 0.000010 0.000010 0.999960 0.000010
0.000010 0.000010 0.000010 0.999960 0.000010
0.000010 0.000010 0.000010 0.999960 0.000010
0.000010 0.000010 0.000010 0.999960 0.000010
0.000010 0.000010 0.000010 0.999960 0.000010
0.000010 0.000010 0.000010 0.999960 0.000010
0.000010 0.060012 0.000010 0.906857 0.033111
0.000010 0.000010 0.000010 0.999960 0.000010
0.170609 0.020503 0.324092 0.377513 0.107283
0.159313 0.000010 0.418986 0.421681 0.000010
0.074546 0.001812 0.374912 0.493637 0.055093
0.000010 0.001896 0.861805 0.000010 0.136278
0.000010 0.000010 0.836331 0.000010 0.163639
0.000010 0.024857 0.743104 0.091231 0.140798
0.000010 0.001070 0.830103 0.000010 0.168807
0.000010 0.000010 0.899773 0.000010 0.100197
0.000010 0.074151 0.586816 0.019677 0.319347
0.000010 0.000010 0.946127 0.000010 0.053843
0.000010 0.114117 0.798559 0.000010 0.087304
0.000010 0.189560 0.699769 0.000010 0.110651
0.000010 0.129956 0.795096 0.000010 0.074927
0.000010 0.206405 0.615202 0.000010 0.178374
0.000010 0.155876 0.706623 0.016351 0.121140
0.000010 0.178834 0.653708 0.000010 0.167437
0.000010 0.167093 0.671668 0.000010 0.161219
0.000010 0.243569 0.648974 0.000010 0.107438
0.093214 0.123012 0.626070 0.110159 0.047545
0.081781 0.119982 0.605966 0.124076 0.068195
0.095347 0.139019 0.619126 0.093629 0.052879
0.095511 0.104698 0.636972 0.116435 0.046384
0.074459 0.125803 0.656258 0.089602 0.053877
0.085441 0.130206 0.639414 0.086498 0.058441
0.096046 0.113050 0.670023 0.079789 0.041091
0.076756 0.124391 0.636187 0.097993 0.064674
0.050902 0.135012 0.703543 0.106720 0.003823
0.120016 0.143995 0.460835 0.216962 0.058191
0.107122 0.099672 0.532399 0.162197 0.098610
0.068536 0.127811 0.683478 0.090986 0.029189
0.628663 0.000010 0.260050 0.111267 0.000010
0.069881 0.122101 0.648410 0.092928 0.066681
0.075432 0.161248 0.624867 0.089361 0.049092
0.000010 0.000010 0.000010 0.000010 0.999960
0.000010 0.000010 0.000010 0.000010 0.999960
0.000010 0.000010 0.000010 0.000010 0.999960
0.000010 0.000010 0.000010 0.000010 0.999960
0.005970 0.019234 0.089286 0.000010 0.885501
0.000010 0.000010 0.000010 0.000010 0.999960
0.000010 0.000010 0.000010 0.000010 0.999960
0.000010 0.000010 0.000010 0.000010 0.999960
0.000010 0.000010 0.000010 0.000010 0.999960
0.000010 0.021296 0.038161 0.000010 0.940523
0.000010 0.000010 0.000010 0.000010 0.999960
0.009846 0.059756 0.019456 0.000010 0.910931
0.005345 0.027599 0.145592 0.015808 0.805656
0.000010 0.000010 0.000010 0.000010 0.999960
0.016539 0.620892 0.308322 0.031232 0.023016
0.005394 0.616303 0.310319 0.028791 0.039192
0.014084 0.610412 0.316645 0.048409 0.010449
0.008830 0.577518 0.318463 0.029842 0.065347
0.007978 0.633419 0.299537 0.059056 0.000010
0.023760 0.568428 0.332018 0.027194 0.048600
0.027699 0.620122 0.276103 0.038828 0.037248
0.021319 0.629576 0.281758 0.064513 0.002835
0.000010 0.322540 0.288399 0.000010 0.389041
0.000010 0.301141 0.338043 0.000010 0.360796
0.000012 0.306627 0.288195 0.000010 0.405156
0.000010 0.314635 0.300151 0.000010 0.385194
0.000010 0.340039 0.289857 0.000010 0.370085
0.000010 0.312235 0.342014 0.000010 0.345732
0.012008 0.296149 0.293257 0.000010 0.398575
0.000010 0.309879 0.292804 0.000010 0.397297
0.000010 0.304195 0.324011 0.000010 0.371774
0.000010 0.298038 0.295932 0.000010 0.406010
0.000010 0.322848 0.274742 0.000010 0.402390
0.002072 0.319843 0.313243 0.000010 0.364831
0.000010 0.295293 0.348334 0.000010 0.356353
0.000010 0.287674 0.315022 0.000010 0.397284
0.001003 0.312046 0.329024 0.000010 0.357917
0.000010 0.312603 0.274761 0.012898 0.399728
0.013201 0.327384 0.291505 0.000010 0.367901
0.000010 0.312655 0.318800 0.000010 0.368525
0.000010 0.309327 0.317149 0.000010 0.373505
0.000010 0.326066 0.280827 0.000010 0.393087
0.000010 0.297435 0.304296 0.000010 0.398248
0.000010 0.282302 0.323564 0.000010 0.394114
0.000010 0.321108 0.323938 0.000010 0.354934
0.000010 0.301453 0.301513 0.000010 0.397014
0.001623 0.314825 0.315424 0.005426 0.362702
0.000010 0.351818 0.318933 0.000010 0.329228
0.000010 0.573518 0.338329 0.000010 0.088132
0.000015 0.413231 0.445679 0.000010 0.141065
0.000010 0.597786 0.344464 0.000010 0.057731
0.023713 0.324332 0.483415 0.014156 0.154384
0.013284 0.392112 0.440746 0.000010 0.153847
0.002557 0.529410 0.383925 0.000010 0.084097
0.000010 0.623931 0.324577 0.000010 0.051472
0.013471 0.406393 0.465156 0.000010 0.114971
0.006467 0.372097 0.445854 0.009482 0.166099
0.015139 0.500411 0.399641 0.000358 0.084452
0.000018 0.596097 0.329764 0.000010 0.074111
0.000010 0.517322 0.351070 0.000010 0.131588
0.000010 0.294828 0.313579 0.000010 0.391573
0.004249 0.304818 0.312375 0.000010 0.378548
0.000010 0.512700 0.373834 0.000010 0.113446
0.000010 0.616853 0.284072 0.007871 0.091194
0.015478 0.535267 0.380104 0.000010 0.069142
0.003827 0.373618 0.441528 0.000010 0.181018
0.000010 0.395616 0.455755 0.000010 0.148610
0.000010 0.588626 0.348611 0.000010 0.062742
0.004764 0.485408 0.380035 0.000010 0.129783
0.000010 0.600629 0.337643 0.000010 0.061708
0.005722 0.572330 0.336377 0.000010 0.085561
0.000796 0.599854 0.327731 0.000010 0.071609
0.000010 0.475643 0.406673 0.000010 0.117665
0.002765 0.324257 0.302974 0.000010 0.369995
0.002602 0.359377 0.492400 0.012377 0.133244
0.000010 0.517250 0.372831 0.000010 0.109899
0.011144 0.467535 0.411649 0.007761 0.101912
0.000010 0.574204 0.342713 0.000010 0.083063
0.000010 0.611579 0.321291 0.000010 0.067110
0.000010 0.406665 0.437714 0.000010 0.155601
0.000010 0.508571 0.400655 0.000010 0.090754
0.000010 0.513851 0.401352 0.000010 0.084776
0.000010 0.336863 0.502012 0.000010 0.161106
0.003537 0.394617 0.452657 0.000010 0.149179
0.003215 0.500976 0.400803 0.003093 0.091913
0.015773 0.428504 0.466395 0.003691 0.085638
0.000010 0.485579 0.441702 0.000010 0.072699
0.000010 0.458308 0.405691 0.025245 0.110746
0.015814 0.411311 0.457953 0.000010 0.114911
0.000010 0.442556 0.424960 0.002908 0.129566
0.000010 0.479097 0.411558 0.000010 0.109326
0.010275 0.434397 0.479952 0.000010 0.075366
0.011301 0.488576 0.418551 0.000010 0.081562
0.007267 0.400755 0.480350 0.000010 0.111617
0.037163 0.268823 0.565778 0.048225 0.080011
0.043434 0.252727 0.614036 0.069111 0.020693
0.060250 0.243712 0.599209 0.064642 0.032187
0.095493 0.036852 0.753991 0.097576 0.016089
0.092342 0.211224 0.589601 0.050167 0.056665
0.070109 0.240635 0.615752 0.051517 0.021987
0.072891 0.260786 0.610470 0.023115 0.032738
0.097545 0.224627 0.623706 0.048574 0.005549
0.019599 0.414738 0.477047 0.000010 0.088606
0.057558 0.230215 0.604500 0.062310 0.045417
0.000010 0.507576 0.442815 0.008168 0.041431
0.009869 0.470505 0.448326 0.000582 0.070719
0.015516 0.497199 0.427371 0.003893 0.056021
0.000549 0.479127 0.454898 0.015154 0.050272
0.010444 0.500433 0.422409 0.007307 0.059406
0.000010 0.493544 0.435440 0.017075 0.053930
0.001360 0.474708 0.452478 0.000010 0.071443
0.004408 0.494235 0.427930 0.000010 0.073418
0.014293 0.485464 0.459668 0.000010 0.040565
0.016387 0.502668 0.398618 0.012318 0.070008
0.001470 0.002418 0.200188 0.008308 0.787616
0.021860 0.156391 0.327606 0.013740 0.480403
0.014149 0.139166 0.225950 0.017640 0.603094
0.009466 0.062777 0.174369 0.007863 0.745525
0.025113 0.100470 0.216476 0.018335 0.639607
0.031930 0.146075 0.282739 0.005667 0.533588
0.007056 0.115267 0.209000 0.013363 0.655314
0.003295 0.011541 0.113045 0.003121 0.868998
0.009277 0.179755 0.282929 0.036671 0.491368
0.001772 0.139660 0.303176 0.010169 0.545224
0.013013 0.182479 0.315728 0.015515 0.473265
0.025227 0.159394 0.346739 0.016271 0.452370
0.032500 0.157582 0.246415 0.026471 0.537032
0.033296 0.154122 0.291555 0.003771 0.517256
0.000010 0.151265 0.288654 0.028124 0.531947
0.002464 0.167321 0.285157 0.006625 0.538433
0.002987 0.152847 0.293708 0.028192 0.522267
0.010887 0.155814 0.311544 0.004311 0.517443
0.025003 0.203750 0.353678 0.039030 0.378539
0.028218 0.273927 0.393369 0.000735 0.303752
0.031514 0.240066 0.405960 0.026441 0.296019
0.022796 0.247048 0.384794 0.005694 0.339668
0.057522 0.249287 0.378474 0.000010 0.314707
0.032691 0.268441 0.409498 0.008300 0.281070
0.002641 0.186967 0.343906 0.006874 0.459612
0.010103 0.083096 0.186723 0.007820 0.712258
0.000010 0.084674 0.179953 0.000010 0.735353
0.006963 0.198882 0.327529 0.032978 0.433647
0.003158 0.205269 0.308079 0.024336 0.459157
0.004863 0.056852 0.154788 0.013112 0.770384
0.022265 0.177865 0.324207 0.000010 0.475652
0.003294 0.133287 0.224736 0.011025 0.627658
0.019188 0.201036 0.401829 0.001895 0.376052
0.000870 0.197731 0.351893 0.019564 0.429942
0.000010 0.226320 0.349891 0.007846 0.415933
0.023862 0.211736 0.367826 0.026288 0.370288
0.024456 0.241562 0.326001 0.003110 0.404872
0.043340 0.201914 0.361689 0.006892 0.386165
0.017408 0.218798 0.376048 0.024473 0.363272
0.026340 0.310003 0.493860 0.000010 0.169788
0.003532 0.340931 0.444448 0.039915 0.171174
0.016228 0.287026 0.530039 0.000010 0.166696
0.025977 0.298831 0.466364 0.020316 0.188512
0.021147 0.305943 0.491514 0.014478 0.166918
0.027651 0.301781 0.470821 0.023206 0.176541
0.032275 0.317854 0.462386 0.004287 0.183197
0.005153 0.365572 0.456947 0.016088 0.156240
0.012606 0.289729 0.468514 0.027643 0.201508
0.049886 0.309452 0.468089 0.005455 0.167118
0.012021 0.673318 0.295705 0.000010 0.018946
0.000010 0.687880 0.312090 0.000010 0.000010
0.000010 0.724547 0.275423 0.000010 0.000010
0.000010 0.741827 0.258143 0.000010 0.000010
0.000015 0.688192 0.294056 0.000010 0.017728
0.000010 0.725257 0.274713 0.000010 0.000010
0.023570 0.703220 0.257521 0.000010 0.015679
0.000010 0.666456 0.306274 0.000010 0.027251
0.000010 0.684995 0.296139 0.000010 0.018846
0.000010 0.699132 0.296120 0.000010 0.004728
0.027469 0.534636 0.416436 0.011555 0.009904
0.032615 0.586334 0.378025 0.003015 0.000010
0.037100 0.520392 0.411676 0.030823 0.000010
0.015837 0.554215 0.397814 0.032123 0.000010
0.014571 0.586229 0.367806 0.031384 0.000010
0.027081 0.579924 0.373669 0.019315 0.000010
0.014632 0.527001 0.416365 0.027167 0.014834
0.000010 0.522129 0.440903 0.019032 0.017925
0.000010 0.569418 0.385365 0.000010 0.045197
0.000010 0.501456 0.405981 0.002333 0.090219
0.000010 0.502205 0.379490 0.000010 0.118285
0.000010 0.534771 0.407074 0.000010 0.058135
0.000010 0.541632 0.403840 0.007749 0.046770
0.000010 0.539143 0.388011 0.000010 0.072826
0.000010 0.563751 0.354448 0.000010 0.081781
0.000010 0.518198 0.394535 0.001971 0.085286
0.000010 0.537322 0.395785 0.000010 0.066872
0.000010 0.529456 0.381098 0.000010 0.089426
0.053082 0.263211 0.535342 0.049079 0.099286
0.061556 0.260296 0.563560 0.057221 0.057367
0.051402 0.240345 0.614776 0.047273 0.046205
0.065052 0.207627 0.597524 0.067615 0.062182
0.093547 0.228554 0.563521 0.062012 0.052366
0.074983 0.226539 0.621170 0.048827 0.028481
0.077353 0.198699 0.614325 0.043939 0.065683
0.043651 0.196872 0.620155 0.078179 0.061143
0.083314 0.204719 0.609711 0.050897 0.051359
0.064777 0.214128 0.503351 0.045087 0.172657
0.083770 0.211649 0.485126 0.087804 0.131651
0.108726 0.150648 0.535055 0.068291 0.137279
0.079739 0.209323 0.459551 0.067119 0.184268
0.073186 0.220825 0.491252 0.033350 0.181386
0.058081 0.227955 0.505262 0.054593 0.154109
0.057397 0.207662 0.480566 0.051968 0.202407
0.053351 0.236735 0.528506 0.057914 0.123493
0.083562 0.229013 0.458534 0.068950 0.159941
0.090886 0.185338 0.487013 0.064841 0.171922
0.000010 0.999960 0.000010 0.000010 0.000010
0.000010 0.999960 0.000010 0.000010 0.000010
0.007775 0.966462 0.025743 0.000010 0.000010
0.021402 0.326149 0.469416 0.000010 0.183023
0.000010 0.999960 0.000010 0.000010 0.000010
0.000010 0.999960 0.000010 0.000010 0.000010
0.000010 0.954802 0.031532 0.000010 0.013646
0.000010 0.316299 0.350954 0.001818 0.330919
0.000010 0.999960 0.000010 0.000010 0.000010
0.004129 0.960386 0.033091 0.002383 0.000010
0.000010 0.970178 0.024569 0.000492 0.004751
0.008069 0.312028 0.355428 0.003130 0.321345
0.023033 0.928426 0.023851 0.000010 0.024681
0.013125 0.966188 0.000010 0.000010 0.020666
0.000010 0.999960 0.000010 0.000010 0.000010
0.000010 0.916054 0.058123 0.000010 0.025803
0.000010 0.999960 0.000010 0.000010 0.000010
0.000010 0.961315 0.028895 0.009770 0.000010
0.000010 0.283234 0.417534 0.000010 0.299212
0.000010 0.999960 0.000010 0.000010 0.000010
0.000010 0.928682 0.058320 0.000010 0.012978
0.021428 0.305888 0.359553 0.001146 0.311984
0.000010 0.999960 0.000010 0.000010 0.000010
0.000010 0.929024 0.070946 0.000010 0.000010
0.000010 0.305664 0.354278 0.000010 0.340039
0.000010 0.644646 0.325733 0.003516 0.026096
0.000010 0.623102 0.346518 0.000010 0.030360
0.000010 0.642608 0.319233 0.000010 0.038138
0.008030 0.642411 0.299874 0.000010 0.049675
0.000010 0.644223 0.306647 0.000010 0.049110
0.000010 0.636701 0.301809 0.004311 0.057169
0.000010 0.640571 0.318214 0.000010 0.041195
0.008400 0.664758 0.294880 0.000010 0.031952
0.024860 0.557206 0.304130 0.062960 0.050843
0.000010 0.648917 0.312982 0.005937 0.032153
0.029365 0.622497 0.284593 0.053240 0.010304
0.032132 0.563165 0.281402 0.079406 0.043894
0.011383 0.540992 0.355670 0.022238 0.069717
0.037711 0.543815 0.315477 0.053170 0.049827
0.007841 0.558642 0.316556 0.042639 0.074321
0.043320 0.645109 0.252257 0.059303 0.000010
0.046563 0.630139 0.268224 0.055065 0.000010
0.020608 0.558328 0.299498 0.060521 0.061045
0.000010 0.068280 0.119449 0.000010 0.812251
0.000010 0.005982 0.048048 0.000010 0.945949
0.000010 0.000010 0.000010 0.000010 0.999960
0.010896 0.000010 0.006308 0.000010 0.982776
0.000010 0.000902 0.000010 0.000010 0.999068
0.006296 0.000010 0.023481 0.010390 0.959823
0.012408 0.000010 0.000010 0.000010 0.987562
0.000010 0.000010 0.040880 0.000010 0.959090
0.000010 0.000010 0.000010 0.000010 0.999960
0.000010 0.000010 0.000010 0.000010 0.999960
0.000010 0.000010 0.000010 0.000010 0.999960
0.051891 0.237642 0.484517 0.043024 0.182926
0.050590 0.260926 0.442167 0.054578 0.191738
0.050255 0.236738 0.543179 0.052821 0.117006
0.026448 0.269965 0.512775 0.036997 0.153814
0.082992 0.160486 0.558397 0.075601 0.122523
0.108629 0.085792 0.578305 0.158442 0.068831
0.133429 0.119184 0.503123 0.204769 0.039495
0.115569 0.111495 0.475516 0.195725 0.101695
0.118131 0.074747 0.549333 0.204525 0.053265
0.124088 0.127310 0.512986 0.178610 0.057006
0.097042 0.099417 0.556304 0.175122 0.072115
0.105883 0.114237 0.502819 0.219724 0.057336
0.092966 0.125013 0.499990 0.187577 0.094454
0.154033 0.060719 0.499959 0.224985 0.060304
0.119839 0.082507 0.470764 0.230757 0.096133
0.102358 0.125934 0.509268 0.203535 0.058906
0.135309 0.099849 0.509597 0.206052 0.049194
0.435282 0.013325 0.399745 0.139731 0.011917
0.168587 0.014748 0.581400 0.177650 0.057615
0.585141 0.020410 0.285285 0.109154 0.000010
0.357280 0.000010 0.450561 0.155949 0.036200
0.150375 0.010196 0.665131 0.133707 0.040591
0.147339 0.003673 0.722551 0.099171 0.027265
0.136988 0.000010 0.699028 0.113067 0.050907
0.149856 0.016805 0.667249 0.118016 0.048073
0.145693 0.006636 0.683625 0.134537 0.029509
0.162789 0.000010 0.677664 0.138567 0.020971
0.174505 0.000350 0.656700 0.114665 0.053779
0.145531 0.000010 0.737185 0.090014 0.027260
0.129665 0.016875 0.714204 0.104250 0.035007
0.188792 0.001530 0.652738 0.141498 0.015441
0.118638 0.047573 0.679316 0.093251 0.061223
0.096450 0.119155 0.568751 0.094987 0.120657
0.154536 0.002749 0.679518 0.112797 0.050400
0.140957 0.049236 0.605806 0.128961 0.075040
0.031066 0.255241 0.488659 0.040892 0.184142
0.138148 0.005626 0.684540 0.110283 0.061403
0.126925 0.039429 0.614277 0.120144 0.099225
0.105728 0.119154 0.558003 0.135402 0.081713
0.185294 0.000010 0.577395 0.237291 0.000010
0.115866 0.025122 0.572966 0.142331 0.143714
0.185137 0.016880 0.571476 0.204879 0.021628
0.120667 0.050634 0.564497 0.105347 0.158855
0.214092 0.014199 0.552544 0.185483 0.033682
0.123469 0.045013 0.571943 0.107886 0.151688
0.174294 0.014305 0.540797 0.229339 0.041265
0.126700 0.081482 0.732210 0.059598 0.000010
0.174492 0.009707 0.565799 0.213345 0.036658
0.088938 0.085771 0.733969 0.063340 0.027982
0.164880 0.006064 0.634067 0.162653 0.032336
0.084947 0.105965 0.747165 0.061913 0.000010
0.117684 0.095961 0.518023 0.092682 0.175650
0.185408 0.000010 0.563391 0.249402 0.001790
0.094500 0.164090 0.608163 0.092331 0.040916
0.105537 0.057011 0.580303 0.122730 0.134420
0.191648 0.003405 0.566930 0.238007 0.000010
0.112782 0.047289 0.580523 0.129578 0.129828
0.154694 0.000010 0.682349 0.132696 0.030250
0.073539 0.241765 0.464917 0.053909 0.165870
0.135105 0.015920 0.658245 0.119085 0.071646
0.087844 0.174066 0.630028 0.056953 0.051109
0.152690 0.023201 0.662821 0.107873 0.053415
0.071746 0.189496 0.659060 0.044189 0.035509
0.209985 0.000010 0.559818 0.223158 0.007029
0.123893 0.027410 0.754024 0.073892 0.020780
0.148099 0.035898 0.644185 0.118403 0.053415
0.126982 0.023170 0.756110 0.093728 0.000010
0.185789 0.008376 0.547470 0.231504 0.026861
0.123011 0.031434 0.771650 0.061322 0.012583
0.114541 0.028871 0.763323 0.073390 0.019875
0.156203 0.000010 0.634119 0.183527 0.026141
0.029582 0.303518 0.489117 0.033501 0.144282
0.107658 0.092197 0.667736 0.073224 0.059185
0.176525 0.000233 0.667686 0.119085 0.036471
0.000920 0.453779 0.434155 0.000010 0.111135
0.125051 0.052152 0.692502 0.109870 0.020425
0.174614 0.006358 0.595545 0.223473 0.000010
0.113697 0.028977 0.772713 0.076554 0.008059
0.111428 0.000010 0.739052 0.095920 0.053590
0.191312 0.010947 0.498697 0.271057 0.027987
0.103032 0.065785 0.707127 0.050391 0.073665
0.137820 0.009411 0.728235 0.083119 0.041415
0.229962 0.000010 0.566331 0.203687 0.000010
0.089428 0.068871 0.702026 0.099638 0.040037
0.140890 0.000010 0.727352 0.118796 0.012951
0.182391 0.024517 0.540189 0.199744 0.053159
0.016420 0.389923 0.451491 0.001387 0.140778
0.108962 0.135416 0.655808 0.053508 0.046306
0.206096 0.007951 0.561388 0.218899 0.005665
0.120177 0.008661 0.691526 0.112010 0.067625
0.006734 0.472511 0.437339 0.000010 0.083406
0.199070 0.000010 0.556337 0.244573 0.000010
0.120370 0.007388 0.735162 0.098582 0.038497
0.044641 0.358466 0.471700 0.007621 0.117572
0.165895 0.036351 0.557445 0.161400 0.078908
0.065489 0.299356 0.530024 0.025460 0.079671
0.142659 0.016776 0.733244 0.087224 0.020097
0.172581 0.017023 0.564547 0.220572 0.025277
0.106747 0.081565 0.538030 0.105601 0.168056
0.071813 0.237777 0.567469 0.047551 0.075390
0.205772 0.000010 0.557429 0.236779 0.000010
0.113875 0.053719 0.595205 0.099988 0.137213
0.042106 0.354823 0.508645 0.011965 0.082462
0.197058 0.000010 0.566921 0.236000 0.000010
0.122581 0.055059 0.610146 0.109934 0.102280
0.142006 0.016868 0.662449 0.108084 0.070592
0.217279 0.000010 0.523536 0.226657 0.032518
0.125391 0.077309 0.588132 0.127950 0.081218
0.096321 0.065916 0.740243 0.060888 0.036632
0.215511 0.000010 0.533800 0.250670 0.000010
0.089773 0.102156 0.603214 0.084410 0.120447
0.021447 0.352353 0.482882 0.043481 0.099836
0.181753 0.011452 0.547434 0.226428 0.032933
0.061334 0.198945 0.538108 0.049753 0.151859
0.119949 0.000600 0.701898 0.100682 0.076871
0.190256 0.020471 0.536289 0.221437 0.031547
0.119430 0.069749 0.590848 0.111651 0.108322
0.127412 0.014282 0.771776 0.051881 0.034650
0.179456 0.005568 0.557614 0.247484 0.009878
0.102564 0.056743 0.615507 0.127168 0.098018
0.081218 0.208288 0.609022 0.028585 0.072887
0.204523 0.011818 0.534692 0.248957 0.000010
0.120662 0.047399 0.635197 0.116913 0.079830
0.080931 0.205003 0.604299 0.037229 0.072538
0.193996 0.000010 0.533413 0.261504 0.011077
0.107663 0.029509 0.659814 0.110129 0.092885
0.139527 0.013979 0.743984 0.083134 0.019376
0.169320 0.015571 0.590298 0.197980 0.026832
0.204520 0.014049 0.567738 0.200079 0.013614
0.098030 0.097391 0.704556 0.053573 0.046449
0.180778 0.000010 0.570442 0.248761 0.000010
0.016739 0.421771 0.436132 0.000010 0.125348
0.002688 0.384852 0.495865 0.013983 0.102612
0.122041 0.029496 0.621070 0.120201 0.107193
0.136523 0.000010 0.716277 0.105738 0.041452
0.089802 0.064691 0.587180 0.107672 0.150654
0.112981 0.090597 0.608062 0.090125 0.098234
0.154379 0.000010 0.504643 0.340958 0.000010
0.158025 0.000010 0.538518 0.296711 0.006736
0.157202 0.000010 0.520966 0.321812 0.000010
0.154300 0.000010 0.471563 0.350188 0.023939
0.178434 0.000010 0.532719 0.279011 0.009826
0.174341 0.004548 0.557411 0.240523 0.023177
0.183928 0.000010 0.544944 0.271107 0.000010
0.199969 0.000010 0.512647 0.287364 0.000010
0.201274 0.000010 0.525002 0.270895 0.002820
0.172749 0.000012 0.531151 0.296079 0.000010
0.198640 0.000010 0.509848 0.291492 0.000010
0.166847 0.000010 0.514754 0.318379 0.000010
0.176271 0.005052 0.526013 0.292654 0.000010
0.187791 0.000010 0.577609 0.223045 0.011545
0.203052 0.000010 0.489684 0.307244 0.000010
0.176806 0.000010 0.520680 0.302494 0.000010
0.193588 0.011066 0.491630 0.303706 0.000010
0.198452 0.000010 0.505411 0.296117 0.000010
0.172317 0.000010 0.509496 0.318167 0.000010
0.155161 0.000010 0.552807 0.292012 0.000010
0.181949 0.000010 0.514983 0.303047 0.000010
0.170000 0.000010 0.562341 0.240598 0.027051
0.180438 0.000010 0.544220 0.275322 0.000010
0.164702 0.000010 0.557402 0.277876 0.000010
0.194052 0.000010 0.548149 0.257779 0.000010
0.165534 0.000010 0.565367 0.269079 0.000010
0.193000 0.000010 0.534246 0.272734 0.000010
0.169956 0.000010 0.553931 0.276093 0.000010
0.155961 0.000010 0.594628 0.249391 0.000010
0.233966 0.004498 0.489159 0.272367 0.000010
0.186020 0.008567 0.514584 0.282319 0.008509
0.146267 0.000010 0.577994 0.275719 0.000010
0.139646 0.000010 0.582473 0.277861 0.000010
0.195155 0.000737 0.566290 0.237808 0.000010
0.177165 0.034709 0.537552 0.227260 0.023314
0.179453 0.011827 0.568447 0.240264 0.000010
0.176203 0.000010 0.595545 0.196879 0.031364
0.999960 0.000010 0.000010 0.000010 0.000010
0.999960 0.000010 0.000010 0.000010 0.000010
0.794521 0.000010 0.153652 0.051176 0.000641
0.813597 0.000010 0.148385 0.037999 0.000010
0.999960 0.000010 0.000010 0.000010 0.000010
0.878350 0.002572 0.084413 0.034654 0.000010
0.999960 0.000010 0.000010 0.000010 0.000010
0.749229 0.000010 0.170318 0.080433 0.000010
0.837073 0.000011 0.126313 0.036594 0.000010
0.773348 0.002378 0.139870 0.080885 0.003519
0.818698 0.000010 0.137956 0.043327 0.000010
0.933955 0.000010 0.066015 0.000010 0.000010
0.999960 0.000010 0.000010 0.000010 0.000010
0.879897 0.000010 0.090521 0.029563 0.000010
0.999960 0.000010 0.000010 0.000010 0.000010
0.999960 0.000010 0.000010 0.000010 0.000010
0.964219 0.000010 0.027146 0.008614 0.000010
0.999960 0.000010 0.000010 0.000010 0.000010
0.809744 0.000010 0.136239 0.053997 0.000010
0.741714 0.000010 0.186694 0.071572 0.000010
0.845454 0.000265 0.109112 0.045159 0.000010
0.785831 0.000010 0.130983 0.083166 0.000010
