0.000010 0.521278 0.355142 0.038864 0.084706
0.000010 0.533431 0.395472 0.026555 0.044532
0.000010 0.999960 0.000010 0.000010 0.000010
0.000010 0.817225 0.000010 0.000010 0.182745
0.019030 0.817045 0.000010 0.000010 0.163906
0.000010 0.734910 0.082838 0.000010 0.182231
0.000010 0.456352 0.421410 0.000010 0.122218
0.000010 0.999960 0.000010 0.000010 0.000010
0.000010 0.702972 0.140263 0.000010 0.156746
0.000010 0.803267 0.084470 0.000010 0.112244
0.000010 0.886400 0.000010 0.000010 0.113570
0.000010 0.999960 0.000010 0.000010 0.000010
0.073971 0.925999 0.000010 0.000010 0.000010
0.000010 0.999960 0.000010 0.000010 0.000010
0.000010 0.999960 0.000010 0.000010 0.000010
0.000010 0.999960 0.000010 0.000010 0.000010
0.000010 0.999960 0.000010 0.000010 0.000010
0.000010 0.999960 0.000010 0.000010 0.000010
0.000010 0.999960 0.000010 0.000010 0.000010
0.008575 0.576300 0.353029 0.000010 0.062086
0.000010 0.999960 0.000010 0.000010 0.000010
0.000010 0.999960 0.000010 0.000010 0.000010
0.000010 0.999960 0.000010 0.000010 0.000010
0.000010 0.999960 0.000010 0.000010 0.000010
0.000010 0.999960 0.000010 0.000010 0.000010
0.000010 0.999960 0.000010 0.000010 0.000010
0.000010 0.999960 0.000010 0.000010 0.000010
0.033111 0.906856 0.000010 0.060012 0.000010
0.000010 0.999960 0.000010 0.000010 0.000010
0.107286 0.377506 0.324097 0.020504 0.170607
0.000010 0.421666 0.419007 0.000010 0.159307
0.055094 0.493626 0.374927 0.001812 0.074541
0.136283 0.000010 0.861792 0.001904 0.000010
0.163643 0.000010 0.836327 0.000010 0.000010
0.140802 0.091214 0.743112 0.024862 0.000010
0.168813 0.000010 0.830090 0.001078 0.000010
0.100222 0.000010 0.899748 0.000010 0.000010
0.319350 0.019668 0.586818 0.074154 0.000010
0.053877 0.000010 0.946093 0.000010 0.000010
0.087316 0.000010 0.798535 0.114129 0.000010
0.110661 0.000010 0.699749 0.189570 0.000010
0.074934 0.000018 0.795074 0.129965 0.000010
0.178382 0.000010 0.615182 0.206416 0.000010
0.121144 0.016337 0.706627 0.155881 0.000010
0.167442 0.000010 0.653698 0.178840 0.000010
0.161224 0.000010 0.671656 0.167100 0.000010
0.107442 0.000010 0.648962 0.243576 0.000010
0.047547 0.110147 0.626084 0.123015 0.093207
0.068197 0.124063 0.605981 0.119985 0.081775
0.052881 0.093617 0.619140 0.139022 0.095340
0.046386 0.116422 0.636987 0.104701 0.095504
0.053880 0.089589 0.656272 0.125807 0.074452
0.058443 0.086486 0.639428 0.130209 0.085433
0.041093 0.079776 0.670039 0.113054 0.096038
0.064676 0.097981 0.636200 0.124394 0.076749
0.003825 0.106706 0.703560 0.135015 0.050894
0.058192 0.216951 0.460849 0.143997 0.120011
0.098611 0.162186 0.532413 0.099675 0.107116
0.029191 0.090972 0.683494 0.127815 0.068529
0.000010 0.111258 0.260066 0.000010 0.628656
0.066682 0.092915 0.648425 0.122104 0.069874
0.049094 0.089349 0.624880 0.161252 0.075425
0.999960 0.000010 0.000010 0.000010 0.000010
0.999960 0.000010 0.000010 0.000010 0.000010
0.999960 0.000010 0.000010 0.000010 0.000010
0.999960 0.000010 0.000010 0.000010 0.000010
0.885500 0.000010 0.089285 0.019235 0.005969
0.999960 0.000010 0.000010 0.000010 0.000010
0.999960 0.000010 0.000010 0.000010 0.000010
0.999960 0.000010 0.000010 0.000010 0.000010
0.999960 0.000010 0.000010 0.000010 0.000010
0.940523 0.000010 0.038160 0.021297 0.000010
0.999960 0.000010 0.000010 0.000010 0.000010
0.910931 0.000010 0.019455 0.059757 0.009848
0.805656 0.015807 0.145594 0.027600 0.005344
0.999960 0.000010 0.000010 0.000010 0.000010
0.023017 0.031229 0.308318 0.620899 0.016538
0.039193 0.028789 0.310314 0.616310 0.005394
0.010450 0.048407 0.316641 0.610419 0.014083
0.065347 0.029840 0.318459 0.577525 0.008830
0.000010 0.059054 0.299532 0.633426 0.007978
0.048600 0.027191 0.332014 0.568435 0.023759
0.037248 0.038826 0.276098 0.620129 0.027699
0.002835 0.064511 0.281753 0.629583 0.021319
0.389042 0.000010 0.288392 0.322546 0.000010
0.360797 0.000010 0.338036 0.301147 0.000010
0.405158 0.000010 0.288190 0.306633 0.000010
0.385195 0.000010 0.300145 0.314640 0.000010
0.370087 0.000010 0.289849 0.340044 0.000010
0.345733 0.000010 0.342007 0.312240 0.000010
0.398577 0.000010 0.293251 0.296155 0.012007
0.397299 0.000010 0.292797 0.309884 0.000010
0.371777 0.000010 0.324003 0.304201 0.000010
0.406011 0.000010 0.295925 0.298044 0.000010
0.402392 0.000010 0.274735 0.322854 0.000010
0.364833 0.000010 0.313238 0.319848 0.002071
0.356355 0.000010 0.348326 0.295299 0.000010
0.397285 0.000011 0.315015 0.287679 0.000010
0.357919 0.000010 0.329019 0.312051 0.001002
0.399730 0.012897 0.274755 0.312608 0.000010
0.367903 0.000010 0.291498 0.327390 0.013199
0.368527 0.000010 0.318792 0.312661 0.000010
0.373506 0.000010 0.317142 0.309331 0.000010
0.393090 0.000010 0.280819 0.326072 0.000010
0.398250 0.000010 0.304289 0.297441 0.000010
0.394117 0.000010 0.323555 0.282308 0.000010
0.354936 0.000010 0.323931 0.321114 0.000010
0.397016 0.000010 0.301505 0.301459 0.000010
0.362704 0.005424 0.315418 0.314831 0.001622
0.329229 0.000011 0.318926 0.351824 0.000010
0.088134 0.000010 0.338320 0.573526 0.000010
0.141068 0.000010 0.445675 0.413238 0.000010
0.057732 0.000010 0.344454 0.597794 0.000010
0.154386 0.014151 0.483416 0.324338 0.023708
0.153849 0.000010 0.440742 0.392118 0.013281
0.084098 0.000010 0.383920 0.529417 0.002554
0.051474 0.000010 0.324566 0.623940 0.000010
0.114973 0.000010 0.465151 0.406399 0.013467
0.166101 0.009478 0.445853 0.372103 0.006465
0.084453 0.000355 0.399637 0.500418 0.015137
0.074115 0.000010 0.329758 0.596107 0.000010
0.131589 0.000010 0.351062 0.517329 0.000010
0.391574 0.000010 0.313573 0.294833 0.000010
0.378550 0.000010 0.312368 0.304824 0.004248
0.113448 0.000010 0.373825 0.512708 0.000010
0.091195 0.007871 0.284062 0.616861 0.000010
0.069144 0.000010 0.380096 0.535275 0.015476
0.181019 0.000010 0.441524 0.373623 0.003823
0.148611 0.000010 0.455748 0.395622 0.000010
0.062743 0.000010 0.348603 0.588634 0.000010
0.129785 0.000010 0.380028 0.485415 0.004762
0.061711 0.000010 0.337632 0.600637 0.000010
0.085563 0.000010 0.336369 0.572338 0.005721
0.071610 0.000010 0.327723 0.599862 0.000795
0.117666 0.000010 0.406664 0.475650 0.000010
0.369996 0.000010 0.302968 0.324262 0.002763
0.133246 0.012373 0.492400 0.359383 0.002598
0.109901 0.000010 0.372823 0.517257 0.000010
0.101914 0.007758 0.411646 0.467542 0.011141
0.083065 0.000010 0.342703 0.574212 0.000010
0.067112 0.000010 0.321281 0.611587 0.000010
0.155602 0.000010 0.437707 0.406671 0.000010
0.090755 0.000010 0.400646 0.508579 0.000010
0.084777 0.000010 0.401344 0.513858 0.000010
0.161106 0.000010 0.502006 0.336867 0.000010
0.149181 0.000010 0.452654 0.394622 0.003533
0.091914 0.003090 0.400800 0.500983 0.003213
0.085639 0.003686 0.466394 0.428511 0.015770
0.072700 0.000010 0.441695 0.485585 0.000010
0.110747 0.025241 0.405687 0.458314 0.000010
0.114913 0.000010 0.457950 0.411317 0.015810
0.129568 0.002904 0.424956 0.442562 0.000010
0.109327 0.000010 0.411550 0.479103 0.000010
0.075368 0.000010 0.479948 0.434404 0.010270
0.081563 0.000010 0.418546 0.488583 0.011297
0.111618 0.000010 0.480348 0.400761 0.007262
0.080012 0.048216 0.565786 0.268828 0.037158
0.020695 0.069101 0.614046 0.252732 0.043427
0.032189 0.064631 0.599221 0.243716 0.060244
0.016091 0.097559 0.754013 0.036854 0.095483
0.056667 0.050157 0.589612 0.211229 0.092336
0.021988 0.051507 0.615762 0.240640 0.070103
0.032740 0.023105 0.610480 0.260791 0.072884
0.005550 0.048563 0.623718 0.224631 0.097538
0.088607 0.000010 0.477045 0.414744 0.019594
0.045419 0.062299 0.604510 0.230219 0.057552
0.041432 0.008164 0.442811 0.507583 0.000010
0.070720 0.000577 0.448324 0.470512 0.009866
0.056023 0.003889 0.427368 0.497206 0.015513
0.050274 0.015150 0.454894 0.479135 0.000547
0.059407 0.007303 0.422407 0.500440 0.010442
0.053931 0.017071 0.435437 0.493551 0.000010
0.071444 0.000010 0.452474 0.474715 0.001356
0.073419 0.000010 0.427925 0.494241 0.004404
0.040566 0.000010 0.459663 0.485471 0.014289
0.070010 0.012315 0.398614 0.502675 0.016385
0.787616 0.008305 0.200190 0.002420 0.001468
0.480405 0.013736 0.327608 0.156394 0.021857
0.603095 0.017639 0.225949 0.139169 0.014148
0.745526 0.007861 0.174370 0.062778 0.009465
0.639608 0.018333 0.216476 0.100472 0.025111
0.533589 0.005664 0.282742 0.146078 0.031927
0.655314 0.013361 0.209000 0.115270 0.007055
0.868998 0.003121 0.113045 0.011543 0.003294
0.491369 0.036668 0.282930 0.179758 0.009275
0.545225 0.010165 0.303177 0.139663 0.001769
0.473266 0.015512 0.315729 0.182483 0.013010
0.452371 0.016267 0.346740 0.159397 0.025225
0.537033 0.026469 0.246415 0.157585 0.032498
0.517257 0.003768 0.291555 0.154125 0.033294
0.531948 0.028121 0.288653 0.151268 0.000010
0.538434 0.006622 0.285156 0.167325 0.002462
0.522268 0.028189 0.293707 0.152850 0.002985
0.517445 0.004308 0.311544 0.155818 0.010885
0.378541 0.039025 0.353681 0.203754 0.025000
0.303753 0.000731 0.393369 0.273932 0.028215
0.296020 0.026436 0.405962 0.240071 0.031511
0.339670 0.005690 0.384794 0.247053 0.022793
0.314708 0.000010 0.378474 0.249291 0.057517
0.281072 0.008295 0.409498 0.268446 0.032688
0.459613 0.006870 0.343907 0.186971 0.002639
0.712259 0.007819 0.186722 0.083098 0.010102
0.735353 0.000010 0.179951 0.084676 0.000010
0.433649 0.032975 0.327530 0.198886 0.006960
0.459158 0.024333 0.308079 0.205273 0.003156
0.770385 0.013111 0.154787 0.056855 0.004862
0.475654 0.000010 0.324207 0.177868 0.022261
0.627659 0.011022 0.224737 0.133289 0.003293
0.376054 0.001890 0.401831 0.201040 0.019185
0.429944 0.019560 0.351893 0.197735 0.000867
0.415934 0.007841 0.349891 0.226324 0.000010
0.370289 0.026284 0.367828 0.211741 0.023859
0.404873 0.003107 0.326000 0.241566 0.024453
0.386167 0.006888 0.361689 0.201918 0.043337
0.363274 0.024469 0.376049 0.218803 0.017405
0.169789 0.000010 0.493858 0.310008 0.026335
0.171175 0.039910 0.444449 0.340936 0.003529
0.166697 0.000010 0.530039 0.287031 0.016222
0.188514 0.020310 0.466366 0.298836 0.025974
0.166920 0.014472 0.491516 0.305948 0.021143
0.176543 0.023200 0.470823 0.301786 0.027648
0.183199 0.004283 0.462386 0.317860 0.032272
0.156242 0.016083 0.456946 0.365578 0.005151
0.201510 0.027638 0.468516 0.289734 0.012602
0.167120 0.005450 0.468089 0.309457 0.049883
0.018948 0.000010 0.295695 0.673326 0.012021
0.000010 0.000010 0.312080 0.687890 0.000010
0.000010 0.000010 0.275413 0.724557 0.000010
0.000010 0.000010 0.258133 0.741837 0.000010
0.017730 0.000010 0.294049 0.688201 0.000011
0.000010 0.000010 0.274703 0.725267 0.000010
0.015680 0.000010 0.257511 0.703229 0.023570
0.027251 0.000010 0.306265 0.666464 0.000010
0.018848 0.000010 0.296129 0.685004 0.000010
0.004730 0.000010 0.296109 0.699141 0.000010
0.009905 0.011551 0.416434 0.534643 0.027467
0.000010 0.003013 0.378022 0.586342 0.032614
0.000010 0.030819 0.411674 0.520399 0.037098
0.000010 0.032119 0.397813 0.554223 0.015835
0.000010 0.031381 0.367803 0.586237 0.014570
0.000010 0.019312 0.373666 0.579932 0.027080
0.014835 0.027163 0.416363 0.527008 0.014630
0.017926 0.019028 0.440899 0.522136 0.000010
0.045199 0.000010 0.385355 0.569427 0.000010
0.090221 0.002330 0.405975 0.501463 0.000010
0.118287 0.000010 0.379480 0.502213 0.000010
0.058137 0.000010 0.407064 0.534779 0.000010
0.046771 0.007747 0.403832 0.541640 0.000010
0.072827 0.000010 0.388003 0.539150 0.000010
0.081783 0.000010 0.354438 0.563759 0.000010
0.085287 0.001968 0.394529 0.518206 0.000010
0.066873 0.000010 0.395777 0.537330 0.000010
0.089427 0.000010 0.381090 0.529463 0.000010
0.099287 0.049071 0.535349 0.263216 0.053077
0.057369 0.057212 0.563568 0.260300 0.061551
0.046207 0.047263 0.614785 0.240349 0.051396
0.062183 0.067605 0.597535 0.207631 0.065046
0.052367 0.062001 0.563532 0.228559 0.093541
0.028482 0.048816 0.621180 0.226544 0.074977
0.065685 0.043929 0.614335 0.198704 0.077347
0.061145 0.078168 0.620167 0.196876 0.043645
0.051361 0.050887 0.609723 0.204723 0.083307
0.172659 0.045079 0.503358 0.214133 0.064772
0.131653 0.087796 0.485134 0.211653 0.083765
0.137281 0.068282 0.535065 0.150651 0.108721
0.184269 0.067111 0.459558 0.209327 0.079734
0.181388 0.033343 0.491258 0.220829 0.073182
0.154111 0.054585 0.505268 0.227960 0.058077
0.202408 0.051961 0.480572 0.207666 0.057393
0.123495 0.057906 0.528513 0.236739 0.053347
0.159942 0.068942 0.458541 0.229017 0.083558
0.171924 0.064833 0.487020 0.185342 0.090881
0.000010 0.000010 0.000010 0.999960 0.000010
0.000010 0.000010 0.000010 0.999960 0.000010
0.000010 0.000010 0.025729 0.966471 0.007780
0.183025 0.000010 0.469413 0.326154 0.021398
0.000010 0.000010 0.000010 0.999960 0.000010
0.000010 0.000010 0.000010 0.999960 0.000010
0.013647 0.000010 0.031521 0.954812 0.000010
0.330921 0.001816 0.350948 0.316305 0.000010
0.000010 0.000010 0.000010 0.999960 0.000010
0.000010 0.002389 0.033073 0.960396 0.004131
0.004750 0.000498 0.024554 0.970188 0.000010
0.321346 0.003128 0.355425 0.312034 0.008068
0.024681 0.000010 0.023836 0.928436 0.023037
0.020659 0.000010 0.000010 0.966194 0.013126
0.000010 0.000010 0.000010 0.999960 0.000010
0.025803 0.000010 0.058113 0.916064 0.000010
0.000010 0.000010 0.000010 0.999960 0.000010
0.000010 0.009776 0.028879 0.961324 0.000010
0.299213 0.000010 0.417529 0.283239 0.000010
0.000010 0.000010 0.000010 0.999960 0.000010
0.012979 0.000010 0.058310 0.928691 0.000010
0.311986 0.001143 0.359551 0.305893 0.021426
0.000010 0.000010 0.000010 0.999960 0.000010
0.000010 0.000010 0.070936 0.929034 0.000010
0.340040 0.000010 0.354272 0.305668 0.000010
0.026097 0.003515 0.325724 0.644654 0.000010
0.030361 0.000010 0.346509 0.623110 0.000010
0.038140 0.000010 0.319223 0.642617 0.000010
0.049677 0.000010 0.299864 0.642419 0.008030
0.049111 0.000010 0.306638 0.644231 0.000010
0.057170 0.004310 0.301801 0.636709 0.000010
0.041196 0.000010 0.318204 0.640580 0.000010
0.031954 0.000010 0.294869 0.664767 0.008400
0.050843 0.062958 0.304127 0.557213 0.024860
0.032154 0.005936 0.312974 0.648926 0.000010
0.010305 0.053238 0.284588 0.622504 0.029366
0.043894 0.079403 0.281399 0.563171 0.032132
0.069718 0.022236 0.355667 0.540999 0.011381
0.049827 0.053167 0.315475 0.543822 0.037710
0.074322 0.042637 0.316550 0.558650 0.007841
0.000010 0.059302 0.252250 0.645117 0.043321
0.000010 0.055063 0.268218 0.630146 0.046563
0.061046 0.060518 0.299495 0.558334 0.020607
0.812251 0.000010 0.119448 0.068281 0.000010
0.945948 0.000010 0.048048 0.005983 0.000010
0.999960 0.000010 0.000010 0.000010 0.000010
0.982775 0.000010 0.006308 0.000010 0.010896
0.999067 0.000010 0.000010 0.000903 0.000010
0.959821 0.010391 0.023482 0.000010 0.006296
0.987561 0.000010 0.000010 0.000010 0.012409
0.959090 0.000010 0.040880 0.000010 0.000010
0.999960 0.000010 0.000010 0.000010 0.000010
0.999960 0.000010 0.000010 0.000010 0.000010
0.999960 0.000010 0.000010 0.000010 0.000010
0.182927 0.043017 0.484522 0.237647 0.051887
0.191739 0.054572 0.442172 0.260931 0.050586
0.117007 0.052813 0.543187 0.236743 0.050250
0.153816 0.036990 0.512780 0.269970 0.026444
0.122525 0.075591 0.558408 0.160489 0.082986
0.068833 0.158430 0.578321 0.085794 0.108622
0.039496 0.204757 0.503139 0.119186 0.133422
0.101695 0.195715 0.475530 0.111497 0.115563
0.053266 0.204512 0.549350 0.074749 0.118124
0.057006 0.178598 0.513002 0.127313 0.124081
0.072116 0.175110 0.556318 0.099420 0.097036
0.057337 0.219712 0.502834 0.114240 0.105877
0.094454 0.187566 0.500005 0.125015 0.092960
0.060304 0.224973 0.499977 0.060720 0.154026
0.096134 0.230745 0.470779 0.082508 0.119833
0.058907 0.203523 0.509282 0.125936 0.102352
0.049195 0.206040 0.509612 0.099851 0.135303
0.011917 0.139720 0.399763 0.013326 0.435275
0.057616 0.177636 0.581418 0.014749 0.168580
0.000010 0.109145 0.285300 0.020410 0.585134
0.036201 0.155936 0.450580 0.000010 0.357273
0.040592 0.133692 0.665153 0.010197 0.150366
0.027266 0.099155 0.722574 0.003675 0.147329
0.050909 0.113052 0.699051 0.000010 0.136979
0.048075 0.118001 0.667271 0.016807 0.149847
0.029510 0.134521 0.683648 0.006638 0.145683
0.020973 0.138551 0.677687 0.000010 0.162779
0.053781 0.114650 0.656722 0.000352 0.174496
0.027263 0.089997 0.737209 0.000010 0.145521
0.035009 0.104234 0.714225 0.016877 0.129656
0.015442 0.141483 0.652759 0.001532 0.188784
0.061225 0.093236 0.679335 0.047575 0.118629
0.120658 0.094976 0.568765 0.119158 0.096443
0.050401 0.112781 0.679541 0.002751 0.154527
0.075041 0.128948 0.605824 0.049238 0.140949
0.184144 0.040886 0.488662 0.255246 0.031062
0.061405 0.110267 0.684561 0.005628 0.138139
0.099226 0.120130 0.614296 0.039431 0.126917
0.081714 0.135390 0.558017 0.119157 0.105722
0.000010 0.237276 0.577418 0.000010 0.185286
0.143715 0.142319 0.572983 0.025124 0.115859
0.021628 0.204865 0.571498 0.016881 0.185128
0.158856 0.105335 0.564512 0.050636 0.120660
0.033683 0.185468 0.552565 0.014200 0.214084
0.151689 0.107873 0.571961 0.045015 0.123462
0.041265 0.229324 0.540818 0.014306 0.174286
0.000010 0.059582 0.732232 0.081485 0.126691
0.036658 0.213330 0.565820 0.009708 0.174484
0.027984 0.063325 0.733989 0.085774 0.088928
0.032337 0.162638 0.634088 0.006065 0.164871
0.000010 0.061897 0.747186 0.105969 0.084938
0.175651 0.092671 0.518036 0.095963 0.117678
0.001790 0.249386 0.563414 0.000010 0.185400
0.040918 0.092320 0.608176 0.164094 0.094493
0.134421 0.122717 0.580319 0.057013 0.105529
0.000010 0.237992 0.566953 0.003406 0.191640
0.129829 0.129566 0.580540 0.047291 0.112774
0.030252 0.132680 0.682373 0.000010 0.154685
0.165872 0.053903 0.464921 0.241770 0.073534
0.071647 0.119070 0.658266 0.015921 0.135096
0.051111 0.056941 0.630042 0.174070 0.087837
0.053417 0.107858 0.662842 0.023202 0.152681
0.035511 0.044178 0.659073 0.189500 0.071738
0.007029 0.223143 0.559840 0.000010 0.209977
0.020783 0.073876 0.754045 0.027413 0.123884
0.053417 0.118389 0.644204 0.035900 0.148090
0.000010 0.093712 0.756133 0.023173 0.126972
0.026861 0.231490 0.547491 0.008377 0.185781
0.012585 0.061305 0.771673 0.031436 0.123001
0.019877 0.073373 0.763346 0.028873 0.114531
0.026142 0.183511 0.634142 0.000010 0.156195
0.144283 0.033495 0.489120 0.303524 0.029578
0.059186 0.073211 0.667753 0.092200 0.107650
0.036472 0.119070 0.667708 0.000235 0.176515
0.111137 0.000010 0.434151 0.453786 0.000917
0.020427 0.109855 0.692523 0.052154 0.125042
0.000010 0.223458 0.595567 0.006359 0.174606
0.008061 0.076538 0.772735 0.028979 0.113686
0.053593 0.095904 0.739074 0.000010 0.111419
0.027987 0.271043 0.498717 0.010948 0.191305
0.073667 0.050377 0.707145 0.065788 0.103023
0.041417 0.083104 0.728256 0.009413 0.137811
0.000010 0.203673 0.566354 0.000010 0.229954
0.040038 0.099623 0.702046 0.068874 0.089419
0.012953 0.118779 0.727377 0.000010 0.140881
0.053159 0.199730 0.540208 0.024518 0.182384
0.140780 0.001383 0.451491 0.389929 0.016417
0.046308 0.053495 0.655823 0.135419 0.108954
0.005666 0.218884 0.561410 0.007952 0.206088
0.067627 0.111994 0.691548 0.008663 0.120168
0.083407 0.000010 0.437334 0.472518 0.006731
0.000010 0.244558 0.556361 0.000010 0.199061
0.038499 0.098565 0.735185 0.007391 0.120361
0.117574 0.007615 0.471702 0.358472 0.044637
0.078910 0.161387 0.557463 0.036353 0.165887
0.079673 0.025452 0.530031 0.299361 0.065483
0.020099 0.087207 0.733267 0.016778 0.142649
0.025278 0.220558 0.564567 0.017024 0.172574
0.168057 0.105590 0.538045 0.081567 0.106740
0.075392 0.047542 0.567479 0.237781 0.071807
0.000010 0.236764 0.557452 0.000010 0.205764
0.137214 0.099976 0.595222 0.053721 0.113868
0.082464 0.011959 0.508647 0.354829 0.042102
0.000010 0.235984 0.566946 0.000010 0.197050
0.102281 0.109920 0.610164 0.055061 0.122573
0.070594 0.108070 0.662469 0.016870 0.141997
0.032519 0.226643 0.523557 0.000010 0.217272
0.081220 0.127937 0.588149 0.077311 0.125383
0.036634 0.060873 0.740262 0.065918 0.096312
0.000010 0.250655 0.533822 0.000010 0.215503
0.120449 0.084397 0.603228 0.102159 0.089766
0.099838 0.043475 0.482885 0.352359 0.021444
0.032933 0.226413 0.547455 0.011452 0.181745
0.151861 0.049744 0.538117 0.198950 0.061329
0.076872 0.100666 0.701921 0.000601 0.119939
0.031547 0.221423 0.536309 0.020472 0.190248
0.108323 0.111638 0.590865 0.069751 0.119423
0.034651 0.051864 0.771800 0.014284 0.127401
0.009878 0.247469 0.557636 0.005569 0.179448
0.098019 0.127155 0.615525 0.056745 0.102556
0.072889 0.028575 0.609033 0.208292 0.081212
0.000010 0.248943 0.534714 0.011818 0.204515
0.079831 0.116899 0.635215 0.047401 0.120654
0.072540 0.037219 0.604311 0.205007 0.080924
0.011078 0.261489 0.533435 0.000010 0.193988
0.092886 0.110114 0.659834 0.029511 0.107655
0.019378 0.083118 0.744006 0.013981 0.139517
0.026833 0.197965 0.590319 0.015572 0.169311
0.013615 0.200064 0.567759 0.014050 0.204512
0.046451 0.053559 0.704574 0.097394 0.098022
0.000010 0.248745 0.570465 0.000010 0.180769
0.125349 0.000010 0.436129 0.421777 0.016735
0.102614 0.013978 0.495865 0.384858 0.002685
0.107194 0.120187 0.621088 0.029498 0.122033
0.041455 0.105722 0.716300 0.000010 0.136513
0.150655 0.107659 0.587196 0.064694 0.089795
0.098235 0.090112 0.608079 0.090600 0.112974
0.000010 0.340942 0.504667 0.000010 0.154371
0.006737 0.296696 0.538540 0.000010 0.158017
0.000010 0.321796 0.520990 0.000010 0.157194
0.023938 0.350173 0.471587 0.000010 0.154292
0.009826 0.278996 0.532742 0.000010 0.178426
0.023178 0.240507 0.557433 0.004548 0.174333
0.000010 0.271092 0.544968 0.000010 0.183920
0.000010 0.287348 0.512671 0.000010 0.199961
0.002820 0.270880 0.525024 0.000010 0.201266
0.000010 0.296063 0.531175 0.000010 0.172741
0.000010 0.291477 0.509871 0.000010 0.198632
0.000013 0.318362 0.514777 0.000010 0.166838
0.000010 0.292638 0.526037 0.005052 0.176262
0.011546 0.223030 0.577632 0.000010 0.187782
0.000010 0.307229 0.489707 0.000010 0.203044
0.000010 0.302478 0.520704 0.000010 0.176798
0.000010 0.303691 0.491653 0.011066 0.193580
0.000010 0.296102 0.505434 0.000010 0.198444
0.000010 0.318150 0.509522 0.000010 0.172308
0.000010 0.291996 0.552832 0.000010 0.155153
0.000010 0.303032 0.515007 0.000010 0.181941
0.027051 0.240583 0.562364 0.000010 0.169992
0.000010 0.275306 0.544245 0.000010 0.180429
0.000010 0.277860 0.557428 0.000010 0.164693
0.000010 0.257763 0.548174 0.000010 0.194043
0.000010 0.269062 0.565394 0.000010 0.165524
0.000010 0.272718 0.534270 0.000010 0.192991
0.000010 0.276076 0.553957 0.000010 0.169947
0.000010 0.249374 0.594654 0.000010 0.155952
0.000010 0.272353 0.489181 0.004498 0.233958
0.008509 0.282305 0.514606 0.008568 0.186012
0.000010 0.275702 0.578020 0.000010 0.146258
0.000010 0.277844 0.582499 0.000010 0.139637
0.000010 0.237792 0.566313 0.000738 0.195147
0.023315 0.227246 0.537572 0.034710 0.177157
0.000010 0.240249 0.568469 0.011828 0.179444
0.031365 0.196864 0.595567 0.000010 0.176195
0.000010 0.000010 0.000010 0.000010 0.999960
0.000010 0.000010 0.000010 0.000010 0.999960
0.000640 0.051168 0.153665 0.000010 0.794516
0.000010 0.037991 0.148398 0.000010 0.813591
0.000010 0.000010 0.000010 0.000010 0.999960
0.000010 0.034647 0.084428 0.002571 0.878344
0.000013 0.000010 0.000013 0.000010 0.999954
0.000010 0.080425 0.170332 0.000010 0.749223
0.000010 0.036587 0.126326 0.000010 0.837068
0.003519 0.080878 0.139883 0.002377 0.773343
0.000014 0.043319 0.137966 0.000010 0.818691
0.000010 0.000010 0.066021 0.000010 0.933949
0.000010 0.000010 0.000010 0.000010 0.999960
0.000010 0.029556 0.090534 0.000010 0.879891
0.000010 0.000010 0.000010 0.000010 0.999960
0.000010 0.000010 0.000010 0.000010 0.999960
0.000010 0.008609 0.027158 0.000010 0.964212
0.000010 0.000010 0.000010 0.000010 0.999960
0.000010 0.053990 0.136251 0.000010 0.809738
0.000010 0.071565 0.186707 0.000010 0.741708
0.000010 0.045154 0.109122 0.000265 0.845449
0.000010 0.083160 0.130994 0.000010 0.785826
