0.038862 0.521282 0.355137 0.084708 0.000010
0.026554 0.533438 0.395466 0.044532 0.000010
0.000010 0.999955 0.000010 0.000015 0.000010
0.000010 0.817230 0.000010 0.182740 0.000010
0.000010 0.817051 0.000010 0.163901 0.019028
0.000010 0.734920 0.082826 0.182235 0.000010
0.000010 0.456358 0.421400 0.122221 0.000010
0.000010 0.999960 0.000010 0.000010 0.000010
0.000010 0.702979 0.140254 0.156748 0.000010
0.000010 0.803271 0.084464 0.112245 0.000010
0.000010 0.886366 0.000010 0.113604 0.000010
0.000010 0.999960 0.000010 0.000010 0.000010
0.000010 0.925995 0.000010 0.000010 0.073975
0.000010 0.999960 0.000010 0.000010 0.000010
0.000010 0.999960 0.000010 0.000010 0.000010
0.000010 0.999960 0.000010 0.000010 0.000010
0.000010 0.999960 0.000010 0.000010 0.000010
0.000010 0.999958 0.000010 0.000012 0.000010
0.000010 0.999960 0.000010 0.000010 0.000010
0.000010 0.576305 0.353023 0.062088 0.008573
0.000010 0.999960 0.000010 0.000010 0.000010
0.000010 0.999960 0.000010 0.000010 0.000010
0.000010 0.999960 0.000010 0.000010 0.000010
0.000010 0.999960 0.000010 0.000010 0.000010
0.000010 0.999960 0.000010 0.000010 0.000010
0.000010 0.999960 0.000010 0.000010 0.000010
0.000010 0.999959 0.000010 0.000011 0.000010
0.060015 0.906855 0.000010 0.000010 0.033110
0.000010 0.999960 0.000010 0.000010 0.000010
0.020503 0.377508 0.324101 0.170606 0.107281
0.000010 0.421672 0.418998 0.159311 0.000010
0.001811 0.493629 0.374925 0.074544 0.055092
0.001897 0.000010 0.861806 0.000010 0.136276
0.000010 0.000010 0.836332 0.000010 0.163638
0.024857 0.091221 0.743116 0.000010 0.140796
0.001071 0.000010 0.830103 0.000010 0.168806
0.000010 0.000010 0.899762 0.000010 0.100208
0.074148 0.019670 0.586829 0.000010 0.319342
0.000010 0.000010 0.946108 0.000010 0.053862
0.114120 0.000010 0.798554 0.000010 0.087306
0.189562 0.000010 0.699767 0.000010 0.110651
0.129957 0.000010 0.795097 0.000010 0.074926
0.206407 0.000017 0.615192 0.000010 0.178374
0.155875 0.016342 0.706634 0.000010 0.121138
0.178834 0.000010 0.653710 0.000010 0.167435
0.167093 0.000010 0.671670 0.000010 0.161217
0.243568 0.000010 0.648976 0.000010 0.107436
0.123011 0.110152 0.626084 0.093210 0.047543
0.119981 0.124068 0.605980 0.081778 0.068194
0.139018 0.093622 0.619140 0.095343 0.052877
0.104697 0.116428 0.636986 0.095507 0.046383
0.125802 0.089594 0.656273 0.074455 0.053875
0.130205 0.086491 0.639428 0.085437 0.058439
0.113049 0.079781 0.670039 0.096042 0.041089
0.124390 0.097986 0.636201 0.076752 0.064672
0.135010 0.106711 0.703559 0.050897 0.003821
0.143994 0.216956 0.460847 0.120013 0.058190
0.099672 0.162190 0.532412 0.107119 0.098608
0.127810 0.090978 0.683494 0.068532 0.029187
0.000010 0.111261 0.260059 0.628661 0.000010
0.122100 0.092920 0.648425 0.069877 0.066679
0.161247 0.089354 0.624881 0.075428 0.049090
0.000010 0.000010 0.000010 0.000010 0.999960
0.000010 0.000010 0.000010 0.000010 0.999960
0.000010 0.000010 0.000010 0.000010 0.999960
0.000010 0.000010 0.000010 0.000010 0.999960
0.019234 0.000010 0.089289 0.005969 0.885498
0.000010 0.000010 0.000010 0.000010 0.999960
0.000010 0.000010 0.000010 0.000010 0.999960
0.000010 0.000010 0.000010 0.000010 0.999960
0.000010 0.000010 0.000010 0.000010 0.999960
0.021296 0.000010 0.038164 0.000010 0.940520
0.000010 0.000010 0.000010 0.000010 0.999960
0.059756 0.000010 0.019458 0.009847 0.910929
0.027599 0.015807 0.145597 0.005344 0.805654
0.000010 0.000010 0.000010 0.000010 0.999960
0.620890 0.031230 0.308328 0.016537 0.023015
0.616301 0.028790 0.310325 0.005393 0.039191
0.610411 0.048408 0.316651 0.014082 0.010448
0.577516 0.029840 0.318469 0.008829 0.065345
0.633417 0.059054 0.299541 0.007977 0.000010
0.568427 0.027192 0.332024 0.023759 0.048598
0.620120 0.038826 0.276108 0.027699 0.037246
0.629574 0.064512 0.281763 0.021318 0.002833
0.322539 0.000016 0.288399 0.000010 0.389037
0.301140 0.000010 0.338047 0.000010 0.360793
0.306627 0.000010 0.288199 0.000010 0.405154
0.314634 0.000010 0.300154 0.000010 0.385191
0.340038 0.000010 0.289860 0.000010 0.370083
0.312234 0.000010 0.342017 0.000010 0.345729
0.296149 0.000010 0.293261 0.012007 0.398573
0.309877 0.000017 0.292803 0.000010 0.397293
0.304195 0.000010 0.324013 0.000010 0.371772
0.298038 0.000010 0.295935 0.000010 0.406007
0.322847 0.000010 0.274745 0.000010 0.402388
0.319843 0.000010 0.313248 0.002071 0.364829
0.295292 0.000010 0.348337 0.000010 0.356350
0.287673 0.000010 0.315025 0.000010 0.397282
0.312045 0.000010 0.329028 0.001002 0.357915
0.312602 0.012897 0.274765 0.000010 0.399726
0.327383 0.000010 0.291508 0.013199 0.367899
0.312655 0.000010 0.318803 0.000010 0.368522
0.309326 0.000010 0.317152 0.000010 0.373502
0.326066 0.000010 0.280829 0.000010 0.393085
0.297434 0.000015 0.304297 0.000010 0.398245
0.282302 0.000010 0.323566 0.000010 0.394112
0.321107 0.000010 0.323941 0.000010 0.354931
0.301453 0.000010 0.301516 0.000010 0.397012
0.314824 0.005425 0.315429 0.001622 0.362700
0.351817 0.000010 0.318937 0.000010 0.329226
0.573517 0.000010 0.338333 0.000010 0.088130
0.413230 0.000010 0.445686 0.000010 0.141064
0.597784 0.000010 0.344467 0.000010 0.057729
0.324331 0.014153 0.483424 0.023710 0.154381
0.392111 0.000010 0.440753 0.013282 0.153845
0.529409 0.000010 0.383932 0.002555 0.084095
0.623930 0.000010 0.324580 0.000010 0.051470
0.406391 0.000010 0.465163 0.013467 0.114968
0.372096 0.009479 0.445862 0.006466 0.166097
0.500409 0.000356 0.399648 0.015138 0.084450
0.596097 0.000010 0.329772 0.000010 0.074111
0.517320 0.000010 0.351074 0.000010 0.131586
0.294827 0.000010 0.313583 0.000010 0.391570
0.304817 0.000010 0.312379 0.004248 0.378546
0.512699 0.000010 0.373838 0.000010 0.113444
0.616851 0.007871 0.284076 0.000010 0.091192
0.535265 0.000010 0.380109 0.015476 0.069140
0.373616 0.000010 0.441534 0.003824 0.181015
0.395614 0.000010 0.455759 0.000010 0.148607
0.588624 0.000010 0.348615 0.000010 0.062740
0.485406 0.000010 0.380040 0.004762 0.129781
0.600627 0.000010 0.337646 0.000010 0.061707
0.572329 0.000010 0.336381 0.005720 0.085559
0.599852 0.000010 0.327736 0.000794 0.071607
0.475641 0.000010 0.406677 0.000010 0.117662
0.324256 0.000010 0.302978 0.002764 0.369992
0.359376 0.012374 0.492409 0.002599 0.133242
0.517248 0.000010 0.372835 0.000010 0.109897
0.467533 0.007759 0.411656 0.011142 0.101910
0.574203 0.000010 0.342716 0.000010 0.083061
0.611578 0.000010 0.321295 0.000010 0.067108
0.406664 0.000010 0.437719 0.000010 0.155598
0.508570 0.000010 0.400659 0.000010 0.090751
0.513848 0.000018 0.401352 0.000010 0.084772
0.336861 0.000010 0.502017 0.000010 0.161102
0.394615 0.000010 0.452664 0.003534 0.149177
0.500974 0.003091 0.400811 0.003213 0.091911
0.428503 0.003687 0.466404 0.015771 0.085635
0.485577 0.000010 0.441707 0.000010 0.072696
0.458306 0.025243 0.405698 0.000010 0.110743
0.411310 0.000010 0.457960 0.015811 0.114909
0.442554 0.002905 0.424967 0.000010 0.129564
0.479095 0.000010 0.411562 0.000010 0.109323
0.434396 0.000010 0.479959 0.010272 0.075364
0.488575 0.000010 0.418558 0.011298 0.081559
0.400753 0.000010 0.480358 0.007264 0.111614
0.268821 0.048219 0.565791 0.037159 0.080009
0.252726 0.069105 0.614049 0.043430 0.020691
0.243711 0.064635 0.599223 0.060246 0.032185
0.036851 0.097566 0.754010 0.095487 0.016086
0.211223 0.050161 0.589614 0.092338 0.056664
0.240634 0.051511 0.615766 0.070106 0.021985
0.260785 0.023109 0.610483 0.072887 0.032736
0.224625 0.048567 0.623720 0.097541 0.005547
0.414736 0.000010 0.477055 0.019596 0.088603
0.230214 0.062303 0.604514 0.057555 0.045415
0.507574 0.008165 0.442822 0.000010 0.041429
0.470504 0.000579 0.448334 0.009867 0.070716
0.497198 0.003890 0.427379 0.015514 0.056019
0.479126 0.015151 0.454906 0.000547 0.050270
0.500432 0.007304 0.422417 0.010443 0.059404
0.493542 0.017072 0.435448 0.000010 0.053928
0.474707 0.000010 0.452485 0.001357 0.071441
0.494233 0.000010 0.427937 0.004405 0.073415
0.485463 0.000010 0.459675 0.014290 0.040562
0.502667 0.012316 0.398625 0.016386 0.070006
0.002418 0.008306 0.200193 0.001469 0.787613
0.156390 0.013738 0.327613 0.021858 0.480401
0.139166 0.017639 0.225955 0.014148 0.603092
0.062776 0.007862 0.174374 0.009465 0.745523
0.100469 0.018334 0.216481 0.025112 0.639605
0.146075 0.005665 0.282746 0.031928 0.533586
0.115267 0.013362 0.209005 0.007055 0.655311
0.011541 0.003120 0.113049 0.003295 0.868995
0.179754 0.036669 0.282935 0.009275 0.491366
0.139660 0.010167 0.303182 0.001770 0.545221
0.182479 0.015513 0.315734 0.013011 0.473263
0.159393 0.016268 0.346746 0.025225 0.452367
0.157581 0.026470 0.246420 0.032499 0.537030
0.154121 0.003770 0.291561 0.033295 0.517253
0.151265 0.028122 0.288659 0.000010 0.531944
0.167321 0.006623 0.285162 0.002463 0.538431
0.152847 0.028190 0.293713 0.002986 0.522264
0.155814 0.004309 0.311551 0.010885 0.517441
0.203750 0.039027 0.353685 0.025001 0.378537
0.273926 0.000733 0.393376 0.028216 0.303749
0.240066 0.026438 0.405968 0.031512 0.296016
0.247047 0.005692 0.384801 0.022794 0.339666
0.249286 0.000010 0.378481 0.057519 0.314704
0.268440 0.008297 0.409505 0.032689 0.281068
0.186966 0.006872 0.343913 0.002639 0.459609
0.083096 0.007819 0.186727 0.010102 0.712256
0.084673 0.000010 0.179956 0.000010 0.735350
0.198882 0.032976 0.327536 0.006961 0.433645
0.205268 0.024334 0.308086 0.003157 0.459155
0.056852 0.013111 0.154792 0.004862 0.770382
0.177864 0.000010 0.324213 0.022263 0.475650
0.133286 0.011023 0.224742 0.003294 0.627656
0.201036 0.001892 0.401836 0.019186 0.376050
0.197731 0.019561 0.351900 0.000868 0.429940
0.226319 0.007843 0.349897 0.000010 0.415930
0.211736 0.026286 0.367833 0.023860 0.370285
0.241561 0.003108 0.326007 0.024454 0.404870
0.201913 0.006890 0.361696 0.043338 0.386163
0.218798 0.024471 0.376056 0.017406 0.363270
0.310002 0.000010 0.493867 0.026336 0.169785
0.340930 0.039912 0.444457 0.003530 0.171171
0.287025 0.000010 0.530048 0.016224 0.166693
0.298830 0.020312 0.466373 0.025975 0.188510
0.305942 0.014474 0.491524 0.021145 0.166916
0.301780 0.023202 0.470830 0.027649 0.176539
0.317854 0.004285 0.462394 0.032273 0.183195
0.365571 0.016084 0.456956 0.005152 0.156238
0.289728 0.027640 0.468523 0.012604 0.201506
0.309451 0.005452 0.468097 0.049884 0.167116
0.673316 0.000010 0.295709 0.012020 0.018945
0.687878 0.000010 0.312092 0.000010 0.000010
0.724545 0.000010 0.275425 0.000010 0.000010
0.741825 0.000010 0.258145 0.000010 0.000010
0.688191 0.000010 0.294063 0.000010 0.017726
0.725255 0.000010 0.274715 0.000010 0.000010
0.703219 0.000010 0.257525 0.023569 0.015678
0.666454 0.000010 0.306278 0.000010 0.027249
0.684994 0.000010 0.296142 0.000010 0.018844
0.699130 0.000010 0.296123 0.000010 0.004726
0.534634 0.011552 0.416445 0.027467 0.009902
0.586332 0.003012 0.378032 0.032614 0.000010
0.520389 0.030820 0.411683 0.037098 0.000010
0.554213 0.032120 0.397822 0.015835 0.000010
0.586227 0.031381 0.367812 0.014570 0.000010
0.579922 0.019312 0.373676 0.027080 0.000010
0.526999 0.027164 0.416373 0.014631 0.014832
0.522127 0.019029 0.440910 0.000010 0.017923
0.569417 0.000010 0.385369 0.000010 0.045195
0.501455 0.002331 0.405987 0.000010 0.090217
0.502204 0.000010 0.379494 0.000010 0.118283
0.534769 0.000010 0.407078 0.000010 0.058133
0.541630 0.007747 0.403845 0.000010 0.046768
0.539141 0.000010 0.388016 0.000010 0.072823
0.563750 0.000010 0.354452 0.000010 0.081779
0.518197 0.001969 0.394541 0.000010 0.085283
0.537321 0.000011 0.395790 0.000010 0.066869
0.529454 0.000010 0.381103 0.000010 0.089423
0.263210 0.049074 0.535353 0.053079 0.099284
0.260294 0.057215 0.563572 0.061553 0.057365
0.240344 0.047267 0.614789 0.051398 0.046203
0.207626 0.067609 0.597538 0.065048 0.062179
0.228553 0.062005 0.563534 0.093543 0.052364
0.226538 0.048820 0.621184 0.074980 0.028479
0.198698 0.043933 0.614338 0.077350 0.065681
0.196871 0.078172 0.620169 0.043647 0.061141
0.204718 0.050891 0.609725 0.083310 0.051357
0.214128 0.045082 0.503361 0.064774 0.172655
0.211648 0.087799 0.485136 0.083767 0.131649
0.150647 0.068285 0.535067 0.108723 0.137277
0.209322 0.067114 0.459561 0.079736 0.184266
0.220824 0.033346 0.491263 0.073183 0.181384
0.227954 0.054588 0.505272 0.058079 0.154107
0.207661 0.051963 0.480576 0.057395 0.202405
0.236734 0.057909 0.528517 0.053349 0.123491
0.229012 0.068945 0.458544 0.083560 0.159939
0.185338 0.064836 0.487023 0.090883 0.171920
0.999960 0.000010 0.000010 0.000010 0.000010
0.999960 0.000010 0.000010 0.000010 0.000010
0.966457 0.000010 0.025745 0.007777 0.000010
0.326147 0.000010 0.469423 0.021399 0.183021
0.999960 0.000010 0.000010 0.000010 0.000010
0.999960 0.000010 0.000010 0.000010 0.000010
0.954800 0.000010 0.031535 0.000010 0.013646
0.316298 0.001817 0.350958 0.000010 0.330917
0.999960 0.000010 0.000010 0.000010 0.000010
0.960383 0.002386 0.033091 0.004130 0.000010
0.970175 0.000494 0.024571 0.000010 0.004750
0.312027 0.003128 0.355434 0.008068 0.321342
0.928424 0.000010 0.023852 0.023035 0.024680
0.966186 0.000010 0.000010 0.013128 0.020666
0.999960 0.000010 0.000010 0.000010 0.000010
0.916052 0.000010 0.058126 0.000010 0.025801
0.999960 0.000010 0.000010 0.000010 0.000010
0.961312 0.009772 0.028896 0.000010 0.000010
0.283233 0.000010 0.417538 0.000010 0.299209
0.999960 0.000010 0.000010 0.000010 0.000010
0.928680 0.000010 0.058323 0.000010 0.012977
0.305887 0.001144 0.359560 0.021427 0.311982
0.999960 0.000010 0.000010 0.000010 0.000010
0.929022 0.000010 0.070948 0.000010 0.000010
0.305662 0.000010 0.354282 0.000010 0.340036
0.644644 0.003515 0.325738 0.000010 0.026094
0.623100 0.000010 0.346522 0.000010 0.030357
0.642607 0.000010 0.319237 0.000010 0.038136
0.642409 0.000010 0.299878 0.008029 0.049673
0.644221 0.000010 0.306652 0.000010 0.049107
0.636700 0.004310 0.301814 0.000010 0.057167
0.640569 0.000010 0.318218 0.000010 0.041193
0.664757 0.000010 0.294884 0.008399 0.031950
0.557204 0.062959 0.304136 0.024859 0.050841
0.648916 0.005936 0.312987 0.000010 0.032151
0.622494 0.053238 0.284601 0.029364 0.010303
0.563163 0.079405 0.281408 0.032131 0.043892
0.540990 0.022237 0.355677 0.011381 0.069715
0.543814 0.053168 0.315484 0.037710 0.049824
0.558641 0.042638 0.316561 0.007840 0.074320
0.645106 0.059301 0.252263 0.043319 0.000010
0.630136 0.055063 0.268230 0.046562 0.000010
0.558326 0.060519 0.299504 0.020606 0.061044
0.068280 0.000010 0.119452 0.000010 0.812248
0.005983 0.000010 0.048051 0.000010 0.945946
0.000010 0.000010 0.000010 0.000010 0.999960
0.000010 0.000010 0.006311 0.010897 0.982773
0.000904 0.000010 0.000010 0.000010 0.999066
0.000010 0.010390 0.023484 0.006296 0.959820
0.000014 0.000010 0.000010 0.012408 0.987558
0.000010 0.000014 0.040881 0.000010 0.959085
0.000010 0.000010 0.000010 0.000010 0.999960
0.000010 0.000010 0.000010 0.000010 0.999960
0.000010 0.000010 0.000010 0.000010 0.999960
0.237641 0.043020 0.484527 0.051888 0.182924
0.260926 0.054574 0.442177 0.050587 0.191736
0.236737 0.052816 0.543191 0.050252 0.117004
0.269964 0.036993 0.512785 0.026446 0.153812
0.160485 0.075595 0.558410 0.082989 0.122521
0.085791 0.158435 0.578319 0.108625 0.068830
0.119183 0.204762 0.503136 0.133426 0.039494
0.111494 0.195719 0.475528 0.115566 0.101693
0.074746 0.204517 0.549347 0.118127 0.053263
0.127309 0.178603 0.512999 0.124084 0.057004
0.099416 0.175115 0.556317 0.097038 0.072113
0.114237 0.219717 0.502832 0.105880 0.057335
0.125012 0.187570 0.500003 0.092963 0.094452
0.060718 0.224978 0.499973 0.154029 0.060302
0.082506 0.230750 0.470776 0.119836 0.096132
0.125933 0.203528 0.509280 0.102355 0.058904
0.099848 0.206044 0.509610 0.135306 0.049192
0.013325 0.139723 0.399757 0.435279 0.011916
0.014747 0.177641 0.581414 0.168584 0.057613
0.020410 0.109148 0.285294 0.585138 0.000010
0.000010 0.155940 0.450574 0.357277 0.036198
0.010195 0.133697 0.665148 0.150371 0.040589
0.003673 0.099161 0.722569 0.147334 0.027263
0.000010 0.113058 0.699045 0.136983 0.050905
0.016804 0.118007 0.667266 0.149851 0.048071
0.006635 0.134527 0.683643 0.145688 0.029507
0.000010 0.138557 0.677680 0.162784 0.020969
0.000349 0.114656 0.656717 0.174500 0.053778
0.000010 0.090004 0.737203 0.145526 0.027258
0.016874 0.104240 0.714221 0.129660 0.035005
0.001530 0.141489 0.652754 0.188788 0.015439
0.047572 0.093242 0.679332 0.118633 0.061221
0.119154 0.094981 0.568764 0.096446 0.120655
0.002748 0.112787 0.679535 0.154531 0.050398
0.049235 0.128953 0.605821 0.140953 0.075038
0.255240 0.040888 0.488668 0.031063 0.184140
0.005625 0.110274 0.684557 0.138143 0.061401
0.039428 0.120136 0.614293 0.126921 0.099223
0.119153 0.135395 0.558016 0.105725 0.081711
0.000010 0.237281 0.577409 0.185290 0.000010
0.025121 0.142324 0.572980 0.115862 0.143712
0.016879 0.204870 0.571492 0.185133 0.021626
0.050633 0.105340 0.564511 0.120663 0.158853
0.014199 0.185474 0.552559 0.214088 0.033681
0.045013 0.107879 0.571957 0.123465 0.151686
0.014304 0.229330 0.540812 0.174291 0.041263
0.081480 0.059588 0.732227 0.126695 0.000010
0.009706 0.213335 0.565815 0.174488 0.036656
0.085770 0.063331 0.733987 0.088933 0.027980
0.006063 0.162644 0.634083 0.164875 0.032334
0.105964 0.061903 0.747182 0.084942 0.000010
0.095960 0.092675 0.518035 0.117681 0.175648
0.000010 0.249392 0.563406 0.185404 0.001788
0.164089 0.092324 0.608176 0.094496 0.040914
0.057010 0.122722 0.580317 0.105533 0.134418
0.003404 0.237997 0.566945 0.191644 0.000010
0.047288 0.129571 0.580537 0.112778 0.129826
0.000010 0.132686 0.682366 0.154689 0.030248
0.241764 0.053905 0.464926 0.073536 0.165868
0.015919 0.119076 0.658262 0.135100 0.071644
0.174065 0.056946 0.630042 0.087840 0.051107
0.023200 0.107864 0.662838 0.152685 0.053413
0.189495 0.044183 0.659074 0.071741 0.035507
0.000010 0.223149 0.559833 0.209981 0.007027
0.027409 0.073883 0.754042 0.123888 0.020779
0.035897 0.118395 0.644201 0.148094 0.053413
0.023169 0.093718 0.756127 0.126976 0.000010
0.008376 0.231495 0.547485 0.185785 0.026859
0.031432 0.061312 0.771670 0.123005 0.012581
0.028870 0.073380 0.763342 0.114535 0.019873
0.000010 0.183517 0.634135 0.156199 0.026139
0.303517 0.033497 0.489126 0.029580 0.144280
0.092196 0.073216 0.667752 0.107654 0.059182
0.000233 0.119076 0.667703 0.176520 0.036469
0.453777 0.000010 0.434162 0.000918 0.111133
0.052151 0.109860 0.692519 0.125046 0.020423
0.006357 0.223463 0.595560 0.174610 0.000010
0.028973 0.076545 0.772734 0.113691 0.008057
0.000010 0.095910 0.739069 0.111423 0.053588
0.010946 0.271049 0.498711 0.191309 0.027985
0.065785 0.050382 0.707143 0.103027 0.073663
0.009409 0.083110 0.728253 0.137815 0.041413
0.000010 0.203678 0.566345 0.229958 0.000010
0.068870 0.099629 0.702043 0.089423 0.040035
0.000010 0.118786 0.727371 0.140885 0.012949
0.024516 0.199736 0.540203 0.182388 0.053157
0.389922 0.001384 0.451500 0.016418 0.140776
0.135415 0.053500 0.655823 0.108958 0.046304
0.007950 0.218890 0.561404 0.206092 0.005664
0.008661 0.112000 0.691544 0.120172 0.067623
0.472510 0.000010 0.437345 0.006731 0.083403
0.000010 0.244563 0.556351 0.199066 0.000010
0.007388 0.098572 0.735181 0.120365 0.038495
0.358465 0.007617 0.471710 0.044638 0.117570
0.036351 0.161392 0.557459 0.165891 0.078907
0.299355 0.025455 0.530036 0.065485 0.079669
0.016775 0.087214 0.733262 0.142654 0.020095
0.017022 0.220563 0.564561 0.172578 0.025276
0.081564 0.105595 0.538043 0.106744 0.168054
0.237776 0.047545 0.567482 0.071809 0.075388
0.000010 0.236769 0.557443 0.205768 0.000010
0.053718 0.099981 0.595219 0.113871 0.137211
0.354822 0.011961 0.508654 0.042103 0.082460
0.000010 0.235990 0.566936 0.197054 0.000010
0.055058 0.109926 0.610161 0.122577 0.102278
0.016867 0.108076 0.662465 0.142002 0.070590
0.000010 0.226648 0.523550 0.217276 0.032517
0.077308 0.127942 0.588146 0.125387 0.081217
0.065915 0.060879 0.740260 0.096316 0.036630
0.000010 0.250660 0.533813 0.215507 0.000010
0.102156 0.084402 0.603227 0.089769 0.120446
0.352352 0.043477 0.482891 0.021445 0.099834
0.011451 0.226419 0.547449 0.181750 0.032931
0.198944 0.049748 0.538120 0.061331 0.151857
0.000599 0.100672 0.701916 0.119943 0.076869
0.020471 0.221428 0.536303 0.190252 0.031545
0.069748 0.111643 0.590863 0.119426 0.108320
0.014280 0.051871 0.771796 0.127406 0.034647
0.005567 0.247474 0.557630 0.179453 0.009876
0.056742 0.127160 0.615522 0.102560 0.098016
0.208287 0.028579 0.609035 0.081215 0.072885
0.011817 0.248948 0.534706 0.204519 0.000010
0.047398 0.116904 0.635213 0.120658 0.079828
0.205002 0.037223 0.604313 0.080927 0.072536
0.000010 0.261494 0.533428 0.193993 0.011075
0.029508 0.110120 0.659831 0.107658 0.092883
0.013978 0.083125 0.744002 0.139522 0.019374
0.015570 0.197971 0.590313 0.169316 0.026831
0.014048 0.200070 0.567753 0.204516 0.013612
0.097390 0.053564 0.704573 0.098026 0.046447
0.000010 0.248751 0.570456 0.180773 0.000010
0.421770 0.000010 0.436139 0.016736 0.125345
0.384850 0.013980 0.495874 0.002686 0.102610
0.029496 0.120192 0.621085 0.122037 0.107191
0.000010 0.105728 0.716294 0.136517 0.041450
0.064691 0.107665 0.587194 0.089798 0.150652
0.090597 0.090117 0.608077 0.112977 0.098232
0.000010 0.340948 0.504657 0.154375 0.000010
0.000010 0.296701 0.538533 0.158021 0.006735
0.000010 0.321802 0.520980 0.157198 0.000010
0.000010 0.350179 0.471577 0.154296 0.023938
0.000010 0.279002 0.532734 0.178430 0.009824
0.004547 0.240513 0.557426 0.174338 0.023176
0.000010 0.271097 0.544959 0.183924 0.000010
0.000010 0.287354 0.512660 0.199965 0.000010
0.000010 0.270886 0.525016 0.201270 0.002818
0.000010 0.296069 0.531165 0.172746 0.000010
0.000010 0.291482 0.509861 0.198637 0.000010
0.000010 0.318368 0.514768 0.166844 0.000010
0.005051 0.292644 0.526028 0.176267 0.000010
0.000010 0.223036 0.577624 0.187787 0.011544
0.000010 0.307235 0.489697 0.203048 0.000010
0.000010 0.302484 0.520694 0.176802 0.000010
0.011065 0.303696 0.491644 0.193585 0.000010
0.000010 0.296108 0.505424 0.198449 0.000010
0.000011 0.318156 0.509510 0.172313 0.000010
0.000010 0.292002 0.552821 0.155157 0.000010
0.000010 0.303037 0.514997 0.181946 0.000010
0.000010 0.240589 0.562356 0.169996 0.027049
0.000010 0.275312 0.544234 0.180434 0.000010
0.000010 0.277866 0.557416 0.164697 0.000010
0.000010 0.257769 0.548163 0.194048 0.000010
0.000010 0.269069 0.565382 0.165529 0.000010
0.000010 0.272724 0.534260 0.192996 0.000010
0.000010 0.276083 0.553945 0.169952 0.000010
0.000010 0.249381 0.594643 0.155957 0.000010
0.004497 0.272358 0.489173 0.233963 0.000010
0.008567 0.282310 0.514599 0.186016 0.008508
0.000010 0.275709 0.578009 0.146262 0.000010
0.000010 0.277851 0.582488 0.139642 0.000010
0.000736 0.237798 0.566305 0.195151 0.000010
0.034708 0.227251 0.537567 0.177161 0.023313
0.011826 0.240255 0.568461 0.179449 0.000010
0.000010 0.196869 0.595560 0.176199 0.031362
0.000010 0.000010 0.000010 0.999960 0.000010
0.000010 0.000010 0.000010 0.999960 0.000010
0.000010 0.051170 0.153659 0.794520 0.000641
0.000010 0.037993 0.148392 0.813596 0.000010
0.000010 0.000010 0.000010 0.999960 0.000010
0.002572 0.034649 0.084420 0.878350 0.000010
0.000010 0.000010 0.000010 0.999960 0.000010
0.000010 0.080427 0.170325 0.749228 0.000010
0.000010 0.036588 0.126319 0.837072 0.000010
0.002378 0.080879 0.139877 0.773347 0.003519
0.000010 0.043322 0.137962 0.818696 0.000010
0.000010 0.000010 0.066017 0.933953 0.000010
0.000010 0.000010 0.000010 0.999960 0.000010
0.000010 0.029557 0.090526 0.879897 0.000010
0.000010 0.000010 0.000010 0.999960 0.000010
0.000010 0.000010 0.000010 0.999960 0.000010
0.000010 0.008609 0.027150 0.964220 0.000010
0.000010 0.000010 0.000010 0.999960 0.000010
0.000010 0.053992 0.136246 0.809743 0.000010
0.000010 0.071566 0.186701 0.741713 0.000010
0.000265 0.045155 0.109117 0.845453 0.000010
0.000010 0.083161 0.130989 0.785831 0.000010
