0.000010 0.458914 0.032804 0.030649 0.024678 0.452945
0.000010 0.489656 0.000010 0.000010 0.048357 0.461957
0.000010 0.000010 0.000010 0.000010 0.000010 0.999950
0.000010 0.000010 0.194058 0.000010 0.000010 0.805902
0.000010 0.230051 0.085403 0.000010 0.000010 0.684517
0.000010 0.283052 0.072353 0.000010 0.000010 0.644565
0.000010 0.604845 0.014761 0.000010 0.000010 0.380364
0.000010 0.000010 0.000010 0.000010 0.000010 0.999950
0.000010 0.274790 0.078605 0.000010 0.000010 0.646575
0.000010 0.286706 0.025663 0.000010 0.000010 0.687601
0.000010 0.246071 0.008183 0.000010 0.000010 0.745716
0.000010 0.000010 0.000010 0.000010 0.000010 0.999950
0.103034 0.188655 0.049468 0.000010 0.002624 0.656208
0.000010 0.000010 0.000010 0.000010 0.000010 0.999950
0.000010 0.000010 0.000010 0.000010 0.000010 0.999950
0.000010 0.000010 0.000010 0.000010 0.000010 0.999950
0.000010 0.000010 0.000010 0.000010 0.000010 0.999950
0.000013 0.000010 0.000010 0.000010 0.000010 0.999947
0.000010 0.000010 0.000010 0.000010 0.000010 0.999950
0.000010 0.412099 0.010600 0.057831 0.000010 0.519450
0.000010 0.000010 0.000010 0.000010 0.000010 0.999950
0.000010 0.000010 0.000010 0.000010 0.000010 0.999950
0.000010 0.000010 0.000010 0.000010 0.000010 0.999950
0.000010 0.000010 0.000010 0.000010 0.000010 0.999950
0.000010 0.293238 0.000010 0.000010 0.000010 0.706722
0.000010 0.000010 0.000010 0.000010 0.000010 0.999950
0.000010 0.000010 0.000010 0.000010 0.000010 0.999950
0.000010 0.137861 0.000010 0.086806 0.000010 0.775303
0.000010 0.286075 0.026566 0.000010 0.000010 0.687329
0.124241 0.206856 0.168541 0.135200 0.000010 0.365153
0.000010 0.607043 0.055873 0.000010 0.018918 0.318146
0.061989 0.459159 0.000010 0.010018 0.027585 0.441240
0.207275 0.664176 0.000010 0.055693 0.072837 0.000010
0.014640 0.633284 0.000010 0.310468 0.000010 0.041588
0.197602 0.409167 0.000010 0.309405 0.000010 0.083805
0.215461 0.349462 0.000010 0.318251 0.116806 0.000010
0.319247 0.680713 0.000010 0.000010 0.000010 0.000010
0.000010 0.232680 0.000010 0.767280 0.000010 0.000010
0.520874 0.000010 0.117475 0.137096 0.222411 0.002134
0.037341 0.431921 0.050307 0.480411 0.000010 0.000010
0.338349 0.661611 0.000010 0.000010 0.000010 0.000010
0.284146 0.666583 0.000010 0.000010 0.049241 0.000010
0.207977 0.452462 0.000010 0.288077 0.000010 0.051464
0.465434 0.534526 0.000010 0.000010 0.000010 0.000010
0.183855 0.716357 0.000010 0.000010 0.099758 0.000010
0.056266 0.590065 0.000010 0.353639 0.000010 0.000010
0.240701 0.361576 0.000010 0.383650 0.000010 0.014053
0.215634 0.719281 0.000010 0.041547 0.023517 0.000010
0.331014 0.295134 0.069016 0.290386 0.000010 0.014441
0.194367 0.412210 0.000010 0.387548 0.000010 0.005856
0.546644 0.286271 0.000010 0.081972 0.000010 0.085093
0.186331 0.513699 0.028224 0.271726 0.000010 0.000010
0.164081 0.654561 0.000010 0.181328 0.000010 0.000010
0.191911 0.625655 0.000010 0.182404 0.000010 0.000010
0.161606 0.644303 0.000010 0.167589 0.000010 0.026483
0.198830 0.633670 0.000010 0.167470 0.000010 0.000010
0.161120 0.635022 0.000010 0.203828 0.000010 0.000010
0.344060 0.365100 0.000010 0.258473 0.000010 0.032347
0.168133 0.697910 0.000010 0.133927 0.000010 0.000010
0.160712 0.460339 0.000010 0.378919 0.000010 0.000010
0.137771 0.429580 0.002773 0.429856 0.000010 0.000010
0.096685 0.543764 0.000010 0.359521 0.000010 0.000010
0.198082 0.346468 0.000010 0.455420 0.000010 0.000010
0.144547 0.485361 0.000010 0.360418 0.000010 0.009654
0.193395 0.442187 0.000010 0.364388 0.000010 0.000010
0.198181 0.429154 0.000010 0.372635 0.000010 0.000010
0.129924 0.410121 0.000010 0.459926 0.000010 0.000010
0.063798 0.585334 0.037086 0.251052 0.004380 0.058349
0.083588 0.574121 0.026964 0.244241 0.004410 0.066676
0.068120 0.560986 0.041357 0.282185 0.000010 0.047341
0.061539 0.599541 0.037302 0.241248 0.000010 0.060361
0.067436 0.596854 0.020607 0.280633 0.000010 0.034460
0.075469 0.587553 0.031628 0.269212 0.000010 0.036127
0.060307 0.625792 0.036881 0.249666 0.000419 0.026935
0.079038 0.568869 0.024257 0.272355 0.000010 0.055471
0.021899 0.658632 0.000010 0.269088 0.006068 0.044303
0.072647 0.449025 0.072905 0.203170 0.041023 0.161230
0.111114 0.507223 0.056669 0.216826 0.000010 0.108159
0.047360 0.634895 0.007419 0.272104 0.000010 0.038211
0.000010 0.357782 0.576707 0.000010 0.000010 0.065481
0.083951 0.606191 0.014675 0.260798 0.000010 0.034375
0.065665 0.561718 0.026058 0.298250 0.008425 0.039884
0.999950 0.000010 0.000010 0.000010 0.000010 0.000010
0.999950 0.000010 0.000010 0.000010 0.000010 0.000010
0.999950 0.000010 0.000010 0.000010 0.000010 0.000010
0.999950 0.000010 0.000010 0.000010 0.000010 0.000010
0.892302 0.041781 0.008173 0.055923 0.001812 0.000010
0.999950 0.000010 0.000010 0.000010 0.000010 0.000010
0.998805 0.000010 0.000010 0.000010 0.001155 0.000010
0.999950 0.000010 0.000010 0.000010 0.000010 0.000010
0.999950 0.000010 0.000010 0.000010 0.000010 0.000010
0.946576 0.006106 0.000010 0.033657 0.013641 0.000010
0.999950 0.000010 0.000010 0.000010 0.000010 0.000010
0.899937 0.000010 0.012535 0.074731 0.012777 0.000010
0.809939 0.113253 0.000010 0.074226 0.000010 0.002561
0.999950 0.000010 0.000010 0.000010 0.000010 0.000010
0.013535 0.071335 0.028699 0.744693 0.109392 0.032346
0.031836 0.059245 0.017248 0.727351 0.125525 0.038795
0.005629 0.069001 0.024350 0.736823 0.108562 0.055634
0.065211 0.067630 0.019426 0.712197 0.097258 0.038278
0.000010 0.021573 0.025722 0.799632 0.086118 0.066945
0.045086 0.095356 0.031419 0.688637 0.106410 0.033092
0.024980 0.021250 0.041927 0.749281 0.107053 0.055510
0.000010 0.022197 0.037984 0.754171 0.112242 0.073395
0.391440 0.108986 0.000010 0.469231 0.030323 0.000010
0.364930 0.153123 0.000010 0.460878 0.021049 0.000010
0.406338 0.108825 0.009692 0.447260 0.027876 0.000010
0.387066 0.124828 0.000010 0.455992 0.032094 0.000010
0.371999 0.089229 0.013015 0.496251 0.029497 0.000010
0.352726 0.152826 0.000010 0.457049 0.037378 0.000010
0.399384 0.106859 0.019194 0.453844 0.016126 0.004593
0.397679 0.105921 0.000010 0.451467 0.031938 0.012985
0.378966 0.118186 0.009250 0.488836 0.004751 0.000010
0.412711 0.117677 0.000010 0.436430 0.033161 0.000010
0.403428 0.094774 0.003031 0.446006 0.044964 0.007797
0.366305 0.137208 0.007199 0.440420 0.048857 0.000010
0.364757 0.146227 0.000010 0.478060 0.010937 0.000010
0.401812 0.137520 0.000010 0.444272 0.014813 0.001572
0.361196 0.139794 0.006082 0.467733 0.025184 0.000010
0.400142 0.103234 0.006374 0.433984 0.040033 0.016232
0.371132 0.105480 0.023744 0.466711 0.032923 0.000010
0.374963 0.124884 0.000010 0.476745 0.023387 0.000010
0.376687 0.146083 0.000010 0.443701 0.033295 0.000224
0.402174 0.091324 0.000010 0.463699 0.042782 0.000010
0.404112 0.107953 0.000010 0.483274 0.004640 0.000010
0.399303 0.124278 0.000010 0.476390 0.000010 0.000010
0.362329 0.130136 0.000010 0.478651 0.028864 0.000010
0.405379 0.110037 0.000010 0.460462 0.024102 0.000010
0.363658 0.115856 0.007996 0.468908 0.024996 0.018587
0.331638 0.131996 0.000010 0.482599 0.053746 0.000010
0.095580 0.093452 0.000010 0.682177 0.125679 0.003103
0.147810 0.231343 0.000010 0.546717 0.074109 0.000010
0.059814 0.098266 0.000010 0.715465 0.126435 0.000010
0.163033 0.321499 0.005686 0.466584 0.043188 0.000010
0.158735 0.220527 0.012767 0.562829 0.045132 0.000010
0.081012 0.148360 0.008559 0.659438 0.098424 0.004207
0.054312 0.052384 0.016199 0.744922 0.132172 0.000010
0.120956 0.240890 0.008049 0.586029 0.044066 0.000010
0.170095 0.243231 0.001519 0.530446 0.047002 0.007707
0.084176 0.169612 0.018223 0.642861 0.083486 0.001642
0.076466 0.074525 0.003672 0.722986 0.122341 0.000010
0.131425 0.121673 0.000010 0.637362 0.102357 0.007173
0.394687 0.124647 0.001225 0.451070 0.020971 0.007401
0.383570 0.113846 0.014747 0.475785 0.012042 0.000010
0.117250 0.134384 0.000010 0.649854 0.098491 0.000010
0.085370 0.005942 0.015345 0.735541 0.124198 0.033604
0.071611 0.129058 0.027973 0.673750 0.097598 0.000010
0.184396 0.252537 0.000010 0.492610 0.070437 0.000010
0.155631 0.225402 0.000010 0.576234 0.042713 0.000010
0.061408 0.094258 0.011391 0.720004 0.112929 0.000010
0.128471 0.138572 0.018033 0.637461 0.076279 0.001184
0.066026 0.073887 0.000010 0.743383 0.116685 0.000010
0.084418 0.087131 0.022623 0.684421 0.121398 0.000010
0.067199 0.070267 0.015629 0.721599 0.116213 0.009093
0.123032 0.161319 0.000010 0.648337 0.067292 0.000010
0.370534 0.126237 0.007674 0.449307 0.042834 0.003415
0.138172 0.298164 0.000010 0.518764 0.044880 0.000010
0.112787 0.150399 0.000010 0.618595 0.118200 0.000010
0.103034 0.198099 0.009718 0.580967 0.097377 0.010805
0.084427 0.093670 0.013408 0.687402 0.121083 0.000010
0.069296 0.060760 0.001789 0.739471 0.128673 0.000010
0.159568 0.228844 0.000010 0.546872 0.064695 0.000010
0.093758 0.165720 0.000010 0.649731 0.090771 0.000010
0.087730 0.162935 0.000010 0.650691 0.096644 0.001989
0.167528 0.297098 0.000010 0.491261 0.044094 0.000010
0.153366 0.250062 0.000010 0.525132 0.071421 0.000010
0.088738 0.181635 0.003962 0.631964 0.091327 0.002373
0.090711 0.267616 0.005867 0.554389 0.081406 0.000010
0.080779 0.203999 0.000010 0.635154 0.080048 0.000010
0.109500 0.190956 0.000010 0.597954 0.075719 0.025860
0.117418 0.253872 0.006805 0.563324 0.058572 0.000010
0.135801 0.215282 0.000010 0.550606 0.096426 0.001875
0.112240 0.188615 0.000010 0.609975 0.089151 0.000010
0.079409 0.258914 0.002410 0.598291 0.060966 0.000010
0.083244 0.182688 0.014725 0.649498 0.068433 0.001412
0.115465 0.278455 0.000010 0.542494 0.063566 0.000010
0.088936 0.460868 0.000010 0.413787 0.024065 0.012333
0.033285 0.520267 0.000010 0.380582 0.037003 0.028853
0.045690 0.521258 0.010128 0.369520 0.032974 0.020430
0.035155 0.785590 0.005867 0.146815 0.000010 0.026563
0.069363 0.522435 0.043389 0.324300 0.032933 0.007580
0.035002 0.516718 0.030766 0.381450 0.026535 0.009530
0.045059 0.507997 0.021197 0.392281 0.033457 0.000010
0.018084 0.543206 0.043140 0.372473 0.013734 0.009363
0.094380 0.283494 0.003511 0.545902 0.072703 0.000010
0.059021 0.517192 0.013505 0.361701 0.025635 0.022946
0.042996 0.200214 0.001110 0.669112 0.077552 0.009016
0.070976 0.224072 0.007110 0.635846 0.061986 0.000010
0.054032 0.178858 0.020450 0.675715 0.065199 0.005746
0.050026 0.209457 0.005089 0.653216 0.066603 0.015608
0.060786 0.195746 0.007993 0.628730 0.095260 0.011485
0.054190 0.207779 0.000010 0.648611 0.076274 0.013136
0.071341 0.219613 0.000151 0.644255 0.064630 0.000010
0.075390 0.200527 0.004491 0.636790 0.082792 0.000010
0.043480 0.217380 0.014609 0.653696 0.070826 0.000010
0.070336 0.162337 0.015876 0.657646 0.073037 0.020768
0.788866 0.151433 0.000010 0.059671 0.000010 0.000010
0.487827 0.233151 0.007138 0.269808 0.001245 0.000831
0.608964 0.133330 0.012499 0.221665 0.011709 0.011834
0.752447 0.116039 0.006344 0.121436 0.003724 0.000010
0.646138 0.142265 0.020640 0.179464 0.005024 0.006469
0.541954 0.207799 0.015593 0.206797 0.027847 0.000010
0.661134 0.138644 0.005710 0.174523 0.018069 0.001919
0.870818 0.071775 0.001158 0.056229 0.000010 0.000010
0.499761 0.194276 0.000010 0.244631 0.038832 0.022489
0.550975 0.194381 0.000010 0.252623 0.000010 0.002000
0.480812 0.209478 0.005162 0.288095 0.014965 0.001487
0.459699 0.232932 0.014787 0.285395 0.000010 0.007177
0.542789 0.153224 0.027680 0.236826 0.021012 0.018469
0.525760 0.177486 0.025569 0.271166 0.000010 0.000010
0.538285 0.187543 0.000010 0.250067 0.010412 0.013683
0.544352 0.172633 0.000010 0.273265 0.008043 0.001697
0.526670 0.166981 0.000010 0.280978 0.000010 0.025351
0.525165 0.190840 0.004715 0.279212 0.000010 0.000058
0.385535 0.251627 0.011723 0.306775 0.025360 0.018980
0.309950 0.236735 0.016654 0.402850 0.033801 0.000010
0.304193 0.265223 0.018562 0.384899 0.013464 0.013660
0.346688 0.242048 0.010832 0.372819 0.027604 0.000010
0.318622 0.254469 0.038164 0.344155 0.044579 0.000010
0.289022 0.269886 0.017253 0.386747 0.037082 0.000010
0.464858 0.216610 0.000010 0.302364 0.016147 0.000010
0.719679 0.107742 0.007230 0.158563 0.000010 0.006776
0.742160 0.098186 0.000010 0.159624 0.000010 0.000010
0.439631 0.194056 0.000309 0.335583 0.003142 0.027279
0.464222 0.187836 0.000010 0.325707 0.010423 0.011802
0.767959 0.061648 0.006530 0.147310 0.000010 0.016543
0.482916 0.206595 0.009358 0.287318 0.013804 0.000010
0.631672 0.143171 0.000010 0.217084 0.007832 0.000231
0.385697 0.277780 0.000010 0.318216 0.018286 0.000010
0.437182 0.216910 0.000010 0.321415 0.012836 0.011648
0.422207 0.213426 0.000010 0.335821 0.028526 0.000010
0.377237 0.242062 0.011807 0.334805 0.018487 0.015603
0.410882 0.190093 0.016977 0.344532 0.034232 0.003284
0.393407 0.235210 0.029246 0.337398 0.004729 0.000010
0.372526 0.255751 0.004329 0.328279 0.029836 0.009278
0.179197 0.307833 0.008514 0.483812 0.020634 0.000010
0.174513 0.282571 0.000010 0.461432 0.057663 0.023811
0.174362 0.339935 0.000010 0.481374 0.004309 0.000010
0.194689 0.311236 0.009767 0.449232 0.027792 0.007284
0.175793 0.313161 0.003251 0.486405 0.014309 0.007081
0.183044 0.316926 0.009620 0.450464 0.030526 0.009420
0.190222 0.274436 0.023763 0.485645 0.025923 0.000010
0.163099 0.259779 0.000010 0.521578 0.047059 0.008475
0.210124 0.316582 0.000010 0.432970 0.030162 0.010153
0.173728 0.275635 0.039427 0.473694 0.029018 0.008499
0.009282 0.017254 0.038180 0.790561 0.137790 0.006932
0.000010 0.017632 0.007500 0.847812 0.122307 0.004739
0.000010 0.000010 0.000010 0.851801 0.140260 0.007909
0.000010 0.000010 0.011250 0.831485 0.156282 0.000963
0.005413 0.010709 0.024227 0.803885 0.140368 0.015399
0.000010 0.000010 0.004781 0.854047 0.135727 0.005425
0.010106 0.000010 0.045306 0.778777 0.156662 0.009139
0.016450 0.030902 0.008050 0.792139 0.137991 0.014468
0.011265 0.000010 0.022460 0.837639 0.119624 0.009002
0.000010 0.000010 0.006897 0.816279 0.146978 0.029826
0.005708 0.157939 0.031140 0.715758 0.067756 0.021699
0.000010 0.072850 0.048181 0.810040 0.048425 0.020493
0.000010 0.157027 0.041230 0.715751 0.051516 0.034466
0.000010 0.144677 0.019736 0.734202 0.068414 0.032961
0.000010 0.091461 0.026165 0.770670 0.070272 0.041421
0.000010 0.086132 0.041696 0.778306 0.063396 0.030459
0.011806 0.166815 0.018736 0.703682 0.073526 0.025435
0.016173 0.182222 0.000010 0.722283 0.053956 0.025355
0.048797 0.095359 0.000010 0.757543 0.088438 0.009853
0.092872 0.161952 0.000010 0.646876 0.084797 0.013494
0.123505 0.109263 0.013570 0.691261 0.059628 0.002773
0.056195 0.116763 0.016864 0.749514 0.060137 0.000527
0.044876 0.139968 0.000010 0.714206 0.077891 0.023049
0.070511 0.152727 0.000010 0.682131 0.094057 0.000564
0.085339 0.092333 0.009880 0.722086 0.090351 0.000010
0.088170 0.149846 0.000010 0.657991 0.092958 0.011025
0.063986 0.147706 0.000010 0.694578 0.087023 0.006697
0.089530 0.133750 0.000010 0.681419 0.087580 0.007710
0.108544 0.428189 0.017958 0.394837 0.033826 0.016646
0.067370 0.454538 0.023779 0.398062 0.032236 0.024014
0.057650 0.498355 0.012618 0.405619 0.008761 0.016997
0.074899 0.512256 0.017864 0.340551 0.021079 0.033350
0.065900 0.488839 0.048916 0.341366 0.035461 0.019518
0.042196 0.520412 0.029334 0.398370 0.000010 0.009677
0.079211 0.526302 0.028979 0.358638 0.000010 0.006860
0.075181 0.541939 0.000010 0.334866 0.015475 0.032530
0.064986 0.535393 0.029501 0.338754 0.019884 0.011483
0.183086 0.408138 0.030422 0.329583 0.028609 0.020160
0.141370 0.408907 0.048321 0.319074 0.028884 0.053445
0.149058 0.467781 0.064086 0.282313 0.002066 0.034697
0.192735 0.376857 0.048023 0.324335 0.022467 0.035583
0.190816 0.374671 0.044068 0.364626 0.012127 0.013691
0.162514 0.402593 0.027240 0.363666 0.019560 0.024426
0.213840 0.381582 0.026097 0.328712 0.022382 0.027387
0.134739 0.425110 0.020258 0.369527 0.024869 0.025497
0.168672 0.370391 0.053535 0.341779 0.028923 0.036699
0.182793 0.387957 0.060385 0.329398 0.000010 0.039457
0.000010 0.000010 0.000010 0.000010 0.999950 0.000010
0.000010 0.000010 0.000010 0.000010 0.999950 0.000010
0.000010 0.000010 0.000010 0.545352 0.454608 0.000010
0.189342 0.272755 0.011223 0.502685 0.023986 0.000010
0.000010 0.000010 0.000010 0.000010 0.999950 0.000010
0.000010 0.000010 0.000010 0.000010 0.999950 0.000010
0.000010 0.000010 0.000010 0.496904 0.503056 0.000010
0.334954 0.148957 0.000010 0.475056 0.030291 0.010733
0.000010 0.000010 0.000010 0.000010 0.999950 0.000010
0.000010 0.000010 0.000010 0.517001 0.482959 0.000010
0.000010 0.000010 0.000010 0.524423 0.475537 0.000010
0.324435 0.160868 0.010360 0.461759 0.028993 0.013585
0.000010 0.000010 0.000010 0.542443 0.457517 0.000010
0.000010 0.000010 0.000010 0.505503 0.494457 0.000010
0.000010 0.000010 0.000010 0.000010 0.999950 0.000010
0.000010 0.000010 0.000010 0.558538 0.441422 0.000010
0.000010 0.000010 0.000010 0.000010 0.999950 0.000010
0.000010 0.000010 0.000010 0.513547 0.486413 0.000010
0.305408 0.243317 0.000010 0.415951 0.035304 0.000010
0.000010 0.000010 0.000010 0.000010 0.999950 0.000010
0.000010 0.000010 0.000010 0.551296 0.448664 0.000010
0.317156 0.196117 0.017997 0.408812 0.059892 0.000026
0.000010 0.000010 0.000010 0.000010 0.999950 0.000010
0.000010 0.000010 0.000010 0.528738 0.471222 0.000010
0.348192 0.175244 0.000010 0.438688 0.037857 0.000010
0.018905 0.045027 0.006647 0.785798 0.121843 0.021781
0.026678 0.055766 0.009079 0.795187 0.095344 0.017946
0.032018 0.032809 0.000010 0.813996 0.097427 0.023740
0.041178 0.020169 0.032827 0.770821 0.121973 0.013032
0.043318 0.027251 0.019493 0.768995 0.125840 0.015104
0.050480 0.017180 0.017669 0.766594 0.121396 0.026681
0.036902 0.037192 0.001715 0.821538 0.097082 0.005571
0.024725 0.010224 0.040513 0.793883 0.130645 0.000010
0.046185 0.072116 0.033687 0.690858 0.089343 0.067810
0.023681 0.033050 0.014170 0.780735 0.124361 0.024002
0.000010 0.000010 0.036533 0.910831 0.000010 0.052606
0.039212 0.063372 0.042178 0.672355 0.105180 0.077703
0.069383 0.126989 0.014033 0.660182 0.104601 0.024811
0.046869 0.098327 0.041216 0.665038 0.092486 0.056063
0.070535 0.067101 0.020198 0.706838 0.085716 0.049612
0.000010 0.000010 0.041483 0.905129 0.000010 0.053358
0.000010 0.000010 0.047537 0.902249 0.000010 0.050184
0.053970 0.078155 0.029757 0.670384 0.105027 0.062707
0.815068 0.045203 0.000010 0.139700 0.000010 0.000010
0.948820 0.021716 0.000010 0.023139 0.006306 0.000010
0.999950 0.000010 0.000010 0.000010 0.000010 0.000010
0.987153 0.001342 0.002310 0.000010 0.009175 0.000010
0.992319 0.000010 0.000010 0.000010 0.007641 0.000010
0.963669 0.032213 0.000010 0.000010 0.000010 0.004088
0.989069 0.000010 0.010891 0.000010 0.000010 0.000010
0.961877 0.000441 0.000010 0.035661 0.000010 0.002001
0.999950 0.000010 0.000010 0.000010 0.000010 0.000010
0.999950 0.000010 0.000010 0.000010 0.000010 0.000010
0.999950 0.000010 0.000010 0.000010 0.000010 0.000010
0.193893 0.380557 0.021929 0.357660 0.029554 0.016406
0.198317 0.322386 0.030022 0.376216 0.038339 0.034719
0.126653 0.447932 0.012353 0.360518 0.031105 0.021439
0.164737 0.385996 0.000010 0.401501 0.035313 0.012443
0.134551 0.498952 0.034203 0.289452 0.004399 0.038443
0.019721 0.486012 0.365814 0.028786 0.014520 0.085148
0.074895 0.635871 0.094632 0.083199 0.000010 0.111393
0.000010 0.354550 0.532498 0.019447 0.021977 0.071517
0.043518 0.528621 0.286011 0.044456 0.000010 0.097384
0.060001 0.746916 0.059634 0.063137 0.014657 0.055656
0.047789 0.806957 0.050265 0.076724 0.002567 0.015699
0.071298 0.755490 0.049695 0.081467 0.000010 0.042041
0.067729 0.751750 0.057349 0.062122 0.020254 0.040796
0.046106 0.755791 0.056980 0.087260 0.000010 0.053854
0.042105 0.763522 0.072182 0.057598 0.008299 0.056295
0.071658 0.719249 0.086922 0.073474 0.000010 0.048687
0.048116 0.807846 0.050716 0.082380 0.000010 0.010932
0.058226 0.781148 0.041690 0.069288 0.022998 0.026650
0.032337 0.720972 0.101997 0.076901 0.000010 0.067783
0.082003 0.705306 0.037869 0.140131 0.002680 0.032012
0.135583 0.555723 0.038774 0.206382 0.017730 0.045809
0.067125 0.751535 0.065477 0.083215 0.000010 0.032638
0.091185 0.631672 0.068576 0.142304 0.000010 0.066252
0.189382 0.348675 0.010741 0.428023 0.000010 0.023169
0.078178 0.722433 0.056511 0.104145 0.000010 0.038723
0.116314 0.657226 0.051953 0.113939 0.005281 0.055287
0.095906 0.560528 0.046045 0.202487 0.017388 0.077646
0.018370 0.703406 0.095104 0.027861 0.003846 0.151413
0.161411 0.617306 0.045212 0.095755 0.001156 0.079160
0.037224 0.669927 0.098606 0.047313 0.019673 0.127257
0.170965 0.576693 0.059232 0.148211 0.000010 0.044889
0.045404 0.650452 0.129230 0.058143 0.008863 0.107909
0.170072 0.610920 0.053601 0.103346 0.015632 0.046429
0.057163 0.648109 0.087149 0.031367 0.024453 0.151758
0.016176 0.750721 0.039646 0.189951 0.003496 0.000010
0.052283 0.658529 0.089941 0.059589 0.004857 0.134802
0.042600 0.750549 0.003497 0.203334 0.000010 0.000010
0.050282 0.718864 0.076643 0.058821 0.009032 0.086358
0.000010 0.765421 0.000488 0.224315 0.009755 0.000010
0.191034 0.527818 0.062477 0.157539 0.025695 0.035438
0.018509 0.683506 0.098846 0.031045 0.003347 0.164746
0.053809 0.560192 0.038161 0.284706 0.017257 0.045876
0.150533 0.617904 0.031348 0.129708 0.009935 0.060573
0.014018 0.675707 0.104890 0.041901 0.010111 0.153374
0.145833 0.620466 0.039240 0.116207 0.009014 0.069240
0.052016 0.778405 0.062007 0.049529 0.009148 0.048896
0.171714 0.348272 0.048883 0.397350 0.004151 0.029630
0.089425 0.729152 0.044835 0.083224 0.008121 0.045243
0.067670 0.592393 0.026021 0.266504 0.035760 0.011652
0.071966 0.748306 0.058772 0.073323 0.018636 0.028998
0.052326 0.628352 0.000010 0.270239 0.049062 0.000010
0.022907 0.674079 0.124609 0.034376 0.000010 0.144020
0.041333 0.806651 0.031641 0.111971 0.008393 0.000010
0.070608 0.685832 0.066745 0.124662 0.000010 0.052143
0.021935 0.815500 0.035887 0.117319 0.000010 0.009348
0.039307 0.654960 0.097890 0.028457 0.024316 0.155070
0.032601 0.809375 0.024440 0.133564 0.000010 0.000010
0.041887 0.825193 0.015720 0.112446 0.004745 0.000010
0.048060 0.742591 0.063733 0.038856 0.005532 0.101228
0.153044 0.370074 0.000010 0.403739 0.062091 0.011041
0.076176 0.671858 0.034559 0.194712 0.008889 0.013806
0.052294 0.740287 0.083945 0.077271 0.000010 0.046193
0.113869 0.207649 0.000019 0.618396 0.060057 0.000010
0.040971 0.744362 0.040638 0.113418 0.022858 0.037752
0.007882 0.704593 0.087788 0.051452 0.011897 0.136387
0.025419 0.821333 0.017900 0.135329 0.000010 0.000010
0.077375 0.810349 0.020083 0.075310 0.000010 0.016873
0.040816 0.600543 0.110223 0.039114 0.012780 0.196524
0.090329 0.698000 0.025011 0.186639 0.000010 0.000010
0.059445 0.787252 0.046173 0.097516 0.000010 0.009605
0.000010 0.684585 0.139732 0.030830 0.016900 0.127943
0.060897 0.749832 0.002333 0.135592 0.025481 0.025865
0.049621 0.833540 0.045660 0.034293 0.000010 0.036876
0.067499 0.619596 0.105978 0.071873 0.011496 0.123558
0.144554 0.267231 0.001564 0.531804 0.054837 0.000010
0.061061 0.637891 0.039976 0.250832 0.010230 0.000010
0.020406 0.671433 0.117527 0.027691 0.022479 0.140465
0.088960 0.749304 0.031214 0.089798 0.000010 0.040714
0.083590 0.230086 0.000655 0.600536 0.085122 0.000010
0.000010 0.712949 0.103883 0.000010 0.026360 0.156788
0.063506 0.795620 0.025320 0.090935 0.000010 0.024609
0.120652 0.325431 0.020434 0.460480 0.072994 0.000010
0.092786 0.630179 0.086029 0.085782 0.013210 0.092014
0.088565 0.414239 0.029982 0.419071 0.048133 0.000010
0.041996 0.799758 0.046444 0.097943 0.000589 0.013270
0.038611 0.647815 0.092960 0.076725 0.002754 0.141136
0.183766 0.552508 0.043959 0.148607 0.020749 0.050412
0.086583 0.491655 0.025932 0.339950 0.044233 0.011647
0.006650 0.690819 0.115352 0.000010 0.031142 0.156027
0.154183 0.626523 0.043315 0.141897 0.000010 0.034071
0.087168 0.349169 0.019264 0.495346 0.049043 0.000010
0.015628 0.690495 0.103945 0.025204 0.009113 0.155615
0.121398 0.657151 0.045712 0.108170 0.023401 0.044168
0.091289 0.722807 0.059510 0.073964 0.014443 0.037987
0.046347 0.633586 0.135378 0.034908 0.000010 0.149771
0.096757 0.619177 0.050137 0.151301 0.015765 0.066862
0.054589 0.763194 0.009036 0.173161 0.000010 0.000010
0.017909 0.677667 0.132087 0.001456 0.000010 0.170871
0.135645 0.586311 0.028453 0.212913 0.003632 0.033046
0.106251 0.337575 0.000010 0.471126 0.061248 0.023790
0.049607 0.662413 0.094728 0.026116 0.021912 0.145224
0.163875 0.455442 0.021158 0.329801 0.015812 0.013912
0.099460 0.774493 0.024745 0.062860 0.007882 0.030560
0.042873 0.636585 0.105563 0.050412 0.019023 0.145544
0.125446 0.618345 0.051189 0.138052 0.018382 0.048587
0.053993 0.815969 0.023691 0.106328 0.000010 0.000010
0.023042 0.669935 0.091387 0.044184 0.008799 0.162654
0.115369 0.650986 0.028140 0.134614 0.008189 0.062702
0.083673 0.526385 0.028910 0.347958 0.013064 0.000010
0.000216 0.648356 0.118816 0.041473 0.020978 0.170161
0.096919 0.663931 0.044501 0.145121 0.000010 0.049518
0.087372 0.539807 0.026280 0.311232 0.035298 0.000010
0.026884 0.644101 0.110112 0.030571 0.003566 0.184766
0.112316 0.705963 0.031227 0.105573 0.005255 0.039666
0.041361 0.803763 0.045715 0.107012 0.000010 0.002139
0.041983 0.690967 0.083823 0.045031 0.024383 0.113813
0.026503 0.656056 0.121105 0.071525 0.000344 0.124467
0.066163 0.697339 0.024161 0.199167 0.013160 0.000010
0.001461 0.718140 0.090771 0.009409 0.014014 0.166205
0.127871 0.239316 0.007353 0.550304 0.075147 0.000010
0.106169 0.286582 0.000010 0.565150 0.037137 0.004951
0.124939 0.675888 0.041512 0.103058 0.003332 0.051271
0.065157 0.803958 0.041029 0.066259 0.000010 0.023587
0.167554 0.612707 0.018929 0.135022 0.017064 0.048725
0.114526 0.617883 0.047387 0.177608 0.014183 0.028413
0.000676 0.694419 0.058564 0.000010 0.001182 0.245150
0.019154 0.646642 0.076540 0.041373 0.000010 0.216281
0.016146 0.669902 0.070233 0.000010 0.012922 0.230788
0.033299 0.642805 0.064249 0.000010 0.006889 0.252748
0.026407 0.662109 0.092558 0.000010 0.024038 0.194878
0.035590 0.670917 0.088804 0.032951 0.015852 0.155886
0.021168 0.693965 0.093083 0.000010 0.010104 0.181670
0.000010 0.676814 0.110207 0.000010 0.012450 0.200510
0.022173 0.663025 0.113327 0.000010 0.015992 0.185472
0.000010 0.687028 0.078414 0.000010 0.027112 0.207426
0.000010 0.673329 0.111958 0.000010 0.017448 0.197245
0.000411 0.705878 0.066058 0.000010 0.014590 0.213054
0.000010 0.680865 0.080941 0.000010 0.040429 0.197745
0.022983 0.699142 0.097678 0.030391 0.014480 0.135326
0.000010 0.653995 0.115726 0.000010 0.010959 0.219300
0.000010 0.699817 0.078763 0.000010 0.018032 0.203367
0.000010 0.646453 0.103110 0.011176 0.027995 0.211257
0.000010 0.670692 0.112713 0.000010 0.015284 0.201292
0.000010 0.709525 0.069230 0.000010 0.013072 0.208153
0.000010 0.711862 0.061454 0.000010 0.025963 0.200701
0.000010 0.676755 0.092213 0.000010 0.017751 0.213261
0.044633 0.669186 0.087759 0.020757 0.018233 0.159433
0.000010 0.728905 0.075068 0.000010 0.027733 0.168275
0.000010 0.763606 0.055634 0.000010 0.008950 0.171789
0.000010 0.733361 0.085707 0.000010 0.023830 0.157082
0.000010 0.786505 0.050760 0.000010 0.001653 0.161062
0.000010 0.719995 0.084209 0.000010 0.020643 0.175133
0.005374 0.734362 0.062759 0.000010 0.027946 0.169549
0.008131 0.784727 0.051368 0.000010 0.014114 0.141650
0.002895 0.623189 0.148419 0.000010 0.034256 0.191232
0.018675 0.645571 0.098477 0.014618 0.024051 0.198609
0.000010 0.789323 0.033379 0.000010 0.009728 0.167550
0.000010 0.798190 0.023235 0.000010 0.008006 0.170549
0.007872 0.704089 0.101870 0.009284 0.025516 0.151370
0.038024 0.624847 0.095406 0.066846 0.021367 0.153511
0.008328 0.672901 0.094155 0.049162 0.014234 0.161219
0.052474 0.692816 0.094263 0.039901 0.000010 0.120537
0.000010 0.000010 0.999950 0.000010 0.000010 0.000010
0.000010 0.000010 0.999950 0.000010 0.000010 0.000010
0.000340 0.212200 0.760549 0.000010 0.000010 0.026891
0.000010 0.211900 0.776647 0.000010 0.000010 0.011423
0.000010 0.000010 0.999950 0.000010 0.000010 0.000010
0.000010 0.148511 0.838404 0.000010 0.008417 0.004648
0.000010 0.000010 0.999950 0.000010 0.000010 0.000010
0.000010 0.247491 0.705673 0.000010 0.000010 0.046806
0.000010 0.185673 0.800929 0.000010 0.000010 0.013367
0.000010 0.202024 0.735010 0.000010 0.008023 0.054922
0.000010 0.195015 0.780067 0.000010 0.003288 0.021610
0.000010 0.083711 0.916249 0.000010 0.000010 0.000010
0.000010 0.000010 0.999950 0.000010 0.000010 0.000010
0.000010 0.154782 0.840535 0.000010 0.000010 0.004654
0.000010 0.000010 0.999950 0.000010 0.000010 0.000010
0.000010 0.000010 0.999950 0.000010 0.000010 0.000010
0.000010 0.075749 0.924211 0.000010 0.000010 0.000010
0.000010 0.000010 0.999950 0.000010 0.000010 0.000010
0.000010 0.189514 0.774260 0.000010 0.000010 0.036196
0.000010 0.251971 0.707603 0.000010 0.000010 0.040397
0.000010 0.124810 0.823349 0.018491 0.000010 0.033330
0.000010 0.181230 0.755521 0.000010 0.000010 0.063218
