0.000010 0.027516 0.445597 0.023056 0.042542 0.455493 0.005786
0.000010 0.000010 0.453052 0.048123 0.068146 0.430649 0.000010
0.000010 0.000010 0.000010 0.000010 0.000010 0.999940 0.000010
0.000010 0.000010 0.000010 0.000010 0.000010 0.999940 0.000010
0.000010 0.000010 0.000010 0.000010 0.000010 0.999940 0.000010
0.000010 0.000010 0.000010 0.000010 0.000010 0.999940 0.000010
0.000010 0.000010 0.568950 0.000010 0.036928 0.394083 0.000010
0.000010 0.000010 0.000010 0.000010 0.000010 0.999940 0.000010
0.000010 0.000010 0.000010 0.000010 0.000010 0.999940 0.000010
0.000010 0.000010 0.000010 0.000010 0.000010 0.999940 0.000010
0.000010 0.000010 0.000010 0.000010 0.082403 0.917547 0.000010
0.000010 0.000010 0.034122 0.000010 0.325943 0.639895 0.000010
0.102770 0.000010 0.165935 0.001111 0.129521 0.564000 0.036654
0.001931 0.000010 0.000010 0.000010 0.117438 0.880590 0.000010
0.000010 0.000010 0.000010 0.000010 0.999940 0.000010 0.000010
0.000010 0.000010 0.000010 0.000010 0.104288 0.895662 0.000010
0.000010 0.000010 0.158843 0.000010 0.223245 0.585528 0.032354
0.000010 0.000010 0.000010 0.000010 0.999940 0.000010 0.000010
0.000010 0.000010 0.000010 0.000010 0.999940 0.000010 0.000010
0.000010 0.061956 0.364949 0.000010 0.028618 0.544446 0.000010
0.000010 0.000010 0.000010 0.000010 0.000010 0.999940 0.000010
0.000010 0.000010 0.000010 0.000010 0.000010 0.999940 0.000010
0.000010 0.000010 0.000010 0.000010 0.000010 0.999940 0.000010
0.000010 0.000010 0.000010 0.000010 0.000010 0.999940 0.000010
0.000010 0.000010 0.000010 0.000010 0.105567 0.894383 0.000010
0.000013 0.000013 0.000012 0.000010 0.126746 0.873196 0.000010
0.000010 0.000010 0.000010 0.000010 0.000010 0.999940 0.000010
0.000010 0.000010 0.000010 0.000010 0.000010 0.999940 0.000010
0.000010 0.000010 0.000010 0.000010 0.999940 0.000010 0.000010
0.120894 0.129404 0.233884 0.000010 0.072826 0.279764 0.163219
0.000010 0.000010 0.593327 0.016764 0.049707 0.304800 0.035382
0.062829 0.017545 0.414724 0.024159 0.061934 0.418799 0.000010
0.194584 0.121750 0.562284 0.041596 0.000010 0.079767 0.000010
0.000010 0.312460 0.566811 0.000010 0.120688 0.000010 0.000010
0.194457 0.302564 0.423922 0.000010 0.000010 0.079027 0.000010
0.206465 0.328177 0.329499 0.107609 0.028231 0.000010 0.000010
0.000010 0.000010 0.000010 0.000010 0.999940 0.000010 0.000010
0.000010 0.764870 0.235080 0.000010 0.000010 0.000010 0.000010
0.479355 0.127492 0.000010 0.235288 0.000010 0.063429 0.094416
0.037207 0.519810 0.309374 0.000010 0.000010 0.079363 0.054225
0.000010 0.000010 0.000010 0.000010 0.999940 0.000010 0.000010
0.291845 0.000010 0.661982 0.046125 0.000019 0.000010 0.000010
0.193849 0.289124 0.449798 0.000010 0.067199 0.000010 0.000010
0.444174 0.000010 0.442737 0.000010 0.113049 0.000010 0.000010
0.000010 0.000010 0.000010 0.000010 0.999940 0.000010 0.000010
0.034127 0.374072 0.486395 0.000010 0.105376 0.000010 0.000010
0.230740 0.388487 0.303470 0.000010 0.077273 0.000010 0.000010
0.213932 0.072421 0.698106 0.011121 0.004399 0.000010 0.000010
0.322937 0.303773 0.215100 0.000010 0.073597 0.000010 0.084573
0.183671 0.389745 0.352029 0.000010 0.074524 0.000010 0.000010
0.554549 0.088770 0.236641 0.000010 0.011031 0.108989 0.000010
0.176005 0.288578 0.428890 0.000010 0.074313 0.000010 0.032195
0.164803 0.379021 0.456128 0.000010 0.000017 0.000010 0.000010
0.135846 0.413755 0.401159 0.000010 0.049209 0.000010 0.000010
0.096417 0.354805 0.536087 0.000010 0.012661 0.000010 0.000010
0.202267 0.461827 0.303516 0.000010 0.000010 0.032360 0.000010
0.144616 0.362563 0.472625 0.000010 0.008217 0.011960 0.000010
0.192600 0.362646 0.444714 0.000010 0.000010 0.000010 0.000010
0.199463 0.370491 0.430006 0.000010 0.000010 0.000010 0.000010
0.130638 0.459324 0.403001 0.000010 0.007008 0.000010 0.000010
0.062036 0.247796 0.594950 0.002716 0.010786 0.054085 0.027630
0.082614 0.241839 0.576119 0.002468 0.014661 0.065736 0.016564
0.066217 0.277715 0.569591 0.000010 0.002885 0.051644 0.031937
0.060405 0.238028 0.601284 0.000010 0.000010 0.074174 0.026088
0.066412 0.276317 0.599382 0.000010 0.010178 0.035542 0.012159
0.073483 0.263143 0.599298 0.000010 0.006225 0.036086 0.021755
0.058369 0.244063 0.638452 0.000010 0.012503 0.018735 0.027868
0.077789 0.268627 0.569340 0.000010 0.016413 0.050440 0.017381
0.019760 0.265237 0.659898 0.003882 0.007251 0.043961 0.000010
0.071560 0.200351 0.450870 0.039582 0.025447 0.151173 0.061017
0.109858 0.211856 0.512636 0.000010 0.016123 0.104314 0.045203
0.045146 0.265399 0.647094 0.000018 0.016990 0.025343 0.000010
0.000010 0.000010 0.354228 0.000010 0.008770 0.071133 0.565839
0.082494 0.255329 0.616759 0.000010 0.009310 0.030633 0.005465
0.064344 0.293994 0.571845 0.006387 0.024006 0.021131 0.018294
0.999940 0.000010 0.000010 0.000010 0.000010 0.000010 0.000010
0.999934 0.000010 0.000010 0.000016 0.000010 0.000010 0.000010
0.999940 0.000010 0.000010 0.000010 0.000010 0.000010 0.000010
0.999940 0.000010 0.000010 0.000010 0.000010 0.000010 0.000010
0.891773 0.055457 0.041140 0.000923 0.003833 0.000010 0.006864
0.999940 0.000010 0.000010 0.000010 0.000010 0.000010 0.000010
0.997506 0.000010 0.000010 0.001047 0.001407 0.000010 0.000010
0.999940 0.000010 0.000010 0.000010 0.000010 0.000010 0.000010
0.999940 0.000010 0.000010 0.000010 0.000010 0.000010 0.000010
0.947033 0.033886 0.005815 0.013237 0.000010 0.000010 0.000010
0.999940 0.000010 0.000010 0.000010 0.000010 0.000010 0.000010
0.899938 0.075841 0.000010 0.011739 0.000010 0.000010 0.012452
0.808941 0.072859 0.109184 0.000010 0.000012 0.008983 0.000010
0.999940 0.000010 0.000010 0.000010 0.000010 0.000010 0.000010
0.013855 0.743821 0.066329 0.106262 0.000010 0.046045 0.023678
0.032769 0.729097 0.049490 0.122166 0.000010 0.053347 0.013120
0.006236 0.738182 0.062630 0.105347 0.002004 0.065715 0.019885
0.065154 0.712409 0.065610 0.093735 0.007416 0.039167 0.016509
0.000010 0.798228 0.020502 0.083235 0.010742 0.065429 0.021854
0.044628 0.689191 0.091650 0.103313 0.000010 0.044107 0.027101
0.025638 0.749759 0.015215 0.103985 0.004586 0.062111 0.038707
0.000010 0.753294 0.020306 0.109238 0.012313 0.071468 0.033371
0.390659 0.470994 0.100747 0.027196 0.010383 0.000010 0.000010
0.364677 0.461919 0.152113 0.018267 0.003004 0.000010 0.000010
0.403989 0.445791 0.104963 0.025166 0.011834 0.000010 0.008246
0.387112 0.457852 0.122342 0.029192 0.000010 0.003483 0.000010
0.372410 0.498415 0.088762 0.026560 0.000010 0.000010 0.013833
0.351572 0.456557 0.147584 0.034510 0.009758 0.000010 0.000010
0.399245 0.455195 0.104969 0.013248 0.007544 0.000741 0.019057
0.398013 0.454409 0.097345 0.029225 0.005011 0.015987 0.000010
0.378936 0.491083 0.116477 0.001913 0.000010 0.000010 0.011570
0.412800 0.438080 0.118569 0.030521 0.000010 0.000010 0.000010
0.403075 0.448149 0.090488 0.042420 0.004568 0.007717 0.003583
0.365593 0.440960 0.139155 0.046138 0.001095 0.000010 0.007049
0.365193 0.480320 0.146447 0.008008 0.000012 0.000010 0.000010
0.401736 0.445529 0.133754 0.011982 0.000010 0.006980 0.000010
0.360307 0.467491 0.139059 0.022361 0.005907 0.000010 0.004866
0.399569 0.434096 0.102843 0.037568 0.008225 0.010908 0.006790
0.370845 0.467357 0.107894 0.030346 0.000012 0.000010 0.023536
0.374438 0.477201 0.126342 0.021064 0.000842 0.000010 0.000104
0.375781 0.443619 0.147398 0.030580 0.002602 0.000010 0.000010
0.402667 0.465686 0.090875 0.040251 0.000010 0.000010 0.000500
0.404313 0.485047 0.108250 0.001765 0.000604 0.000010 0.000010
0.398897 0.475985 0.122928 0.000010 0.002161 0.000010 0.000010
0.362087 0.479806 0.131819 0.026258 0.000010 0.000010 0.000010
0.406077 0.463059 0.109442 0.021391 0.000010 0.000010 0.000010
0.363421 0.470862 0.110475 0.022215 0.009772 0.015378 0.007877
0.330821 0.482432 0.133455 0.050994 0.002277 0.000010 0.000010
0.094750 0.683364 0.089241 0.122192 0.000010 0.010432 0.000010
0.146938 0.547282 0.229667 0.071246 0.004848 0.000010 0.000010
0.058269 0.715238 0.095978 0.122920 0.007574 0.000010 0.000010
0.160680 0.464972 0.321552 0.040505 0.010420 0.000010 0.001860
0.158751 0.564202 0.219585 0.042152 0.001665 0.000010 0.013634
0.080545 0.660284 0.146138 0.095028 0.001610 0.008738 0.007657
0.055602 0.747805 0.050192 0.128210 0.000010 0.000249 0.017933
0.119409 0.585329 0.238133 0.040732 0.010551 0.000010 0.005835
0.169534 0.529940 0.244272 0.043677 0.011612 0.000010 0.000956
0.084411 0.644177 0.160994 0.079672 0.013760 0.000010 0.016976
0.077273 0.725212 0.073433 0.118701 0.000011 0.000010 0.005361
0.131454 0.638057 0.118243 0.098754 0.013472 0.000010 0.000010
0.394402 0.451691 0.123827 0.018347 0.006951 0.003604 0.001178
0.384016 0.478166 0.113075 0.009214 0.000010 0.000010 0.015509
0.118277 0.653581 0.129385 0.094786 0.003952 0.000010 0.000010
0.085455 0.737286 0.001094 0.120761 0.001617 0.038774 0.015013
0.071657 0.676389 0.126137 0.093918 0.002322 0.000010 0.029568
0.184262 0.494362 0.251365 0.067414 0.000010 0.002578 0.000010
0.155281 0.577142 0.224436 0.039895 0.003226 0.000010 0.000010
0.061911 0.721351 0.092551 0.108984 0.004282 0.000010 0.010911
0.127824 0.637578 0.135112 0.073175 0.007582 0.000010 0.018719
0.066285 0.745805 0.073767 0.113257 0.000866 0.000010 0.000010
0.084671 0.686691 0.085156 0.117859 0.000010 0.000474 0.025140
0.067279 0.724404 0.060902 0.112565 0.004517 0.014762 0.015571
0.123507 0.650212 0.159176 0.063828 0.003257 0.000010 0.000010
0.369534 0.449303 0.121728 0.040111 0.012362 0.000010 0.006952
0.137378 0.517373 0.299458 0.041930 0.003841 0.000010 0.000010
0.113490 0.622090 0.146796 0.114789 0.000010 0.002815 0.000010
0.102427 0.580899 0.198899 0.094441 0.006311 0.008484 0.008539
0.083963 0.689022 0.089825 0.117492 0.005957 0.000010 0.013731
0.068569 0.739999 0.060195 0.125143 0.003508 0.000010 0.002575
0.158532 0.547278 0.228817 0.061729 0.003625 0.000010 0.000010
0.093444 0.650878 0.163356 0.087231 0.005071 0.000010 0.000010
0.087322 0.650552 0.159126 0.093113 0.009866 0.000010 0.000010
0.166240 0.490546 0.296884 0.041284 0.005026 0.000010 0.000010
0.152068 0.524680 0.246557 0.068310 0.008366 0.000010 0.000010
0.088228 0.631866 0.181238 0.088198 0.005027 0.001602 0.003842
0.088896 0.551405 0.269171 0.078619 0.009211 0.000010 0.002689
0.079821 0.634647 0.201921 0.076625 0.006965 0.000010 0.000010
0.109180 0.598962 0.187625 0.072522 0.003851 0.027849 0.000010
0.117231 0.564973 0.255672 0.054910 0.002165 0.000010 0.005039
0.135146 0.551349 0.210766 0.093315 0.000010 0.009404 0.000010
0.111063 0.610141 0.188981 0.085787 0.004008 0.000010 0.000010
0.078816 0.598202 0.263506 0.057886 0.000010 0.000010 0.001570
0.082952 0.650809 0.179397 0.064752 0.005619 0.001421 0.015051
0.114508 0.542185 0.282796 0.060481 0.000011 0.000010 0.000010
0.087944 0.411625 0.460996 0.021053 0.005995 0.012376 0.000010
0.031834 0.375970 0.525062 0.034984 0.009050 0.023089 0.000010
0.044155 0.365460 0.523882 0.030458 0.000010 0.036024 0.000010
0.032059 0.136681 0.804912 0.000010 0.016326 0.010002 0.000010
0.067858 0.320605 0.529694 0.030291 0.014990 0.000010 0.036552
0.033977 0.377816 0.524288 0.024260 0.010021 0.003557 0.026082
0.044443 0.390322 0.519673 0.030614 0.000010 0.000010 0.014928
0.017307 0.369470 0.546536 0.011067 0.000010 0.021054 0.034557
0.092945 0.544891 0.283587 0.069487 0.008963 0.000010 0.000116
0.057514 0.358606 0.527014 0.023343 0.003934 0.023263 0.006327
0.042055 0.669031 0.199680 0.074112 0.014402 0.000010 0.000710
0.070792 0.637069 0.219798 0.058482 0.000010 0.008393 0.005455
0.053717 0.677016 0.175522 0.061757 0.005928 0.005808 0.020251
0.050011 0.655131 0.203133 0.063134 0.009469 0.015293 0.003830
0.060370 0.629267 0.195740 0.091560 0.005376 0.009626 0.008061
0.054095 0.648482 0.206316 0.072524 0.011034 0.007538 0.000010
0.071175 0.645694 0.218929 0.061337 0.001661 0.000010 0.001193
0.075567 0.639007 0.200447 0.079459 0.000010 0.000010 0.005499
0.044467 0.655566 0.217011 0.067222 0.000010 0.000010 0.015715
0.070058 0.659141 0.157989 0.069452 0.005071 0.023971 0.014317
0.788655 0.058915 0.152390 0.000010 0.000010 0.000010 0.000010
0.486948 0.267811 0.233392 0.000010 0.008528 0.000010 0.003300
0.608598 0.220921 0.134359 0.010845 0.009114 0.004258 0.011906
0.751908 0.120082 0.116835 0.002608 0.000010 0.005121 0.003437
0.645955 0.178613 0.145156 0.003545 0.008335 0.000010 0.018387
0.540157 0.204295 0.212418 0.026762 0.004046 0.000010 0.012313
0.661304 0.174310 0.133115 0.016931 0.000010 0.009583 0.004746
0.870842 0.055197 0.070445 0.000010 0.000010 0.003486 0.000010
0.498875 0.243887 0.193562 0.037378 0.001730 0.024558 0.000010
0.549403 0.249202 0.196731 0.000010 0.004634 0.000010 0.000010
0.479718 0.286562 0.209565 0.012691 0.010275 0.000010 0.001180
0.458868 0.283320 0.237583 0.000010 0.000010 0.007917 0.012292
0.542700 0.236500 0.154038 0.019191 0.010079 0.011918 0.025573
0.524703 0.270774 0.173494 0.000010 0.000010 0.007913 0.023096
0.538195 0.251111 0.183723 0.008463 0.010118 0.008381 0.000010
0.544196 0.273985 0.169067 0.006399 0.000010 0.006333 0.000010
0.525587 0.278191 0.171503 0.000010 0.012980 0.011719 0.000010
0.523643 0.277062 0.188894 0.000010 0.008486 0.000010 0.001896
0.385915 0.307148 0.247408 0.023157 0.000320 0.029907 0.006144
0.309678 0.402409 0.238498 0.031563 0.003140 0.000010 0.014702
0.303033 0.382911 0.268687 0.011662 0.000010 0.018063 0.015634
0.346272 0.373363 0.244276 0.025065 0.003109 0.000010 0.007906
0.316567 0.341597 0.256944 0.042469 0.007414 0.000010 0.034999
0.288645 0.387227 0.267966 0.034566 0.007295 0.000010 0.014291
0.464560 0.302201 0.213792 0.014092 0.005335 0.000010 0.000010
0.719285 0.157887 0.108092 0.000010 0.005163 0.003212 0.006351
0.742536 0.159868 0.097555 0.000012 0.000010 0.000010 0.000010
0.439010 0.335176 0.192395 0.001199 0.006001 0.026208 0.000010
0.463981 0.326360 0.185994 0.008101 0.011232 0.004322 0.000010
0.768138 0.147022 0.057576 0.000010 0.014868 0.005952 0.006433
0.482985 0.288409 0.208725 0.011858 0.000010 0.000010 0.008003
0.630684 0.217173 0.142271 0.006205 0.003646 0.000010 0.000010
0.384697 0.317026 0.281145 0.016317 0.000797 0.000010 0.000010
0.436879 0.321083 0.217714 0.010710 0.008225 0.005378 0.000010
0.420615 0.334278 0.212845 0.026577 0.005665 0.000010 0.000010
0.376977 0.333677 0.245216 0.016194 0.010855 0.007111 0.009971
0.410107 0.343000 0.195561 0.032413 0.002838 0.000749 0.015333
0.392710 0.336889 0.236722 0.002696 0.000010 0.004702 0.026270
0.372050 0.326765 0.257661 0.027882 0.013216 0.000010 0.002416
0.178271 0.483090 0.313152 0.018098 0.001257 0.000010 0.006122
0.173681 0.460235 0.283182 0.054720 0.005832 0.022339 0.000010
0.172173 0.479326 0.341944 0.001083 0.005454 0.000010 0.000010
0.194466 0.450289 0.306389 0.024982 0.010359 0.006027 0.007488
0.174330 0.484878 0.320219 0.011647 0.007681 0.001235 0.000010
0.182183 0.449767 0.319370 0.027840 0.005715 0.008894 0.006232
0.188380 0.483778 0.272348 0.023438 0.012031 0.000010 0.020016
0.162113 0.520776 0.261874 0.044100 0.006256 0.004872 0.000010
0.209220 0.431764 0.319462 0.027439 0.012019 0.000087 0.000010
0.172966 0.472518 0.279602 0.026839 0.000010 0.011128 0.036937
0.009394 0.791694 0.013213 0.134319 0.000929 0.012140 0.038311
0.000010 0.847207 0.017045 0.118354 0.000010 0.010347 0.007027
0.000010 0.851302 0.000010 0.136154 0.000968 0.011546 0.000010
0.000010 0.831702 0.000010 0.152415 0.003136 0.001037 0.011690
0.005365 0.803713 0.008735 0.136883 0.011580 0.009637 0.024087
0.000010 0.853806 0.000010 0.132104 0.004456 0.002836 0.006778
0.009392 0.779107 0.000010 0.153222 0.000010 0.013585 0.044675
0.016589 0.794086 0.026767 0.133858 0.012274 0.009739 0.006687
0.010311 0.837433 0.000010 0.115333 0.011616 0.003287 0.022010
0.000010 0.815843 0.000010 0.143309 0.011338 0.022631 0.006860
0.005777 0.716450 0.153667 0.064354 0.005107 0.025725 0.028920
0.000010 0.811736 0.065416 0.044494 0.005811 0.024539 0.047994
0.000010 0.716180 0.152671 0.048289 0.004184 0.040560 0.038105
0.000010 0.735680 0.136945 0.064556 0.007029 0.040242 0.015538
0.000010 0.771414 0.086071 0.066545 0.000010 0.052639 0.023310
0.000010 0.778209 0.083219 0.059760 0.009983 0.029537 0.039282
0.011424 0.702455 0.168518 0.070299 0.009962 0.021882 0.015461
0.015257 0.722045 0.181694 0.050621 0.006533 0.023840 0.000010
0.049262 0.760502 0.086569 0.084558 0.004875 0.014223 0.000010
0.092684 0.647721 0.159880 0.081558 0.017711 0.000436 0.000010
0.122677 0.692190 0.105116 0.056096 0.009599 0.000010 0.014313
0.056266 0.751415 0.110578 0.056382 0.000620 0.007217 0.017522
0.044983 0.716037 0.135569 0.074125 0.017938 0.011338 0.000010
0.070752 0.684106 0.145377 0.090098 0.002573 0.007084 0.000010
0.085350 0.723681 0.090978 0.086574 0.003150 0.000090 0.010178
0.088280 0.659162 0.146719 0.089281 0.015196 0.001353 0.000010
0.064506 0.697237 0.139340 0.083241 0.006239 0.009427 0.000010
0.089643 0.683662 0.127383 0.083576 0.000625 0.015102 0.000010
0.107237 0.391661 0.440161 0.031315 0.015349 0.002310 0.011965
0.066621 0.395367 0.460015 0.029783 0.013009 0.017497 0.017707
0.056176 0.400930 0.509325 0.006730 0.013784 0.006719 0.006337
0.073473 0.337515 0.520544 0.018779 0.007273 0.032819 0.009597
0.064641 0.337708 0.497145 0.033351 0.003244 0.023016 0.040896
0.040681 0.391971 0.532066 0.000010 0.009831 0.005287 0.020152
0.076940 0.352913 0.536544 0.000010 0.011519 0.000010 0.022064
0.073420 0.331941 0.542689 0.012978 0.011758 0.027204 0.000010
0.063701 0.334953 0.547417 0.017445 0.008443 0.006539 0.021502
0.181466 0.326760 0.413472 0.026297 0.000010 0.028384 0.023610
0.139557 0.316383 0.416934 0.026823 0.014609 0.044529 0.041165
0.147752 0.279365 0.475037 0.000395 0.005675 0.035684 0.056092
0.191964 0.321264 0.383622 0.020418 0.018519 0.022327 0.041886
0.190152 0.364206 0.373649 0.009737 0.000010 0.023370 0.038877
0.161456 0.362196 0.405611 0.017214 0.009776 0.022827 0.020920
0.212845 0.326679 0.387197 0.020171 0.006691 0.026441 0.019977
0.134375 0.367845 0.427596 0.022333 0.004200 0.029807 0.013844
0.167867 0.339414 0.373616 0.026920 0.005702 0.039948 0.046533
0.181575 0.325370 0.394030 0.000010 0.011371 0.031570 0.056074
0.000010 0.000010 0.000010 0.999940 0.000010 0.000010 0.000010
0.000010 0.000010 0.000010 0.999940 0.000010 0.000010 0.000010
0.000010 0.548420 0.000010 0.451530 0.000010 0.000010 0.000010
0.188525 0.501478 0.276645 0.021366 0.003916 0.000010 0.008060
0.000010 0.000010 0.000010 0.999940 0.000010 0.000010 0.000010
0.000010 0.000010 0.000010 0.999940 0.000010 0.000010 0.000010
0.000010 0.499970 0.000010 0.499980 0.000010 0.000010 0.000010
0.335047 0.476706 0.147487 0.027569 0.009411 0.003770 0.000010
0.000010 0.000010 0.000010 0.999940 0.000010 0.000010 0.000010
0.000010 0.519816 0.000010 0.480133 0.000011 0.000010 0.000010
0.000010 0.527145 0.000010 0.472805 0.000010 0.000010 0.000010
0.324193 0.462985 0.154454 0.026419 0.011163 0.010223 0.010562
0.000010 0.545217 0.000010 0.454733 0.000010 0.000010 0.000010
0.000010 0.508079 0.000010 0.491871 0.000010 0.000010 0.000010
0.000010 0.000010 0.000010 0.999940 0.000010 0.000010 0.000010
0.000010 0.561275 0.000010 0.438675 0.000010 0.000010 0.000010
0.000010 0.000010 0.000010 0.999940 0.000010 0.000010 0.000010
0.000010 0.516207 0.000010 0.483743 0.000010 0.000010 0.000010
0.305364 0.416757 0.245223 0.032626 0.000010 0.000010 0.000010
0.000010 0.000010 0.000010 0.999940 0.000010 0.000010 0.000010
0.000010 0.554047 0.000010 0.445903 0.000010 0.000010 0.000010
0.314279 0.407386 0.190616 0.057210 0.014907 0.000010 0.015592
0.000010 0.000010 0.000010 0.999940 0.000010 0.000010 0.000010
0.000010 0.531677 0.000010 0.468273 0.000010 0.000010 0.000010
0.347535 0.439747 0.174152 0.035094 0.003452 0.000010 0.000010
0.018830 0.787022 0.039050 0.118256 0.009294 0.021520 0.006028
0.026339 0.795974 0.051374 0.091952 0.003391 0.022425 0.008546
0.031919 0.816002 0.026201 0.093759 0.001344 0.030763 0.000010
0.041179 0.773468 0.011630 0.118064 0.007428 0.013761 0.034469
0.043840 0.770721 0.018664 0.122266 0.004318 0.021358 0.018833
0.050811 0.768673 0.009859 0.117988 0.003480 0.031593 0.017596
0.036745 0.822829 0.032855 0.092657 0.000010 0.014005 0.000900
0.025447 0.795253 0.005411 0.127223 0.000010 0.005283 0.041373
0.045407 0.690432 0.068816 0.086477 0.006960 0.072553 0.029356
0.023692 0.780822 0.031586 0.120843 0.009823 0.018454 0.014779
0.000010 0.900480 0.000010 0.000010 0.000010 0.077848 0.021632
0.038846 0.671002 0.063035 0.102454 0.012454 0.074463 0.037746
0.069182 0.660826 0.125961 0.101149 0.007487 0.022683 0.012711
0.046230 0.663858 0.100678 0.089664 0.009887 0.052122 0.037561
0.070357 0.706035 0.066298 0.083094 0.008707 0.047501 0.018008
0.000010 0.895437 0.000010 0.000010 0.000010 0.078153 0.026370
0.000010 0.892258 0.000010 0.000010 0.000010 0.074285 0.033417
0.053366 0.668252 0.082454 0.102435 0.010405 0.056780 0.026308
0.814481 0.139155 0.045482 0.000010 0.000016 0.000846 0.000010
0.948792 0.023655 0.019975 0.005526 0.002033 0.000010 0.000010
0.999940 0.000010 0.000010 0.000010 0.000010 0.000010 0.000010
0.987604 0.000010 0.001584 0.008637 0.000010 0.000010 0.002146
0.992669 0.000010 0.000010 0.007281 0.000010 0.000010 0.000010
0.963606 0.000010 0.030176 0.000010 0.004493 0.001696 0.000010
0.989828 0.000010 0.000010 0.000010 0.000010 0.000010 0.010122
0.961917 0.035049 0.001970 0.000010 0.000343 0.000701 0.000010
0.999940 0.000010 0.000010 0.000010 0.000010 0.000010 0.000010
0.999940 0.000010 0.000010 0.000010 0.000010 0.000010 0.000010
0.999940 0.000010 0.000010 0.000010 0.000010 0.000010 0.000010
0.192864 0.355525 0.388629 0.027215 0.017979 0.000119 0.017668
0.197098 0.372584 0.332512 0.036499 0.006980 0.029222 0.025104
0.125422 0.357109 0.458272 0.029287 0.004212 0.019555 0.006143
0.163737 0.399395 0.386580 0.032818 0.000010 0.017451 0.000010
0.133646 0.286872 0.505301 0.002173 0.013834 0.032108 0.026065
0.018064 0.024281 0.498458 0.013412 0.024167 0.067130 0.354487
0.073099 0.077843 0.645218 0.000010 0.022237 0.101056 0.080537
0.000010 0.017164 0.352766 0.021418 0.008815 0.076588 0.523239
0.041857 0.039039 0.538699 0.000010 0.027126 0.080562 0.272707
0.057979 0.057421 0.761255 0.013123 0.013846 0.050253 0.046123
0.045802 0.068849 0.829790 0.000732 0.004374 0.014907 0.035545
0.068721 0.072506 0.776007 0.000010 0.016285 0.030637 0.035834
0.066081 0.055545 0.768800 0.019090 0.020462 0.026420 0.043601
0.043933 0.080082 0.772739 0.000010 0.011453 0.049533 0.042250
0.040537 0.050163 0.778921 0.007132 0.006088 0.059391 0.057769
0.068907 0.065800 0.737076 0.000010 0.012968 0.041701 0.073538
0.045528 0.073724 0.829925 0.000010 0.004259 0.010580 0.035975
0.056558 0.064422 0.793892 0.021624 0.005760 0.029566 0.028179
0.029901 0.070270 0.732522 0.000010 0.012229 0.067671 0.087397
0.080180 0.135283 0.719552 0.000542 0.009737 0.027052 0.027654
0.134352 0.202502 0.564735 0.016067 0.002380 0.052517 0.027448
0.064998 0.074030 0.772077 0.000010 0.009037 0.028934 0.050915
0.089323 0.135720 0.644329 0.000010 0.016389 0.058597 0.055633
0.188034 0.424014 0.356502 0.000010 0.010763 0.013742 0.006934
0.076157 0.097356 0.736012 0.000010 0.002219 0.044241 0.044005
0.114402 0.108632 0.671540 0.003818 0.002942 0.060206 0.038460
0.095078 0.198750 0.565312 0.015744 0.015505 0.074237 0.035373
0.016664 0.023063 0.711131 0.002433 0.021176 0.149998 0.075535
0.159991 0.090270 0.630818 0.000010 0.011329 0.076586 0.030997
0.035706 0.041758 0.681660 0.018063 0.027261 0.112781 0.082772
0.169113 0.141805 0.589712 0.000010 0.005061 0.047586 0.046714
0.043976 0.054102 0.656096 0.007201 0.009742 0.115665 0.113218
0.168388 0.097283 0.625343 0.014922 0.000858 0.052265 0.040942
0.055837 0.026509 0.656924 0.022771 0.032580 0.135601 0.069778
0.013456 0.182634 0.769803 0.002351 0.003415 0.000010 0.028331
0.050360 0.055767 0.667317 0.002778 0.021574 0.127878 0.074325
0.041041 0.195946 0.762973 0.000010 0.000010 0.000010 0.000010
0.048839 0.054265 0.728988 0.007439 0.014073 0.085373 0.061022
0.000010 0.215292 0.776666 0.007860 0.000153 0.000010 0.000010
0.189542 0.153163 0.540486 0.024224 0.004146 0.035524 0.052914
0.017040 0.026443 0.687866 0.002132 0.022675 0.163459 0.080387
0.052887 0.280604 0.569033 0.015364 0.022629 0.029814 0.029670
0.148796 0.123709 0.634593 0.008532 0.015072 0.050033 0.019265
0.012076 0.037127 0.684873 0.008686 0.024625 0.144890 0.087722
0.144319 0.110544 0.634779 0.007821 0.016290 0.058366 0.027881
0.050554 0.043593 0.796439 0.007235 0.012998 0.042268 0.046913
0.170725 0.394402 0.356064 0.002006 0.003003 0.030427 0.043372
0.087869 0.078385 0.743473 0.005505 0.000991 0.053885 0.029892
0.065196 0.261782 0.597291 0.033523 0.000010 0.028889 0.013310
0.070307 0.066309 0.766213 0.017860 0.006603 0.027477 0.045231
0.050425 0.265711 0.637571 0.046257 0.000010 0.000015 0.000010
0.021638 0.027394 0.682316 0.000010 0.023275 0.138863 0.106504
0.039493 0.105313 0.826159 0.006618 0.000010 0.003327 0.019080
0.068549 0.118036 0.701519 0.000010 0.006746 0.052569 0.052571
0.018836 0.108937 0.837124 0.000010 0.005291 0.006516 0.023285
0.037547 0.023286 0.664717 0.023194 0.030960 0.139235 0.081061
0.030491 0.124406 0.834376 0.000010 0.000010 0.000010 0.010696
0.039850 0.103269 0.847122 0.003348 0.005759 0.000010 0.000642
0.046881 0.032264 0.757383 0.003634 0.019909 0.093007 0.046923
0.151863 0.400707 0.375106 0.059625 0.005789 0.006900 0.000010
0.074259 0.189559 0.686013 0.007029 0.000010 0.020454 0.022677
0.050556 0.071014 0.753376 0.000010 0.008010 0.046835 0.070199
0.112700 0.617496 0.204272 0.056435 0.009076 0.000010 0.000010
0.037924 0.105259 0.767589 0.022129 0.015869 0.023042 0.028188
0.005902 0.047032 0.711926 0.010460 0.025862 0.128090 0.070730
0.021007 0.125755 0.838413 0.000010 0.012428 0.000010 0.002378
0.075288 0.066533 0.831872 0.000010 0.004465 0.016683 0.005150
0.039824 0.034000 0.606374 0.011705 0.036189 0.179952 0.091956
0.085318 0.176075 0.714392 0.000010 0.011742 0.000010 0.012453
0.056683 0.088046 0.812501 0.000010 0.000010 0.010873 0.031876
0.000010 0.024861 0.694105 0.015422 0.024383 0.118497 0.122722
0.057947 0.128154 0.765806 0.023424 0.009089 0.015570 0.000010
0.047335 0.026044 0.851061 0.000010 0.000010 0.047465 0.028075
0.066168 0.068745 0.623723 0.009550 0.010823 0.130026 0.090964
0.144505 0.532755 0.269813 0.052014 0.000770 0.000010 0.000133
0.059656 0.246561 0.647778 0.007838 0.000010 0.009792 0.028365
0.018948 0.022885 0.681250 0.021204 0.010882 0.144598 0.100232
0.086802 0.082253 0.767496 0.000010 0.011912 0.034385 0.017142
0.083582 0.600936 0.232697 0.081905 0.000819 0.000010 0.000051
0.000010 0.000010 0.717349 0.023198 0.023477 0.152195 0.083762
0.060665 0.082489 0.817697 0.000010 0.002909 0.025683 0.010546
0.119195 0.458237 0.330560 0.070426 0.005122 0.000010 0.016450
0.091003 0.080603 0.643275 0.011980 0.010828 0.091490 0.070820
0.087730 0.416054 0.422673 0.045740 0.003367 0.000010 0.024427
0.039173 0.089958 0.817479 0.000010 0.000010 0.023420 0.029950
0.037365 0.071952 0.656445 0.001168 0.029381 0.126937 0.076753
0.182390 0.143566 0.564373 0.019586 0.000010 0.058057 0.032017
0.085043 0.335614 0.502981 0.042387 0.006330 0.008757 0.018888
0.003722 0.000010 0.698117 0.028276 0.037095 0.134055 0.098726
0.152233 0.136504 0.637413 0.000010 0.000010 0.042784 0.031046
0.086044 0.493900 0.355059 0.046010 0.003673 0.000010 0.015305
0.013869 0.019404 0.702318 0.007689 0.022314 0.149640 0.084764
0.119934 0.102709 0.671405 0.021973 0.011606 0.040091 0.032282
0.089355 0.065724 0.745410 0.013089 0.012220 0.027492 0.046709
0.044650 0.030716 0.636354 0.000010 0.017268 0.154259 0.116742
0.095244 0.147517 0.629016 0.013877 0.015122 0.061094 0.038130
0.052100 0.165939 0.781921 0.000010 0.000010 0.000010 0.000010
0.015095 0.000010 0.680265 0.000010 0.025604 0.164034 0.114983
0.134048 0.207441 0.599664 0.002029 0.007994 0.029986 0.018838
0.105125 0.469598 0.339145 0.058635 0.012486 0.015001 0.000010
0.047842 0.021226 0.672180 0.020501 0.023027 0.137560 0.077665
0.162615 0.326541 0.465732 0.013599 0.005948 0.011413 0.014153
0.097596 0.055341 0.794614 0.006709 0.000510 0.035776 0.009455
0.041356 0.045594 0.647510 0.017319 0.022306 0.136830 0.089085
0.123646 0.132967 0.632161 0.017063 0.002341 0.052729 0.039094
0.050728 0.097457 0.843389 0.000010 0.000020 0.000010 0.008387
0.021490 0.040182 0.673388 0.007665 0.016676 0.167218 0.073382
0.113746 0.129896 0.662890 0.006665 0.004455 0.067281 0.015068
0.081196 0.343682 0.537059 0.010473 0.006868 0.000010 0.020713
0.000010 0.036496 0.655729 0.019520 0.026431 0.159910 0.101904
0.094409 0.138192 0.680753 0.000010 0.014946 0.039616 0.032073
0.086271 0.307762 0.554292 0.032913 0.000077 0.000010 0.018675
0.025349 0.026714 0.651199 0.001639 0.036080 0.166812 0.092206
0.110419 0.098815 0.726695 0.004175 0.009117 0.033015 0.017764
0.039090 0.097635 0.823903 0.000010 0.007578 0.000010 0.031774
0.041010 0.041186 0.697061 0.022969 0.016350 0.114715 0.066709
0.024625 0.064794 0.668676 0.000010 0.019868 0.116606 0.105421
0.063441 0.192739 0.713009 0.011488 0.005725 0.000010 0.013589
0.000010 0.005181 0.724187 0.012275 0.025420 0.162559 0.070368
0.128451 0.552315 0.236518 0.072064 0.003636 0.000010 0.007006
0.104978 0.565012 0.284519 0.034051 0.000014 0.011416 0.000010
0.123532 0.097561 0.690084 0.001773 0.012168 0.046538 0.028344
0.063421 0.058893 0.818601 0.000010 0.000010 0.033534 0.025530
0.165590 0.129970 0.627907 0.015688 0.017628 0.035680 0.007537
0.112844 0.172866 0.631379 0.012555 0.006060 0.028561 0.035735
0.000010 0.000010 0.686000 0.000010 0.023183 0.255568 0.035219
0.017709 0.037653 0.642811 0.000010 0.027769 0.215345 0.058703
0.013928 0.000010 0.671931 0.010024 0.035130 0.218015 0.050962
0.033735 0.000010 0.630871 0.003832 0.028687 0.260496 0.042369
0.023872 0.000010 0.667451 0.021614 0.023110 0.190795 0.073149
0.034100 0.030206 0.676502 0.013900 0.021774 0.153125 0.070393
0.019142 0.000010 0.697516 0.006876 0.015184 0.189356 0.071916
0.000010 0.000010 0.680369 0.009177 0.015470 0.205749 0.089216
0.020041 0.000010 0.663276 0.013454 0.023737 0.185033 0.094449
0.000010 0.000010 0.683676 0.024341 0.018448 0.215049 0.058467
0.000010 0.000010 0.678201 0.013797 0.028108 0.188807 0.091068
0.000010 0.000010 0.708345 0.011230 0.017828 0.217948 0.044629
0.000010 0.000010 0.683825 0.037097 0.023500 0.194752 0.060806
0.021811 0.026026 0.707792 0.012719 0.017354 0.134280 0.080018
0.000010 0.000010 0.654301 0.007270 0.027011 0.216587 0.094812
0.000010 0.000010 0.700802 0.014632 0.020706 0.206703 0.057136
0.000010 0.008366 0.649029 0.025113 0.032577 0.201761 0.083144
0.000010 0.000010 0.672151 0.011574 0.027899 0.195160 0.093196
0.000010 0.000010 0.714256 0.008685 0.025739 0.203053 0.048248
0.000010 0.000010 0.716830 0.022480 0.025484 0.194506 0.040680
0.000010 0.000010 0.676769 0.014339 0.020594 0.217012 0.071266
0.043092 0.015471 0.676960 0.016991 0.021982 0.155318 0.070187
0.000010 0.000010 0.739715 0.023172 0.022204 0.162328 0.052561
0.000010 0.000010 0.775587 0.004255 0.019712 0.167219 0.033207
0.000010 0.000010 0.741893 0.019928 0.010289 0.163325 0.064544
0.000010 0.000010 0.794941 0.000010 0.017873 0.159532 0.027624
0.000010 0.000010 0.726874 0.016499 0.026794 0.165621 0.064192
0.002215 0.000010 0.745323 0.024304 0.020256 0.165241 0.042650
0.004812 0.000010 0.799108 0.009713 0.028095 0.126715 0.031547
0.000705 0.000010 0.626392 0.031392 0.035354 0.176086 0.130062
0.017573 0.011605 0.647663 0.021963 0.029380 0.191342 0.080473
0.000014 0.000010 0.795254 0.005033 0.021897 0.167996 0.009797
0.000010 0.000010 0.807397 0.003010 0.018058 0.171505 0.000010
0.006556 0.006599 0.706969 0.023834 0.012009 0.159768 0.084264
0.036783 0.064443 0.625837 0.019615 0.010164 0.164718 0.078441
0.006751 0.044341 0.684286 0.012244 0.027623 0.147768 0.076987
0.051373 0.034745 0.699435 0.000010 0.017083 0.117872 0.079482
0.000010 0.000010 0.000010 0.000010 0.000011 0.000010 0.999939
0.000010 0.000010 0.000010 0.000010 0.000010 0.000010 0.999940
0.000010 0.000010 0.209815 0.000010 0.008893 0.027809 0.753453
0.000010 0.000010 0.208202 0.000010 0.000010 0.022390 0.769369
0.000010 0.000010 0.000010 0.000010 0.000012 0.000010 0.999938
0.000010 0.000010 0.143767 0.007537 0.000010 0.018653 0.830013
0.000010 0.000010 0.000010 0.000010 0.000010 0.000010 0.999940
0.000010 0.000010 0.243651 0.000010 0.002114 0.056219 0.697987
0.000010 0.000010 0.181823 0.000010 0.000010 0.024521 0.793616
0.000012 0.000010 0.199953 0.006853 0.014111 0.052079 0.726982
0.000010 0.000010 0.193634 0.002771 0.002983 0.026597 0.773994
0.000010 0.000010 0.076374 0.000010 0.010996 0.000010 0.912590
0.000010 0.000010 0.000010 0.000010 0.000011 0.000010 0.999939
0.000010 0.000010 0.153992 0.000010 0.004145 0.006514 0.835318
0.000010 0.000010 0.000010 0.000010 0.000010 0.000010 0.999940
0.000010 0.000010 0.000010 0.000010 0.000010 0.000010 0.999940
0.000010 0.000010 0.065315 0.000010 0.000010 0.014206 0.920438
0.000010 0.000010 0.000010 0.000010 0.000010 0.000010 0.999940
0.000010 0.000010 0.185227 0.000010 0.007620 0.039291 0.767832
0.000010 0.000010 0.247323 0.000010 0.006426 0.046077 0.700143
0.000010 0.016067 0.123918 0.000010 0.007672 0.033421 0.818903
0.000010 0.000010 0.176037 0.000010 0.020441 0.052669 0.750824
