0.282565 0.547530 0.103308 0.066596
0.262602 0.564074 0.102120 0.071205
0.000010 0.999970 0.000010 0.000010
0.212353 0.787627 0.000010 0.000010
0.224568 0.774145 0.000010 0.001276
0.286565 0.713415 0.000010 0.000010
0.380071 0.493853 0.037804 0.088271
0.000019 0.999961 0.000010 0.000010
0.288205 0.711775 0.000010 0.000010
0.214413 0.785567 0.000010 0.000010
0.172801 0.827179 0.000010 0.000010
0.000010 0.999970 0.000010 0.000010
0.000010 0.950644 0.000010 0.049336
0.000010 0.999970 0.000010 0.000010
0.000010 0.999970 0.000010 0.000010
0.000010 0.999970 0.000010 0.000010
0.000010 0.999970 0.000010 0.000010
0.000010 0.999970 0.000010 0.000010
0.000010 0.999970 0.000010 0.000010
0.250660 0.598298 0.043388 0.107655
0.000010 0.999970 0.000010 0.000010
0.000010 0.999970 0.000010 0.000010
0.000010 0.999970 0.000010 0.000010
0.000010 0.999970 0.000010 0.000010
0.000010 0.999970 0.000010 0.000010
0.000010 0.999970 0.000010 0.000010
0.000010 0.999970 0.000010 0.000010
0.000010 0.908363 0.054024 0.037603
0.143382 0.856598 0.000010 0.000010
0.313655 0.412506 0.060157 0.213682
0.396882 0.449998 0.056983 0.096137
0.258334 0.520571 0.053232 0.167863
0.333828 0.088845 0.155182 0.422145
0.334309 0.083960 0.148873 0.432858
0.315597 0.155374 0.146536 0.382494
0.340211 0.070057 0.152928 0.436803
0.343793 0.070211 0.174828 0.411168
0.187343 0.084732 0.192053 0.535872
0.355799 0.071996 0.147413 0.424792
0.307432 0.000010 0.278121 0.414437
0.288986 0.034262 0.323657 0.353095
0.306775 0.073467 0.267452 0.352305
0.163188 0.071871 0.328460 0.436481
0.286729 0.076207 0.267861 0.369203
0.287356 0.016054 0.292382 0.404208
0.241718 0.046674 0.296251 0.415357
0.241326 0.037224 0.371664 0.349786
0.384666 0.150772 0.223723 0.240839
0.370946 0.158514 0.219960 0.250581
0.384180 0.133641 0.243876 0.238303
0.395625 0.156629 0.209205 0.238540
0.372479 0.133536 0.232435 0.261551
0.382897 0.127279 0.235069 0.254755
0.407190 0.121552 0.221924 0.249335
0.371296 0.139216 0.226677 0.262810
0.379126 0.153672 0.248927 0.218275
0.346347 0.243610 0.220277 0.189766
0.360361 0.195173 0.186548 0.257918
0.383382 0.136001 0.242264 0.238353
0.805850 0.131759 0.000010 0.062381
0.373695 0.131847 0.225703 0.268755
0.366734 0.125551 0.265051 0.242664
0.000010 0.000010 0.000010 0.999970
0.000010 0.000010 0.000010 0.999970
0.000010 0.000010 0.000010 0.999970
0.000010 0.000010 0.000010 0.999970
0.032876 0.000010 0.036575 0.930540
0.000010 0.000010 0.000010 0.999970
0.000010 0.000010 0.000010 0.999970
0.000010 0.000010 0.000010 0.999970
0.000010 0.000010 0.000010 0.999970
0.000010 0.000010 0.032561 0.967419
0.000010 0.000010 0.000010 0.999970
0.007612 0.000010 0.068378 0.923999
0.061014 0.020103 0.054836 0.864047
0.000010 0.000010 0.000010 0.999970
0.140035 0.040771 0.698034 0.121160
0.121743 0.038896 0.693826 0.145535
0.140587 0.058543 0.687012 0.113857
0.131287 0.038217 0.657685 0.172812
0.125174 0.071426 0.712515 0.090886
0.159853 0.036708 0.644821 0.158618
0.137457 0.046105 0.689987 0.126450
0.129509 0.073139 0.701886 0.095465
0.097173 0.005424 0.388685 0.508718
0.122802 0.005566 0.375193 0.496439
0.110606 0.000572 0.368051 0.520771
0.102524 0.007918 0.380427 0.509131
0.114523 0.000010 0.403464 0.482003
0.113282 0.010743 0.389089 0.486886
0.117115 0.011240 0.357639 0.514005
0.091033 0.016980 0.373626 0.518361
0.127218 0.000010 0.373592 0.499180
0.104214 0.000010 0.366292 0.529483
0.096527 0.006014 0.383663 0.513796
0.127950 0.000010 0.385169 0.486871
0.121581 0.000010 0.376162 0.502247
0.108248 0.010393 0.356790 0.524569
0.133574 0.000010 0.381855 0.484560
0.101082 0.022162 0.368599 0.508158
0.128845 0.000010 0.387244 0.483901
0.118245 0.000010 0.382862 0.498883
0.109853 0.012365 0.377001 0.500780
0.099522 0.000010 0.390679 0.509789
0.102014 0.000010 0.369246 0.528730
0.105006 0.000010 0.360432 0.534552
0.111682 0.000010 0.396298 0.492009
0.096446 0.000010 0.375132 0.528412
0.121918 0.016386 0.379474 0.482222
0.110939 0.011802 0.423381 0.453877
0.110938 0.000010 0.663608 0.225444
0.191042 0.000010 0.506314 0.302634
0.119454 0.001274 0.687620 0.191651
0.223802 0.039123 0.418085 0.318990
0.198311 0.011474 0.482411 0.307804
0.152020 0.017721 0.611405 0.218853
0.114629 0.000010 0.709017 0.176345
0.199894 0.014424 0.502996 0.282686
0.179820 0.033629 0.464454 0.322097
0.169632 0.017233 0.586401 0.226734
0.110150 0.000010 0.684569 0.205271
0.119356 0.013058 0.602044 0.265542
0.113919 0.010077 0.360144 0.515860
0.127432 0.000010 0.372704 0.499855
0.129132 0.003422 0.603087 0.264359
0.090825 0.020439 0.690064 0.198673
0.170061 0.000010 0.621881 0.208048
0.184299 0.018614 0.461194 0.335893
0.176974 0.011965 0.493115 0.317947
0.134891 0.000010 0.671784 0.193315
0.143909 0.017634 0.570010 0.268447
0.101996 0.000010 0.693031 0.204963
0.135111 0.000010 0.655044 0.209835
0.125751 0.006669 0.682593 0.184987
0.149066 0.000010 0.572007 0.278917
0.120764 0.005916 0.385349 0.487971
0.203760 0.038210 0.451506 0.306523
0.124780 0.012948 0.607230 0.255042
0.177486 0.025233 0.554944 0.242338
0.133051 0.000010 0.656907 0.210032
0.104741 0.000010 0.698590 0.196659
0.173428 0.012820 0.499337 0.314415
0.155296 0.005937 0.599647 0.239120
0.136659 0.021072 0.607539 0.234729
0.204788 0.018393 0.435435 0.341384
0.186376 0.020557 0.485697 0.307371
0.161973 0.023570 0.587546 0.226910
0.211264 0.025886 0.519592 0.243258
0.159987 0.021737 0.583404 0.234872
0.154376 0.046305 0.544782 0.254537
0.200801 0.020549 0.502160 0.276490
0.148108 0.028677 0.536876 0.286338
0.169153 0.000010 0.572745 0.258092
0.214835 0.009375 0.534992 0.240797
0.177174 0.015396 0.582121 0.225310
0.204982 0.018770 0.496575 0.279673
0.290201 0.078641 0.371718 0.259439
0.323704 0.102101 0.355890 0.218305
0.334180 0.100399 0.346602 0.218819
0.457336 0.147440 0.147849 0.247374
0.365801 0.082766 0.311442 0.239991
0.348026 0.087178 0.347773 0.217023
0.345892 0.057594 0.369542 0.226973
0.382462 0.086597 0.328971 0.201971
0.213411 0.024229 0.506323 0.256037
0.330948 0.096480 0.335838 0.236734
0.174422 0.030618 0.602220 0.192740
0.190220 0.023090 0.561197 0.225492
0.187945 0.023964 0.587411 0.200680
0.184542 0.035212 0.574442 0.205804
0.184787 0.024090 0.589355 0.201769
0.164351 0.038319 0.591175 0.206156
0.192161 0.008449 0.572714 0.226676
0.183790 0.005843 0.583536 0.226832
0.207484 0.005155 0.584811 0.202550
0.177818 0.027916 0.589029 0.205237
0.080177 0.014774 0.035599 0.869450
0.156819 0.029232 0.213445 0.600505
0.101690 0.028191 0.181014 0.689105
0.076062 0.012498 0.094672 0.816767
0.110917 0.027065 0.139466 0.722553
0.147771 0.018139 0.196270 0.637820
0.081824 0.025160 0.154818 0.738199
0.042718 0.001751 0.031891 0.923640
0.121315 0.050373 0.233224 0.595089
0.125955 0.022374 0.194050 0.657621
0.140982 0.029232 0.240303 0.589482
0.167624 0.033605 0.223067 0.575704
0.128061 0.037420 0.203447 0.631072
0.152004 0.015432 0.208101 0.624463
0.103772 0.044869 0.206087 0.645272
0.115391 0.017278 0.219912 0.647420
0.119284 0.041375 0.208314 0.631027
0.132915 0.020150 0.213330 0.633605
0.173940 0.055644 0.266258 0.504158
0.188210 0.018414 0.351102 0.442273
0.197494 0.048056 0.315927 0.438523
0.181746 0.022231 0.318608 0.477415
0.221687 0.009406 0.321038 0.447870
0.204212 0.027897 0.346001 0.421891
0.139620 0.025647 0.251426 0.583307
0.077373 0.014801 0.118843 0.788983
0.069604 0.000010 0.120467 0.809919
0.136457 0.049395 0.261247 0.552902
0.127727 0.037092 0.263866 0.571315
0.058581 0.018020 0.087974 0.835425
0.163035 0.000010 0.241325 0.595630
0.095032 0.016485 0.175970 0.712513
0.183498 0.021405 0.273593 0.521504
0.141927 0.034725 0.263535 0.559813
0.135861 0.025482 0.293262 0.545396
0.175918 0.044272 0.279311 0.500498
0.155306 0.018285 0.304816 0.521593
0.190912 0.025473 0.269799 0.513817
0.173406 0.041661 0.289085 0.495847
0.225010 0.029047 0.403609 0.342334
0.189435 0.060507 0.426607 0.323451
0.243450 0.023649 0.386981 0.345919
0.224468 0.043573 0.384496 0.347463
0.224293 0.041647 0.398189 0.335871
0.231301 0.046683 0.388312 0.333704
0.227055 0.026263 0.405832 0.340850
0.189530 0.037309 0.458359 0.314802
0.202226 0.051279 0.377750 0.368745
0.246692 0.026783 0.398302 0.328223
0.120621 0.000010 0.751097 0.128272
0.103668 0.000010 0.776473 0.119850
0.084756 0.000010 0.809065 0.106169
0.089945 0.000010 0.819009 0.091036
0.104665 0.007250 0.763507 0.124579
0.081849 0.000190 0.807334 0.110626
0.117227 0.000010 0.775187 0.107577
0.102987 0.005552 0.751112 0.140350
0.102337 0.000010 0.767433 0.130219
0.092771 0.012245 0.779126 0.115858
0.201726 0.029170 0.628623 0.140482
0.187429 0.018681 0.674127 0.119764
0.208572 0.052307 0.612776 0.126344
0.185323 0.051164 0.648467 0.115046
0.160218 0.049405 0.675183 0.115194
0.189629 0.038238 0.679291 0.092841
0.182268 0.044761 0.619580 0.153391
0.175266 0.039350 0.620252 0.165133
0.114349 0.010061 0.673311 0.202278
0.147480 0.023376 0.590603 0.238540
0.139482 0.003944 0.591073 0.265501
0.156458 0.000010 0.632020 0.211512
0.132787 0.034275 0.636104 0.196834
0.149626 0.010440 0.625072 0.214862
0.132043 0.000010 0.648572 0.219375
0.126402 0.027608 0.607871 0.238119
0.145607 0.016339 0.626828 0.211226
0.135443 0.015063 0.616882 0.232613
0.291558 0.075097 0.357589 0.275756
0.314043 0.087742 0.360010 0.238205
0.327289 0.079959 0.346351 0.246400
0.332969 0.103673 0.310843 0.252515
0.351262 0.092901 0.325101 0.230736
0.355507 0.084630 0.335825 0.224039
0.355966 0.077948 0.304518 0.261568
0.323542 0.114684 0.301694 0.260079
0.365998 0.086097 0.307564 0.240341
0.291582 0.070946 0.303021 0.334451
0.302941 0.114849 0.295497 0.286714
0.355357 0.100645 0.240215 0.303782
0.287133 0.093290 0.292351 0.327226
0.290718 0.059294 0.308944 0.341045
0.282352 0.081670 0.317337 0.318642
0.271292 0.078257 0.292993 0.357459
0.285197 0.087950 0.331434 0.295419
0.290861 0.092658 0.309735 0.306745
0.311084 0.090997 0.267552 0.330367
0.000010 0.000010 0.999970 0.000010
0.000010 0.000010 0.999970 0.000010
0.000010 0.000010 0.996734 0.003246
0.213175 0.022851 0.414679 0.349294
0.000010 0.000010 0.999970 0.000010
0.000010 0.000010 0.999970 0.000010
0.000010 0.000010 0.977634 0.022346
0.117730 0.022751 0.392735 0.466784
0.000010 0.000010 0.999970 0.000010
0.000010 0.000010 0.991107 0.008873
0.000010 0.000010 0.991723 0.008257
0.145329 0.019804 0.383022 0.451845
0.005146 0.000010 0.955854 0.038990
0.000010 0.000010 0.980681 0.019299
0.000010 0.000010 0.999970 0.000010
0.000010 0.000010 0.949065 0.050915
0.000010 0.000010 0.999970 0.000010
0.000010 0.000010 0.998865 0.001115
0.168289 0.012052 0.366797 0.452862
0.000010 0.000010 0.999970 0.000010
0.000010 0.000010 0.963035 0.036945
0.164578 0.017252 0.376514 0.441657
0.000010 0.000010 0.999970 0.000010
0.000341 0.000010 0.971178 0.028470
0.137972 0.000010 0.380644 0.481374
0.107607 0.019060 0.726345 0.146988
0.112673 0.017319 0.710387 0.159621
0.090837 0.018593 0.728915 0.161656
0.116321 0.003868 0.721113 0.158698
0.107428 0.007296 0.725018 0.160258
0.103656 0.015658 0.713418 0.167269
0.100799 0.002127 0.731492 0.165583
0.122040 0.000010 0.741407 0.136542
0.141447 0.074612 0.631350 0.152590
0.102770 0.019944 0.733927 0.143360
0.142935 0.060556 0.698690 0.097819
0.143107 0.088952 0.634555 0.133385
0.152418 0.033930 0.627626 0.186025
0.164253 0.064570 0.619274 0.151902
0.128440 0.053212 0.635762 0.182586
0.143814 0.067359 0.718596 0.070231
0.157495 0.063487 0.705765 0.073253
0.141963 0.070111 0.629711 0.158215
0.030550 0.002769 0.095440 0.871241
0.004499 0.000010 0.022104 0.973387
0.000010 0.000010 0.000010 0.999970
0.007149 0.000010 0.000010 0.992831
0.000010 0.000010 0.000010 0.999970
0.013314 0.004172 0.000010 0.982504
0.000010 0.000010 0.000010 0.999970
0.000010 0.000010 0.010850 0.989130
0.000010 0.000010 0.000010 0.999970
0.000010 0.000010 0.000010 0.999970
0.000010 0.000010 0.000010 0.999970
0.269481 0.065442 0.322133 0.342944
0.249428 0.075469 0.339824 0.335279
0.301550 0.080252 0.332237 0.285961
0.247993 0.061633 0.362827 0.327547
0.345538 0.106386 0.253921 0.294155
0.377406 0.196448 0.175999 0.250147
0.383651 0.231938 0.197246 0.187165
0.348073 0.221549 0.187514 0.242863
0.390091 0.237472 0.158547 0.213891
0.377009 0.207992 0.206128 0.208871
0.364168 0.209141 0.190328 0.236363
0.348555 0.248019 0.194803 0.208623
0.339248 0.213387 0.205785 0.241580
0.405621 0.254279 0.135211 0.204890
0.353620 0.256230 0.155244 0.234906
0.352681 0.231717 0.209859 0.205744
0.387768 0.236191 0.181548 0.194494
0.660628 0.162377 0.062769 0.114226
0.461693 0.209140 0.099486 0.229681
0.761007 0.126838 0.055020 0.057135
0.603635 0.181809 0.056415 0.158141
0.477137 0.176560 0.108568 0.237735
0.500494 0.144848 0.111407 0.243251
0.480821 0.157972 0.095932 0.265275
0.479430 0.159368 0.114928 0.246273
0.479001 0.177365 0.108708 0.234926
0.502756 0.179444 0.097957 0.219844
0.494158 0.154618 0.099825 0.251399
0.511160 0.138630 0.104876 0.245334
0.471825 0.149353 0.125758 0.253064
0.516190 0.178076 0.096480 0.209254
0.443984 0.135511 0.150179 0.270326
0.372542 0.125933 0.210182 0.291343
0.485730 0.156442 0.103661 0.254167
0.436460 0.164394 0.143149 0.255997
0.246762 0.062670 0.343925 0.346643
0.463147 0.156703 0.114309 0.265841
0.425432 0.156222 0.134286 0.284060
0.379364 0.166284 0.207874 0.246478
0.484920 0.270887 0.071039 0.173153
0.397098 0.176311 0.110887 0.315704
0.478007 0.237581 0.096360 0.188052
0.391162 0.138711 0.142418 0.327709
0.499609 0.216730 0.092873 0.190787
0.406513 0.138079 0.127920 0.327488
0.455399 0.259692 0.091060 0.193849
0.472882 0.110069 0.199273 0.217775
0.460825 0.248570 0.088672 0.201932
0.440337 0.110183 0.202470 0.247010
0.481060 0.198553 0.104168 0.216219
0.447945 0.112188 0.235993 0.203874
0.363361 0.123435 0.179188 0.334015
0.482151 0.283132 0.068147 0.166571
0.375912 0.128813 0.265341 0.229935
0.379261 0.156464 0.148361 0.315914
0.487105 0.268949 0.084642 0.159304
0.396701 0.162442 0.138955 0.301902
0.488863 0.174448 0.101093 0.235597
0.289146 0.074551 0.322923 0.313380
0.455629 0.162428 0.113856 0.268086
0.388998 0.089032 0.275041 0.246929
0.481217 0.146505 0.118648 0.253630
0.375021 0.082053 0.300457 0.242469
0.505120 0.258005 0.068344 0.168531
0.494287 0.116197 0.144094 0.245423
0.465975 0.155271 0.134639 0.244115
0.501080 0.137734 0.133250 0.227936
0.470173 0.262339 0.085052 0.182437
0.488427 0.108816 0.155187 0.247570
0.489050 0.126263 0.144528 0.240160
0.487481 0.219282 0.081067 0.212169
0.238155 0.058286 0.395220 0.308339
0.433545 0.110241 0.201182 0.255032
0.510219 0.161432 0.098340 0.230009
0.173624 0.017580 0.545878 0.262918
0.471531 0.148125 0.153955 0.226388
0.482455 0.260733 0.093914 0.162898
0.485326 0.129274 0.143684 0.241716
0.471363 0.145248 0.102803 0.280586
0.452754 0.296342 0.079021 0.171883
0.433560 0.094862 0.177774 0.293804
0.490054 0.129465 0.122532 0.257950
0.533127 0.240530 0.087758 0.138585
0.420737 0.144095 0.174842 0.260325
0.516714 0.163771 0.080769 0.238746
0.454686 0.231181 0.101638 0.212496
0.201054 0.023696 0.479422 0.295828
0.422223 0.091100 0.237854 0.248824
0.497043 0.250042 0.085125 0.167791
0.456260 0.155115 0.111559 0.277066
0.199708 0.004202 0.563910 0.232179
0.501156 0.279051 0.072879 0.146914
0.471638 0.145301 0.119780 0.263281
0.249903 0.031093 0.445033 0.273971
0.445727 0.195722 0.118702 0.239849
0.305056 0.051114 0.393742 0.250088
0.506587 0.130006 0.124096 0.239311
0.461667 0.256040 0.096541 0.185751
0.365703 0.135472 0.163601 0.335224
0.335728 0.076931 0.333970 0.253371
0.498762 0.273131 0.072345 0.155762
0.404592 0.132461 0.143115 0.319832
0.265185 0.034394 0.452009 0.248412
0.494978 0.268744 0.071037 0.165240
0.422027 0.142768 0.145475 0.289730
0.469788 0.146898 0.113859 0.269455
0.495181 0.260076 0.064504 0.180240
0.408103 0.162984 0.169868 0.259046
0.442383 0.109190 0.182941 0.265486
0.511318 0.288275 0.040463 0.159943
0.376672 0.119651 0.200288 0.303389
0.232830 0.066094 0.442560 0.258515
0.461485 0.258892 0.084073 0.195550
0.302929 0.079356 0.292727 0.324988
0.465443 0.144446 0.102829 0.287282
0.469548 0.252097 0.095398 0.182957
0.400555 0.148313 0.161745 0.289387
0.498041 0.101094 0.130784 0.270080
0.468880 0.281234 0.084206 0.165680
0.400194 0.163221 0.154783 0.281801
0.363657 0.060729 0.309998 0.265616
0.488071 0.281797 0.091380 0.138751
0.424694 0.155681 0.146631 0.272994
0.363424 0.069335 0.306130 0.261110
0.471856 0.294707 0.068632 0.164805
0.425389 0.153215 0.127048 0.294348
0.498467 0.128072 0.131443 0.242018
0.468711 0.231218 0.103231 0.196840
0.497465 0.237174 0.093577 0.171783
0.435719 0.096328 0.207427 0.260527
0.491154 0.286038 0.067817 0.154991
0.196166 0.016146 0.511836 0.275852
0.201872 0.041535 0.485819 0.270773
0.425129 0.156464 0.125616 0.292791
0.487704 0.152088 0.098305 0.261904
0.370659 0.143329 0.155289 0.330723
0.403211 0.127969 0.183822 0.284998
0.440273 0.379610 0.027672 0.152445
0.438022 0.328727 0.066976 0.166275
0.437487 0.353243 0.053580 0.155690
0.413116 0.384195 0.032470 0.170220
0.460635 0.310013 0.067102 0.162250
0.462948 0.274564 0.086085 0.176402
0.477988 0.304565 0.053455 0.163992
0.495234 0.324392 0.048630 0.131744
0.480357 0.304147 0.057301 0.158196
0.467916 0.331308 0.081040 0.119736
0.485139 0.326300 0.063303 0.125259
0.458986 0.349865 0.049234 0.141915
0.464315 0.322930 0.081700 0.131055
0.488475 0.259174 0.082925 0.169427
0.485708 0.343728 0.064235 0.106330
0.485213 0.340207 0.060696 0.113883
0.480927 0.338766 0.103056 0.077251
0.488057 0.327023 0.059527 0.125394
0.476945 0.359624 0.049188 0.114243
0.462845 0.335125 0.078492 0.123538
0.477032 0.340773 0.079063 0.103133
0.466265 0.271947 0.075278 0.186510
0.471345 0.308211 0.068059 0.152386
0.497455 0.318598 0.060744 0.123202
0.498897 0.292712 0.072437 0.135954
0.502459 0.316881 0.045880 0.134780
0.509903 0.309440 0.059982 0.120675
0.467160 0.306899 0.063289 0.162652
0.477279 0.287814 0.065204 0.169703
0.497119 0.299002 0.073779 0.130100
0.455593 0.312106 0.078825 0.153477
0.483955 0.320346 0.046994 0.148706
0.471021 0.321977 0.034477 0.172525
0.497874 0.268623 0.081516 0.151986
0.448868 0.259944 0.114304 0.176884
0.472778 0.273882 0.093750 0.159590
0.486390 0.237663 0.069076 0.206871
0.999970 0.000010 0.000010 0.000010
0.999970 0.000010 0.000010 0.000010
0.913972 0.058852 0.001526 0.025650
0.937006 0.044680 0.000010 0.018304
0.999970 0.000010 0.000010 0.000010
0.968891 0.031089 0.000010 0.000010
0.999970 0.000010 0.000010 0.000010
0.899591 0.093229 0.000010 0.007171
0.955799 0.044181 0.000010 0.000010
0.881145 0.085291 0.011288 0.022276
0.931937 0.048446 0.002020 0.017597
0.989367 0.010613 0.000010 0.000010
0.999970 0.000010 0.000010 0.000010
0.974800 0.025180 0.000010 0.000010
0.999970 0.000010 0.000010 0.000010
0.999970 0.000010 0.000010 0.000010
0.996573 0.003407 0.000010 0.000010
0.999970 0.000010 0.000010 0.000010
0.923663 0.059681 0.000010 0.016646
0.881718 0.083155 0.001285 0.033842
0.944263 0.055637 0.000090 0.000010
0.903507 0.096473 0.000010 0.000010
