0.030197 0.030542 0.000010 0.507451 0.123949 0.291432 0.005300 0.011120
0.041290 0.060004 0.000010 0.520638 0.188590 0.189447 0.000010 0.000010
0.000010 0.000010 0.000010 0.000012 0.000010 0.999928 0.000010 0.000010
0.000010 0.000010 0.000010 0.000010 0.000010 0.999930 0.000010 0.000010
0.000010 0.000010 0.000010 0.000010 0.000010 0.999930 0.000010 0.000010
0.000010 0.000012 0.000010 0.000010 0.000010 0.999928 0.000010 0.000010
0.000010 0.000010 0.000010 0.595883 0.084295 0.319772 0.000010 0.000010
0.000010 0.000010 0.000010 0.000010 0.000010 0.999930 0.000010 0.000010
0.000010 0.000010 0.000010 0.000010 0.000010 0.999930 0.000010 0.000010
0.000010 0.073180 0.000010 0.295134 0.187717 0.443928 0.000010 0.000010
0.000010 0.078261 0.000010 0.285059 0.237945 0.398695 0.000010 0.000010
0.000010 0.048592 0.000010 0.230933 0.426763 0.293672 0.000010 0.000010
0.010234 0.060709 0.071075 0.314656 0.288137 0.238397 0.016782 0.000010
0.000010 0.048302 0.000010 0.276085 0.288374 0.387198 0.000010 0.000010
0.000010 0.000010 0.000010 0.000010 0.999930 0.000010 0.000010 0.000010
0.000010 0.070622 0.000010 0.295575 0.221570 0.407638 0.004565 0.000010
0.000010 0.058565 0.000010 0.254232 0.315734 0.348788 0.022650 0.000010
0.000010 0.000010 0.000010 0.000010 0.999930 0.000010 0.000010 0.000010
0.000011 0.000010 0.000010 0.000010 0.999929 0.000010 0.000010 0.000010
0.000010 0.182301 0.000010 0.453060 0.129218 0.235375 0.000016 0.000010
0.000010 0.999930 0.000010 0.000010 0.000010 0.000010 0.000010 0.000010
0.000010 0.999922 0.000018 0.000010 0.000010 0.000010 0.000010 0.000010
0.000010 0.999924 0.000010 0.000010 0.000016 0.000010 0.000010 0.000010
0.000010 0.000010 0.000010 0.000010 0.999930 0.000010 0.000010 0.000010
0.000010 0.000010 0.000010 0.329670 0.361260 0.309020 0.000010 0.000010
0.000010 0.000010 0.000010 0.000010 0.999930 0.000010 0.000010 0.000010
0.000010 0.000010 0.000010 0.000010 0.999930 0.000010 0.000010 0.000010
0.000010 0.000010 0.000010 0.000010 0.999930 0.000010 0.000010 0.000010
0.000010 0.029785 0.000010 0.334521 0.327301 0.300876 0.007487 0.000010
0.000010 0.136469 0.090260 0.286785 0.209267 0.000010 0.191676 0.085524
0.000010 0.000010 0.000010 0.000010 0.000010 0.999930 0.000010 0.000010
0.023472 0.033875 0.056170 0.516533 0.265522 0.104408 0.000010 0.000010
0.097558 0.132857 0.165767 0.603778 0.000010 0.000010 0.000010 0.000010
0.000010 0.076976 0.002028 0.578962 0.041746 0.000010 0.000010 0.300258
0.000010 0.120589 0.200331 0.364927 0.038421 0.006459 0.000010 0.269253
0.117237 0.096514 0.193924 0.302447 0.000010 0.000010 0.000010 0.289847
0.000010 0.136629 0.347533 0.505533 0.000010 0.000010 0.000010 0.010265
0.000010 0.000010 0.000010 0.249445 0.000010 0.000010 0.000010 0.750495
0.258932 0.000010 0.445788 0.000010 0.000010 0.108128 0.105469 0.081654
0.000010 0.154381 0.021856 0.217129 0.000010 0.053708 0.029051 0.523855
0.000010 0.155508 0.348014 0.496428 0.000010 0.000010 0.000010 0.000010
0.047119 0.023262 0.295118 0.628881 0.000010 0.000010 0.000010 0.005590
0.000010 0.000010 0.201250 0.443823 0.066699 0.000010 0.000010 0.288188
0.000010 0.173021 0.419784 0.394805 0.012350 0.000010 0.000010 0.000010
0.085864 0.135275 0.169731 0.609089 0.000010 0.000010 0.000010 0.000010
0.000010 0.034288 0.057485 0.497283 0.048533 0.000010 0.000010 0.362381
0.000010 0.090189 0.236119 0.248271 0.079232 0.000010 0.000010 0.346158
0.033976 0.084353 0.211780 0.669851 0.000010 0.000010 0.000010 0.000010
0.000010 0.061266 0.331662 0.204074 0.046577 0.000010 0.074483 0.281918
0.000010 0.999930 0.000010 0.000010 0.000010 0.000010 0.000010 0.000010
0.000010 0.025958 0.543988 0.262385 0.019993 0.069678 0.000010 0.077977
0.000010 0.999930 0.000010 0.000010 0.000010 0.000010 0.000010 0.000010
0.000010 0.054426 0.155606 0.416541 0.000010 0.000010 0.000010 0.373386
0.000010 0.007841 0.131052 0.441190 0.000010 0.000010 0.000010 0.419877
0.000010 0.000010 0.098227 0.532822 0.004993 0.000010 0.000010 0.363918
0.000010 0.082649 0.196633 0.274553 0.000010 0.000010 0.000010 0.446125
0.000010 0.047888 0.138259 0.445421 0.006178 0.000010 0.000010 0.362224
0.000010 0.016670 0.186711 0.437564 0.000010 0.000010 0.000010 0.359015
0.000010 0.031926 0.195337 0.403871 0.000010 0.000010 0.000010 0.368827
0.000010 0.999930 0.000010 0.000010 0.000010 0.000010 0.000010 0.000010
0.002354 0.013412 0.062562 0.590346 0.023502 0.028116 0.027283 0.252423
0.002555 0.005988 0.083474 0.574721 0.025121 0.047402 0.014357 0.246383
0.000010 0.008017 0.066787 0.562418 0.008893 0.040332 0.030593 0.282951
0.000010 0.012726 0.061270 0.593707 0.016199 0.047671 0.025302 0.243116
0.000010 0.015005 0.065159 0.595744 0.005457 0.025755 0.011828 0.281043
0.000010 0.011670 0.073687 0.594581 0.020869 0.009379 0.022361 0.267444
0.000010 0.017166 0.058428 0.630132 0.008488 0.011059 0.027438 0.247278
0.000010 0.013889 0.078058 0.564702 0.026165 0.027854 0.017416 0.271906
0.003966 0.014429 0.020571 0.653809 0.013599 0.025044 0.000010 0.268573
0.039393 0.009702 0.072490 0.458670 0.060008 0.098051 0.058776 0.202911
0.000010 0.015871 0.110985 0.507619 0.036689 0.070109 0.043683 0.215034
0.000010 0.002761 0.046039 0.639512 0.017620 0.022266 0.000010 0.271782
0.000010 0.000010 0.000010 0.359792 0.015355 0.060760 0.564053 0.000010
0.000010 0.001928 0.083523 0.607029 0.012167 0.029117 0.003896 0.262329
0.006412 0.009911 0.064161 0.565866 0.024113 0.014474 0.017040 0.298022
0.000010 0.000010 0.999930 0.000010 0.000010 0.000010 0.000010 0.000010
0.000010 0.000010 0.999930 0.000010 0.000010 0.000010 0.000010 0.000010
0.000010 0.000010 0.999930 0.000010 0.000010 0.000010 0.000010 0.000010
0.000010 0.000010 0.999930 0.000010 0.000010 0.000010 0.000010 0.000010
0.000804 0.000010 0.889360 0.047095 0.000252 0.000010 0.007185 0.055286
0.000010 0.000010 0.999930 0.000010 0.000010 0.000010 0.000010 0.000010
0.001444 0.000010 0.998496 0.000010 0.000010 0.000010 0.000010 0.000010
0.000010 0.000412 0.999528 0.000010 0.000010 0.000010 0.000010 0.000010
0.000010 0.000010 0.999930 0.000010 0.000010 0.000010 0.000010 0.000010
0.014124 0.002912 0.942638 0.011256 0.000010 0.000010 0.000010 0.029040
0.000010 0.000010 0.997321 0.000010 0.000010 0.002619 0.000010 0.000010
0.011354 0.000010 0.897406 0.000010 0.006132 0.000010 0.011122 0.073956
0.000010 0.004389 0.808199 0.110373 0.003105 0.001222 0.000010 0.072693
0.000010 0.000010 0.999930 0.000010 0.000010 0.000010 0.000010 0.000010
0.105514 0.000010 0.012991 0.061700 0.000010 0.054818 0.019203 0.745755
0.120537 0.003896 0.032651 0.048255 0.002426 0.051695 0.010508 0.730033
0.104103 0.004086 0.005457 0.061539 0.009893 0.060464 0.014802 0.739656
0.092367 0.003508 0.065201 0.060255 0.011034 0.041039 0.012610 0.713985
0.081859 0.000010 0.000010 0.012004 0.019152 0.070248 0.014219 0.802497
0.102117 0.004403 0.044213 0.089613 0.002372 0.044377 0.023210 0.689696
0.102441 0.000010 0.024717 0.018325 0.009364 0.061422 0.033287 0.750434
0.107590 0.007647 0.000010 0.021791 0.022910 0.058851 0.028149 0.753052
0.027214 0.004912 0.390458 0.102827 0.003009 0.000510 0.000010 0.471060
0.017637 0.003794 0.364445 0.146036 0.005470 0.000010 0.000010 0.462599
0.024788 0.003808 0.400930 0.104603 0.017624 0.000010 0.005064 0.443173
0.028749 0.006911 0.385416 0.122429 0.000010 0.000010 0.000010 0.456464
0.026978 0.006674 0.370479 0.087066 0.000010 0.000010 0.012977 0.495805
0.034702 0.011509 0.349846 0.149506 0.000010 0.000010 0.000010 0.454407
0.012995 0.009182 0.396889 0.100123 0.011157 0.000010 0.017192 0.452450
0.029490 0.008871 0.396556 0.096062 0.012874 0.004895 0.000010 0.451243
0.001991 0.008472 0.375719 0.116930 0.000010 0.000010 0.009602 0.487267
0.030333 0.003897 0.411228 0.117270 0.000010 0.000010 0.000010 0.437242
0.042340 0.006733 0.402092 0.085828 0.008709 0.004810 0.003070 0.446420
0.046094 0.003046 0.364361 0.135689 0.004245 0.000010 0.006167 0.440388
0.007991 0.009606 0.362313 0.142321 0.000010 0.000010 0.000010 0.477739
0.011802 0.016672 0.399019 0.126584 0.000010 0.003950 0.000010 0.441954
0.022423 0.010506 0.358085 0.131944 0.008385 0.000010 0.004057 0.464589
0.037950 0.015768 0.396279 0.101900 0.013677 0.000010 0.005550 0.428865
0.029759 0.003403 0.370279 0.104578 0.000010 0.000010 0.024112 0.467849
0.021161 0.014374 0.371692 0.118987 0.000010 0.000010 0.000010 0.473755
0.030534 0.011097 0.373116 0.140631 0.003581 0.000010 0.000010 0.441020
0.039934 0.006331 0.400887 0.088577 0.000010 0.000010 0.000010 0.464241
0.001828 0.015124 0.401999 0.098341 0.001961 0.000010 0.000010 0.480727
0.000013 0.007265 0.397023 0.121179 0.000010 0.000010 0.000010 0.474490
0.025339 0.005555 0.360158 0.129228 0.000010 0.000010 0.000010 0.479689
0.021540 0.003621 0.406451 0.105683 0.000010 0.000010 0.000010 0.462676
0.022238 0.012795 0.361325 0.107310 0.021316 0.000010 0.007490 0.467516
0.050458 0.005697 0.328622 0.130719 0.003176 0.000010 0.000010 0.481308
0.121762 0.016798 0.092330 0.088351 0.002613 0.000010 0.000010 0.678126
0.070798 0.010999 0.147127 0.222097 0.000010 0.000010 0.000010 0.548950
0.121911 0.000010 0.059115 0.092376 0.009887 0.000010 0.000010 0.716681
0.039685 0.014208 0.158223 0.313059 0.008564 0.000010 0.000667 0.465583
0.041995 0.012630 0.155843 0.213917 0.001831 0.000010 0.011615 0.562159
0.095165 0.006025 0.079021 0.146432 0.000718 0.008288 0.006178 0.658172
0.127514 0.007122 0.053882 0.048419 0.000010 0.001023 0.016491 0.745539
0.040282 0.013623 0.118103 0.232204 0.005969 0.000010 0.004909 0.584899
0.043312 0.008931 0.167935 0.235886 0.013767 0.000010 0.000010 0.530148
0.079180 0.003470 0.083844 0.158970 0.006635 0.007240 0.015452 0.645209
0.117729 0.000010 0.076910 0.070048 0.000010 0.004537 0.004095 0.726660
0.098017 0.006109 0.130450 0.116176 0.010376 0.001100 0.000010 0.637762
0.017697 0.004899 0.392827 0.119499 0.014470 0.000010 0.000337 0.450260
0.008796 0.000010 0.383280 0.111584 0.000010 0.002717 0.014691 0.478912
0.094759 0.016978 0.116487 0.120150 0.000010 0.001262 0.000010 0.650345
0.119711 0.010015 0.083630 0.007080 0.011109 0.021470 0.013571 0.733413
0.093694 0.000265 0.070652 0.130846 0.001651 0.000010 0.028376 0.674505
0.067708 0.016350 0.182676 0.240818 0.001077 0.000010 0.000010 0.491350
0.039182 0.009370 0.155179 0.218162 0.000010 0.000010 0.000010 0.578077
0.108500 0.000012 0.061111 0.092503 0.000010 0.006180 0.009762 0.721923
0.072568 0.002361 0.125571 0.128906 0.017780 0.000010 0.016564 0.636241
0.112567 0.003178 0.065315 0.073972 0.000010 0.000010 0.000010 0.744938
0.117263 0.011614 0.081931 0.083772 0.000010 0.000010 0.022678 0.682722
0.111895 0.004029 0.066360 0.058538 0.006104 0.016737 0.013472 0.722865
0.063406 0.011044 0.121718 0.155369 0.000010 0.000010 0.000010 0.648434
0.040691 0.011545 0.366208 0.121966 0.009333 0.000010 0.005338 0.444908
0.041554 0.017509 0.135510 0.284641 0.000010 0.004500 0.000010 0.516266
0.114047 0.012503 0.112614 0.131126 0.000010 0.008314 0.000010 0.621375
0.094012 0.008735 0.101305 0.196448 0.003978 0.007285 0.007900 0.580336
0.116918 0.003615 0.083694 0.092974 0.000010 0.000010 0.014015 0.688764
0.124573 0.001726 0.067171 0.064027 0.003372 0.000010 0.001044 0.738077
0.061496 0.004151 0.160226 0.223301 0.000574 0.000010 0.000010 0.550233
0.087737 0.018308 0.090857 0.156729 0.001662 0.000010 0.000010 0.644687
0.092938 0.011432 0.086092 0.157468 0.003222 0.000010 0.000010 0.648828
0.040551 0.006537 0.166354 0.291421 0.000010 0.000010 0.000010 0.495107
0.068115 0.000010 0.152064 0.244621 0.008562 0.000010 0.000010 0.526608
0.087657 0.007215 0.086867 0.176589 0.004574 0.002630 0.002491 0.631977
0.077974 0.014105 0.087257 0.258409 0.009342 0.000010 0.000876 0.552026
0.075848 0.000087 0.080884 0.198864 0.007108 0.000010 0.000010 0.637190
0.072201 0.015527 0.107354 0.187783 0.009610 0.011553 0.000010 0.595962
0.055059 0.005034 0.116613 0.252390 0.000010 0.003549 0.003203 0.564142
0.093201 0.013058 0.134094 0.208733 0.001117 0.000185 0.000010 0.549602
0.085476 0.000743 0.111147 0.190995 0.000010 0.000010 0.000010 0.611609
0.057612 0.010778 0.077610 0.256923 0.000010 0.000010 0.000010 0.597048
0.064514 0.007552 0.080960 0.180475 0.004827 0.000010 0.013054 0.648607
0.059756 0.001945 0.114017 0.279318 0.000010 0.000010 0.000010 0.544934
0.020115 0.006606 0.087780 0.440437 0.000010 0.028914 0.000010 0.416128
0.034790 0.006262 0.031033 0.522552 0.004786 0.020835 0.000010 0.379732
0.030538 0.011224 0.044841 0.519040 0.000010 0.025479 0.000010 0.368858
0.000010 0.004750 0.033299 0.795537 0.015752 0.005551 0.000010 0.145091
0.030073 0.003900 0.067378 0.524325 0.013910 0.000010 0.034681 0.325722
0.024189 0.000992 0.033770 0.519148 0.008095 0.006677 0.024386 0.382743
0.030241 0.000443 0.046066 0.512281 0.000010 0.001039 0.014274 0.395645
0.010063 0.001078 0.018891 0.534218 0.000010 0.026566 0.032581 0.376592
0.069498 0.008776 0.090672 0.280110 0.007802 0.000010 0.000010 0.543122
0.022692 0.008171 0.057800 0.517914 0.014554 0.009584 0.005250 0.364036
0.073542 0.005375 0.042114 0.189380 0.013925 0.005967 0.000010 0.669687
0.057320 0.004031 0.070958 0.212417 0.000010 0.012552 0.003773 0.638941
0.061496 0.005285 0.052361 0.173836 0.007943 0.004516 0.018616 0.675946
0.062183 0.001060 0.049580 0.200294 0.005745 0.022974 0.001548 0.656617
0.091070 0.002760 0.059455 0.194947 0.009326 0.006499 0.006379 0.629564
0.071551 0.000010 0.053313 0.206018 0.007305 0.012085 0.000010 0.649708
0.060723 0.001260 0.070288 0.221350 0.000010 0.000010 0.000010 0.646349
0.079015 0.011980 0.073281 0.194621 0.000010 0.000010 0.003837 0.637246
0.066604 0.007096 0.043279 0.212088 0.000010 0.000010 0.014570 0.656341
0.069252 0.005897 0.069107 0.159074 0.012517 0.014689 0.012023 0.657442
0.000010 0.004894 0.786862 0.149686 0.000010 0.000010 0.000010 0.058518
0.000010 0.002338 0.486650 0.228816 0.008480 0.000010 0.003226 0.270470
0.010762 0.006665 0.607747 0.129262 0.010236 0.002620 0.011724 0.220983
0.002566 0.006975 0.750279 0.116137 0.000010 0.000010 0.003998 0.120025
0.003540 0.002474 0.645494 0.139803 0.006991 0.003966 0.018037 0.179693
0.026892 0.004470 0.539226 0.206333 0.006441 0.000010 0.011888 0.204740
0.017127 0.006243 0.660570 0.133632 0.000119 0.003007 0.005730 0.173571
0.000010 0.006168 0.869447 0.066933 0.000010 0.004074 0.000010 0.053348
0.036704 0.005852 0.498473 0.187307 0.008815 0.017265 0.000010 0.245575
0.000010 0.005747 0.549753 0.189561 0.004866 0.000010 0.000010 0.250044
0.012818 0.002632 0.479926 0.205259 0.000010 0.009518 0.001291 0.288546
0.000010 0.000237 0.458625 0.233895 0.001253 0.009319 0.011662 0.284998
0.019152 0.008088 0.540829 0.154671 0.009168 0.006382 0.025452 0.236258
0.000010 0.011168 0.524286 0.162363 0.000010 0.010900 0.021568 0.269695
0.008246 0.002930 0.537840 0.176057 0.010233 0.011823 0.000010 0.252861
0.006228 0.003803 0.543545 0.164947 0.005013 0.002271 0.000010 0.274182
0.000010 0.011896 0.524309 0.168128 0.018656 0.000010 0.000010 0.276982
0.000010 0.000010 0.522527 0.188013 0.011498 0.000010 0.000653 0.277280
0.022581 0.009936 0.384523 0.243344 0.000010 0.027331 0.004392 0.307884
0.031195 0.002959 0.310167 0.232861 0.002951 0.000344 0.014385 0.405138
0.010419 0.008543 0.303660 0.252615 0.000010 0.024882 0.013911 0.385960
0.024424 0.000232 0.346535 0.234662 0.000010 0.012898 0.005440 0.375799
0.042190 0.000010 0.317547 0.257483 0.000010 0.000010 0.036559 0.346191
0.034040 0.000010 0.289892 0.252009 0.000010 0.022259 0.011274 0.390506
0.014486 0.011163 0.463596 0.210002 0.000010 0.000010 0.000010 0.300723
0.000010 0.003020 0.718775 0.101847 0.002959 0.008929 0.005876 0.158585
0.000010 0.000010 0.741075 0.098130 0.000010 0.000010 0.000010 0.160745
0.001031 0.008381 0.438315 0.189086 0.009120 0.019144 0.000010 0.334914
0.007392 0.010847 0.463085 0.180686 0.006669 0.004673 0.000010 0.326637
0.000010 0.000010 0.766881 0.058160 0.018648 0.003541 0.005761 0.146989
0.011290 0.000010 0.484255 0.201115 0.000010 0.003163 0.008625 0.291533
0.005915 0.000010 0.630375 0.136007 0.003394 0.005986 0.000010 0.218304
0.015753 0.000010 0.386204 0.273143 0.000010 0.002336 0.000010 0.322534
0.010567 0.012530 0.435009 0.214850 0.007081 0.000010 0.000010 0.319945
0.026148 0.008705 0.420655 0.208353 0.000010 0.000010 0.000010 0.336109
0.016462 0.005908 0.376225 0.239894 0.012742 0.006040 0.009084 0.333646
0.032265 0.010786 0.406977 0.190338 0.006503 0.000010 0.013103 0.340018
0.002081 0.001258 0.392826 0.228517 0.004840 0.004092 0.026329 0.340058
0.027499 0.004776 0.371437 0.256372 0.010068 0.000010 0.001799 0.328039
0.017646 0.002423 0.179605 0.305393 0.002215 0.000010 0.006309 0.486399
0.054469 0.010092 0.172545 0.278293 0.010015 0.013866 0.000010 0.460710
0.000691 0.005456 0.175293 0.333396 0.000010 0.000010 0.000010 0.485134
0.024694 0.015136 0.193072 0.302172 0.004660 0.002216 0.007540 0.450509
0.010756 0.004869 0.174933 0.305248 0.009464 0.006346 0.000010 0.488375
0.027924 0.020408 0.181147 0.311215 0.000223 0.005012 0.005659 0.448413
0.023022 0.011310 0.187246 0.269478 0.005225 0.000010 0.019538 0.484170
0.043445 0.007807 0.161473 0.251808 0.008230 0.005009 0.000010 0.522220
0.027541 0.016484 0.207873 0.310052 0.007127 0.000010 0.000010 0.430904
0.025995 0.015097 0.172314 0.266123 0.004754 0.004925 0.037110 0.473682
0.132678 0.000010 0.009217 0.004098 0.009893 0.017641 0.034184 0.792279
0.117090 0.005774 0.000010 0.012572 0.007178 0.007425 0.004541 0.845410
0.135645 0.010988 0.000010 0.000010 0.005562 0.001658 0.000010 0.846119
0.151505 0.003694 0.000010 0.000010 0.000010 0.018844 0.002810 0.823118
0.135889 0.009539 0.004131 0.003221 0.010550 0.013366 0.021362 0.801943
0.131073 0.000013 0.000010 0.000010 0.000010 0.017247 0.001273 0.850364
0.152359 0.004847 0.008218 0.000010 0.000010 0.016244 0.041398 0.776914
0.132742 0.000010 0.016269 0.019229 0.014720 0.020729 0.002264 0.794036
0.114379 0.002032 0.009124 0.000010 0.011667 0.006684 0.019429 0.836675
0.142386 0.003527 0.000010 0.000010 0.015203 0.021709 0.003931 0.813225
0.063493 0.000604 0.005022 0.149805 0.017122 0.019888 0.026498 0.717568
0.042787 0.000015 0.000010 0.070305 0.007453 0.023492 0.044192 0.811747
0.046960 0.004326 0.000010 0.152219 0.011226 0.034062 0.034915 0.716283
0.062311 0.000010 0.000010 0.143026 0.009386 0.035414 0.012137 0.737707
0.064608 0.000179 0.000010 0.092635 0.016934 0.034470 0.019869 0.771295
0.057768 0.000010 0.000010 0.081071 0.017761 0.028113 0.035954 0.779313
0.068772 0.000573 0.010738 0.169750 0.010535 0.022823 0.012430 0.704378
0.049569 0.005086 0.014356 0.179059 0.016882 0.013069 0.000010 0.721969
0.083991 0.012014 0.046400 0.090727 0.000010 0.011123 0.000010 0.755725
0.081044 0.011674 0.090045 0.152646 0.020174 0.000010 0.000010 0.644397
0.055654 0.011486 0.119182 0.101856 0.012905 0.000010 0.011111 0.687796
0.055891 0.007443 0.054004 0.112200 0.004921 0.000010 0.016156 0.749375
0.074194 0.013088 0.043182 0.134465 0.016400 0.006616 0.000010 0.712045
0.089264 0.005860 0.068466 0.133478 0.000010 0.020116 0.000010 0.682796
0.085535 0.003005 0.084073 0.084960 0.000010 0.011757 0.007271 0.723387
0.088739 0.006702 0.086772 0.146798 0.008388 0.004482 0.000010 0.658110
0.083173 0.013275 0.062247 0.140267 0.005903 0.001851 0.000010 0.693274
0.083253 0.014077 0.087381 0.128950 0.001377 0.004547 0.000010 0.680404
0.031469 0.004839 0.106382 0.438921 0.014609 0.000010 0.010361 0.393410
0.029500 0.004969 0.066966 0.453475 0.015776 0.013278 0.016807 0.399228
0.005868 0.007833 0.055910 0.503205 0.007315 0.010055 0.004702 0.405112
0.018316 0.015034 0.073419 0.511925 0.010434 0.020321 0.009540 0.341011
0.032922 0.008232 0.064777 0.489992 0.004467 0.016752 0.039881 0.342977
0.000010 0.000010 0.041056 0.525689 0.000572 0.017560 0.017229 0.397874
0.000010 0.003136 0.077116 0.535589 0.005718 0.000408 0.021433 0.356590
0.012295 0.013161 0.073042 0.541303 0.011926 0.012628 0.000010 0.335636
0.017017 0.004312 0.063715 0.541971 0.013040 0.000010 0.019760 0.340174
0.026277 0.004337 0.182141 0.412574 0.005514 0.015518 0.023402 0.330238
0.026896 0.016534 0.138766 0.411555 0.024301 0.023450 0.040814 0.317684
0.000010 0.000507 0.149102 0.465424 0.008791 0.037272 0.053763 0.285130
0.020388 0.009363 0.192826 0.372433 0.019537 0.022245 0.039957 0.323251
0.009207 0.008716 0.190384 0.367116 0.002372 0.016388 0.038549 0.367268
0.016958 0.009636 0.161899 0.396432 0.011125 0.019418 0.019558 0.364975
0.019520 0.012453 0.213119 0.378723 0.007176 0.021162 0.018823 0.329024
0.022599 0.011138 0.134320 0.424317 0.006854 0.019338 0.012876 0.368559
0.026637 0.015234 0.167576 0.367863 0.007432 0.029851 0.045251 0.340156
0.000010 0.019252 0.180948 0.388728 0.019893 0.010755 0.055631 0.324782
0.999929 0.000010 0.000010 0.000010 0.000010 0.000011 0.000010 0.000010
0.999930 0.000010 0.000010 0.000010 0.000010 0.000010 0.000010 0.000010
0.451813 0.000010 0.000010 0.000010 0.000010 0.000010 0.000010 0.548127
0.021027 0.014156 0.187509 0.265703 0.003853 0.000010 0.007159 0.500581
0.999930 0.000010 0.000010 0.000010 0.000010 0.000010 0.000010 0.000010
0.999930 0.000010 0.000010 0.000010 0.000010 0.000010 0.000010 0.000010
0.500287 0.000010 0.000010 0.000010 0.000010 0.000010 0.000010 0.499653
0.027450 0.011180 0.333364 0.139340 0.006311 0.006979 0.000010 0.475366
0.999930 0.000010 0.000010 0.000010 0.000010 0.000010 0.000010 0.000010
0.480092 0.000010 0.000010 0.000010 0.000010 0.000010 0.000010 0.519848
0.473492 0.000010 0.000010 0.000010 0.000010 0.000010 0.000010 0.526448
0.026191 0.016992 0.322433 0.149313 0.011006 0.003485 0.009469 0.461111
0.454616 0.000010 0.000010 0.000010 0.000010 0.000010 0.000010 0.545324
0.492113 0.000010 0.000010 0.000010 0.000010 0.000010 0.000010 0.507827
0.999930 0.000010 0.000010 0.000010 0.000010 0.000010 0.000010 0.000010
0.437776 0.000010 0.000010 0.000010 0.000010 0.000010 0.000010 0.562164
0.999930 0.000010 0.000010 0.000010 0.000010 0.000010 0.000010 0.000010
0.483905 0.000010 0.000010 0.000010 0.000010 0.000010 0.000010 0.516035
0.032541 0.012088 0.302424 0.238267 0.000010 0.000010 0.000010 0.414650
0.999930 0.000010 0.000010 0.000010 0.000010 0.000010 0.000010 0.000010
0.445124 0.000010 0.000010 0.000010 0.000010 0.000010 0.000010 0.554816
0.057333 0.007487 0.312135 0.189465 0.013410 0.000010 0.014273 0.405887
0.999929 0.000011 0.000010 0.000010 0.000010 0.000010 0.000010 0.000010
0.467733 0.000010 0.000010 0.000010 0.000010 0.000010 0.000010 0.532207
0.034639 0.005800 0.345298 0.174733 0.000010 0.000010 0.000010 0.439500
0.117565 0.000010 0.018375 0.037495 0.014091 0.024969 0.002222 0.785272
0.090994 0.013769 0.024328 0.049816 0.004423 0.016905 0.006520 0.793245
0.092585 0.007972 0.029712 0.023586 0.000020 0.032271 0.000010 0.813844
0.118195 0.004526 0.039755 0.015333 0.002364 0.018869 0.031752 0.769206
0.121838 0.001801 0.043504 0.014053 0.000026 0.033414 0.014626 0.770737
0.117313 0.002512 0.049593 0.015527 0.017532 0.017902 0.014483 0.765138
0.091954 0.000425 0.036135 0.032209 0.004153 0.013537 0.000010 0.821576
0.126728 0.010040 0.023790 0.001403 0.000010 0.007989 0.038932 0.791109
0.085349 0.003166 0.046431 0.063689 0.024514 0.058651 0.025793 0.692406
0.120245 0.004025 0.022724 0.030334 0.019627 0.013464 0.010776 0.778804
0.000010 0.000010 0.000010 0.000010 0.000010 0.102637 0.000010 0.897303
0.101737 0.002865 0.039309 0.069070 0.028165 0.054553 0.034176 0.670125
0.100041 0.000010 0.068259 0.125889 0.007702 0.026261 0.010246 0.661591
0.088164 0.000010 0.046395 0.093355 0.014623 0.056676 0.033061 0.667715
0.082055 0.007755 0.069946 0.059957 0.017447 0.042279 0.014584 0.705978
0.000010 0.000010 0.000010 0.000010 0.000010 0.102716 0.003809 0.893425
0.000010 0.000010 0.000010 0.000010 0.000010 0.099405 0.011049 0.889497
0.101035 0.000010 0.053062 0.080790 0.025529 0.046285 0.022728 0.670560
0.000010 0.008254 0.811427 0.045033 0.000010 0.000010 0.000010 0.135246
0.005300 0.000010 0.947024 0.023691 0.000010 0.000192 0.000010 0.023763
0.000010 0.000010 0.999930 0.000010 0.000010 0.000010 0.000010 0.000010
0.008258 0.000010 0.986154 0.003053 0.000010 0.000010 0.002495 0.000010
0.007438 0.000010 0.992502 0.000010 0.000010 0.000010 0.000010 0.000010
0.000010 0.000010 0.960472 0.026356 0.000010 0.013122 0.000010 0.000010
0.000010 0.000010 0.986073 0.000010 0.000010 0.007410 0.006467 0.000010
0.000010 0.000010 0.960216 0.000010 0.006195 0.000010 0.000010 0.033539
0.000010 0.000010 0.999930 0.000010 0.000010 0.000010 0.000010 0.000010
0.000010 0.000010 0.999930 0.000010 0.000010 0.000010 0.000010 0.000010
0.000010 0.000010 0.999930 0.000010 0.000010 0.000010 0.000010 0.000010
0.026016 0.000010 0.194647 0.368812 0.008996 0.024137 0.014967 0.362416
0.035829 0.010232 0.197049 0.324366 0.013825 0.019651 0.024055 0.374992
0.028844 0.008529 0.126111 0.447017 0.005660 0.019451 0.003851 0.360536
0.031939 0.015580 0.163286 0.373285 0.000010 0.014081 0.000010 0.401809
0.001855 0.005199 0.134552 0.499658 0.008976 0.034366 0.023870 0.291525
0.013442 0.005501 0.019165 0.498389 0.036138 0.046310 0.352412 0.028644
0.000010 0.001296 0.075027 0.648247 0.043328 0.068763 0.078465 0.084863
0.021441 0.007328 0.000010 0.360368 0.018999 0.050086 0.522267 0.019501
0.000010 0.002694 0.043675 0.535075 0.033533 0.069589 0.270374 0.045050
0.013450 0.012480 0.059736 0.753375 0.020130 0.032101 0.044877 0.063851
0.000011 0.003081 0.048058 0.808872 0.000010 0.027725 0.032160 0.080082
0.000010 0.000487 0.071333 0.761590 0.017538 0.032674 0.033840 0.082528
0.019236 0.005244 0.067892 0.760194 0.019818 0.021540 0.042533 0.063544
0.000010 0.006770 0.045619 0.766861 0.021064 0.030066 0.041485 0.088125
0.007466 0.008568 0.040856 0.772910 0.009277 0.047282 0.056081 0.057561
0.000010 0.000031 0.071344 0.726949 0.016757 0.037137 0.072159 0.075612
0.000010 0.002069 0.048180 0.808981 0.002722 0.019849 0.033893 0.084297
0.021598 0.000010 0.058640 0.782421 0.010439 0.026985 0.025868 0.074040
0.000010 0.006143 0.031956 0.722403 0.017345 0.057389 0.085375 0.079378
0.000010 0.008839 0.081645 0.706751 0.015898 0.017072 0.027290 0.142496
0.015622 0.001588 0.136462 0.552724 0.008606 0.050181 0.025074 0.209743
0.000010 0.000010 0.065769 0.770220 0.007669 0.024328 0.048604 0.083390
0.000010 0.012061 0.091037 0.632951 0.021731 0.046244 0.053943 0.142023
0.000010 0.004457 0.188458 0.345675 0.018221 0.011248 0.005044 0.426889
0.000010 0.003340 0.077720 0.729826 0.015733 0.023393 0.043628 0.106349
0.002806 0.000984 0.116859 0.660927 0.003576 0.060553 0.035612 0.118684
0.015331 0.008062 0.095956 0.561534 0.024362 0.057571 0.033611 0.203573
0.002199 0.005583 0.018076 0.717512 0.026597 0.125240 0.072518 0.032276
0.000080 0.011163 0.161260 0.624254 0.036462 0.042588 0.029840 0.094353
0.017742 0.001405 0.038372 0.676386 0.047517 0.087023 0.080858 0.050697
0.000010 0.009100 0.169993 0.579959 0.008453 0.039294 0.045170 0.148021
0.007448 0.010204 0.044599 0.659572 0.020697 0.086743 0.111109 0.059628
0.014018 0.006170 0.169969 0.614373 0.001134 0.049750 0.039316 0.105269
0.022909 0.007483 0.057057 0.666822 0.050146 0.095747 0.067841 0.031996
0.002290 0.006664 0.014114 0.759674 0.001154 0.000010 0.026705 0.189390
0.002896 0.005482 0.051857 0.674216 0.046872 0.083975 0.072627 0.062074
0.000010 0.000749 0.042828 0.744777 0.000010 0.007350 0.000010 0.204266
0.007059 0.000010 0.050674 0.725014 0.029554 0.066550 0.057914 0.063225
0.006347 0.000010 0.000010 0.764204 0.000010 0.001936 0.000010 0.227473
0.023395 0.000010 0.190991 0.534329 0.014272 0.026451 0.051113 0.159438
0.002650 0.006270 0.019081 0.691849 0.044543 0.124758 0.077186 0.033664
0.015262 0.005881 0.052907 0.566524 0.019377 0.026201 0.027764 0.286084
0.008210 0.008058 0.149667 0.626701 0.019433 0.038814 0.017976 0.131141
0.008680 0.004284 0.014445 0.688833 0.059520 0.095034 0.085849 0.043355
0.006847 0.008304 0.145486 0.627411 0.025278 0.040590 0.026985 0.119099
0.007082 0.003349 0.052528 0.785729 0.012702 0.039915 0.045858 0.052838
0.001342 0.016235 0.170235 0.344267 0.012916 0.017724 0.041843 0.395437
0.005253 0.009005 0.089729 0.727219 0.006099 0.046655 0.028957 0.087082
0.033016 0.004315 0.066517 0.591238 0.000010 0.023018 0.013269 0.268617
0.017409 0.000010 0.072869 0.755481 0.011397 0.023710 0.043502 0.075622
0.045559 0.006359 0.051283 0.620613 0.000010 0.002815 0.000010 0.273350
0.000010 0.000010 0.023072 0.686444 0.045925 0.104565 0.103781 0.036193
0.005660 0.000010 0.041943 0.808236 0.000010 0.010375 0.016817 0.116950
0.000010 0.003153 0.069794 0.693863 0.013889 0.042852 0.050624 0.125816
0.000010 0.000010 0.020371 0.814607 0.000010 0.024726 0.019854 0.120413
0.023122 0.011682 0.038685 0.671833 0.051875 0.094216 0.079393 0.029194
0.000010 0.006978 0.030973 0.819467 0.000010 0.000010 0.008917 0.133636
0.002439 0.000010 0.042573 0.831745 0.000010 0.005054 0.000370 0.117799
0.003383 0.005838 0.048506 0.751106 0.028344 0.076420 0.044774 0.041630
0.059453 0.013547 0.150637 0.367344 0.002148 0.005200 0.000010 0.401660
0.006342 0.006161 0.075358 0.672453 0.006693 0.011770 0.022042 0.199181
0.000010 0.000010 0.051897 0.750014 0.015480 0.034212 0.068228 0.080149
0.056349 0.012855 0.111083 0.198606 0.005859 0.000010 0.000010 0.615227
0.022219 0.002943 0.039697 0.760070 0.018350 0.016609 0.026597 0.113517
0.010196 0.003495 0.008710 0.716083 0.050520 0.088936 0.067783 0.054276
0.000010 0.002946 0.023236 0.824508 0.013813 0.000010 0.001375 0.134102
0.000010 0.007575 0.076950 0.814801 0.000010 0.019627 0.004318 0.076710
0.011430 0.008849 0.041166 0.618405 0.075039 0.117037 0.089528 0.038545
0.000010 0.000010 0.087094 0.706674 0.009216 0.000010 0.011531 0.185456
0.000010 0.000010 0.057555 0.802410 0.007181 0.001363 0.031842 0.099630
0.015287 0.007429 0.000010 0.698661 0.042082 0.083452 0.121054 0.032024
0.023150 0.000010 0.058307 0.755792 0.004835 0.020953 0.000010 0.136942
0.000010 0.005452 0.049922 0.834376 0.001169 0.043900 0.027402 0.037769
0.009987 0.015232 0.067082 0.627568 0.034280 0.084406 0.089411 0.072033
0.051517 0.005818 0.143856 0.264496 0.000010 0.000010 0.000010 0.534283
0.007351 0.000010 0.060473 0.634409 0.000010 0.018834 0.025231 0.253681
0.021269 0.012080 0.019603 0.687484 0.039966 0.092192 0.098763 0.028644
0.000010 0.005651 0.088349 0.755255 0.017376 0.026096 0.015997 0.091266
0.081486 0.005724 0.083042 0.226184 0.001291 0.000010 0.000010 0.602253
0.025878 0.000010 0.000010 0.728077 0.046952 0.119104 0.079959 0.000010
0.000010 0.009003 0.062126 0.799117 0.000010 0.031577 0.007825 0.090332
0.070318 0.004784 0.119176 0.328857 0.000010 0.000010 0.015872 0.460972
0.012388 0.012058 0.091316 0.645373 0.023303 0.060493 0.069467 0.085602
0.045896 0.009690 0.086947 0.416039 0.000010 0.000010 0.023318 0.418090
0.000010 0.006863 0.041017 0.799023 0.000010 0.023979 0.029107 0.099990
0.000734 0.002147 0.039508 0.660892 0.049409 0.094681 0.073812 0.078817
0.019051 0.012008 0.183184 0.552883 0.012859 0.039285 0.031335 0.149395
0.042272 0.007589 0.083922 0.500042 0.009432 0.000010 0.018108 0.338624
0.030321 0.005430 0.006991 0.709112 0.051564 0.100306 0.096266 0.000010
0.000010 0.003035 0.153732 0.629729 0.000010 0.040669 0.028497 0.144317
0.046388 0.010119 0.082679 0.352203 0.003316 0.000010 0.012035 0.493250
0.007834 0.016140 0.015734 0.704754 0.045650 0.101645 0.083080 0.025162
0.021165 0.003886 0.121855 0.658885 0.017865 0.032779 0.031672 0.111893
0.013239 0.005989 0.090465 0.736809 0.017518 0.015932 0.046164 0.073884
0.000010 0.004640 0.046344 0.640428 0.037050 0.120757 0.113194 0.037576
0.013807 0.006742 0.096717 0.623747 0.016398 0.053113 0.035965 0.153511
0.000015 0.002321 0.051833 0.763164 0.000010 0.009479 0.000010 0.173168
0.000010 0.002129 0.018308 0.693299 0.053621 0.116446 0.112718 0.003468
0.001665 0.011876 0.134770 0.592694 0.007804 0.021471 0.017793 0.211928
0.057694 0.000171 0.106082 0.333680 0.019014 0.010050 0.000010 0.473298
0.020569 0.006511 0.049264 0.679772 0.045760 0.095819 0.075614 0.026690
0.013032 0.000782 0.163055 0.461532 0.009322 0.007356 0.012587 0.332334
0.006012 0.001260 0.099844 0.780471 0.000421 0.036988 0.008153 0.066851
0.017520 0.008662 0.043269 0.649587 0.044171 0.099512 0.086602 0.050677
0.016505 0.009309 0.124661 0.621636 0.008571 0.041305 0.038002 0.140010
0.000010 0.000010 0.053308 0.829711 0.000010 0.000010 0.008532 0.108409
0.007121 0.011927 0.024155 0.675934 0.050305 0.112916 0.071774 0.045868
0.006402 0.011909 0.114503 0.657120 0.008108 0.052876 0.013339 0.135742
0.010206 0.005271 0.080479 0.534004 0.001392 0.000010 0.019900 0.348737
0.019461 0.007920 0.000213 0.665729 0.048335 0.115727 0.099489 0.043126
0.000010 0.011463 0.095130 0.673929 0.019409 0.025398 0.030814 0.143847
0.032207 0.006982 0.086063 0.544593 0.000010 0.000010 0.017439 0.312696
0.001706 0.000010 0.028471 0.650727 0.063047 0.132758 0.088617 0.034665
0.002819 0.000010 0.113969 0.713842 0.012751 0.031714 0.015643 0.109252
0.000010 0.000010 0.040958 0.812540 0.001219 0.004954 0.030685 0.109623
0.022791 0.001019 0.042947 0.701668 0.035059 0.083526 0.063747 0.049243
0.000010 0.000010 0.027028 0.662169 0.034150 0.100606 0.102189 0.073837
0.011038 0.003145 0.064144 0.707469 0.000010 0.000010 0.013226 0.200957
0.012806 0.000415 0.002034 0.734427 0.043582 0.127482 0.067098 0.012155
0.071690 0.005183 0.128991 0.228831 0.004973 0.000010 0.006799 0.553524
0.033325 0.000010 0.103921 0.276816 0.000010 0.018513 0.000010 0.567394
0.001338 0.006788 0.124324 0.682732 0.015027 0.035965 0.027317 0.106509
0.000010 0.004508 0.064777 0.799662 0.000010 0.039372 0.022647 0.069014
0.016358 0.017315 0.166270 0.618259 0.017004 0.026130 0.006038 0.132625
0.012003 0.006528 0.114193 0.618247 0.007350 0.026474 0.034549 0.180657
0.000010 0.000010 0.002934 0.699558 0.051628 0.215971 0.029879 0.000010
0.000010 0.005301 0.019878 0.657111 0.053756 0.166453 0.055216 0.042275
0.012407 0.000710 0.016170 0.693840 0.070581 0.158496 0.047785 0.000010
0.004791 0.006513 0.036551 0.641211 0.049797 0.223804 0.037323 0.000010
0.023607 0.011105 0.026512 0.675535 0.055041 0.136803 0.071387 0.000010
0.013726 0.006109 0.036177 0.674910 0.037918 0.125576 0.067526 0.038058
0.008891 0.006356 0.021703 0.710932 0.036318 0.146247 0.069544 0.000010
0.011709 0.008910 0.000010 0.692986 0.051914 0.147017 0.087444 0.000010
0.015533 0.002623 0.024241 0.669276 0.043824 0.153102 0.091390 0.000010
0.027043 0.005626 0.000010 0.703858 0.042300 0.166172 0.054981 0.000010
0.016797 0.000010 0.000010 0.698945 0.048855 0.148947 0.086426 0.000010
0.013710 0.000010 0.001238 0.726418 0.044409 0.174459 0.039745 0.000010
0.040571 0.000775 0.000010 0.699760 0.051484 0.150774 0.056616 0.000010
0.012877 0.000557 0.023264 0.717283 0.032654 0.103388 0.076250 0.033729
0.009587 0.007200 0.000010 0.677719 0.052963 0.162277 0.090234 0.000010
0.017428 0.000010 0.000010 0.719287 0.049005 0.161156 0.053093 0.000010
0.026870 0.007629 0.000010 0.669490 0.060976 0.144592 0.079487 0.010946
0.014104 0.002876 0.000010 0.691422 0.051934 0.150453 0.089191 0.000010
0.011990 0.000010 0.000010 0.737319 0.055492 0.151698 0.043471 0.000010
0.025063 0.012182 0.000010 0.729020 0.064242 0.131480 0.037992 0.000010
0.016564 0.010816 0.000010 0.697767 0.051387 0.155541 0.067906 0.000010
0.017265 0.015257 0.044613 0.674641 0.040129 0.119533 0.067265 0.021298
0.026990 0.007389 0.000010 0.747861 0.029320 0.139655 0.048766 0.000010
0.007537 0.000010 0.000010 0.794914 0.036884 0.134216 0.026418 0.000010
0.022712 0.003901 0.000010 0.755745 0.032686 0.123405 0.061532 0.000010
0.000238 0.000010 0.000010 0.815342 0.037323 0.125994 0.021073 0.000010
0.019774 0.000010 0.000010 0.739083 0.047092 0.134193 0.059828 0.000010
0.027003 0.003627 0.006131 0.753411 0.032127 0.139713 0.037977 0.000010
0.012815 0.000010 0.009219 0.802509 0.038618 0.110327 0.026492 0.000010
0.033041 0.001829 0.003641 0.642343 0.068223 0.123491 0.127422 0.000010
0.022786 0.008453 0.018563 0.658645 0.053313 0.145814 0.076783 0.015644
0.009180 0.003403 0.000010 0.811578 0.032068 0.138704 0.005046 0.000010
0.007158 0.000010 0.000010 0.813291 0.041447 0.138064 0.000010 0.000010
0.023470 0.006040 0.008190 0.710224 0.035396 0.119391 0.082123 0.015167
0.019143 0.005052 0.039118 0.630655 0.036263 0.123179 0.075977 0.070613
0.012296 0.000010 0.008339 0.689452 0.059943 0.104691 0.073908 0.051360
0.000010 0.009428 0.052822 0.700398 0.033153 0.085598 0.077680 0.040911
0.000010 0.000010 0.000010 0.000010 0.000010 0.000010 0.999930 0.000010
0.000010 0.000010 0.000011 0.000010 0.000010 0.000010 0.999929 0.000010
0.000010 0.013268 0.000010 0.207060 0.002146 0.025210 0.752286 0.000010
0.000010 0.009159 0.000010 0.206408 0.000010 0.018173 0.766220 0.000010
0.000010 0.000010 0.000010 0.000010 0.000010 0.000010 0.999930 0.000010
0.007569 0.000010 0.000010 0.154799 0.000010 0.009633 0.827959 0.000010
0.000010 0.000010 0.000010 0.000010 0.000010 0.000010 0.999930 0.000010
0.000010 0.006517 0.000010 0.256137 0.004881 0.035695 0.696741 0.000010
0.000010 0.000010 0.000010 0.192977 0.003338 0.011040 0.792605 0.000010
0.007488 0.002422 0.000010 0.207112 0.020983 0.037049 0.724927 0.000010
0.002896 0.009570 0.000010 0.196944 0.004934 0.012052 0.773585 0.000010
0.000010 0.008611 0.000010 0.075953 0.007620 0.000010 0.907776 0.000010
0.000010 0.000010 0.000011 0.000010 0.000010 0.000010 0.999929 0.000010
0.000010 0.000010 0.000010 0.158149 0.000010 0.010726 0.831076 0.000010
0.000010 0.000010 0.000010 0.000010 0.000010 0.000010 0.999930 0.000010
0.000010 0.000010 0.000010 0.000010 0.000010 0.000010 0.999930 0.000010
0.000010 0.004672 0.000010 0.076143 0.000010 0.000010 0.919135 0.000010
0.000010 0.000010 0.000010 0.000010 0.000010 0.000010 0.999930 0.000010
0.000010 0.004333 0.000010 0.197522 0.016938 0.013606 0.767571 0.000010
0.000010 0.003804 0.000010 0.256110 0.002788 0.038440 0.698827 0.000010
0.000010 0.000097 0.000010 0.132963 0.014201 0.017936 0.818352 0.016431
0.000014 0.003256 0.000010 0.187571 0.028938 0.030383 0.749819 0.000010
