0.000010 0.034306 0.029004 0.005288 0.021153 0.502103 0.408135
0.000010 0.056541 0.049562 0.000010 0.000010 0.502091 0.391776
0.000010 0.000010 0.000010 0.000010 0.000010 0.000010 0.999940
0.000010 0.000010 0.000010 0.000010 0.000010 0.000010 0.999940
0.000010 0.072956 0.000010 0.055222 0.000010 0.279330 0.592462
0.000010 0.038510 0.000012 0.034470 0.000010 0.313266 0.613721
0.000010 0.036522 0.000010 0.000010 0.000010 0.635725 0.327713
0.000010 0.000010 0.000010 0.000010 0.000010 0.000010 0.999940
0.000010 0.049797 0.000010 0.050447 0.000010 0.297058 0.602668
0.000010 0.081285 0.000010 0.000010 0.000010 0.337064 0.581612
0.000010 0.093623 0.000010 0.000010 0.000010 0.297828 0.608509
0.000010 0.999940 0.000010 0.000010 0.000010 0.000010 0.000010
0.082019 0.147849 0.006986 0.028286 0.000010 0.284135 0.450715
0.000010 0.127908 0.000010 0.000010 0.000010 0.272188 0.599864
0.000010 0.999940 0.000010 0.000010 0.000010 0.000010 0.000010
0.000010 0.110155 0.000010 0.012200 0.000010 0.294673 0.582942
0.000010 0.213707 0.000010 0.031434 0.000010 0.292146 0.462683
0.000010 0.999940 0.000010 0.000010 0.000010 0.000010 0.000010
0.000010 0.999940 0.000010 0.000010 0.000010 0.000010 0.000010
0.000010 0.045230 0.000010 0.000010 0.055345 0.446330 0.453065
0.000010 0.000010 0.000010 0.000010 0.000010 0.000010 0.999940
0.000010 0.000010 0.000010 0.000010 0.000010 0.000010 0.999940
0.000010 0.000010 0.000010 0.000010 0.000010 0.000010 0.999940
0.000010 0.000010 0.000010 0.000010 0.000010 0.000010 0.999940
0.000010 0.000010 0.000010 0.000010 0.000010 0.000010 0.999940
0.000010 0.000010 0.000010 0.000010 0.000010 0.000010 0.999940
0.000010 0.000010 0.000010 0.000010 0.000010 0.000010 0.999940
0.000010 0.000010 0.000010 0.000010 0.000010 0.000010 0.999940
0.000010 0.000010 0.000010 0.000010 0.000010 0.000010 0.999940
0.122690 0.084083 0.000010 0.168181 0.136605 0.235298 0.253134
0.000010 0.036262 0.021128 0.032024 0.000010 0.628059 0.282508
0.064308 0.026581 0.020856 0.000010 0.028443 0.430693 0.429109
0.201933 0.000010 0.039905 0.000010 0.135140 0.573391 0.049611
0.000656 0.103165 0.000010 0.000010 0.335694 0.560455 0.000010
0.193391 0.027300 0.000012 0.000010 0.307145 0.434505 0.037636
0.205290 0.050164 0.106971 0.000010 0.332272 0.305284 0.000010
0.000010 0.999940 0.000010 0.000010 0.000010 0.000010 0.000010
0.000010 0.000010 0.000010 0.000010 0.785716 0.214234 0.000010
0.444268 0.063888 0.200738 0.099567 0.191518 0.000010 0.000010
0.032798 0.049898 0.000010 0.054160 0.500226 0.362897 0.000010
0.000010 0.999940 0.000010 0.000010 0.000010 0.000010 0.000010
0.295957 0.000010 0.048755 0.000010 0.006831 0.648426 0.000010
0.195624 0.077272 0.000010 0.000010 0.303664 0.422756 0.000663
0.460113 0.130356 0.000010 0.000010 0.000010 0.409491 0.000010
0.000010 0.999940 0.000010 0.000010 0.000010 0.000010 0.000010
0.046570 0.076821 0.000010 0.000010 0.398271 0.478308 0.000010
0.234572 0.078415 0.000010 0.000010 0.395055 0.291928 0.000010
0.209167 0.060209 0.006631 0.000010 0.082003 0.641970 0.000010
0.323211 0.055555 0.000010 0.083678 0.312287 0.225249 0.000010
0.180167 0.097832 0.000010 0.000010 0.400648 0.321324 0.000010
0.551170 0.011430 0.000010 0.000010 0.091648 0.257927 0.087806
0.181128 0.051082 0.000010 0.037602 0.304507 0.425661 0.000010
0.170362 0.000018 0.000010 0.000010 0.395033 0.434557 0.000010
0.133308 0.042815 0.000010 0.000010 0.431003 0.392843 0.000010
0.101908 0.001778 0.000010 0.000010 0.373517 0.522767 0.000010
0.203264 0.000010 0.000010 0.000010 0.470902 0.303818 0.021987
0.147723 0.009610 0.000010 0.000010 0.376961 0.452551 0.013135
0.196124 0.000010 0.000010 0.000010 0.377248 0.426588 0.000010
0.205191 0.000010 0.000010 0.000010 0.388611 0.406157 0.000010
0.134564 0.003588 0.000010 0.000010 0.473975 0.387842 0.000010
0.065288 0.008689 0.002738 0.026829 0.260262 0.587418 0.048776
0.085149 0.015856 0.003112 0.015799 0.252127 0.576540 0.051416
0.069102 0.007383 0.000010 0.031236 0.289499 0.563331 0.039439
0.063598 0.001373 0.000010 0.025448 0.249981 0.597724 0.061868
0.069251 0.007311 0.000010 0.011738 0.289370 0.591993 0.030327
0.076611 0.008544 0.000010 0.021366 0.276443 0.588334 0.028692
0.062253 0.009079 0.000010 0.026812 0.258329 0.625583 0.017935
0.080234 0.016119 0.000010 0.017150 0.281355 0.563665 0.041467
0.022753 0.012078 0.004047 0.000010 0.278132 0.655360 0.027620
0.073342 0.023457 0.041002 0.060590 0.205742 0.462825 0.133042
0.112192 0.012704 0.000010 0.044442 0.221181 0.515432 0.094039
0.048214 0.014912 0.000010 0.000010 0.279798 0.637314 0.019743
0.000010 0.010268 0.000010 0.565457 0.000010 0.370779 0.053466
0.085514 0.010451 0.000010 0.004791 0.268344 0.608396 0.022493
0.067455 0.020245 0.006464 0.017748 0.306414 0.562909 0.018764
0.999940 0.000010 0.000010 0.000010 0.000010 0.000010 0.000010
0.999940 0.000010 0.000010 0.000010 0.000010 0.000010 0.000010
0.999940 0.000010 0.000010 0.000010 0.000010 0.000010 0.000010
0.999940 0.000010 0.000010 0.000010 0.000010 0.000010 0.000010
0.892382 0.005541 0.000524 0.007059 0.057573 0.036912 0.000010
0.999940 0.000010 0.000010 0.000010 0.000010 0.000010 0.000010
0.998470 0.000010 0.001480 0.000010 0.000010 0.000010 0.000010
0.999940 0.000010 0.000010 0.000010 0.000010 0.000010 0.000010
0.999940 0.000010 0.000010 0.000010 0.000010 0.000010 0.000010
0.946660 0.000010 0.013176 0.000010 0.034223 0.005911 0.000010
0.999940 0.000010 0.000010 0.000010 0.000010 0.000010 0.000010
0.898707 0.003790 0.012625 0.011406 0.073451 0.000010 0.000010
0.809627 0.000015 0.000010 0.000010 0.076332 0.105356 0.008650
0.999940 0.000010 0.000010 0.000010 0.000010 0.000010 0.000010
0.014216 0.000010 0.109907 0.023534 0.741790 0.071684 0.038860
0.032579 0.000010 0.125547 0.013182 0.726764 0.057197 0.044721
0.005391 0.000148 0.108782 0.018991 0.736145 0.069008 0.061535
0.065385 0.008477 0.096379 0.016589 0.712233 0.065612 0.035325
0.000010 0.013041 0.086846 0.021551 0.793780 0.028792 0.055981
0.044908 0.000010 0.106187 0.027320 0.688965 0.091724 0.040886
0.025553 0.002382 0.107828 0.038490 0.746999 0.020730 0.058019
0.000010 0.014724 0.112884 0.033242 0.749280 0.028655 0.061204
0.391398 0.008253 0.027980 0.000010 0.474492 0.097857 0.000010
0.366217 0.002689 0.018750 0.000010 0.467480 0.144844 0.000010
0.405325 0.014984 0.025449 0.008723 0.450625 0.094884 0.000010
0.387968 0.000010 0.029976 0.000010 0.461694 0.119962 0.000379
0.372465 0.000015 0.027376 0.014072 0.501121 0.084941 0.000010
0.354388 0.005440 0.034672 0.000010 0.464371 0.141109 0.000010
0.399861 0.005854 0.013723 0.019317 0.459322 0.098506 0.003417
0.398643 0.000014 0.029810 0.000010 0.457973 0.092224 0.021326
0.380335 0.000011 0.002264 0.012337 0.496486 0.108558 0.000010
0.413106 0.002235 0.030999 0.000010 0.441944 0.111696 0.000010
0.403959 0.002904 0.042893 0.003654 0.452130 0.082787 0.011674
0.366961 0.000010 0.046653 0.007828 0.445802 0.132735 0.000010
0.366134 0.000010 0.008459 0.000010 0.485653 0.139724 0.000010
0.402578 0.000010 0.012394 0.000010 0.450306 0.128379 0.006322
0.362161 0.003707 0.022583 0.006284 0.473821 0.131434 0.000010
0.400400 0.006353 0.037812 0.007285 0.438644 0.096308 0.013197
0.371884 0.000010 0.030524 0.024187 0.472203 0.101182 0.000010
0.375583 0.005613 0.020963 0.000258 0.482886 0.114687 0.000010
0.377357 0.001971 0.031111 0.000010 0.448832 0.139739 0.000981
0.402283 0.000014 0.041078 0.000266 0.467708 0.088643 0.000010
0.405070 0.004466 0.002001 0.000010 0.489406 0.099037 0.000010
0.400135 0.000242 0.000010 0.000010 0.481756 0.117837 0.000010
0.363098 0.000010 0.026749 0.000010 0.484671 0.125451 0.000010
0.406097 0.001654 0.021876 0.000010 0.466251 0.104103 0.000010
0.363494 0.017918 0.022591 0.009000 0.473566 0.110173 0.003259
0.331161 0.004715 0.051578 0.000010 0.486107 0.126420 0.000010
0.096107 0.000010 0.123568 0.000010 0.687537 0.079799 0.012969
0.149240 0.004420 0.071820 0.000010 0.555252 0.219248 0.000010
0.060342 0.000010 0.124961 0.000010 0.719495 0.092592 0.002589
0.163144 0.009657 0.040772 0.002122 0.474279 0.310016 0.000010
0.159851 0.003201 0.042830 0.013613 0.570695 0.209800 0.000010
0.081262 0.000423 0.096877 0.007646 0.663367 0.141208 0.009216
0.055979 0.000010 0.130279 0.018465 0.749285 0.045972 0.000010
0.121172 0.009502 0.041514 0.006365 0.592525 0.228912 0.000010
0.170823 0.008641 0.044712 0.000877 0.536205 0.238387 0.000357
0.085251 0.009865 0.081583 0.017672 0.647699 0.157920 0.000010
0.076541 0.000389 0.120621 0.004956 0.725797 0.071687 0.000010
0.132066 0.011863 0.100364 0.000010 0.641669 0.114017 0.000010
0.395086 0.003307 0.018557 0.001621 0.456694 0.116881 0.007854
0.384284 0.000010 0.009858 0.015606 0.481496 0.108736 0.000010
0.118387 0.002598 0.096390 0.000010 0.656186 0.126420 0.000010
0.085043 0.003809 0.123242 0.015749 0.735728 0.005400 0.031029
0.071768 0.003136 0.095384 0.029323 0.679281 0.121098 0.000010
0.185367 0.000010 0.068081 0.000010 0.500778 0.245744 0.000010
0.156562 0.004884 0.040297 0.000010 0.583791 0.214445 0.000010
0.062361 0.000010 0.111238 0.011935 0.723370 0.090681 0.000405
0.128304 0.008380 0.074178 0.018757 0.641335 0.129035 0.000010
0.066596 0.000013 0.115467 0.000010 0.747031 0.070873 0.000010
0.085222 0.000013 0.119358 0.025875 0.689555 0.079968 0.000010
0.067318 0.005623 0.114605 0.016470 0.725606 0.060091 0.010287
0.125382 0.000121 0.065131 0.000010 0.655518 0.153827 0.000010
0.371267 0.009008 0.040550 0.008818 0.455089 0.115257 0.000010
0.139266 0.000010 0.042705 0.000010 0.525426 0.290271 0.002313
0.114204 0.000016 0.116129 0.000010 0.625759 0.140949 0.002934
0.103350 0.009234 0.095526 0.008861 0.585656 0.194042 0.003332
0.085041 0.002783 0.119293 0.015012 0.692033 0.085829 0.000010
0.068827 0.005021 0.126910 0.002756 0.741615 0.054860 0.000010
0.160826 0.005277 0.062213 0.000010 0.555037 0.216628 0.000010
0.094920 0.003787 0.088511 0.000157 0.656187 0.156428 0.000010
0.088745 0.008369 0.094497 0.000010 0.655625 0.152672 0.000082
0.167486 0.006683 0.041549 0.000010 0.498676 0.285587 0.000010
0.152928 0.009033 0.068990 0.000010 0.531003 0.238025 0.000010
0.089048 0.006326 0.089579 0.003877 0.636197 0.174046 0.000925
0.089945 0.012522 0.079091 0.002006 0.559031 0.257395 0.000010
0.079695 0.010852 0.078233 0.000010 0.637867 0.193333 0.000010
0.110103 0.004772 0.074012 0.000010 0.602988 0.184284 0.023831
0.117867 0.003521 0.056412 0.004390 0.569756 0.248044 0.000010
0.136745 0.000010 0.093973 0.000010 0.558087 0.201874 0.009301
0.113109 0.004625 0.086699 0.000010 0.616750 0.178797 0.000010
0.080602 0.000010 0.058809 0.001169 0.605453 0.253948 0.000010
0.083952 0.002352 0.066205 0.015103 0.655421 0.173682 0.003285
0.115223 0.003886 0.061108 0.000010 0.548449 0.271314 0.000010
0.090097 0.005287 0.022101 0.000010 0.420723 0.453348 0.008434
0.034902 0.006457 0.035205 0.000010 0.387836 0.514558 0.021031
0.047288 0.000010 0.030995 0.000010 0.376887 0.518395 0.026415
0.036522 0.014347 0.000010 0.000010 0.153691 0.789381 0.006038
0.070116 0.011698 0.030852 0.035484 0.331343 0.520497 0.000010
0.036231 0.005495 0.024738 0.025430 0.389173 0.516120 0.002814
0.047012 0.000010 0.030916 0.013650 0.402442 0.505960 0.000010
0.020278 0.000010 0.011332 0.034034 0.381724 0.535749 0.016873
0.095165 0.005999 0.070651 0.000555 0.552273 0.275347 0.000010
0.060301 0.012304 0.023384 0.006426 0.370340 0.515919 0.011326
0.043734 0.013508 0.075239 0.000734 0.674604 0.188998 0.003183
0.072179 0.000010 0.059966 0.005532 0.642145 0.212408 0.007762
0.054179 0.006057 0.063717 0.020155 0.680065 0.173264 0.002562
0.050707 0.009914 0.064545 0.004385 0.659847 0.199673 0.010929
0.061448 0.004413 0.093072 0.007991 0.634031 0.187725 0.011320
0.055100 0.010366 0.074293 0.000010 0.652646 0.200698 0.006886
0.072530 0.000010 0.063024 0.001299 0.651036 0.212091 0.000010
0.076523 0.000010 0.081039 0.005086 0.643368 0.193965 0.000010
0.046246 0.000010 0.068634 0.016057 0.661184 0.207859 0.000010
0.070441 0.005069 0.071593 0.014287 0.661367 0.157661 0.019583
0.789225 0.004247 0.000010 0.000010 0.062570 0.143927 0.000010
0.489071 0.004315 0.000010 0.004059 0.274647 0.226674 0.001224
0.609500 0.009773 0.010673 0.012071 0.225499 0.129542 0.002942
0.752917 0.000010 0.002327 0.003532 0.124209 0.110881 0.006125
0.646633 0.004948 0.003883 0.018860 0.182612 0.141281 0.001784
0.541792 0.006214 0.026552 0.012246 0.210478 0.202709 0.000010
0.662358 0.000010 0.017005 0.005039 0.178164 0.129018 0.008407
0.871502 0.000010 0.000010 0.000010 0.057395 0.066540 0.004533
0.500336 0.001910 0.037594 0.000010 0.248892 0.188331 0.022926
0.550351 0.007991 0.000010 0.000010 0.254544 0.187084 0.000010
0.481771 0.000876 0.013231 0.002146 0.292987 0.204047 0.004943
0.460490 0.004686 0.000010 0.012555 0.289629 0.230374 0.002255
0.543441 0.010397 0.019540 0.025823 0.240148 0.151415 0.009235
0.525824 0.000010 0.000010 0.024433 0.275548 0.171679 0.002495
0.539216 0.008941 0.008597 0.000010 0.256249 0.179106 0.007882
0.545202 0.000010 0.006791 0.000010 0.278181 0.164567 0.005239
0.526759 0.016199 0.000010 0.000010 0.283587 0.165681 0.007755
0.524746 0.010964 0.000012 0.001600 0.282617 0.180051 0.000010
0.386847 0.000010 0.023378 0.004800 0.312416 0.240543 0.032007
0.310742 0.002429 0.032123 0.014498 0.408150 0.232047 0.000010
0.305115 0.000010 0.012111 0.016058 0.389950 0.261354 0.015402
0.347195 0.003553 0.025719 0.007218 0.378900 0.237404 0.000010
0.318121 0.004480 0.042971 0.034815 0.348172 0.251432 0.000010
0.289915 0.006181 0.035044 0.014155 0.393698 0.260996 0.000010
0.465979 0.004591 0.014379 0.000010 0.308021 0.207009 0.000010
0.719733 0.008799 0.000010 0.005977 0.160475 0.104995 0.000010
0.743744 0.000010 0.000010 0.000010 0.163741 0.092474 0.000010
0.440150 0.006953 0.001701 0.000010 0.340292 0.188446 0.022448
0.464964 0.001662 0.009025 0.000010 0.330805 0.181035 0.012499
0.768364 0.013050 0.000010 0.006721 0.149460 0.054505 0.007889
0.483652 0.000019 0.012335 0.007496 0.292781 0.203706 0.000010
0.630245 0.008997 0.006499 0.000010 0.218922 0.135316 0.000010
0.386357 0.000017 0.016461 0.000010 0.324054 0.273092 0.000010
0.438386 0.003767 0.010626 0.000010 0.327793 0.208836 0.010581
0.422122 0.007301 0.026791 0.000010 0.340317 0.203449 0.000010
0.378316 0.012923 0.016752 0.010059 0.339466 0.238886 0.003599
0.411375 0.004843 0.032519 0.015139 0.348556 0.187558 0.000010
0.393107 0.002467 0.003116 0.026036 0.341679 0.233585 0.000010
0.374040 0.008107 0.027840 0.002771 0.335242 0.247455 0.004545
0.180119 0.002119 0.018171 0.005884 0.491790 0.301907 0.000010
0.175177 0.000010 0.055348 0.000010 0.467247 0.276815 0.025394
0.173962 0.005724 0.001680 0.000010 0.487896 0.330718 0.000010
0.195657 0.002639 0.025814 0.007399 0.457016 0.302872 0.008604
0.174476 0.016079 0.012181 0.000010 0.490904 0.306340 0.000010
0.183710 0.007351 0.028344 0.006485 0.457668 0.312385 0.004056
0.190099 0.009804 0.024201 0.020059 0.490720 0.265107 0.000010
0.163276 0.008795 0.044727 0.000010 0.527800 0.254064 0.001328
0.210876 0.008597 0.028114 0.000010 0.439446 0.311876 0.001082
0.174470 0.001377 0.027106 0.037725 0.479918 0.272718 0.006686
0.009427 0.000010 0.136676 0.038006 0.791910 0.009142 0.014828
0.000010 0.002305 0.121539 0.007382 0.846060 0.015884 0.006820
0.000010 0.006882 0.138981 0.000010 0.849493 0.000010 0.004615
0.000010 0.001549 0.155404 0.010147 0.828162 0.000010 0.004717
0.005539 0.010855 0.139579 0.024311 0.803795 0.004004 0.011917
0.000010 0.008007 0.134700 0.005842 0.851368 0.000010 0.000063
0.009243 0.003424 0.155971 0.044900 0.776630 0.000010 0.009823
0.016600 0.008896 0.136826 0.007277 0.792587 0.025905 0.011909
0.009389 0.010666 0.118683 0.021705 0.835600 0.000010 0.003949
0.000010 0.011303 0.145943 0.007322 0.814808 0.000010 0.020603
0.006375 0.003971 0.066493 0.028972 0.719144 0.151344 0.023701
0.000010 0.003195 0.047717 0.047863 0.811012 0.066067 0.024137
0.000010 0.003572 0.050988 0.038075 0.717731 0.152888 0.036737
0.000010 0.005134 0.067682 0.015573 0.735738 0.140297 0.035566
0.000010 0.001571 0.069788 0.023331 0.770841 0.090460 0.043998
0.000010 0.006578 0.062996 0.039221 0.777638 0.084403 0.029155
0.012279 0.005391 0.072632 0.014668 0.705154 0.165161 0.024715
0.016329 0.006032 0.052622 0.000010 0.726208 0.174143 0.024655
0.049828 0.001529 0.086348 0.000010 0.763186 0.082356 0.016743
0.094028 0.013319 0.082410 0.000010 0.652925 0.150025 0.007283
0.123663 0.006951 0.057785 0.015042 0.695926 0.099586 0.001047
0.056817 0.002979 0.057811 0.018103 0.754983 0.105183 0.004126
0.045738 0.013036 0.075914 0.000010 0.719265 0.133278 0.012758
0.071182 0.000010 0.091966 0.000010 0.686972 0.142448 0.007413
0.085354 0.004753 0.088482 0.010180 0.725540 0.085680 0.000010
0.089000 0.013804 0.090700 0.000010 0.663161 0.141224 0.002101
0.064624 0.000010 0.084804 0.000010 0.700782 0.129317 0.020454
0.090128 0.000010 0.085284 0.000010 0.686392 0.122597 0.015579
0.108717 0.015161 0.032262 0.011002 0.400121 0.432727 0.000010
0.068794 0.007080 0.030213 0.016876 0.406198 0.450952 0.019886
0.059185 0.015263 0.006849 0.006311 0.411721 0.497398 0.003274
0.076436 0.002301 0.018990 0.008767 0.349273 0.511042 0.033191
0.067372 0.000718 0.033635 0.040287 0.348988 0.486893 0.022108
0.043584 0.004201 0.000010 0.019068 0.404329 0.521030 0.007779
0.079966 0.007813 0.000010 0.021233 0.365448 0.525520 0.000010
0.076282 0.005819 0.013144 0.000010 0.343566 0.535238 0.025941
0.066392 0.006728 0.017707 0.020574 0.346993 0.536643 0.004963
0.184086 0.000010 0.026598 0.022224 0.336177 0.402022 0.028883
0.141975 0.011232 0.027658 0.040587 0.325179 0.410662 0.042708
0.150004 0.012039 0.000497 0.055637 0.289544 0.468566 0.023714
0.193896 0.014033 0.021156 0.040985 0.328960 0.378792 0.022178
0.192135 0.000480 0.010303 0.039407 0.372448 0.371030 0.014198
0.163969 0.005739 0.017810 0.020058 0.370987 0.396747 0.024689
0.214771 0.004121 0.020708 0.019408 0.334905 0.381097 0.024991
0.136167 0.000010 0.023081 0.013043 0.376273 0.422781 0.028645
0.169972 0.003319 0.027517 0.046275 0.347437 0.367309 0.038171
0.183652 0.009393 0.000010 0.055521 0.333921 0.389296 0.028206
0.000010 0.000010 0.999940 0.000010 0.000010 0.000010 0.000010
0.000010 0.000010 0.999940 0.000010 0.000010 0.000010 0.000010
0.000010 0.000010 0.454726 0.000010 0.545224 0.000010 0.000010
0.190470 0.003361 0.021447 0.008452 0.509977 0.266284 0.000010
0.000010 0.000010 0.999940 0.000010 0.000010 0.000010 0.000010
0.000010 0.000010 0.999940 0.000010 0.000010 0.000010 0.000010
0.000010 0.000010 0.503431 0.000010 0.496519 0.000010 0.000010
0.335282 0.016479 0.027813 0.000010 0.481087 0.139320 0.000010
0.000010 0.000010 0.999940 0.000010 0.000010 0.000010 0.000010
0.000010 0.000010 0.483513 0.000010 0.516437 0.000010 0.000010
0.000010 0.000010 0.476664 0.000010 0.523286 0.000010 0.000010
0.325492 0.005955 0.026561 0.010718 0.468732 0.147609 0.014934
0.000010 0.000010 0.458206 0.000010 0.541744 0.000010 0.000010
0.000010 0.000010 0.495222 0.000010 0.504728 0.000010 0.000010
0.000010 0.000010 0.999940 0.000010 0.000010 0.000010 0.000010
0.000010 0.000010 0.442045 0.000010 0.557905 0.000010 0.000010
0.000010 0.000010 0.999940 0.000010 0.000010 0.000010 0.000010
0.000010 0.000010 0.486979 0.000010 0.512971 0.000010 0.000010
0.306624 0.002725 0.032923 0.000010 0.423615 0.234093 0.000010
0.000010 0.000010 0.999940 0.000010 0.000010 0.000010 0.000010
0.000010 0.000010 0.449029 0.000010 0.550921 0.000010 0.000010
0.317386 0.008904 0.057496 0.017566 0.415485 0.183152 0.000010
0.000010 0.000010 0.999940 0.000010 0.000010 0.000010 0.000010
0.000010 0.000010 0.471529 0.000010 0.528421 0.000010 0.000010
0.349361 0.000816 0.035449 0.000010 0.446209 0.168145 0.000010
0.018874 0.007625 0.120935 0.006375 0.786356 0.040890 0.018945
0.027042 0.000642 0.094139 0.008938 0.797703 0.045491 0.026044
0.031911 0.000010 0.096458 0.000010 0.814760 0.028941 0.027911
0.040894 0.006525 0.120862 0.034732 0.772237 0.012761 0.011989
0.043590 0.005213 0.124755 0.019574 0.770241 0.019567 0.017059
0.050287 0.010425 0.120545 0.018188 0.766602 0.013752 0.020201
0.036681 0.000010 0.095534 0.001307 0.822165 0.033888 0.010414
0.025628 0.000010 0.129282 0.041685 0.795799 0.000010 0.007586
0.046118 0.009219 0.089278 0.030013 0.690365 0.069526 0.065482
0.023879 0.008309 0.123678 0.014386 0.780568 0.028454 0.020727
0.000010 0.000010 0.000010 0.020358 0.901351 0.000010 0.078251
0.038847 0.009638 0.105671 0.037157 0.669371 0.068227 0.071089
0.069564 0.004816 0.103589 0.012054 0.661942 0.125255 0.022781
0.046477 0.008164 0.092798 0.037315 0.663461 0.101465 0.050321
0.070881 0.013347 0.085308 0.018057 0.706155 0.067063 0.039189
0.000010 0.000010 0.000010 0.023574 0.893761 0.000010 0.082625
0.000010 0.000010 0.000010 0.032580 0.892226 0.000010 0.075155
0.053739 0.012118 0.105156 0.026063 0.668082 0.083002 0.051840
0.814980 0.000010 0.000010 0.000010 0.141045 0.043936 0.000010
0.949264 0.001154 0.005815 0.000010 0.024483 0.019086 0.000188
0.999940 0.000010 0.000010 0.000010 0.000010 0.000010 0.000010
0.989151 0.000010 0.008402 0.002407 0.000010 0.000010 0.000010
0.992756 0.000010 0.007194 0.000010 0.000010 0.000010 0.000010
0.963331 0.000010 0.000010 0.000010 0.000010 0.029304 0.007325
0.989436 0.000010 0.000010 0.010514 0.000010 0.000010 0.000010
0.959800 0.006845 0.000010 0.000010 0.033315 0.000010 0.000010
0.999940 0.000010 0.000010 0.000010 0.000010 0.000010 0.000010
0.999940 0.000010 0.000010 0.000010 0.000010 0.000010 0.000010
0.999940 0.000010 0.000010 0.000010 0.000010 0.000010 0.000010
0.195498 0.015594 0.027485 0.016874 0.364311 0.377249 0.002989
0.198960 0.011950 0.036936 0.024784 0.380066 0.325081 0.022222
0.127458 0.005344 0.030004 0.005425 0.366394 0.452195 0.013181
0.165561 0.000020 0.033360 0.000010 0.407753 0.379199 0.014097
0.136224 0.010749 0.002331 0.025289 0.297653 0.497289 0.030465
0.020169 0.017755 0.013972 0.352933 0.031373 0.501034 0.062765
0.076177 0.022841 0.000010 0.079870 0.089282 0.647028 0.084792
0.000010 0.002979 0.022078 0.522744 0.021959 0.362292 0.067939
0.043963 0.022248 0.000010 0.271714 0.046962 0.546148 0.068955
0.061945 0.007991 0.013065 0.044569 0.072527 0.753701 0.046201
0.049638 0.000010 0.000507 0.033283 0.085517 0.818305 0.012740
0.072418 0.015096 0.000010 0.034444 0.088791 0.767223 0.022019
0.069424 0.015870 0.018633 0.042036 0.071487 0.759391 0.023160
0.047901 0.010580 0.000010 0.040962 0.095507 0.763829 0.041211
0.043937 0.006454 0.006726 0.056628 0.065011 0.774699 0.046544
0.072137 0.010708 0.000010 0.072224 0.080619 0.730738 0.033565
0.049198 0.000010 0.000010 0.033929 0.091011 0.815347 0.010495
0.060281 0.000615 0.021981 0.026654 0.079776 0.785858 0.024835
0.033746 0.005700 0.000010 0.086286 0.084597 0.728284 0.061377
0.083571 0.008014 0.000010 0.026865 0.150536 0.710767 0.020237
0.136976 0.002230 0.016759 0.027014 0.212508 0.561911 0.042600
0.068324 0.007856 0.000010 0.049348 0.089930 0.765456 0.019076
0.092927 0.011996 0.000010 0.054489 0.149663 0.634145 0.056769
0.189887 0.010427 0.000010 0.006209 0.432933 0.346215 0.014319
0.079480 0.005158 0.000010 0.043020 0.111913 0.731739 0.028680
0.117433 0.000010 0.003810 0.036150 0.121858 0.664437 0.056303
0.097573 0.013762 0.015972 0.034594 0.209415 0.563156 0.065528
0.019464 0.016720 0.003388 0.074560 0.033663 0.722095 0.130111
0.162746 0.013973 0.000071 0.030017 0.102098 0.628242 0.062852
0.038523 0.023904 0.018438 0.081941 0.053005 0.688452 0.095736
0.171769 0.007484 0.000010 0.046004 0.154251 0.582953 0.037529
0.046392 0.004983 0.007924 0.112149 0.063653 0.665670 0.099230
0.171683 0.000010 0.014652 0.039424 0.109659 0.617633 0.046938
0.057971 0.023880 0.023732 0.068882 0.035682 0.669621 0.120232
0.018009 0.000010 0.001843 0.027250 0.200285 0.752593 0.000010
0.052785 0.019197 0.003781 0.073431 0.064948 0.678939 0.106919
0.043254 0.000010 0.000010 0.000010 0.210815 0.745891 0.000010
0.051756 0.013748 0.007836 0.060111 0.066800 0.731328 0.068421
0.000010 0.000010 0.008106 0.000010 0.233944 0.757909 0.000010
0.192525 0.005964 0.024248 0.051878 0.164059 0.533130 0.028196
0.019608 0.018746 0.003124 0.079434 0.035508 0.703933 0.139646
0.055019 0.021431 0.015805 0.028767 0.291956 0.563133 0.023889
0.151891 0.018696 0.008243 0.018464 0.136630 0.628195 0.037881
0.014890 0.024687 0.009455 0.087028 0.047085 0.695320 0.121534
0.147428 0.015324 0.007700 0.026933 0.123145 0.630769 0.048702
0.054618 0.007821 0.006908 0.045206 0.059511 0.787847 0.038089
0.172641 0.003324 0.002911 0.042513 0.401522 0.349123 0.027966
0.090838 0.005531 0.005657 0.029101 0.092819 0.740394 0.035659
0.068334 0.000010 0.034069 0.013699 0.273914 0.594673 0.015302
0.074421 0.002867 0.017298 0.043774 0.082418 0.754472 0.024751
0.052645 0.000010 0.046473 0.000010 0.278608 0.622244 0.000010
0.023853 0.027051 0.000010 0.106052 0.038267 0.692060 0.112707
0.043512 0.000010 0.005922 0.016979 0.123782 0.809786 0.000010
0.071807 0.007544 0.000010 0.051584 0.131478 0.697186 0.040392
0.022631 0.005446 0.000010 0.021229 0.126270 0.824404 0.000010
0.040398 0.025981 0.023858 0.079811 0.033272 0.673010 0.123670
0.033535 0.000279 0.000014 0.008016 0.142435 0.815711 0.000010
0.042530 0.004760 0.002285 0.000010 0.120249 0.830156 0.000010
0.050315 0.015539 0.003522 0.045566 0.046214 0.756161 0.082682
0.153493 0.008638 0.059840 0.000010 0.409407 0.367967 0.000645
0.077335 0.000010 0.007124 0.022260 0.203268 0.679256 0.010748
0.053742 0.007457 0.000010 0.068580 0.085277 0.749421 0.035512
0.114619 0.005415 0.057493 0.000010 0.624691 0.197688 0.000084
0.042091 0.009857 0.021643 0.025826 0.121949 0.752447 0.026187
0.008738 0.019812 0.010697 0.069967 0.058587 0.721113 0.111086
0.026202 0.006754 0.000010 0.001973 0.144873 0.820179 0.000010
0.079046 0.007778 0.000010 0.003899 0.084437 0.816805 0.008024
0.042422 0.023415 0.012566 0.091011 0.042200 0.617855 0.170530
0.090003 0.009239 0.000015 0.011180 0.193260 0.696292 0.000010
0.060950 0.000423 0.000010 0.030938 0.105655 0.797338 0.004686
0.000010 0.017906 0.016153 0.121831 0.037438 0.701471 0.105190
0.062040 0.009980 0.023171 0.000010 0.143286 0.752757 0.008755
0.051286 0.000016 0.000010 0.026771 0.043314 0.839392 0.039211
0.069055 0.008955 0.010404 0.089937 0.078080 0.631919 0.111649
0.146245 0.000010 0.052908 0.000010 0.539555 0.261262 0.000010
0.062953 0.000010 0.007876 0.028203 0.260437 0.639435 0.001085
0.022125 0.012015 0.021732 0.098801 0.032932 0.689716 0.122680
0.091068 0.010693 0.000010 0.016134 0.098529 0.755377 0.028190
0.085021 0.000010 0.082977 0.000325 0.607119 0.224538 0.000010
0.000010 0.020974 0.027578 0.083112 0.000010 0.738145 0.130171
0.064735 0.003509 0.000010 0.009294 0.099201 0.807449 0.015801
0.120152 0.007397 0.071254 0.015183 0.464780 0.321224 0.000010
0.093880 0.008354 0.012451 0.069610 0.091055 0.647526 0.077123
0.089794 0.000010 0.046209 0.023777 0.426004 0.413392 0.000815
0.043903 0.000010 0.000010 0.029219 0.107086 0.805099 0.014673
0.039406 0.027953 0.002283 0.075872 0.080360 0.667995 0.106131
0.185566 0.000498 0.019514 0.031481 0.154815 0.558587 0.049539
0.088156 0.000010 0.042050 0.017384 0.347910 0.485683 0.018807
0.009274 0.031278 0.031743 0.098504 0.000010 0.711052 0.118140
0.155417 0.000010 0.000010 0.029936 0.148737 0.631422 0.034467
0.088196 0.000385 0.046858 0.014870 0.502179 0.344450 0.003062
0.016544 0.021069 0.008776 0.083864 0.029473 0.713909 0.126366
0.123154 0.006185 0.021969 0.031133 0.115626 0.665298 0.036635
0.092892 0.014675 0.012809 0.045233 0.081120 0.734155 0.019116
0.046488 0.013396 0.000010 0.115909 0.038915 0.655443 0.129840
0.098218 0.006894 0.014423 0.036913 0.159246 0.626308 0.057998
0.055956 0.000010 0.000010 0.000010 0.181508 0.762496 0.000010
0.019115 0.022718 0.000010 0.114373 0.006385 0.696040 0.141359
0.137029 0.006562 0.002042 0.017925 0.219773 0.591931 0.024739
0.106983 0.004324 0.059302 0.000010 0.477768 0.329177 0.022436
0.050614 0.024570 0.020918 0.076650 0.031328 0.680973 0.114947
0.164912 0.004205 0.014068 0.013476 0.336516 0.457652 0.009171
0.100759 0.001120 0.006058 0.008644 0.071978 0.786177 0.025264
0.043316 0.018176 0.018633 0.087800 0.053648 0.661910 0.116517
0.126890 0.000010 0.017016 0.037944 0.145584 0.625299 0.047256
0.055336 0.000010 0.000010 0.006081 0.116143 0.822410 0.000010
0.024071 0.015185 0.008398 0.073023 0.049705 0.687429 0.142189
0.116751 0.003362 0.006876 0.014127 0.142102 0.660336 0.056446
0.083590 0.004014 0.010764 0.019841 0.355887 0.525894 0.000010
0.001031 0.032459 0.020631 0.101622 0.045147 0.672639 0.126469
0.097577 0.010807 0.000010 0.030556 0.151709 0.674634 0.034706
0.087997 0.000734 0.032976 0.016890 0.319356 0.542036 0.000010
0.028039 0.033140 0.002694 0.091513 0.035746 0.663815 0.145053
0.114198 0.007896 0.003854 0.016207 0.113122 0.718246 0.026476
0.043202 0.002878 0.000010 0.030004 0.116423 0.807473 0.000010
0.043183 0.014144 0.023605 0.065428 0.051852 0.706073 0.095713
0.027571 0.016435 0.000010 0.104320 0.075049 0.678592 0.098023
0.066893 0.007572 0.010685 0.011577 0.209201 0.694063 0.000010
0.001986 0.016434 0.013359 0.069252 0.014593 0.741133 0.143242
0.129194 0.001090 0.073274 0.006667 0.557366 0.232399 0.000010
0.106749 0.001786 0.034888 0.000010 0.572293 0.276824 0.007450
0.127222 0.009747 0.001605 0.027216 0.111208 0.683020 0.039981
0.067567 0.000010 0.000010 0.024246 0.075629 0.807002 0.025535
0.168381 0.014995 0.015973 0.006643 0.142215 0.623338 0.028456
0.116261 0.003337 0.012618 0.034406 0.185983 0.621244 0.026151
0.001581 0.018027 0.001851 0.033547 0.000010 0.719736 0.225247
0.019933 0.021058 0.000010 0.058145 0.044363 0.669934 0.186556
0.016750 0.028269 0.014100 0.049727 0.000010 0.698911 0.192234
0.034990 0.022685 0.007249 0.041070 0.000010 0.666986 0.227009
0.027849 0.020044 0.025049 0.072343 0.001300 0.684168 0.169246
0.036847 0.017332 0.015775 0.069347 0.038110 0.689132 0.133456
0.022722 0.016846 0.010780 0.071463 0.000010 0.722899 0.155280
0.000010 0.010870 0.013540 0.088364 0.000010 0.704617 0.182589
0.023649 0.014468 0.017355 0.093980 0.000010 0.685623 0.164914
0.000010 0.015589 0.028924 0.057303 0.000010 0.714808 0.183356
0.000010 0.022602 0.018636 0.089599 0.000010 0.704299 0.164843
0.000016 0.015121 0.016358 0.041813 0.000010 0.742169 0.184513
0.000010 0.017824 0.042094 0.059301 0.000010 0.706334 0.174428
0.024490 0.014934 0.014881 0.078238 0.033792 0.718525 0.115140
0.000010 0.021121 0.012150 0.093486 0.000010 0.684517 0.188707
0.000010 0.012250 0.019227 0.055272 0.000010 0.730424 0.182806
0.000010 0.025432 0.028711 0.081528 0.012128 0.675235 0.176956
0.000010 0.015625 0.016369 0.091737 0.000010 0.698563 0.177686
0.000010 0.019070 0.013967 0.044714 0.000010 0.745411 0.176818
0.000010 0.030122 0.027213 0.039807 0.000010 0.742730 0.160108
0.000010 0.015933 0.018876 0.070010 0.000744 0.705144 0.189283
0.045559 0.016672 0.018154 0.069432 0.024922 0.689337 0.135923
0.000010 0.015781 0.028698 0.050902 0.000010 0.760412 0.144186
0.000010 0.017077 0.009697 0.029858 0.000010 0.801875 0.141473
0.000010 0.003385 0.024995 0.062113 0.000010 0.763780 0.145707
0.000010 0.011884 0.002692 0.024250 0.000010 0.823417 0.137737
0.000010 0.021935 0.021947 0.062290 0.000010 0.749817 0.143991
0.005832 0.017222 0.028899 0.040634 0.000010 0.766579 0.140824
0.009665 0.014977 0.014865 0.029125 0.000010 0.815430 0.115928
0.003900 0.026582 0.034960 0.129343 0.000010 0.648045 0.157159
0.019835 0.022887 0.024142 0.079470 0.017398 0.666940 0.169329
0.000010 0.015075 0.011366 0.007943 0.000010 0.820445 0.145151
0.000010 0.014906 0.009253 0.000010 0.000010 0.829821 0.145990
0.009409 0.010314 0.025076 0.083456 0.015740 0.719996 0.136009
0.039112 0.010239 0.020931 0.077941 0.071936 0.639738 0.140103
0.009663 0.024653 0.013488 0.075753 0.053394 0.693984 0.129065
0.053904 0.021783 0.000010 0.078883 0.045191 0.709927 0.090303
0.000010 0.000010 0.000010 0.999940 0.000010 0.000010 0.000010
0.000010 0.000010 0.000010 0.999940 0.000010 0.000010 0.000010
0.000010 0.007817 0.000010 0.753706 0.000010 0.220426 0.018021
0.000010 0.000010 0.000010 0.768522 0.000010 0.216874 0.014564
0.000010 0.000010 0.000010 0.999940 0.000010 0.000010 0.000010
0.000010 0.000010 0.007610 0.830111 0.000010 0.160187 0.002062
0.000010 0.000012 0.000010 0.999938 0.000010 0.000010 0.000010
0.000010 0.000528 0.000010 0.697090 0.000010 0.259000 0.043352
0.000010 0.000151 0.000010 0.793430 0.000010 0.196501 0.009888
0.000010 0.014965 0.007477 0.726437 0.000010 0.214846 0.036256
0.000010 0.008541 0.003331 0.773852 0.000010 0.203264 0.010992
0.000010 0.013833 0.000010 0.911064 0.000010 0.075063 0.000010
0.000010 0.000010 0.000010 0.999940 0.000010 0.000010 0.000010
0.000010 0.002166 0.000010 0.833432 0.000010 0.164362 0.000010
0.000010 0.000010 0.000010 0.999940 0.000010 0.000010 0.000010
0.000010 0.000010 0.000010 0.999940 0.000010 0.000010 0.000010
0.000010 0.000207 0.000010 0.919788 0.000010 0.079966 0.000010
0.000010 0.000010 0.000010 0.999940 0.000010 0.000010 0.000010
0.000010 0.002935 0.000010 0.766905 0.000010 0.194789 0.035341
0.000010 0.001478 0.000010 0.699470 0.000010 0.257733 0.041289
0.000010 0.010045 0.000010 0.818487 0.016538 0.131858 0.023052
0.000010 0.013033 0.000010 0.750203 0.000010 0.185944 0.050790
