0.516268 0.000010 0.330432 0.053628 0.030444 0.069218
0.541760 0.000010 0.370232 0.060034 0.027954 0.000010
0.999950 0.000010 0.000010 0.000010 0.000010 0.000010
0.999950 0.000010 0.000010 0.000010 0.000010 0.000010
0.999948 0.000010 0.000010 0.000012 0.000010 0.000010
0.999950 0.000010 0.000010 0.000010 0.000010 0.000010
0.484492 0.000010 0.408471 0.037850 0.000010 0.069167
0.999950 0.000010 0.000010 0.000010 0.000010 0.000010
0.999950 0.000010 0.000010 0.000010 0.000010 0.000010
0.903736 0.000010 0.000010 0.096224 0.000010 0.000010
0.888779 0.000010 0.000010 0.111181 0.000010 0.000010
0.618584 0.000010 0.000010 0.381376 0.000010 0.000010
0.613893 0.120757 0.000010 0.221034 0.000010 0.044296
0.788258 0.018214 0.000010 0.193498 0.000010 0.000010
0.000010 0.000010 0.000010 0.999950 0.000010 0.000010
0.816579 0.000010 0.000010 0.183381 0.000010 0.000010
0.000010 0.000010 0.000010 0.999950 0.000010 0.000010
0.000010 0.000010 0.000010 0.999950 0.000010 0.000010
0.000010 0.000010 0.000010 0.999950 0.000010 0.000010
0.561191 0.000010 0.314461 0.071327 0.017769 0.035242
0.999950 0.000010 0.000010 0.000010 0.000010 0.000010
0.999950 0.000010 0.000010 0.000010 0.000010 0.000010
0.999950 0.000010 0.000010 0.000010 0.000010 0.000010
0.999950 0.000010 0.000010 0.000010 0.000010 0.000010
0.999950 0.000010 0.000010 0.000010 0.000010 0.000010
0.999950 0.000010 0.000010 0.000010 0.000010 0.000010
0.999950 0.000010 0.000010 0.000010 0.000010 0.000010
0.999950 0.000010 0.000010 0.000010 0.000010 0.000010
0.999950 0.000010 0.000010 0.000010 0.000010 0.000010
0.293102 0.114218 0.311221 0.096892 0.020435 0.164132
0.000010 0.000010 0.000010 0.999950 0.000010 0.000010
0.509418 0.050633 0.343027 0.044586 0.017041 0.035295
0.137719 0.158569 0.624825 0.000010 0.070295 0.008582
0.028349 0.000010 0.904369 0.019927 0.047335 0.000010
0.046973 0.162650 0.559574 0.077140 0.153653 0.000010
0.000010 0.143270 0.573784 0.000010 0.282916 0.000010
0.000010 0.046514 0.953446 0.000010 0.000010 0.000010
0.000010 0.000010 0.726128 0.000010 0.273832 0.000010
0.000010 0.483050 0.000010 0.058209 0.374940 0.083780
0.000010 0.031325 0.618172 0.057535 0.226792 0.066166
0.000010 0.045725 0.954235 0.000010 0.000010 0.000010
0.021623 0.252875 0.702493 0.019449 0.000010 0.003551
0.056691 0.136416 0.700797 0.010460 0.095626 0.000010
0.000010 0.358133 0.560657 0.081180 0.000010 0.000010
0.000010 0.000010 0.999950 0.000010 0.000010 0.000010
0.000010 0.000010 0.894855 0.000010 0.105105 0.000010
0.000010 0.187276 0.612347 0.082176 0.118182 0.000010
0.000010 0.128355 0.871605 0.000010 0.000010 0.000010
0.042156 0.269784 0.522270 0.000010 0.128051 0.037729
0.000010 0.118409 0.649526 0.096280 0.135765 0.000010
0.121556 0.514281 0.335090 0.012205 0.016859 0.000010
0.000010 0.158414 0.790493 0.013335 0.008552 0.029196
0.000010 0.103981 0.884870 0.011120 0.000010 0.000010
0.000010 0.000010 0.000010 0.999950 0.000010 0.000010
0.110194 0.120590 0.758218 0.000010 0.010978 0.000010
0.000010 0.137821 0.833219 0.028930 0.000010 0.000010
0.000010 0.049011 0.932657 0.018302 0.000010 0.000010
0.000010 0.303096 0.557651 0.091220 0.048013 0.000010
0.000010 0.000427 0.987954 0.011589 0.000010 0.000010
0.000010 0.085461 0.815159 0.000012 0.099348 0.000010
0.000010 0.066744 0.734858 0.033484 0.164894 0.000010
0.000010 0.047515 0.827945 0.010108 0.114412 0.000010
0.006590 0.173064 0.615540 0.000010 0.204786 0.000010
0.010777 0.101750 0.723313 0.020825 0.143324 0.000010
0.000010 0.148129 0.679529 0.000010 0.172312 0.000010
0.000010 0.145949 0.692909 0.004170 0.156952 0.000010
0.000010 0.089462 0.670371 0.010368 0.229779 0.000010
0.112739 0.040962 0.619618 0.014368 0.120520 0.091793
0.126616 0.064188 0.594512 0.019239 0.117861 0.077584
0.102861 0.047774 0.610173 0.010326 0.136639 0.092227
0.128220 0.040855 0.627057 0.010573 0.102253 0.091042
0.096906 0.047166 0.652365 0.011489 0.120672 0.071402
0.098319 0.051085 0.639239 0.002393 0.125341 0.083623
0.083862 0.033703 0.663163 0.016774 0.108814 0.093685
0.102848 0.056849 0.626597 0.022004 0.119943 0.071759
0.116342 0.000010 0.693947 0.013465 0.129624 0.046611
0.204052 0.063259 0.432297 0.035794 0.149677 0.114922
0.161819 0.096797 0.518805 0.019370 0.099869 0.103339
0.093828 0.020948 0.675967 0.019132 0.123544 0.066581
0.115049 0.000010 0.250958 0.012605 0.000010 0.621369
0.090104 0.059365 0.645096 0.018589 0.118121 0.068726
0.086065 0.043050 0.620203 0.019404 0.155867 0.075411
0.000010 0.999950 0.000010 0.000010 0.000010 0.000010
0.000010 0.999950 0.000010 0.000010 0.000010 0.000010
0.000010 0.999950 0.000010 0.000010 0.000010 0.000010
0.000010 0.999950 0.000010 0.000010 0.000010 0.000010
0.000010 0.883050 0.091148 0.001775 0.017700 0.006317
0.000010 0.999950 0.000010 0.000010 0.000010 0.000010
0.000010 0.999177 0.000010 0.000783 0.000010 0.000010
0.000010 0.999950 0.000010 0.000010 0.000010 0.000010
0.000010 0.999950 0.000010 0.000010 0.000010 0.000010
0.000010 0.938055 0.043158 0.000010 0.018757 0.000010
0.000010 0.999950 0.000010 0.000010 0.000010 0.000010
0.000010 0.911357 0.017932 0.002129 0.058905 0.009667
0.018960 0.804076 0.143884 0.000010 0.026945 0.006125
0.000010 0.999950 0.000010 0.000010 0.000010 0.000010
0.038808 0.022622 0.307628 0.000010 0.614956 0.015976
0.038462 0.038594 0.310237 0.000010 0.610260 0.002438
0.059721 0.012709 0.309017 0.000010 0.606192 0.012350
0.036394 0.064283 0.321075 0.000010 0.571032 0.007206
0.054609 0.000010 0.298685 0.010254 0.628148 0.008294
0.037952 0.048581 0.329171 0.000010 0.562738 0.021549
0.049033 0.036622 0.273101 0.000905 0.614663 0.025676
0.061442 0.006334 0.275489 0.011184 0.625046 0.020505
0.000010 0.377923 0.298619 0.011974 0.311464 0.000010
0.000010 0.351204 0.350697 0.004571 0.293509 0.000010
0.000010 0.393775 0.302246 0.008545 0.295414 0.000010
0.000010 0.376290 0.318758 0.000010 0.304921 0.000010
0.000010 0.362308 0.305844 0.000010 0.331818 0.000010
0.000010 0.335511 0.358625 0.003518 0.302326 0.000010
0.000010 0.388429 0.311342 0.003165 0.286265 0.010788
0.004092 0.388673 0.304255 0.000824 0.302146 0.000010
0.000010 0.362733 0.341680 0.000010 0.295557 0.000010
0.000010 0.397249 0.313766 0.000010 0.288955 0.000010
0.000010 0.391782 0.285584 0.008750 0.313864 0.000010
0.000010 0.354581 0.332094 0.000010 0.310487 0.002818
0.000010 0.346366 0.367095 0.000011 0.286508 0.000010
0.000430 0.389150 0.330150 0.000010 0.280250 0.000010
0.000010 0.349981 0.343366 0.002410 0.303511 0.000723
0.005474 0.391542 0.292777 0.005442 0.304517 0.000247
0.000010 0.358464 0.311249 0.000010 0.317416 0.012850
0.000010 0.358432 0.334761 0.002347 0.304441 0.000010
0.000010 0.364473 0.335939 0.000010 0.299558 0.000010
0.000010 0.383522 0.299774 0.000011 0.316673 0.000010
0.000010 0.389301 0.319141 0.002928 0.288610 0.000010
0.000010 0.384451 0.342651 0.000010 0.272868 0.000010
0.000010 0.345963 0.342416 0.000010 0.311591 0.000010
0.000010 0.389189 0.317669 0.000010 0.293113 0.000010
0.000010 0.351944 0.329753 0.013972 0.304311 0.000010
0.000010 0.319429 0.337671 0.002272 0.340608 0.000010
0.000010 0.081864 0.355538 0.000010 0.562567 0.000010
0.000010 0.128179 0.464025 0.007663 0.400114 0.000010
0.000010 0.048977 0.365112 0.000010 0.585880 0.000010
0.008541 0.144294 0.496076 0.011097 0.314636 0.025357
0.000010 0.144428 0.455572 0.002218 0.382632 0.015140
0.004114 0.075260 0.400281 0.000010 0.518462 0.001873
0.000010 0.044652 0.342315 0.000010 0.613003 0.000010
0.000010 0.103490 0.479787 0.009422 0.394327 0.012965
0.001122 0.155204 0.458863 0.017851 0.360122 0.006838
0.000010 0.075996 0.414143 0.005201 0.489731 0.014919
0.000010 0.065807 0.350481 0.000010 0.583682 0.000010
0.000010 0.121131 0.368822 0.006470 0.503557 0.000010
0.000010 0.382082 0.328580 0.004244 0.285074 0.000010
0.000010 0.370046 0.328601 0.000010 0.296880 0.004453
0.000010 0.104102 0.389971 0.005151 0.500756 0.000010
0.009788 0.085137 0.297981 0.000357 0.606727 0.000010
0.000010 0.059266 0.401511 0.000010 0.522659 0.016544
0.007310 0.170227 0.454254 0.004002 0.362723 0.001485
0.000010 0.137218 0.475422 0.003275 0.384064 0.000010
0.000010 0.055823 0.366156 0.000010 0.577991 0.000010
0.000010 0.117939 0.397258 0.009696 0.471163 0.003934
0.000010 0.054005 0.356248 0.000010 0.589718 0.000010
0.000010 0.079135 0.351039 0.000010 0.562723 0.007082
0.001601 0.064057 0.344523 0.000010 0.589632 0.000177
0.000010 0.108076 0.428587 0.000010 0.463307 0.000010
0.000010 0.359527 0.316838 0.009048 0.313589 0.000987
0.012939 0.124212 0.505493 0.003325 0.349427 0.004604
0.000010 0.102012 0.387610 0.003210 0.507147 0.000010
0.007128 0.093016 0.424702 0.009120 0.456237 0.009796
0.000010 0.075038 0.361740 0.000010 0.563192 0.000010
0.000010 0.059153 0.339995 0.000010 0.600822 0.000010
0.000010 0.141513 0.458815 0.007860 0.391792 0.000010
0.000010 0.081393 0.420724 0.000010 0.497852 0.000010
0.000010 0.074337 0.417149 0.006428 0.502066 0.000010
0.000010 0.148833 0.513629 0.012714 0.324805 0.000010
0.002158 0.140380 0.461846 0.008200 0.384962 0.002453
0.000752 0.083198 0.415651 0.004553 0.491061 0.004784
0.000010 0.076685 0.474772 0.015616 0.417350 0.015568
0.000010 0.063363 0.450831 0.012590 0.473195 0.000010
0.031524 0.102618 0.416348 0.000488 0.449012 0.000010
0.008259 0.105174 0.471496 0.000010 0.400321 0.014740
0.008046 0.119757 0.441316 0.000010 0.430861 0.000010
0.000010 0.099848 0.431714 0.000773 0.467645 0.000010
0.000010 0.066203 0.496589 0.000010 0.424334 0.012855
0.003340 0.074187 0.431909 0.000010 0.478746 0.011807
0.000010 0.099690 0.499647 0.002753 0.389203 0.008696
0.057217 0.073655 0.562849 0.009470 0.262399 0.034409
0.082218 0.011874 0.617494 0.000010 0.246369 0.042034
0.087939 0.026833 0.593389 0.000010 0.237331 0.054497
0.105597 0.004294 0.753174 0.015788 0.029545 0.091602
0.048528 0.048704 0.587378 0.017987 0.204993 0.092410
0.056879 0.013058 0.618959 0.008980 0.232724 0.069399
0.045696 0.024026 0.608281 0.000010 0.253548 0.068439
0.072438 0.000010 0.619056 0.000010 0.216689 0.091797
0.002564 0.077109 0.494610 0.003466 0.403400 0.018850
0.069524 0.036918 0.604119 0.010191 0.223838 0.055409
0.000010 0.030883 0.453790 0.019675 0.495632 0.000010
0.010382 0.062108 0.457644 0.000010 0.460672 0.009185
0.000010 0.047137 0.442743 0.007370 0.485783 0.016957
0.015966 0.040097 0.468804 0.006132 0.468991 0.000010
0.013801 0.051299 0.432490 0.001855 0.490523 0.010031
0.014182 0.046344 0.449518 0.007381 0.482566 0.000010
0.000010 0.063569 0.466621 0.000010 0.465048 0.004742
0.000010 0.063895 0.444237 0.000010 0.485091 0.006756
0.000010 0.034269 0.472135 0.000010 0.476752 0.016824
0.016819 0.065894 0.407656 0.006253 0.490328 0.013049
0.009124 0.783683 0.204335 0.001240 0.000010 0.001607
0.014430 0.472988 0.338651 0.001247 0.150020 0.022664
0.006696 0.597893 0.230357 0.015280 0.134301 0.015473
0.014730 0.743105 0.172611 0.000010 0.061055 0.008488
0.003701 0.637183 0.219411 0.014952 0.097904 0.026850
0.000095 0.528557 0.288742 0.007749 0.140762 0.034095
0.018555 0.651316 0.210987 0.000010 0.112431 0.006701
0.009371 0.866361 0.112038 0.000010 0.009845 0.002374
0.039478 0.487047 0.285732 0.002386 0.176677 0.008679
0.010172 0.538169 0.309534 0.005074 0.135402 0.001650
0.010977 0.467497 0.322567 0.007875 0.177369 0.013716
0.019096 0.446618 0.350171 0.003867 0.154753 0.025496
0.017755 0.530567 0.255087 0.010116 0.152600 0.033875
0.012179 0.513219 0.292688 0.000010 0.150004 0.031900
0.023407 0.524897 0.295763 0.009617 0.146307 0.000010
0.012892 0.532808 0.288105 0.002851 0.162196 0.001148
0.015591 0.515268 0.302120 0.016448 0.146636 0.003937
0.001211 0.510788 0.315992 0.010528 0.150670 0.010810
0.052177 0.373373 0.354198 0.000010 0.198808 0.021434
0.000369 0.296826 0.398153 0.009192 0.267525 0.027935
0.028316 0.290119 0.412743 0.003338 0.233944 0.031540
0.005599 0.333669 0.389349 0.009043 0.240884 0.021455
0.000010 0.305377 0.387937 0.009505 0.240734 0.056437
0.015318 0.274336 0.411736 0.006488 0.261857 0.030264
0.007921 0.452659 0.347803 0.008052 0.181433 0.002131
0.003305 0.709143 0.187575 0.008927 0.080811 0.010240
0.000010 0.732824 0.184536 0.000010 0.082610 0.000010
0.030332 0.426780 0.332907 0.008830 0.193909 0.007242
0.013898 0.452294 0.316602 0.013855 0.199103 0.004247
0.006044 0.766806 0.155706 0.012389 0.054707 0.004348
0.000010 0.471264 0.329631 0.000010 0.175310 0.023775
0.002736 0.622484 0.229197 0.013381 0.128843 0.003359
0.003595 0.368123 0.406611 0.008158 0.194428 0.019085
0.022578 0.421958 0.358624 0.006012 0.190818 0.000010
0.003245 0.408321 0.358587 0.010442 0.219395 0.000010
0.025616 0.364696 0.369578 0.008928 0.206519 0.024663
0.005960 0.397447 0.336964 0.001733 0.233725 0.024171
0.007942 0.379030 0.367236 0.008049 0.195308 0.042434
0.012182 0.356387 0.384873 0.013827 0.212612 0.020120
0.000010 0.158699 0.505404 0.009976 0.300062 0.025849
0.042965 0.161752 0.455453 0.005919 0.331942 0.001969
0.000010 0.156447 0.538290 0.013335 0.276545 0.015373
0.031345 0.179581 0.473145 0.003222 0.290024 0.022682
0.008369 0.156752 0.498905 0.019750 0.296394 0.019830
0.024817 0.168339 0.478219 0.008583 0.293363 0.026680
0.000010 0.173198 0.468575 0.016119 0.309030 0.033067
0.012991 0.148292 0.465429 0.011003 0.356484 0.005801
0.026714 0.191442 0.477969 0.011127 0.280521 0.012226
0.013225 0.157806 0.471676 0.007906 0.301290 0.048097
0.000010 0.014092 0.308243 0.000010 0.663853 0.013792
0.000010 0.000010 0.323621 0.000011 0.676339 0.000010
0.000010 0.000010 0.287715 0.000011 0.712245 0.000010
0.000010 0.000010 0.271754 0.000010 0.728206 0.000010
0.000010 0.009399 0.307242 0.007842 0.675497 0.000010
0.000010 0.000010 0.288578 0.001434 0.709958 0.000010
0.000010 0.010882 0.273665 0.000010 0.692386 0.023047
0.000010 0.021507 0.315862 0.006932 0.655680 0.000010
0.000010 0.012421 0.313027 0.000010 0.674522 0.000010
0.000010 0.000010 0.308296 0.004444 0.687231 0.000010
0.016298 0.003676 0.421475 0.008166 0.524719 0.025666
0.005974 0.000010 0.383797 0.001641 0.575595 0.032982
0.039240 0.000010 0.410805 0.001171 0.512975 0.035799
0.039241 0.000010 0.402534 0.000010 0.544896 0.013309
0.037563 0.000010 0.373028 0.000010 0.576834 0.012556
0.017888 0.000010 0.380404 0.006234 0.568720 0.026744
0.021800 0.009567 0.425647 0.007674 0.518876 0.016437
0.023447 0.010161 0.450234 0.003203 0.512944 0.000010
0.000010 0.037175 0.403816 0.000011 0.558977 0.000010
0.000010 0.080000 0.418848 0.011735 0.489398 0.000010
0.000010 0.108374 0.397992 0.002374 0.491241 0.000010
0.000010 0.047859 0.430035 0.000010 0.522076 0.000010
0.000010 0.037201 0.421428 0.013209 0.528141 0.000010
0.000010 0.063504 0.405690 0.002811 0.527975 0.000010
0.000010 0.072955 0.372889 0.002064 0.552072 0.000010
0.000010 0.074665 0.409889 0.009264 0.506163 0.000010
0.004251 0.057803 0.411783 0.000010 0.526143 0.000010
0.005442 0.081591 0.393813 0.000011 0.519134 0.000010
0.045633 0.090531 0.544019 0.012212 0.254880 0.052726
0.064399 0.048467 0.567936 0.007598 0.252683 0.058917
0.053280 0.036091 0.619418 0.008067 0.232306 0.050837
0.085381 0.054387 0.593789 0.004768 0.201160 0.060514
0.076272 0.046024 0.563697 0.000010 0.222706 0.091290
0.061584 0.019534 0.628040 0.000010 0.218794 0.072037
0.056237 0.056481 0.614582 0.006071 0.191156 0.075472
0.090775 0.052187 0.623036 0.003488 0.190042 0.040472
0.063226 0.044113 0.608521 0.005243 0.198826 0.080072
0.060752 0.166843 0.500689 0.000010 0.208797 0.062910
0.090242 0.125566 0.484360 0.011646 0.206630 0.081555
0.072602 0.130187 0.531572 0.016770 0.145016 0.103853
0.062888 0.179248 0.457578 0.018035 0.203790 0.078461
0.049651 0.175735 0.487442 0.001232 0.215584 0.070356
0.060459 0.147368 0.506033 0.006713 0.222664 0.056763
0.057939 0.196373 0.478303 0.009706 0.202377 0.055302
0.072175 0.117875 0.527379 0.000010 0.232108 0.050453
0.074544 0.154983 0.457021 0.006716 0.224874 0.081862
0.064745 0.165899 0.484979 0.015008 0.179332 0.090037
0.000010 0.000010 0.000010 0.000010 0.999950 0.000010
0.000010 0.000010 0.000010 0.000010 0.999950 0.000010
0.000010 0.000010 0.044145 0.000010 0.952043 0.003782
0.002116 0.170936 0.483642 0.008509 0.315247 0.019551
0.000010 0.000010 0.000010 0.000010 0.999950 0.000010
0.000010 0.000010 0.000010 0.000010 0.999950 0.000010
0.000010 0.010577 0.046876 0.000010 0.942517 0.000010
0.000010 0.317993 0.366447 0.012171 0.303369 0.000010
0.000010 0.000010 0.000010 0.000010 0.999950 0.000010
0.000010 0.000010 0.050920 0.002547 0.946146 0.000366
0.000010 0.000010 0.045761 0.000010 0.954199 0.000010
0.004528 0.310993 0.366329 0.010317 0.302177 0.005656
0.000010 0.021623 0.041063 0.000010 0.916784 0.020510
0.000010 0.024721 0.001730 0.000010 0.959331 0.014197
0.000010 0.000010 0.000010 0.000010 0.999950 0.000010
0.000010 0.023450 0.070305 0.000010 0.906215 0.000010
0.000010 0.000010 0.000010 0.000010 0.999950 0.000010
0.000010 0.000010 0.048807 0.003842 0.947321 0.000010
0.000010 0.289809 0.433592 0.001493 0.275086 0.000010
0.000010 0.000010 0.000010 0.000010 0.999950 0.000010
0.000010 0.006556 0.076561 0.000608 0.916255 0.000010
0.000010 0.301617 0.369644 0.010147 0.297265 0.021317
0.000010 0.000010 0.000010 0.000010 0.999950 0.000010
0.000010 0.000010 0.085855 0.000010 0.914105 0.000010
0.000010 0.332528 0.369400 0.000010 0.298042 0.000010
0.000938 0.020711 0.338494 0.005345 0.634503 0.000010
0.000010 0.025308 0.360772 0.000010 0.613890 0.000010
0.000010 0.032592 0.335618 0.000010 0.631761 0.000010
0.000010 0.043044 0.316187 0.000010 0.632154 0.008595
0.000010 0.043534 0.316210 0.005264 0.634972 0.000010
0.009155 0.053485 0.308142 0.001857 0.627351 0.000010
0.000010 0.035542 0.333957 0.000011 0.630470 0.000010
0.000010 0.026640 0.307597 0.000010 0.655892 0.009850
0.063532 0.050852 0.299904 0.010059 0.552546 0.023107
0.005916 0.028452 0.324069 0.001139 0.640414 0.000010
0.070830 0.013128 0.264657 0.000010 0.623981 0.027394
0.072201 0.047261 0.277783 0.009549 0.560393 0.032812
0.025507 0.067339 0.358693 0.002850 0.534242 0.011369
0.054039 0.051381 0.305680 0.010808 0.539946 0.038146
0.031508 0.072546 0.325478 0.011628 0.549802 0.009038
0.075980 0.000010 0.235204 0.000010 0.647106 0.041689
0.072344 0.000010 0.250116 0.000010 0.631903 0.045616
0.055149 0.062511 0.298187 0.009795 0.552140 0.022217
0.000010 0.811044 0.121850 0.000010 0.067075 0.000010
0.000010 0.944692 0.050132 0.000010 0.005146 0.000010
0.000010 0.999950 0.000010 0.000010 0.000010 0.000010
0.000010 0.984235 0.004492 0.000010 0.000010 0.011243
0.000010 0.999496 0.000010 0.000010 0.000464 0.000010
0.015806 0.959430 0.021090 0.001005 0.000010 0.002659
0.000010 0.988537 0.000010 0.000010 0.000010 0.011423
0.000010 0.955619 0.037840 0.006511 0.000010 0.000010
0.000010 0.999950 0.000010 0.000010 0.000010 0.000010
0.000010 0.999950 0.000010 0.000010 0.000010 0.000010
0.000010 0.999950 0.000010 0.000010 0.000010 0.000010
0.032588 0.177855 0.483287 0.022296 0.232083 0.051891
0.048763 0.186314 0.440846 0.017780 0.255511 0.050786
0.053193 0.109475 0.546268 0.011583 0.229840 0.049640
0.045664 0.147687 0.513076 0.006174 0.262932 0.024469
0.092069 0.115937 0.552131 0.007062 0.155400 0.077402
0.139103 0.007509 0.392479 0.024343 0.009439 0.427126
0.185217 0.052619 0.568643 0.018821 0.014188 0.160512
0.123364 0.000010 0.273437 0.007828 0.019272 0.576090
0.154326 0.030281 0.439854 0.028350 0.000010 0.347179
0.146658 0.033301 0.653106 0.015222 0.008103 0.143610
0.113154 0.018289 0.716556 0.011099 0.000010 0.140891
0.128355 0.039532 0.691329 0.012380 0.000010 0.128393
0.134565 0.040043 0.657019 0.012249 0.013406 0.142718
0.148136 0.020391 0.677289 0.013116 0.002672 0.138397
0.159334 0.011870 0.672079 0.000231 0.000010 0.156477
0.132624 0.043679 0.644985 0.012434 0.000010 0.166268
0.114355 0.015097 0.731069 0.002798 0.000010 0.136671
0.125872 0.026999 0.703605 0.008864 0.013352 0.121308
0.161644 0.007782 0.640803 0.011352 0.000010 0.178409
0.110204 0.053218 0.672710 0.008977 0.043171 0.111720
0.111135 0.116326 0.561823 0.003985 0.116209 0.090523
0.130796 0.042726 0.673620 0.004170 0.000010 0.148678
0.139919 0.070511 0.594316 0.014138 0.047146 0.133971
0.033449 0.175637 0.491954 0.019005 0.247704 0.032251
0.128827 0.053555 0.675217 0.008961 0.001992 0.131448
0.142747 0.094659 0.596477 0.012363 0.037120 0.116633
0.146953 0.078272 0.548960 0.010139 0.115913 0.099763
0.245708 0.000010 0.560264 0.023507 0.000010 0.170501
0.152632 0.140034 0.563784 0.011350 0.022921 0.109279
0.204791 0.016334 0.558104 0.031654 0.014599 0.174517
0.114787 0.153801 0.556977 0.011396 0.047696 0.115343
0.205600 0.029247 0.540935 0.008852 0.013000 0.202366
0.132194 0.149331 0.555938 0.000474 0.044856 0.117206
0.230760 0.038874 0.526323 0.029457 0.012993 0.161593
0.076132 0.000010 0.728994 0.000010 0.071633 0.123221
0.215518 0.033738 0.550548 0.027650 0.008429 0.164117
0.091741 0.020005 0.727210 0.000010 0.078910 0.082124
0.176530 0.026049 0.621951 0.017263 0.003491 0.154716
0.093275 0.000010 0.732706 0.000010 0.096952 0.077047
0.097229 0.170417 0.515323 0.007962 0.093247 0.115822
0.263782 0.000010 0.546452 0.018915 0.000010 0.170831
0.091327 0.034316 0.603491 0.023687 0.157466 0.089712
0.128341 0.126924 0.577000 0.017164 0.052374 0.098198
0.236618 0.000010 0.552351 0.030969 0.000534 0.179518
0.131851 0.122768 0.570117 0.025030 0.043559 0.106675
0.148186 0.021253 0.674300 0.008197 0.000010 0.148054
0.054784 0.161073 0.464760 0.008018 0.236671 0.074693
0.138054 0.064325 0.646567 0.009164 0.015531 0.126359
0.088944 0.042475 0.621307 0.000010 0.168163 0.079101
0.123555 0.045846 0.658094 0.006792 0.018651 0.147063
0.063849 0.027731 0.655404 0.000010 0.184247 0.068760
0.224803 0.001360 0.546453 0.029996 0.000010 0.197377
0.098660 0.010029 0.748977 0.001047 0.022601 0.118688
0.138842 0.046684 0.636917 0.004702 0.032342 0.140513
0.100660 0.000010 0.748792 0.010540 0.016095 0.123903
0.229364 0.023011 0.532003 0.033067 0.007930 0.174624
0.086343 0.001236 0.769712 0.000010 0.025048 0.117651
0.089875 0.011573 0.757090 0.006899 0.024494 0.110069
0.191808 0.019750 0.624706 0.016480 0.000010 0.147246
0.037723 0.134240 0.500971 0.004895 0.294344 0.027827
0.091387 0.051212 0.667504 0.000010 0.086867 0.103020
0.143328 0.028822 0.653030 0.005991 0.000010 0.168819
0.002165 0.102714 0.451308 0.000010 0.442462 0.001341
0.121646 0.010973 0.687256 0.010411 0.048402 0.121312
0.225289 0.000010 0.580076 0.024917 0.005245 0.164463
0.093031 0.000010 0.773004 0.004979 0.020059 0.108917
0.113397 0.041409 0.733589 0.006444 0.000010 0.105151
0.275787 0.026139 0.486174 0.025607 0.009003 0.177290
0.052530 0.062813 0.706827 0.017831 0.057715 0.102283
0.104621 0.029530 0.729674 0.000010 0.002912 0.133252
0.215994 0.000010 0.550798 0.016981 0.000010 0.216207
0.115569 0.031468 0.693900 0.009228 0.065208 0.084626
0.151997 0.005250 0.712356 0.000010 0.000010 0.130377
0.215736 0.049265 0.530227 0.008250 0.023722 0.172800
0.006737 0.131406 0.464201 0.000010 0.380709 0.016936
0.078039 0.036579 0.653673 0.000010 0.128973 0.102725
0.238532 0.002441 0.544844 0.013782 0.007196 0.193205
0.128986 0.059116 0.680667 0.012835 0.005697 0.112700
0.000010 0.076066 0.451137 0.000010 0.462883 0.009895
0.254094 0.000010 0.533262 0.027230 0.000010 0.185393
0.120857 0.031820 0.726192 0.003617 0.003911 0.113604
0.010088 0.107601 0.482879 0.006144 0.348876 0.044411
0.178421 0.072939 0.548454 0.008767 0.034643 0.156776
0.037329 0.071286 0.536489 0.000010 0.290693 0.064193
0.119719 0.010763 0.721637 0.000010 0.012712 0.135158
0.222001 0.021623 0.552177 0.026779 0.015529 0.161890
0.123516 0.163824 0.528303 0.002114 0.080146 0.102097
0.064420 0.067514 0.569355 0.000010 0.230137 0.068564
0.238260 0.000010 0.538801 0.030912 0.000010 0.192007
0.117781 0.133896 0.586040 0.002326 0.050911 0.109047
0.022659 0.072859 0.519967 0.000010 0.344209 0.040296
0.240752 0.000010 0.548252 0.027956 0.000010 0.183020
0.124375 0.097042 0.598439 0.009813 0.053435 0.116897
0.116972 0.061833 0.658295 0.012406 0.013457 0.137036
0.242591 0.028352 0.508744 0.018233 0.000010 0.202070
0.145405 0.075427 0.581274 0.007225 0.074030 0.116638
0.090975 0.025744 0.734896 0.000010 0.060218 0.088158
0.258930 0.000010 0.515578 0.023103 0.000010 0.202369
0.098293 0.114150 0.596602 0.005778 0.097777 0.087399
0.040862 0.091951 0.486843 0.013895 0.345192 0.021257
0.236217 0.027511 0.535516 0.019031 0.011893 0.169832
0.058447 0.145863 0.537093 0.005277 0.193322 0.059997
0.128788 0.067899 0.689935 0.002674 0.000010 0.110694
0.220326 0.028176 0.523274 0.030356 0.018895 0.178973
0.128192 0.102599 0.585947 0.002165 0.067450 0.113647
0.077785 0.024498 0.763858 0.001187 0.009822 0.122850
0.260947 0.005159 0.543105 0.018773 0.005803 0.166213
0.149938 0.093640 0.605119 0.001213 0.054087 0.096002
0.038877 0.062450 0.613205 0.005707 0.200150 0.079611
0.243698 0.000010 0.517149 0.036984 0.010339 0.191820
0.122883 0.073922 0.628056 0.013634 0.045051 0.116454
0.048582 0.064667 0.605300 0.004050 0.197710 0.079691
0.261534 0.007225 0.512973 0.038863 0.000010 0.179394
0.122162 0.087474 0.647262 0.013206 0.027014 0.102882
0.103338 0.010688 0.741213 0.001087 0.007938 0.135735
0.210210 0.023933 0.574825 0.016838 0.015284 0.158909
0.204299 0.009298 0.555354 0.024176 0.011524 0.195349
0.062308 0.037006 0.704014 0.006993 0.091298 0.098381
0.269906 0.000010 0.549082 0.015066 0.000010 0.165926
0.000010 0.117886 0.446131 0.008215 0.411849 0.015909
0.023421 0.093680 0.504982 0.000010 0.375680 0.002227
0.137137 0.099733 0.614659 0.007166 0.025990 0.115314
0.134718 0.030512 0.707004 0.000010 0.000010 0.127747
0.114451 0.144609 0.577958 0.016999 0.061852 0.084131
0.105799 0.092522 0.600318 0.006406 0.086617 0.108338
0.360509 0.000010 0.480350 0.024385 0.000010 0.134735
0.311031 0.005021 0.516834 0.025910 0.000010 0.141195
0.319055 0.000010 0.498012 0.038082 0.000010 0.144831
0.361291 0.025728 0.446218 0.030914 0.000010 0.135840
0.290708 0.006861 0.516942 0.021697 0.000010 0.163782
0.250289 0.020598 0.535626 0.026748 0.006069 0.160670
0.286970 0.000010 0.529370 0.015690 0.000010 0.167950
0.304809 0.000010 0.494910 0.015708 0.000010 0.184553
0.275403 0.001613 0.505801 0.031214 0.000010 0.185959
0.315682 0.000010 0.508744 0.018177 0.000010 0.157378
0.295689 0.000010 0.491782 0.026319 0.000010 0.186191
0.334831 0.000010 0.495879 0.016688 0.000010 0.152582
0.309720 0.000010 0.503168 0.018612 0.006062 0.162428
0.238149 0.006497 0.566053 0.013443 0.000010 0.175848
0.325103 0.000010 0.468245 0.021172 0.000010 0.185460
0.325246 0.000010 0.500580 0.012608 0.000010 0.161546
0.314172 0.000010 0.471560 0.022539 0.012715 0.179004
0.303245 0.000010 0.489709 0.020609 0.000010 0.186417
0.332562 0.000010 0.493071 0.014212 0.000010 0.160136
0.302354 0.000010 0.531070 0.027045 0.000010 0.139510
0.326831 0.000010 0.494876 0.011076 0.000010 0.167197
0.242960 0.026156 0.536361 0.035944 0.000010 0.158568
0.291665 0.000010 0.528277 0.012494 0.000010 0.167545
0.295147 0.000010 0.535541 0.016520 0.000010 0.152773
0.286088 0.000010 0.528285 0.007218 0.000010 0.178388
0.297106 0.000010 0.543791 0.009687 0.000010 0.149395
0.286920 0.000010 0.513805 0.022183 0.000010 0.177071
0.290752 0.000010 0.530414 0.023402 0.000010 0.155411
0.254601 0.000010 0.580441 0.020635 0.000010 0.144303
0.274105 0.000010 0.470996 0.032366 0.004532 0.217991
0.293473 0.007825 0.487954 0.029864 0.009667 0.171217
0.301893 0.000010 0.556398 0.011778 0.000010 0.129910
0.303361 0.000010 0.560830 0.013282 0.000010 0.122507
0.259168 0.000010 0.546974 0.013530 0.000010 0.180307
0.251834 0.021005 0.519127 0.010631 0.034773 0.162630
0.239995 0.000010 0.551940 0.031948 0.009521 0.166586
0.207002 0.025036 0.582356 0.020337 0.000010 0.165259
0.000010 0.000010 0.000010 0.000010 0.000010 0.999950
0.000010 0.000010 0.000010 0.000010 0.000010 0.999950
0.048066 0.000010 0.150581 0.012644 0.000010 0.788690
0.048842 0.000010 0.142582 0.000010 0.000010 0.808546
0.000010 0.000010 0.000010 0.000020 0.000010 0.999940
0.041820 0.000010 0.083547 0.000010 0.000960 0.873653
0.000010 0.000010 0.000010 0.000010 0.000010 0.999950
0.093842 0.000010 0.164664 0.000010 0.000010 0.741465
0.045576 0.000010 0.121310 0.000875 0.000010 0.832220
0.083230 0.002866 0.132801 0.014598 0.000422 0.766082
0.047429 0.000010 0.127724 0.011111 0.000010 0.813717
0.000010 0.000010 0.066175 0.003084 0.000010 0.930711
0.000010 0.000010 0.000010 0.000010 0.000010 0.999950
0.035666 0.000010 0.086614 0.000560 0.000010 0.877139
0.000010 0.000017 0.000012 0.000016 0.000010 0.999935
0.000010 0.000010 0.000010 0.000010 0.000010 0.999950
0.030990 0.000010 0.019390 0.000010 0.000010 0.949590
0.000010 0.000010 0.000010 0.000010 0.000010 0.999950
0.066551 0.000010 0.127192 0.003643 0.000010 0.802594
0.077973 0.000010 0.184049 0.000530 0.000010 0.737428
0.044892 0.000010 0.105377 0.009452 0.000010 0.840259
0.081006 0.000010 0.124100 0.016064 0.000010 0.778810
