0.074105 0.106201 0.819694
0.067922 0.107893 0.824185
0.000010 0.000010 0.999980
0.000010 0.000010 0.999980
0.000711 0.000010 0.999279
0.000010 0.000010 0.999980
0.091683 0.042893 0.865424
0.000010 0.000010 0.999980
0.000010 0.000010 0.999980
0.000010 0.000010 0.999980
0.000010 0.000010 0.999980
0.000010 0.000010 0.999980
0.093580 0.000010 0.906410
0.002026 0.000010 0.997964
0.000010 0.000010 0.999980
0.009559 0.000010 0.990431
0.003130 0.000010 0.996860
0.000010 0.000010 0.999980
0.000010 0.000010 0.999980
0.101295 0.054811 0.843894
0.034414 0.000010 0.965576
0.024468 0.003140 0.972392
0.000010 0.000010 0.999980
0.000010 0.000010 0.999980
0.000010 0.000513 0.999477
0.000010 0.000010 0.999980
0.000010 0.000010 0.999980
0.055562 0.077356 0.867082
0.000010 0.000010 0.999980
0.229004 0.059689 0.711307
0.101036 0.062470 0.836494
0.165885 0.059809 0.774306
0.444458 0.156232 0.399310
0.452954 0.150975 0.396071
0.395151 0.148359 0.456490
0.453085 0.155682 0.391233
0.434284 0.179244 0.386473
0.549720 0.191294 0.258986
0.447552 0.149560 0.402888
0.454753 0.291108 0.254139
0.378104 0.323383 0.298513
0.373687 0.270273 0.356040
0.448991 0.328828 0.222181
0.387270 0.271345 0.341385
0.425446 0.297802 0.276753
0.434946 0.297896 0.267158
0.367315 0.373665 0.259020
0.257600 0.227006 0.515394
0.267153 0.223608 0.509239
0.254657 0.247895 0.497449
0.255638 0.213126 0.531236
0.279166 0.236169 0.484665
0.274097 0.238603 0.487300
0.268799 0.224803 0.506398
0.280571 0.229784 0.489644
0.234883 0.252393 0.512724
0.202403 0.223313 0.574284
0.271885 0.189715 0.538400
0.255597 0.246031 0.498372
0.100005 0.001431 0.898564
0.287366 0.228749 0.483885
0.260507 0.269485 0.470008
0.999980 0.000010 0.000010
0.999980 0.000010 0.000010
0.999980 0.000010 0.000010
0.999980 0.000010 0.000010
0.938619 0.039930 0.021451
0.999980 0.000010 0.000010
0.999980 0.000010 0.000010
0.999980 0.000010 0.000010
0.999980 0.000010 0.000010
0.967860 0.032130 0.000010
0.999980 0.000010 0.000010
0.929364 0.070626 0.000010
0.869931 0.056170 0.073898
0.999980 0.000010 0.000010
0.131438 0.701231 0.167331
0.154211 0.697421 0.148369
0.122823 0.690730 0.186447
0.183716 0.660865 0.155419
0.099269 0.714674 0.186057
0.169642 0.648978 0.181380
0.135910 0.694103 0.169987
0.103547 0.704392 0.192061
0.518756 0.390677 0.090568
0.508612 0.377051 0.114337
0.531623 0.370505 0.097872
0.519306 0.382455 0.098239
0.499154 0.409867 0.090979
0.498059 0.391087 0.110854
0.523870 0.359755 0.116374
0.527889 0.375812 0.096299
0.518342 0.381537 0.100121
0.542954 0.371092 0.085954
0.523617 0.385227 0.091156
0.498754 0.388648 0.112598
0.522799 0.383446 0.093755
0.535472 0.358210 0.106318
0.497052 0.384556 0.118392
0.517782 0.370483 0.111735
0.503892 0.395389 0.100718
0.516364 0.388696 0.094940
0.512413 0.379635 0.107952
0.531621 0.399900 0.068480
0.539562 0.371521 0.088916
0.548764 0.363530 0.087707
0.506473 0.400651 0.092877
0.543516 0.380200 0.076285
0.494659 0.381885 0.123456
0.465797 0.425142 0.109061
0.236416 0.666842 0.096742
0.319072 0.511411 0.169517
0.203613 0.690318 0.106069
0.332220 0.422540 0.245240
0.322042 0.486959 0.190998
0.230928 0.614527 0.154545
0.192612 0.716922 0.090466
0.297093 0.506645 0.196262
0.335095 0.467296 0.197610
0.239055 0.590286 0.170659
0.222470 0.691164 0.086367
0.276054 0.604421 0.119525
0.526734 0.362691 0.110575
0.516140 0.378494 0.105366
0.275661 0.606745 0.117594
0.207285 0.692729 0.099987
0.225085 0.630017 0.144898
0.350720 0.464343 0.184937
0.330691 0.495810 0.173500
0.207302 0.676587 0.116111
0.280108 0.573104 0.146788
0.221183 0.699517 0.079300
0.223141 0.659847 0.117012
0.196652 0.686053 0.117295
0.291499 0.575754 0.132747
0.499598 0.387752 0.112650
0.320623 0.454666 0.224711
0.265828 0.609143 0.125029
0.255541 0.558210 0.186249
0.223220 0.661640 0.115140
0.211498 0.704285 0.084217
0.327285 0.503239 0.169476
0.250889 0.603459 0.145652
0.246241 0.611288 0.142470
0.356720 0.439036 0.204244
0.321588 0.489315 0.189097
0.237808 0.591104 0.171088
0.258108 0.524258 0.217634
0.246315 0.585680 0.168005
0.265425 0.547042 0.187533
0.289895 0.505626 0.204479
0.298526 0.539857 0.161617
0.272634 0.577417 0.149949
0.255504 0.539655 0.204841
0.238112 0.585890 0.175998
0.293655 0.500578 0.205767
0.275412 0.374386 0.350202
0.235915 0.359704 0.404381
0.234394 0.351299 0.414308
0.270210 0.150558 0.579232
0.259019 0.315276 0.425704
0.234600 0.352726 0.412674
0.246228 0.373348 0.380423
0.220159 0.332663 0.447178
0.270543 0.509825 0.219632
0.254740 0.339867 0.405393
0.206565 0.605402 0.188033
0.238564 0.565961 0.195475
0.213116 0.592037 0.194847
0.219122 0.577904 0.202974
0.213631 0.593105 0.193264
0.218050 0.594556 0.187393
0.241070 0.578527 0.180403
0.240812 0.586076 0.173112
0.216982 0.589553 0.193464
0.217185 0.592824 0.189991
0.876005 0.036957 0.087038
0.613690 0.216531 0.169779
0.697637 0.182506 0.119857
0.824270 0.096517 0.079214
0.731379 0.141472 0.127149
0.649234 0.199007 0.151759
0.745174 0.156307 0.098519
0.928844 0.032782 0.038374
0.604782 0.234932 0.160286
0.670974 0.196335 0.132691
0.600455 0.242757 0.156789
0.588440 0.225642 0.185918
0.640991 0.205788 0.153221
0.638016 0.210428 0.151556
0.654063 0.207500 0.138437
0.657829 0.222188 0.119983
0.640905 0.210155 0.148940
0.645452 0.215556 0.138992
0.516332 0.269046 0.214621
0.456608 0.354319 0.189073
0.452534 0.318443 0.229023
0.492179 0.321831 0.185990
0.461943 0.325106 0.212951
0.438387 0.349022 0.212590
0.595350 0.253440 0.151210
0.797522 0.119949 0.082529
0.824631 0.127027 0.048343
0.564044 0.263198 0.172758
0.581491 0.265948 0.152561
0.841620 0.088546 0.069834
0.606870 0.243969 0.149161
0.721891 0.178568 0.099540
0.535298 0.275615 0.189086
0.571630 0.265140 0.163231
0.556810 0.295708 0.147482
0.513895 0.281881 0.204224
0.533856 0.307790 0.158355
0.527271 0.273183 0.199546
0.509087 0.291825 0.199088
0.357469 0.407236 0.235294
0.336012 0.429662 0.234326
0.362284 0.391019 0.246698
0.361582 0.388485 0.249933
0.350872 0.402457 0.246671
0.347562 0.392400 0.260038
0.357184 0.410802 0.232014
0.327226 0.461425 0.211349
0.382716 0.380726 0.236559
0.344883 0.403170 0.251946
0.142485 0.755890 0.101625
0.132592 0.780486 0.086922
0.115570 0.812918 0.071512
0.101861 0.824080 0.074059
0.133822 0.766051 0.100127
0.120035 0.809908 0.070056
0.120753 0.779676 0.099572
0.149113 0.754264 0.096623
0.141122 0.772225 0.086653
0.125174 0.781956 0.092870
0.152009 0.633544 0.214447
0.132822 0.676524 0.190654
0.137991 0.616969 0.245040
0.126046 0.652244 0.221710
0.125955 0.678525 0.195520
0.103967 0.683620 0.212413
0.165071 0.624059 0.210870
0.177119 0.624051 0.198829
0.212902 0.675298 0.111800
0.250419 0.593356 0.156225
0.276142 0.594194 0.129664
0.224293 0.635307 0.140400
0.208066 0.638006 0.153928
0.226568 0.627736 0.145696
0.232697 0.652014 0.115288
0.248511 0.610237 0.141252
0.223108 0.630424 0.146468
0.244229 0.619455 0.136316
0.293304 0.361607 0.345089
0.254456 0.364474 0.381070
0.263316 0.350207 0.386477
0.268311 0.314263 0.417425
0.248026 0.329756 0.422218
0.241534 0.340039 0.418427
0.280554 0.309260 0.410186
0.276266 0.304918 0.418816
0.258862 0.311797 0.429341
0.351359 0.306721 0.341920
0.301740 0.299082 0.399179
0.322903 0.243924 0.433173
0.342644 0.295911 0.361445
0.357832 0.314323 0.327845
0.334646 0.320688 0.344666
0.373338 0.296794 0.329868
0.310748 0.335002 0.354250
0.320922 0.313994 0.365084
0.347772 0.271647 0.380581
0.000010 0.999980 0.000010
0.000010 0.999980 0.000010
0.003823 0.996167 0.000010
0.363348 0.418345 0.218308
0.000010 0.999980 0.000010
0.000010 0.999980 0.000010
0.023127 0.976863 0.000010
0.478025 0.394859 0.127116
0.000010 0.999980 0.000010
0.009347 0.990643 0.000010
0.009127 0.990863 0.000010
0.464924 0.385592 0.149484
0.042124 0.957866 0.000010
0.019719 0.980271 0.000010
0.000010 0.999980 0.000010
0.051807 0.948183 0.000010
0.000010 0.999980 0.000010
0.001689 0.998301 0.000010
0.467061 0.370080 0.162858
0.000010 0.999980 0.000010
0.037500 0.962490 0.000010
0.454913 0.379639 0.165448
0.000010 0.999980 0.000010
0.028766 0.971224 0.000010
0.494054 0.384053 0.121894
0.156896 0.730016 0.113089
0.168441 0.712859 0.118700
0.170683 0.730977 0.098340
0.168840 0.723175 0.107985
0.170214 0.728175 0.101611
0.176783 0.716555 0.106662
0.175885 0.733762 0.090353
0.153420 0.749709 0.096871
0.161611 0.633917 0.204472
0.153786 0.736215 0.109998
0.106841 0.702041 0.191119
0.141243 0.637175 0.221582
0.198544 0.631533 0.169923
0.161695 0.622768 0.215538
0.193088 0.638304 0.168607
0.079072 0.721889 0.199038
0.082201 0.709456 0.208342
0.167415 0.633044 0.199541
0.876875 0.097164 0.025961
0.977345 0.022645 0.000010
0.999980 0.000010 0.000010
0.999980 0.000010 0.000010
0.999980 0.000010 0.000010
0.987470 0.000010 0.012520
0.999980 0.000010 0.000010
0.988932 0.011058 0.000010
0.999980 0.000010 0.000010
0.999980 0.000010 0.000010
0.999980 0.000010 0.000010
0.357682 0.325528 0.316790
0.349428 0.342784 0.307788
0.301579 0.334932 0.363489
0.341615 0.366481 0.291904
0.310724 0.257216 0.432060
0.264531 0.178764 0.556705
0.201970 0.200539 0.597491
0.256040 0.190437 0.553523
0.228703 0.161928 0.609369
0.223641 0.209919 0.566440
0.251103 0.193537 0.555360
0.221814 0.197383 0.580803
0.254817 0.208395 0.536788
0.219080 0.138592 0.642327
0.247473 0.157970 0.594556
0.219280 0.212782 0.567938
0.209612 0.184685 0.605704
0.137998 0.070011 0.791992
0.247610 0.103464 0.648926
0.084626 0.068345 0.847029
0.180710 0.062949 0.756341
0.256913 0.112520 0.630566
0.266941 0.115019 0.618040
0.286836 0.100902 0.612262
0.265340 0.120124 0.614536
0.255067 0.112384 0.632549
0.240780 0.102453 0.656766
0.272202 0.105979 0.621818
0.268191 0.108863 0.622947
0.274190 0.131040 0.594770
0.230975 0.101438 0.667587
0.291101 0.154515 0.554384
0.309627 0.213571 0.476801
0.275560 0.107944 0.616496
0.274880 0.147671 0.577449
0.360797 0.345297 0.293906
0.287000 0.117264 0.595735
0.302704 0.138248 0.559048
0.262689 0.211738 0.525573
0.190381 0.074993 0.734626
0.333655 0.114153 0.552192
0.206094 0.099382 0.694524
0.346240 0.145395 0.508365
0.208969 0.097163 0.693868
0.346039 0.131761 0.522199
0.209611 0.094974 0.695416
0.241106 0.202418 0.556476
0.218146 0.092678 0.689176
0.268938 0.207042 0.524020
0.234425 0.108731 0.656844
0.224243 0.241728 0.534029
0.350904 0.183727 0.465369
0.182606 0.072164 0.745230
0.247021 0.268978 0.484001
0.332454 0.151360 0.516186
0.176033 0.088350 0.735617
0.319103 0.142584 0.538313
0.255488 0.105426 0.639086
0.328822 0.325385 0.345793
0.287818 0.117866 0.594315
0.264457 0.278624 0.456918
0.275474 0.123632 0.600894
0.261036 0.304344 0.434620
0.186975 0.072844 0.740181
0.266788 0.147959 0.585253
0.264461 0.139345 0.596194
0.249322 0.138267 0.612411
0.198810 0.088394 0.712796
0.270071 0.160534 0.569395
0.261005 0.148326 0.590669
0.230346 0.085787 0.683867
0.322352 0.398715 0.278933
0.275183 0.206084 0.518732
0.250689 0.104511 0.644800
0.276498 0.549338 0.174164
0.245324 0.158174 0.596503
0.179287 0.098037 0.722677
0.264247 0.147461 0.588292
0.300297 0.106585 0.593118
0.186252 0.082135 0.731613
0.314757 0.181505 0.503738
0.278840 0.127503 0.593657
0.158397 0.092342 0.749260
0.278958 0.179757 0.541285
0.260149 0.085573 0.654278
0.228687 0.105001 0.666312
0.309657 0.483163 0.207180
0.269935 0.241316 0.488749
0.185383 0.089403 0.725214
0.297529 0.115617 0.586855
0.241623 0.564857 0.193520
0.163858 0.076580 0.759562
0.284915 0.125298 0.589787
0.286699 0.447750 0.265551
0.256933 0.123246 0.619821
0.266448 0.399211 0.334341
0.261124 0.128168 0.610708
0.202196 0.099816 0.697988
0.353295 0.167387 0.479318
0.268819 0.337652 0.393529
0.174137 0.075538 0.750324
0.337585 0.146669 0.515746
0.262960 0.453140 0.283900
0.182310 0.074678 0.743012
0.309607 0.149474 0.540919
0.290339 0.116470 0.593191
0.196411 0.068868 0.734721
0.276093 0.173755 0.550151
0.285494 0.184863 0.529643
0.175821 0.045304 0.778876
0.321091 0.203844 0.475065
0.271227 0.444536 0.284236
0.211849 0.087019 0.701132
0.341530 0.296872 0.361599
0.307441 0.106016 0.586543
0.199595 0.098928 0.701476
0.307019 0.165129 0.527852
0.290572 0.135189 0.574239
0.181344 0.088341 0.730315
0.300029 0.158611 0.541360
0.280077 0.314014 0.405909
0.153748 0.095293 0.750959
0.291860 0.149448 0.558692
0.280588 0.310238 0.409174
0.179884 0.071587 0.748528
0.313409 0.131207 0.555385
0.262358 0.136123 0.601519
0.214693 0.106920 0.678387
0.189280 0.097682 0.713038
0.280604 0.210643 0.508752
0.173078 0.071587 0.755334
0.290326 0.515392 0.194283
0.284815 0.488341 0.226844
0.312700 0.128868 0.558432
0.281979 0.102935 0.615086
0.347841 0.158944 0.493214
0.305157 0.187533 0.507310
0.162496 0.030734 0.806769
0.178792 0.069961 0.751248
0.167962 0.056440 0.775599
0.179265 0.035696 0.785039
0.175839 0.070309 0.753852
0.191347 0.089488 0.719165
0.179789 0.057219 0.762992
0.147923 0.052323 0.799755
0.172354 0.061211 0.766434
0.133587 0.084316 0.782097
0.139411 0.066698 0.793891
0.154476 0.051912 0.793612
0.145020 0.084876 0.770104
0.186152 0.086699 0.727149
0.119631 0.067515 0.812854
0.128085 0.063747 0.808168
0.091548 0.106075 0.802376
0.140030 0.063735 0.796235
0.127225 0.052107 0.820668
0.136926 0.080953 0.782120
0.116295 0.082210 0.801495
0.202613 0.078438 0.718949
0.166776 0.070803 0.762421
0.139510 0.064068 0.796422
0.152209 0.076020 0.771771
0.149617 0.049221 0.801162
0.138456 0.063691 0.797853
0.177188 0.066467 0.756344
0.185206 0.068417 0.746377
0.146789 0.077881 0.775330
0.167061 0.081924 0.751015
0.163219 0.050050 0.786731
0.186013 0.037367 0.776620
0.169371 0.085664 0.744964
0.193065 0.118146 0.688790
0.176095 0.097506 0.726398
0.223582 0.072590 0.703828
0.000010 0.000010 0.999980
0.000010 0.000010 0.999980
0.052625 0.022595 0.924780
0.059248 0.003928 0.936824
0.015540 0.002231 0.982229
0.011486 0.028945 0.959569
0.000010 0.000010 0.999980
0.043959 0.015122 0.940919
0.003114 0.030691 0.966196
0.050751 0.028581 0.920668
0.053298 0.013945 0.932758
0.048889 0.000010 0.951101
0.000010 0.000010 0.999980
0.043534 0.000010 0.956456
0.000010 0.000010 0.999980
0.014110 0.000010 0.985880
0.014312 0.000010 0.985678
0.000010 0.000010 0.999980
0.057740 0.014293 0.927967
0.063058 0.020188 0.916754
0.036883 0.018809 0.944308
0.040648 0.002684 0.956668
