0.038862 0.084709 0.521280 0.355139 0.000010
0.026554 0.044534 0.533435 0.395467 0.000010
0.000010 0.000010 0.999960 0.000010 0.000010
0.000010 0.182744 0.817226 0.000010 0.000010
0.000010 0.163904 0.817050 0.000010 0.019026
0.000010 0.182236 0.734915 0.082829 0.000010
0.000010 0.122223 0.456355 0.421402 0.000010
0.000010 0.000010 0.999960 0.000010 0.000010
0.000010 0.156750 0.702975 0.140255 0.000010
0.000010 0.112249 0.803272 0.084460 0.000010
0.000010 0.113589 0.886381 0.000010 0.000010
0.000010 0.000010 0.999960 0.000010 0.000010
0.000010 0.000010 0.926000 0.000010 0.073970
0.000010 0.000010 0.999960 0.000010 0.000010
0.000010 0.000010 0.999960 0.000010 0.000010
0.000010 0.000010 0.999960 0.000010 0.000010
0.000010 0.000010 0.999960 0.000010 0.000010
0.000010 0.000010 0.999960 0.000010 0.000010
0.000010 0.000010 0.999960 0.000010 0.000010
0.000010 0.062091 0.576301 0.353021 0.008576
0.000010 0.000010 0.999960 0.000010 0.000010
0.000010 0.000010 0.999960 0.000010 0.000010
0.000012 0.000010 0.999958 0.000010 0.000010
0.000010 0.000010 0.999960 0.000010 0.000010
0.000010 0.000010 0.999960 0.000010 0.000010
0.000010 0.000010 0.999960 0.000010 0.000010
0.000010 0.000010 0.999960 0.000010 0.000010
0.060014 0.000010 0.906857 0.000010 0.033109
0.000010 0.000010 0.999960 0.000010 0.000010
0.020502 0.170607 0.377506 0.324099 0.107286
0.000010 0.159311 0.421669 0.419000 0.000010
0.001810 0.074544 0.493628 0.374923 0.055095
0.001891 0.000010 0.000010 0.861801 0.136288
0.000010 0.000010 0.000010 0.836318 0.163652
0.024854 0.000010 0.091217 0.743113 0.140806
0.001067 0.000010 0.000010 0.830093 0.168819
0.000010 0.000010 0.000010 0.899749 0.100221
0.074147 0.000010 0.019670 0.586818 0.319355
0.000010 0.000010 0.000010 0.946092 0.053878
0.114120 0.000010 0.000010 0.798534 0.087326
0.189559 0.000010 0.000010 0.699755 0.110666
0.129954 0.000010 0.000010 0.795089 0.074938
0.206403 0.000010 0.000010 0.615192 0.178385
0.155872 0.000010 0.016340 0.706629 0.121150
0.178831 0.000010 0.000010 0.653702 0.167447
0.167090 0.000010 0.000010 0.671661 0.161229
0.243564 0.000010 0.000010 0.648969 0.107447
0.123008 0.093211 0.110149 0.626081 0.047550
0.119978 0.081779 0.124065 0.605978 0.068200
0.139015 0.095344 0.093619 0.619137 0.052884
0.104694 0.095509 0.116424 0.636983 0.046390
0.125799 0.074457 0.089591 0.656269 0.053883
0.130202 0.085438 0.086488 0.639425 0.058447
0.113047 0.096043 0.079778 0.670035 0.041097
0.124387 0.076753 0.097983 0.636197 0.064680
0.135008 0.050899 0.106708 0.703556 0.003829
0.143992 0.120015 0.216953 0.460847 0.058194
0.099670 0.107120 0.162187 0.532410 0.098614
0.127807 0.068533 0.090974 0.683491 0.029194
0.000010 0.628662 0.111259 0.260060 0.000010
0.122097 0.069878 0.092917 0.648422 0.066686
0.161244 0.075429 0.089351 0.624879 0.049097
0.000010 0.000010 0.000010 0.000010 0.999960
0.000010 0.000010 0.000010 0.000010 0.999960
0.000010 0.000010 0.000010 0.000010 0.999960
0.000010 0.000010 0.000010 0.000010 0.999960
0.019232 0.005970 0.000010 0.089286 0.885503
0.000010 0.000010 0.000010 0.000010 0.999960
0.000010 0.000010 0.000010 0.000010 0.999960
0.000010 0.000010 0.000010 0.000010 0.999960
0.000010 0.000010 0.000010 0.000010 0.999960
0.021294 0.000010 0.000010 0.038161 0.940525
0.000010 0.000010 0.000010 0.000010 0.999960
0.059754 0.009847 0.000010 0.019456 0.910933
0.027597 0.005345 0.015807 0.145593 0.805658
0.000010 0.000010 0.000010 0.000010 0.999960
0.620884 0.016538 0.031229 0.308330 0.023019
0.616296 0.005393 0.028789 0.310326 0.039196
0.610405 0.014083 0.048406 0.316653 0.010452
0.577511 0.008829 0.029839 0.318470 0.065350
0.633412 0.007978 0.059053 0.299546 0.000010
0.568421 0.023759 0.027191 0.332025 0.048603
0.620115 0.027699 0.038824 0.276111 0.037251
0.629568 0.021318 0.064510 0.281766 0.002838
0.322535 0.000010 0.000010 0.288399 0.389046
0.301136 0.000010 0.000010 0.338043 0.360801
0.306623 0.000010 0.000010 0.288196 0.405161
0.314630 0.000010 0.000010 0.300152 0.385198
0.340034 0.000010 0.000010 0.289857 0.370090
0.312229 0.000010 0.000010 0.342014 0.345737
0.296145 0.012007 0.000010 0.293258 0.398580
0.309874 0.000010 0.000010 0.292804 0.397302
0.304190 0.000010 0.000010 0.324010 0.371780
0.298034 0.000010 0.000010 0.295932 0.406015
0.322843 0.000010 0.000010 0.274742 0.402395
0.319838 0.002071 0.000010 0.313244 0.364836
0.295288 0.000010 0.000010 0.348334 0.356358
0.287669 0.000010 0.000010 0.315022 0.397289
0.312041 0.001002 0.000010 0.329025 0.357922
0.312598 0.000010 0.012897 0.274762 0.399733
0.327379 0.013199 0.000010 0.291505 0.367906
0.312651 0.000010 0.000010 0.318799 0.368530
0.309322 0.000010 0.000010 0.317149 0.373509
0.326062 0.000010 0.000010 0.280826 0.393093
0.297431 0.000010 0.000010 0.304296 0.398253
0.282298 0.000010 0.000010 0.323563 0.394120
0.321103 0.000010 0.000010 0.323938 0.354939
0.301448 0.000010 0.000010 0.301512 0.397019
0.314820 0.001622 0.005424 0.315426 0.362708
0.351813 0.000010 0.000010 0.318934 0.329233
0.573511 0.000010 0.000010 0.338332 0.088137
0.413225 0.000010 0.000010 0.445683 0.141072
0.597778 0.000010 0.000010 0.344466 0.057735
0.324327 0.023710 0.014152 0.483421 0.154390
0.392106 0.013282 0.000010 0.440749 0.153853
0.529403 0.002554 0.000010 0.383930 0.084102
0.623924 0.000010 0.000010 0.324579 0.051477
0.406386 0.013468 0.000010 0.465159 0.114976
0.372091 0.006466 0.009478 0.445860 0.166105
0.500404 0.015138 0.000354 0.399647 0.084457
0.596091 0.000010 0.000010 0.329770 0.074119
0.517315 0.000010 0.000010 0.351072 0.131593
0.294823 0.000010 0.000010 0.313579 0.391578
0.304813 0.004248 0.000010 0.312375 0.378553
0.512693 0.000010 0.000010 0.373835 0.113451
0.616845 0.000010 0.007870 0.284076 0.091198
0.535260 0.015476 0.000010 0.380107 0.069148
0.373612 0.003824 0.000010 0.441531 0.181023
0.395609 0.000010 0.000010 0.455756 0.148615
0.588619 0.000010 0.000010 0.348614 0.062747
0.485401 0.004762 0.000010 0.380039 0.129788
0.600622 0.000010 0.000010 0.337645 0.061714
0.572323 0.005720 0.000010 0.336380 0.085566
0.599847 0.000794 0.000010 0.327736 0.071614
0.475636 0.000011 0.000010 0.406674 0.117670
0.324252 0.002764 0.000010 0.302975 0.369999
0.359371 0.002600 0.012373 0.492406 0.133250
0.517243 0.000010 0.000010 0.372833 0.109904
0.467528 0.011142 0.007758 0.411654 0.101918
0.574197 0.000010 0.000010 0.342715 0.083068
0.611572 0.000010 0.000010 0.321293 0.067115
0.406659 0.000010 0.000010 0.437715 0.155606
0.508564 0.000010 0.000010 0.400657 0.090759
0.513844 0.000010 0.000010 0.401355 0.084781
0.336856 0.000010 0.000010 0.502013 0.161111
0.394610 0.003534 0.000010 0.452661 0.149185
0.500969 0.003213 0.003090 0.400810 0.091918
0.428498 0.015771 0.003686 0.466401 0.085643
0.485572 0.000010 0.000010 0.441705 0.072704
0.458301 0.000010 0.025242 0.405696 0.110751
0.411304 0.015811 0.000010 0.457958 0.114916
0.442550 0.000010 0.002904 0.424965 0.129572
0.479090 0.000010 0.000010 0.411560 0.109330
0.434391 0.010272 0.000010 0.479956 0.075372
0.488569 0.011298 0.000010 0.418556 0.081567
0.400748 0.007264 0.000010 0.480355 0.111623
0.268818 0.037161 0.048217 0.565788 0.080016
0.252722 0.043431 0.069102 0.614046 0.020699
0.243707 0.060248 0.064632 0.599221 0.032192
0.036849 0.095489 0.097562 0.754006 0.016095
0.211220 0.092340 0.050158 0.589611 0.056671
0.240630 0.070107 0.051508 0.615763 0.021992
0.260781 0.072888 0.023106 0.610481 0.032744
0.224622 0.097542 0.048564 0.623717 0.005554
0.414731 0.019596 0.000010 0.477052 0.088611
0.230210 0.057556 0.062300 0.604511 0.045422
0.507569 0.000010 0.008164 0.442821 0.041436
0.470499 0.009867 0.000577 0.448333 0.070724
0.497192 0.015514 0.003889 0.427378 0.056027
0.479121 0.000548 0.015150 0.454904 0.050278
0.500426 0.010443 0.007303 0.422416 0.059411
0.493537 0.000010 0.017071 0.435447 0.053935
0.474701 0.001357 0.000010 0.452483 0.071448
0.494228 0.004405 0.000010 0.427934 0.073423
0.485457 0.014290 0.000010 0.459673 0.040570
0.502661 0.016386 0.012315 0.398625 0.070013
0.002416 0.001469 0.008306 0.200190 0.787619
0.156387 0.021858 0.013737 0.327610 0.480408
0.139163 0.014149 0.017639 0.225951 0.603098
0.062775 0.009465 0.007861 0.174371 0.745528
0.100467 0.025112 0.018333 0.216478 0.639610
0.146072 0.031929 0.005664 0.282743 0.533592
0.115265 0.007055 0.013362 0.209002 0.655316
0.011540 0.003294 0.003121 0.113045 0.869000
0.179752 0.009276 0.036668 0.282932 0.491372
0.139657 0.001771 0.010166 0.303179 0.545228
0.182476 0.013012 0.015512 0.315731 0.473269
0.159390 0.025226 0.016267 0.346743 0.452374
0.157579 0.032499 0.026469 0.246417 0.537036
0.154119 0.033295 0.003769 0.291558 0.517260
0.151262 0.000010 0.028121 0.288656 0.531951
0.167318 0.002463 0.006622 0.285159 0.538437
0.152844 0.002986 0.028189 0.293710 0.522271
0.155811 0.010886 0.004309 0.311547 0.517448
0.203747 0.025002 0.039026 0.353683 0.378544
0.273922 0.028216 0.000731 0.393373 0.303757
0.240062 0.031513 0.026436 0.405965 0.296023
0.247044 0.022794 0.005690 0.384798 0.339673
0.249283 0.057519 0.000010 0.378477 0.314711
0.268436 0.032690 0.008296 0.409502 0.281076
0.186963 0.002640 0.006871 0.343910 0.459616
0.083094 0.010102 0.007819 0.186723 0.712262
0.084671 0.000010 0.000010 0.179953 0.735356
0.198879 0.006961 0.032975 0.327533 0.433652
0.205265 0.003157 0.024333 0.308083 0.459161
0.056850 0.004862 0.013111 0.154789 0.770387
0.177861 0.022263 0.000010 0.324209 0.475657
0.133284 0.003294 0.011022 0.224739 0.627661
0.201032 0.019187 0.001891 0.401833 0.376057
0.197727 0.000869 0.019560 0.351897 0.429947
0.226316 0.000010 0.007842 0.349895 0.415938
0.211733 0.023860 0.026284 0.367830 0.370292
0.241558 0.024455 0.003107 0.326004 0.404877
0.201910 0.043339 0.006889 0.361693 0.386170
0.218794 0.017406 0.024470 0.376052 0.363277
0.309997 0.026337 0.000010 0.493863 0.169793
0.340926 0.003531 0.039911 0.444454 0.171179
0.287021 0.016225 0.000010 0.530044 0.166701
0.298826 0.025976 0.020311 0.466370 0.188517
0.305937 0.021145 0.014473 0.491520 0.166924
0.301776 0.027649 0.023201 0.470827 0.176547
0.317849 0.032273 0.004283 0.462391 0.183203
0.365566 0.005152 0.016084 0.456952 0.156245
0.289724 0.012604 0.027638 0.468520 0.201514
0.309447 0.049884 0.005451 0.468094 0.167124
0.673310 0.012019 0.000010 0.295710 0.018951
0.687873 0.000010 0.000010 0.312097 0.000010
0.724541 0.000010 0.000010 0.275429 0.000010
0.741820 0.000010 0.000010 0.258150 0.000010
0.688185 0.000010 0.000010 0.294063 0.017732
0.725251 0.000010 0.000010 0.274719 0.000010
0.703212 0.023569 0.000010 0.257526 0.015683
0.666447 0.000010 0.000010 0.306278 0.027255
0.684988 0.000010 0.000010 0.296143 0.018850
0.699124 0.000010 0.000010 0.296124 0.004732
0.534629 0.027467 0.011551 0.416445 0.009908
0.586328 0.032614 0.003012 0.378036 0.000010
0.520386 0.037098 0.030819 0.411687 0.000010
0.554209 0.015836 0.032119 0.397826 0.000010
0.586223 0.014570 0.031380 0.367817 0.000010
0.579918 0.027080 0.019311 0.373680 0.000010
0.526994 0.014631 0.027163 0.416374 0.014838
0.522122 0.000010 0.019028 0.440910 0.017930
0.569411 0.000010 0.000010 0.385367 0.045202
0.501449 0.000010 0.002330 0.405985 0.090225
0.502198 0.000010 0.000010 0.379491 0.118290
0.534763 0.000010 0.000010 0.407076 0.058141
0.541625 0.000010 0.007746 0.403844 0.046775
0.539135 0.000010 0.000010 0.388014 0.072831
0.563744 0.000012 0.000010 0.354449 0.081786
0.518191 0.000010 0.001968 0.394540 0.085291
0.537315 0.000010 0.000010 0.395788 0.066877
0.529448 0.000010 0.000010 0.381101 0.089431
0.263207 0.053080 0.049072 0.535351 0.099291
0.260291 0.061553 0.057213 0.563570 0.057373
0.240340 0.051399 0.047264 0.614786 0.046211
0.207622 0.065050 0.067606 0.597535 0.062187
0.228550 0.093544 0.062003 0.563532 0.052371
0.226534 0.074981 0.048818 0.621181 0.028486
0.198695 0.077351 0.043930 0.614335 0.065689
0.196868 0.043648 0.078169 0.620166 0.061149
0.204714 0.083311 0.050888 0.609722 0.051364
0.214124 0.064775 0.045080 0.503359 0.172662
0.211645 0.083768 0.087797 0.485134 0.131656
0.150644 0.108724 0.068283 0.535064 0.137284
0.209319 0.079737 0.067112 0.459559 0.184272
0.220821 0.073184 0.033344 0.491260 0.181391
0.227951 0.058080 0.054586 0.505270 0.154114
0.207658 0.057396 0.051961 0.480573 0.202412
0.236730 0.053350 0.057907 0.528515 0.123499
0.229009 0.083561 0.068943 0.458542 0.159945
0.185335 0.090884 0.064834 0.487020 0.171927
0.999959 0.000010 0.000011 0.000010 0.000010
0.999960 0.000010 0.000010 0.000010 0.000010
0.966450 0.007777 0.000010 0.025753 0.000010
0.326143 0.021399 0.000010 0.469419 0.183029
0.999955 0.000015 0.000010 0.000010 0.000010
0.999960 0.000010 0.000010 0.000010 0.000010
0.954791 0.000010 0.000010 0.031539 0.013650
0.316294 0.000010 0.001816 0.350955 0.330925
0.999960 0.000010 0.000010 0.000010 0.000010
0.960376 0.004129 0.002387 0.033098 0.000010
0.970166 0.000010 0.000495 0.024575 0.004754
0.312023 0.008068 0.003128 0.355431 0.321350
0.928416 0.023034 0.000010 0.023856 0.024684
0.966179 0.013129 0.000010 0.000010 0.020672
0.999960 0.000010 0.000010 0.000010 0.000010
0.916045 0.000010 0.000010 0.058130 0.025806
0.999960 0.000010 0.000010 0.000010 0.000010
0.961305 0.000010 0.009774 0.028901 0.000010
0.283229 0.000010 0.000010 0.417534 0.299217
0.999960 0.000010 0.000010 0.000010 0.000010
0.928672 0.000010 0.000010 0.058325 0.012982
0.305883 0.021427 0.001143 0.359556 0.311990
0.999960 0.000010 0.000010 0.000010 0.000010
0.929016 0.000010 0.000010 0.070954 0.000010
0.305658 0.000010 0.000010 0.354278 0.340043
0.644638 0.000010 0.003514 0.325738 0.026100
0.623094 0.000010 0.000010 0.346522 0.030364
0.642600 0.000010 0.000010 0.319237 0.038143
0.642403 0.008029 0.000010 0.299878 0.049680
0.644215 0.000010 0.000010 0.306652 0.049113
0.636694 0.000010 0.004309 0.301815 0.057173
0.640562 0.000014 0.000010 0.318216 0.041198
0.664751 0.008399 0.000010 0.294884 0.031956
0.557200 0.024859 0.062957 0.304138 0.050846
0.648910 0.000010 0.005935 0.312988 0.032157
0.622489 0.029364 0.053236 0.284607 0.010305
0.563159 0.032131 0.079403 0.281410 0.043896
0.540985 0.011381 0.022235 0.355677 0.069721
0.543809 0.037710 0.053166 0.315485 0.049829
0.558636 0.007840 0.042637 0.316562 0.074325
0.645101 0.043319 0.059300 0.252271 0.000010
0.630131 0.046561 0.055061 0.268237 0.000010
0.558321 0.020606 0.060518 0.299506 0.061049
0.068277 0.000010 0.000010 0.119449 0.812253
0.005981 0.000010 0.000010 0.048048 0.945951
0.000010 0.000010 0.000010 0.000010 0.999960
0.000010 0.010896 0.000010 0.006307 0.982777
0.000902 0.000010 0.000010 0.000010 0.999068
0.000010 0.006296 0.010391 0.023480 0.959823
0.000010 0.012408 0.000010 0.000010 0.987562
0.000010 0.000010 0.000010 0.040879 0.959091
0.000010 0.000010 0.000010 0.000010 0.999960
0.000010 0.000010 0.000010 0.000010 0.999960
0.000010 0.000010 0.000010 0.000010 0.999960
0.237638 0.051889 0.043018 0.484524 0.182931
0.260922 0.050588 0.054573 0.442174 0.191743
0.236734 0.050253 0.052814 0.543188 0.117011
0.269960 0.026447 0.036991 0.512783 0.153819
0.160482 0.082990 0.075593 0.558407 0.122528
0.085789 0.108627 0.158432 0.578317 0.068836
0.119181 0.133427 0.204759 0.503135 0.039499
0.111492 0.115567 0.195716 0.475527 0.101698
0.074744 0.118129 0.204514 0.549345 0.053268
0.127308 0.124085 0.178600 0.512998 0.057009
0.099414 0.097040 0.175112 0.556315 0.072119
0.114235 0.105881 0.219714 0.502831 0.057339
0.125010 0.092964 0.187567 0.500002 0.094457
0.060717 0.154031 0.224975 0.499972 0.060306
0.082505 0.119837 0.230747 0.470775 0.096136
0.125931 0.102356 0.203525 0.509279 0.058909
0.099846 0.135307 0.206041 0.509608 0.049197
0.013324 0.435280 0.139721 0.399756 0.011919
0.014746 0.168585 0.177638 0.581412 0.057619
0.020410 0.585140 0.109146 0.285295 0.000010
0.000010 0.357278 0.155937 0.450572 0.036202
0.010193 0.150372 0.133694 0.665145 0.040595
0.003671 0.147336 0.099157 0.722565 0.027270
0.000010 0.136984 0.113054 0.699041 0.050911
0.016803 0.149853 0.118003 0.667262 0.048078
0.006634 0.145690 0.134523 0.683639 0.029514
0.000010 0.162786 0.138553 0.677677 0.020974
0.000348 0.174502 0.114652 0.656713 0.053784
0.000010 0.145528 0.089999 0.737198 0.027265
0.016872 0.129662 0.104236 0.714217 0.035012
0.001528 0.188790 0.141485 0.652751 0.015445
0.047570 0.118635 0.093238 0.679328 0.061228
0.119152 0.096448 0.094978 0.568762 0.120661
0.002747 0.154533 0.112783 0.679532 0.050405
0.049233 0.140954 0.128950 0.605818 0.075044
0.255236 0.031064 0.040887 0.488666 0.184147
0.005623 0.138145 0.110270 0.684553 0.061409
0.039426 0.126923 0.120132 0.614290 0.099229
0.119151 0.105726 0.135392 0.558013 0.081717
0.000010 0.185292 0.237278 0.577410 0.000010
0.025120 0.115864 0.142321 0.572977 0.143718
0.016878 0.185135 0.204867 0.571490 0.021631
0.050632 0.120665 0.105337 0.564508 0.158859
0.014197 0.214090 0.185471 0.552557 0.033685
0.045011 0.123467 0.107876 0.571954 0.151692
0.014303 0.174292 0.229326 0.540810 0.041268
0.081480 0.126698 0.059585 0.732228 0.000010
0.009705 0.174490 0.213332 0.565813 0.036661
0.085767 0.088935 0.063327 0.733984 0.027987
0.006062 0.164877 0.162640 0.634080 0.032340
0.105963 0.084944 0.061900 0.747183 0.000010
0.095958 0.117682 0.092673 0.518033 0.175654
0.000010 0.185406 0.249389 0.563405 0.001791
0.164086 0.094498 0.092321 0.608174 0.040921
0.057008 0.105535 0.122719 0.580314 0.134424
0.003404 0.191646 0.237994 0.566945 0.000010
0.047286 0.112779 0.129568 0.580535 0.129832
0.000010 0.154691 0.132682 0.682362 0.030254
0.241761 0.073537 0.053903 0.464924 0.165875
0.015917 0.135102 0.119073 0.658258 0.071650
0.174062 0.087841 0.056943 0.630039 0.051114
0.023198 0.152687 0.107860 0.662834 0.053420
0.189492 0.071743 0.044180 0.659071 0.035515
0.000010 0.209983 0.223145 0.559831 0.007031
0.027407 0.123890 0.073879 0.754038 0.020786
0.035895 0.148096 0.118391 0.644197 0.053420
0.023169 0.126979 0.093716 0.756127 0.000010
0.008375 0.185787 0.231492 0.547483 0.026863
0.031430 0.123008 0.061308 0.771665 0.012589
0.028868 0.114538 0.073376 0.763338 0.019880
0.000010 0.156201 0.183513 0.634132 0.026144
0.303514 0.029580 0.033496 0.489124 0.144287
0.092194 0.107655 0.073213 0.667748 0.059190
0.000232 0.176522 0.119073 0.667699 0.036475
0.453772 0.000918 0.000010 0.434160 0.111140
0.052149 0.125048 0.109857 0.692516 0.020430
0.006357 0.174612 0.223460 0.595560 0.000010
0.028974 0.113693 0.076540 0.772728 0.008065
0.000010 0.111425 0.095906 0.739064 0.053595
0.010945 0.191311 0.271045 0.498710 0.027989
0.065782 0.103029 0.050379 0.707139 0.073671
0.009408 0.137817 0.083106 0.728248 0.041421
0.000010 0.229960 0.203675 0.566346 0.000010
0.068868 0.089425 0.099625 0.702039 0.040042
0.000010 0.140887 0.118782 0.727366 0.012955
0.024515 0.182389 0.199733 0.540201 0.053162
0.389917 0.016419 0.001383 0.451497 0.140784
0.135412 0.108959 0.053497 0.655820 0.046312
0.007949 0.206094 0.218886 0.561402 0.005668
0.008659 0.120175 0.111997 0.691540 0.067630
0.472505 0.006732 0.000010 0.437343 0.083411
0.000010 0.199068 0.244560 0.556352 0.000010
0.007386 0.120367 0.098568 0.735177 0.038502
0.358461 0.044639 0.007615 0.471707 0.117578
0.036349 0.165893 0.161389 0.557457 0.078912
0.299351 0.065486 0.025453 0.530033 0.079677
0.016773 0.142656 0.087210 0.733258 0.020103
0.017021 0.172579 0.220560 0.564560 0.025280
0.081562 0.106745 0.105592 0.538040 0.168060
0.237772 0.071810 0.047543 0.567479 0.075395
0.000010 0.205770 0.236766 0.557443 0.000010
0.053716 0.113873 0.099978 0.595216 0.137217
0.354817 0.042104 0.011959 0.508652 0.082468
0.000010 0.197056 0.235987 0.566937 0.000010
0.055056 0.122579 0.109923 0.610158 0.102284
0.016865 0.142003 0.108072 0.662462 0.070597
0.000010 0.217277 0.226645 0.523548 0.032520
0.077306 0.125388 0.127939 0.588144 0.081223
0.065912 0.096318 0.060875 0.740256 0.036638
0.000010 0.215509 0.250657 0.533813 0.000010
0.102153 0.089770 0.084399 0.603224 0.120452
0.352348 0.021446 0.043475 0.482889 0.099842
0.011450 0.181751 0.226416 0.547448 0.032936
0.198941 0.061333 0.049745 0.538117 0.151864
0.000597 0.119946 0.100669 0.701912 0.076876
0.020470 0.190254 0.221425 0.536302 0.031549
0.069746 0.119428 0.111640 0.590860 0.108326
0.014279 0.127408 0.051867 0.771791 0.034656
0.005566 0.179454 0.247471 0.557628 0.009881
0.056740 0.102562 0.127157 0.615519 0.098023
0.208283 0.081216 0.028576 0.609032 0.072893
0.011817 0.204521 0.248945 0.534707 0.000010
0.047396 0.120659 0.116901 0.635209 0.079834
0.204998 0.080928 0.037220 0.604309 0.072544
0.000010 0.193994 0.261491 0.533426 0.011079
0.029507 0.107660 0.110117 0.659827 0.092889
0.013976 0.139524 0.083121 0.743998 0.019382
0.015569 0.169318 0.197967 0.590311 0.026836
0.014047 0.204518 0.200066 0.567752 0.013617
0.097387 0.098028 0.053561 0.704569 0.046455
0.000010 0.180776 0.248748 0.570457 0.000010
0.421765 0.016736 0.000010 0.436136 0.125353
0.384846 0.002686 0.013978 0.495872 0.102618
0.029494 0.122038 0.120189 0.621082 0.107197
0.000010 0.136519 0.105724 0.716290 0.041457
0.064689 0.089800 0.107661 0.587191 0.150659
0.090594 0.112979 0.090114 0.608074 0.098239
0.000010 0.154377 0.340945 0.504658 0.000010
0.000010 0.158022 0.296698 0.538532 0.006738
0.000010 0.157200 0.321799 0.520981 0.000010
0.000010 0.154298 0.350175 0.471577 0.023939
0.000010 0.178432 0.278998 0.532733 0.009827
0.004546 0.174339 0.240510 0.557424 0.023180
0.000010 0.183926 0.271094 0.544960 0.000010
0.000010 0.199967 0.287351 0.512662 0.000010
0.000010 0.201272 0.270882 0.525015 0.002821
0.000010 0.172747 0.296066 0.531167 0.000010
0.000010 0.198638 0.291479 0.509862 0.000010
0.000010 0.166845 0.318365 0.514770 0.000010
0.005051 0.176269 0.292641 0.526029 0.000010
0.000010 0.187788 0.223032 0.577622 0.011547
0.000010 0.203050 0.307231 0.489699 0.000010
0.000010 0.176803 0.302481 0.520696 0.000010
0.011064 0.193586 0.303693 0.491646 0.000010
0.000010 0.198450 0.296105 0.505425 0.000010
0.000016 0.172313 0.318152 0.509509 0.000010
0.000014 0.155158 0.291998 0.552820 0.000010
0.000010 0.181947 0.303034 0.514999 0.000010
0.000010 0.169998 0.240585 0.562354 0.027053
0.000010 0.180436 0.275308 0.544236 0.000010
0.000010 0.164699 0.277863 0.557418 0.000010
0.000010 0.194050 0.257765 0.548165 0.000010
0.000010 0.165531 0.269065 0.565384 0.000010
0.000010 0.192998 0.272721 0.534261 0.000010
0.000010 0.169954 0.276080 0.553947 0.000010
0.000010 0.155959 0.249377 0.594644 0.000010
0.004497 0.233965 0.272355 0.489173 0.000010
0.008566 0.186018 0.282307 0.514598 0.008511
0.000010 0.146264 0.275705 0.578010 0.000010
0.000010 0.139644 0.277847 0.582489 0.000010
0.000736 0.195153 0.237795 0.566306 0.000010
0.034707 0.177163 0.227248 0.537565 0.023317
0.011826 0.179451 0.240252 0.568462 0.000010
0.000010 0.176201 0.196866 0.595557 0.031366
0.000010 0.999960 0.000010 0.000010 0.000010
0.000010 0.999960 0.000010 0.000010 0.000010
0.000010 0.794521 0.051168 0.153660 0.000641
0.000010 0.813596 0.037991 0.148393 0.000010
0.000010 0.999960 0.000010 0.000010 0.000010
0.002572 0.878350 0.034646 0.084422 0.000010
0.000010 0.999960 0.000010 0.000010 0.000010
0.000010 0.749229 0.080425 0.170326 0.000010
0.000010 0.837073 0.036586 0.126321 0.000010
0.002378 0.773348 0.080878 0.139878 0.003519
0.000010 0.818698 0.043320 0.137963 0.000010
0.000010 0.933952 0.000010 0.066017 0.000010
0.000010 0.999960 0.000010 0.000010 0.000010
0.000010 0.879897 0.029555 0.090528 0.000010
0.000010 0.999960 0.000010 0.000010 0.000010
0.000010 0.999960 0.000010 0.000010 0.000010
0.000010 0.964220 0.008608 0.027152 0.000010
0.000010 0.999958 0.000012 0.000010 0.000010
0.000010 0.809743 0.053990 0.136247 0.000010
0.000010 0.741713 0.071565 0.186702 0.000010
0.000266 0.845453 0.045153 0.109118 0.000010
0.000010 0.785831 0.083159 0.130990 0.000010
