0.000010 0.999908 0.000010 0.000010 0.000012 0.000010 0.000010 0.000010 0.000010 0.000010
0.000012 0.000010 0.000010 0.999908 0.000010 0.000010 0.000010 0.000010 0.000010 0.000010
0.000010 0.999910 0.000010 0.000010 0.000010 0.000010 0.000010 0.000010 0.000010 0.000010
0.000010 0.999910 0.000010 0.000010 0.000010 0.000010 0.000010 0.000010 0.000010 0.000010
0.000010 0.999910 0.000010 0.000010 0.000010 0.000010 0.000010 0.000010 0.000010 0.000010
0.000010 0.000010 0.000010 0.000010 0.000010 0.000010 0.000010 0.000010 0.999910 0.000010
0.000010 0.000010 0.000010 0.999910 0.000010 0.000010 0.000010 0.000010 0.000010 0.000010
0.000010 0.999910 0.000010 0.000010 0.000010 0.000010 0.000010 0.000010 0.000010 0.000010
0.000010 0.999910 0.000010 0.000010 0.000010 0.000010 0.000010 0.000010 0.000010 0.000010
0.000013 0.000010 0.000010 0.000012 0.000010 0.999905 0.000010 0.000010 0.000010 0.000010
0.000010 0.375604 0.000010 0.012376 0.000010 0.171003 0.287451 0.000010 0.153517 0.000010
0.000010 0.321728 0.000010 0.000010 0.000010 0.373413 0.209378 0.000010 0.095421 0.000010
0.000010 0.000010 0.000010 0.999910 0.000010 0.000010 0.000010 0.000010 0.000010 0.000010
0.000011 0.000012 0.000010 0.000010 0.000010 0.999907 0.000010 0.000010 0.000010 0.000010
0.000010 0.000010 0.000010 0.000010 0.000010 0.999910 0.000010 0.000010 0.000010 0.000010
0.000010 0.359907 0.020428 0.022112 0.032021 0.145797 0.264442 0.000010 0.155264 0.000010
0.000010 0.277829 0.033705 0.017346 0.000010 0.308785 0.253224 0.000010 0.109071 0.000010
0.000010 0.000010 0.000010 0.000010 0.000010 0.999910 0.000010 0.000010 0.000010 0.000010
0.000010 0.000010 0.000010 0.000010 0.000010 0.999910 0.000010 0.000010 0.000010 0.000010
0.000010 0.000011 0.000010 0.000010 0.000012 0.000010 0.000010 0.000010 0.999907 0.000010
0.000010 0.000010 0.000010 0.000010 0.000010 0.000010 0.000010 0.000010 0.999910 0.000010
0.000010 0.000010 0.000010 0.000010 0.000010 0.000010 0.000011 0.000011 0.999909 0.000010
0.000010 0.000010 0.000010 0.000010 0.000010 0.000010 0.000010 0.000010 0.999910 0.000010
0.000010 0.000010 0.000010 0.000010 0.999910 0.000010 0.000010 0.000010 0.000010 0.000010
0.000010 0.471631 0.000010 0.042860 0.126980 0.107879 0.222172 0.000010 0.028438 0.000010
0.000010 0.999910 0.000010 0.000010 0.000010 0.000010 0.000010 0.000010 0.000010 0.000010
0.000010 0.000010 0.000010 0.000010 0.999910 0.000010 0.000010 0.000010 0.000010 0.000010
0.000010 0.999910 0.000010 0.000010 0.000010 0.000010 0.000010 0.000010 0.000010 0.000010
0.000010 0.999910 0.000010 0.000010 0.000010 0.000010 0.000010 0.000010 0.000010 0.000010
0.000010 0.122261 0.153104 0.014829 0.133426 0.097336 0.279856 0.119578 0.033270 0.046331
0.000010 0.202573 0.004997 0.000010 0.122412 0.042657 0.604830 0.000010 0.022491 0.000010
0.010968 0.317088 0.000010 0.018477 0.076856 0.048913 0.435740 0.055105 0.029054 0.007791
0.042232 0.000010 0.000010 0.184807 0.000010 0.000010 0.447732 0.123767 0.065262 0.136160
0.000010 0.008642 0.000010 0.084701 0.000010 0.004833 0.442475 0.000010 0.085452 0.373856
0.000010 0.000010 0.000010 0.000010 0.000010 0.000010 0.000010 0.000010 0.999910 0.000010
0.116281 0.000010 0.000010 0.085170 0.000010 0.000010 0.135705 0.194980 0.140090 0.327734
0.000010 0.000010 0.000010 0.999910 0.000010 0.000010 0.000010 0.000010 0.000010 0.000010
0.000010 0.000010 0.000010 0.145768 0.000010 0.000010 0.073327 0.000010 0.000010 0.780835
0.152517 0.035985 0.093456 0.006177 0.000010 0.026939 0.000010 0.365500 0.000010 0.319396
0.000010 0.000010 0.013908 0.000010 0.000010 0.000010 0.158648 0.001803 0.212418 0.613174
0.000020 0.000010 0.000020 0.999891 0.000010 0.000010 0.000010 0.000010 0.000010 0.000010
0.040869 0.000010 0.000010 0.014425 0.000010 0.000010 0.604814 0.281780 0.000010 0.058062
0.000010 0.035474 0.000010 0.063413 0.000010 0.019696 0.332612 0.173678 0.029207 0.345889
0.000010 0.000010 0.000010 0.999910 0.000010 0.000010 0.000010 0.000010 0.000010 0.000010
0.000010 0.000010 0.000010 0.999910 0.000010 0.000010 0.000010 0.000010 0.000010 0.000010
0.000010 0.000010 0.000010 0.072728 0.072870 0.000010 0.403253 0.041619 0.030905 0.378584
0.000010 0.000010 0.000010 0.133414 0.000010 0.039053 0.171947 0.193402 0.059993 0.402150
0.003216 0.000010 0.000010 0.193211 0.000010 0.000010 0.505359 0.153179 0.049646 0.095348
0.000010 0.000010 0.000010 0.999910 0.000010 0.000010 0.000010 0.000010 0.000010 0.000010
0.000010 0.000010 0.000010 0.000010 0.000010 0.000010 0.000010 0.000010 0.999910 0.000010
0.000010 0.066765 0.000010 0.063429 0.000010 0.000010 0.183814 0.514995 0.052003 0.118953
0.000010 0.000010 0.050247 0.195006 0.000010 0.000010 0.000010 0.131778 0.369082 0.253837
0.000010 0.000010 0.000010 0.103103 0.000010 0.000010 0.300013 0.109695 0.000010 0.487129
0.000010 0.000010 0.009359 0.104699 0.000010 0.007118 0.273468 0.099099 0.000010 0.506217
0.000010 0.000010 0.000010 0.040555 0.000010 0.000010 0.435035 0.061689 0.000010 0.462662
0.000010 0.010975 0.000010 0.036614 0.000010 0.000010 0.167937 0.174690 0.069077 0.540667
0.000010 0.000010 0.000010 0.000010 0.000010 0.000010 0.000010 0.000010 0.999910 0.000010
0.000010 0.000010 0.000010 0.019720 0.000010 0.000010 0.362176 0.157455 0.000010 0.460589
0.000010 0.000010 0.000010 0.064274 0.000010 0.000010 0.306765 0.165259 0.010312 0.453339
0.000010 0.000010 0.000010 0.999910 0.000010 0.000010 0.000010 0.000010 0.000010 0.000010
0.000010 0.022835 0.022817 0.015377 0.020538 0.004349 0.549145 0.049545 0.022470 0.292913
0.000431 0.030599 0.010339 0.017657 0.032100 0.013928 0.538038 0.071983 0.011706 0.273219
0.000010 0.031781 0.026230 0.011967 0.020066 0.002790 0.526597 0.055725 0.006957 0.317877
0.000010 0.045809 0.019948 0.022029 0.016459 0.000010 0.558831 0.047468 0.007256 0.282181
0.000010 0.017476 0.008420 0.011429 0.000010 0.002757 0.549338 0.051069 0.021147 0.338343
0.000010 0.012644 0.016629 0.013323 0.016086 0.006085 0.549395 0.060450 0.014025 0.311354
0.000010 0.004930 0.021954 0.016126 0.000010 0.008817 0.587356 0.045475 0.015023 0.300299
0.000010 0.018167 0.015004 0.021479 0.008025 0.023023 0.517318 0.062925 0.013632 0.320417
0.002050 0.020508 0.000010 0.018302 0.001995 0.012706 0.606891 0.006556 0.009365 0.321618
0.044635 0.075726 0.051987 0.018664 0.095545 0.032883 0.431096 0.068441 0.019203 0.161819
0.000010 0.040629 0.036964 0.013771 0.059879 0.018811 0.488510 0.102074 0.023965 0.215387
0.000010 0.020287 0.000010 0.015617 0.000010 0.012180 0.586094 0.029614 0.007638 0.328539
0.000010 0.049132 0.559730 0.006793 0.000106 0.010381 0.369629 0.000010 0.004198 0.000010
0.000010 0.014861 0.000010 0.009420 0.011436 0.015153 0.570838 0.070231 0.001380 0.306661
0.003540 0.013501 0.013839 0.015185 0.000759 0.017542 0.519414 0.049849 0.012750 0.353620
0.000010 0.000010 0.000010 0.000010 0.000010 0.000010 0.000010 0.999910 0.000010 0.000010
0.000010 0.000010 0.000010 0.000010 0.000010 0.000010 0.000010 0.999910 0.000010 0.000010
0.000010 0.000010 0.000010 0.000010 0.000010 0.000010 0.000010 0.999910 0.000010 0.000010
0.000010 0.000010 0.000010 0.000010 0.000010 0.000010 0.000010 0.999910 0.000010 0.000010
0.000010 0.000010 0.008958 0.006369 0.000010 0.004623 0.021348 0.886141 0.000010 0.072521
0.000010 0.000010 0.000010 0.000010 0.000010 0.000010 0.000010 0.999910 0.000010 0.000010
0.003780 0.000010 0.000010 0.000010 0.000010 0.000010 0.000010 0.996140 0.000010 0.000010
0.000010 0.000010 0.000010 0.000010 0.000010 0.000010 0.000010 0.999910 0.000010 0.000010
0.000010 0.000010 0.000010 0.000010 0.000010 0.000010 0.000010 0.999910 0.000010 0.000010
0.010892 0.000010 0.000010 0.012367 0.000010 0.000010 0.000010 0.935398 0.000010 0.041283
0.000010 0.000010 0.000010 0.000010 0.000010 0.000010 0.000010 0.999910 0.000010 0.000010
0.011204 0.000086 0.008837 0.010892 0.000010 0.000912 0.000010 0.889267 0.000010 0.078771
0.000010 0.001828 0.000010 0.000010 0.002940 0.001078 0.100257 0.801776 0.002968 0.089122
0.000010 0.000010 0.000010 0.000010 0.000010 0.000010 0.000010 0.999910 0.000010 0.000010
0.125791 0.005122 0.011718 0.000010 0.142363 0.000010 0.044159 0.003870 0.003315 0.663641
0.132489 0.019379 0.003959 0.006237 0.105144 0.000010 0.022985 0.022408 0.006984 0.680406
0.122338 0.010252 0.002160 0.000010 0.159434 0.000010 0.042090 0.000010 0.013502 0.650192
0.101797 0.014004 0.008895 0.006074 0.087795 0.001266 0.033741 0.053853 0.012219 0.680355
0.100586 0.018731 0.003853 0.000010 0.156624 0.008918 0.000010 0.000010 0.004470 0.706789
0.112711 0.016132 0.015220 0.000010 0.112230 0.000010 0.062565 0.032263 0.005492 0.643367
0.120877 0.023708 0.022908 0.001120 0.152364 0.003477 0.000010 0.018407 0.000010 0.657119
0.125237 0.011179 0.015706 0.000010 0.163051 0.007152 0.000939 0.000010 0.017347 0.659370
0.014466 0.010642 0.000010 0.006343 0.000010 0.008868 0.054088 0.364316 0.000010 0.541247
0.004342 0.015069 0.000010 0.004934 0.000010 0.000954 0.099065 0.339502 0.000010 0.536103
0.014933 0.000010 0.013170 0.008731 0.000010 0.017447 0.058151 0.383121 0.000010 0.504418
0.016736 0.007783 0.000010 0.004902 0.000010 0.000010 0.078319 0.361454 0.005235 0.525539
0.016271 0.000010 0.018981 0.005906 0.000010 0.000010 0.046204 0.347408 0.007654 0.557547
0.021587 0.005294 0.000010 0.006075 0.000010 0.005568 0.098956 0.328798 0.003705 0.529999
0.001305 0.006749 0.023452 0.005652 0.000010 0.011085 0.051152 0.372848 0.006136 0.521611
0.020102 0.019346 0.000010 0.013273 0.010214 0.002963 0.054233 0.376828 0.001052 0.501980
0.000010 0.000904 0.018353 0.009592 0.000010 0.000010 0.061470 0.352482 0.000010 0.557159
0.018451 0.001005 0.000010 0.003854 0.000010 0.000973 0.079883 0.388848 0.000010 0.506955
0.028974 0.021610 0.007148 0.009773 0.000010 0.000510 0.041815 0.379107 0.000010 0.511044
0.033169 0.003560 0.012796 0.017465 0.000010 0.000217 0.082542 0.344504 0.000010 0.505728
0.000010 0.000010 0.000010 0.008886 0.000010 0.000010 0.102030 0.339784 0.000010 0.549240
0.000010 0.014621 0.000010 0.011168 0.000010 0.000010 0.083079 0.376807 0.003754 0.510531
0.011038 0.001813 0.009733 0.014218 0.006637 0.000010 0.085245 0.338561 0.006286 0.526459
0.025070 0.016439 0.011921 0.000163 0.000010 0.001988 0.059593 0.373554 0.010176 0.501085
0.014185 0.000010 0.030350 0.003582 0.000010 0.000010 0.061413 0.346678 0.000010 0.543752
0.008481 0.000010 0.005588 0.015595 0.000010 0.001403 0.071818 0.349694 0.002847 0.544553
0.020007 0.011245 0.000010 0.002869 0.000010 0.000010 0.105713 0.353033 0.000010 0.507095
0.029528 0.000010 0.005905 0.010996 0.000010 0.000010 0.045349 0.378990 0.001635 0.527567
0.000010 0.009801 0.000010 0.011439 0.000010 0.002573 0.055068 0.377188 0.000010 0.543891
0.000010 0.000010 0.000010 0.013645 0.000010 0.000010 0.070265 0.371813 0.005567 0.538660
0.012936 0.000010 0.000010 0.006298 0.000010 0.001483 0.082987 0.337946 0.007310 0.551011
0.004819 0.015593 0.000010 0.020487 0.000010 0.000010 0.041103 0.376674 0.000010 0.541284
0.007698 0.004070 0.013526 0.020291 0.000010 0.020517 0.052749 0.336474 0.008327 0.536339
0.040467 0.000010 0.000010 0.005252 0.000010 0.007598 0.090753 0.307642 0.002887 0.545371
0.118147 0.001550 0.000010 0.004806 0.024305 0.000010 0.049691 0.074575 0.009336 0.717570
0.062980 0.000010 0.002035 0.005381 0.000010 0.000010 0.173208 0.123030 0.009835 0.623501
0.119478 0.003164 0.000010 0.000010 0.027149 0.000010 0.057406 0.040342 0.000010 0.752422
0.030719 0.000010 0.003171 0.014551 0.000010 0.008032 0.259403 0.138114 0.008661 0.537329
0.033744 0.000593 0.015906 0.002004 0.000010 0.003119 0.166278 0.133892 0.009404 0.635049
0.092500 0.009770 0.006153 0.002856 0.021479 0.000010 0.099696 0.060476 0.007878 0.699182
0.125903 0.000010 0.017414 0.006799 0.031301 0.000010 0.005254 0.034555 0.006280 0.772474
0.032326 0.000010 0.008076 0.007553 0.000010 0.008793 0.184613 0.098775 0.007679 0.652166
0.036454 0.000010 0.002082 0.007543 0.005787 0.013652 0.192472 0.147643 0.003661 0.590696
0.077871 0.008707 0.014397 0.001504 0.027195 0.008854 0.116141 0.067438 0.000010 0.677883
0.114998 0.002342 0.007771 0.004988 0.018045 0.002894 0.025396 0.059766 0.000010 0.763790
0.095644 0.005556 0.000010 0.005482 0.005957 0.012006 0.077235 0.109204 0.002565 0.686341
0.004524 0.010832 0.005458 0.003948 0.000010 0.005456 0.067335 0.369484 0.010898 0.522056
0.000010 0.004335 0.020357 0.010739 0.005230 0.000010 0.062251 0.364148 0.000010 0.532910
0.088794 0.000010 0.000010 0.016438 0.001866 0.008283 0.075218 0.096177 0.006974 0.706231
0.119174 0.017335 0.007777 0.002123 0.042268 0.002804 0.000010 0.058001 0.008042 0.742466
0.087456 0.000010 0.033702 0.013089 0.011592 0.000422 0.074541 0.051560 0.000010 0.727617
0.059432 0.000010 0.000010 0.019320 0.000010 0.000010 0.196239 0.158602 0.006926 0.559440
0.028904 0.000010 0.000010 0.018161 0.000010 0.006128 0.159666 0.133144 0.007509 0.646459
0.106872 0.004232 0.010511 0.000010 0.032386 0.001956 0.051070 0.042820 0.000010 0.750132
0.066000 0.000010 0.021265 0.011806 0.001712 0.009841 0.090518 0.105252 0.000010 0.693587
0.113084 0.000010 0.000010 0.013454 0.021368 0.000077 0.024014 0.046019 0.004927 0.777037
0.114502 0.000010 0.025272 0.004389 0.028585 0.000010 0.039953 0.063674 0.008011 0.715594
0.112276 0.011383 0.015819 0.008672 0.045015 0.000591 0.020280 0.050446 0.000312 0.735206
0.058624 0.000011 0.000010 0.005507 0.000010 0.000010 0.117301 0.101130 0.004718 0.712680
0.029429 0.004435 0.011978 0.000411 0.000010 0.006818 0.077135 0.345571 0.010347 0.513865
0.032273 0.013702 0.000010 0.011411 0.000010 0.000010 0.232864 0.111225 0.007337 0.591157
0.110320 0.000010 0.000010 0.004672 0.022194 0.000010 0.097121 0.095187 0.009044 0.661432
0.086314 0.011274 0.009885 0.019062 0.000010 0.011279 0.141553 0.081713 0.000010 0.638900
0.113365 0.002062 0.017083 0.008482 0.012379 0.001412 0.047130 0.062923 0.001152 0.734010
0.122183 0.002049 0.005922 0.000010 0.021149 0.002644 0.019886 0.047647 0.000010 0.778498
0.054347 0.000010 0.000010 0.016770 0.000010 0.006678 0.173271 0.136734 0.000010 0.612160
0.081521 0.000010 0.001763 0.024012 0.009897 0.000010 0.111319 0.072166 0.001167 0.698135
0.087127 0.001045 0.000010 0.011632 0.000010 0.005144 0.111109 0.064381 0.009288 0.710253
0.030948 0.000010 0.000010 0.000010 0.000010 0.009194 0.245367 0.146909 0.000010 0.567532
0.062155 0.003344 0.000010 0.004864 0.004900 0.009037 0.199684 0.131656 0.000010 0.584340
0.086631 0.000010 0.002487 0.007654 0.011808 0.002945 0.138811 0.066857 0.009992 0.672806
0.073012 0.000010 0.003331 0.007136 0.006202 0.009265 0.219382 0.068678 0.004305 0.608679
0.072229 0.000010 0.000010 0.022383 0.004855 0.008725 0.146189 0.058497 0.000010 0.687093
0.069625 0.011935 0.000010 0.010088 0.035082 0.002470 0.142692 0.090974 0.011372 0.625752
0.051573 0.010470 0.003337 0.005746 0.011372 0.000010 0.205470 0.096528 0.000350 0.615144
0.086275 0.005959 0.000010 0.000010 0.003206 0.000010 0.165504 0.113666 0.012132 0.613227
0.081268 0.000010 0.000010 0.011405 0.011463 0.004285 0.141564 0.092796 0.000010 0.657188
0.051827 0.000010 0.002855 0.019051 0.005180 0.000115 0.206287 0.060035 0.001002 0.653638
0.060924 0.000646 0.015839 0.021122 0.019371 0.000659 0.124599 0.063878 0.002460 0.690502
0.054704 0.000010 0.000010 0.001648 0.000010 0.004104 0.235113 0.097867 0.000010 0.606524
0.020821 0.014764 0.000010 0.019997 0.011035 0.000530 0.404730 0.073403 0.000010 0.454700
0.032964 0.026155 0.000010 0.000010 0.000010 0.009154 0.474500 0.017175 0.002260 0.437762
0.029416 0.018733 0.000010 0.015099 0.018179 0.000010 0.475393 0.031009 0.004680 0.407471
0.000010 0.011587 0.000010 0.009519 0.000010 0.009161 0.743828 0.015239 0.000010 0.210627
0.029026 0.000010 0.028518 0.005864 0.017484 0.013549 0.487559 0.054999 0.000943 0.362047
0.024196 0.006221 0.021967 0.000010 0.016240 0.006656 0.479548 0.020851 0.000010 0.424300
0.027748 0.000010 0.008943 0.007145 0.006882 0.000010 0.473736 0.027950 0.000010 0.447565
0.009591 0.012470 0.027924 0.008253 0.022463 0.000010 0.497732 0.003897 0.004029 0.413631
0.065959 0.000010 0.000010 0.012600 0.010853 0.005855 0.235469 0.070602 0.002496 0.596146
0.023439 0.010548 0.000010 0.002939 0.029096 0.001955 0.485574 0.044883 0.005530 0.396026
0.070771 0.014366 0.000010 0.000010 0.018504 0.008490 0.150733 0.024312 0.000010 0.712795
0.054861 0.004754 0.003942 0.001220 0.024198 0.000010 0.174659 0.052544 0.007705 0.676107
0.060139 0.000010 0.019622 0.013770 0.030448 0.005226 0.128513 0.032235 0.000989 0.709048
0.061395 0.023940 0.003793 0.007782 0.010468 0.005576 0.148439 0.029954 0.006282 0.702370
0.085678 0.021960 0.009814 0.000010 0.000010 0.003741 0.147443 0.039853 0.001248 0.690243
0.069485 0.005316 0.000010 0.000010 0.025607 0.009103 0.160238 0.035940 0.005816 0.688476
0.061588 0.001583 0.002087 0.006835 0.019417 0.000010 0.170691 0.051171 0.000010 0.686609
0.078155 0.000010 0.005345 0.010393 0.000010 0.000010 0.151101 0.054233 0.009692 0.691049
0.064296 0.000010 0.016235 0.000010 0.019195 0.000010 0.165761 0.025371 0.007144 0.701967
0.069744 0.010341 0.012511 0.000264 0.042033 0.008185 0.118336 0.053465 0.007349 0.677771
0.000010 0.000010 0.000010 0.008895 0.000010 0.001030 0.131828 0.778651 0.000010 0.079547
0.000010 0.005387 0.002403 0.001773 0.007970 0.002566 0.199948 0.473209 0.001023 0.305709
0.008031 0.000010 0.010366 0.011697 0.015261 0.012009 0.103995 0.596470 0.001340 0.240822
0.002408 0.000010 0.001119 0.008701 0.016094 0.000010 0.098127 0.743856 0.000459 0.129217
0.001595 0.000010 0.015053 0.003103 0.018799 0.005975 0.124101 0.635503 0.000010 0.195850
0.024553 0.000010 0.011818 0.000010 0.010349 0.000010 0.187218 0.531953 0.000010 0.234069
0.016516 0.000010 0.002580 0.006438 0.021572 0.000010 0.110921 0.651767 0.007812 0.182374
0.000010 0.011254 0.000010 0.007070 0.000016 0.000010 0.048184 0.863737 0.000010 0.069699
0.033872 0.009812 0.000010 0.004557 0.016891 0.002937 0.166585 0.486292 0.007024 0.272019
0.000010 0.000010 0.000010 0.002508 0.005939 0.005628 0.164999 0.535346 0.001322 0.284227
0.008431 0.014191 0.000603 0.006312 0.004599 0.002191 0.171057 0.466214 0.000010 0.326392
0.000010 0.009859 0.009707 0.000882 0.013035 0.001822 0.205260 0.442514 0.000010 0.316901
0.015893 0.000010 0.024646 0.005459 0.013354 0.009603 0.129345 0.528215 0.010231 0.263243
0.000010 0.000010 0.021875 0.012583 0.020916 0.000010 0.135952 0.508579 0.007339 0.292725
0.004408 0.011464 0.000010 0.005972 0.013336 0.004328 0.152753 0.524558 0.000010 0.283160
0.002935 0.000010 0.000010 0.000010 0.007546 0.000573 0.143974 0.528954 0.006352 0.309635
0.000010 0.000015 0.000010 0.010462 0.005452 0.015830 0.143444 0.508637 0.003541 0.312599
0.000010 0.000010 0.000844 0.016806 0.016567 0.005198 0.150224 0.506603 0.000010 0.303728
0.020469 0.015084 0.002302 0.006447 0.024714 0.000010 0.212316 0.371723 0.014977 0.331958
0.026783 0.000010 0.013643 0.000341 0.021949 0.003199 0.197935 0.293937 0.000696 0.441507
0.007962 0.013753 0.013719 0.003050 0.009306 0.000010 0.226272 0.286840 0.011109 0.427979
0.020580 0.003760 0.006644 0.003537 0.003535 0.004657 0.207216 0.329715 0.000010 0.420345
0.034392 0.000010 0.036806 0.000010 0.000010 0.007453 0.219781 0.297467 0.000010 0.404062
0.028485 0.015018 0.012512 0.014929 0.000010 0.004619 0.214297 0.270397 0.000010 0.439721
0.010555 0.000010 0.000010 0.008938 0.004006 0.001500 0.175964 0.449273 0.008780 0.340964
0.000010 0.000010 0.003615 0.014645 0.010371 0.006446 0.085359 0.709161 0.000010 0.170374
0.000010 0.000010 0.000010 0.000010 0.002538 0.000010 0.080128 0.733822 0.000010 0.183452
0.000010 0.008144 0.000010 0.000010 0.026398 0.006090 0.164248 0.422735 0.010567 0.361788
0.003706 0.001929 0.000010 0.015661 0.008858 0.003335 0.143944 0.448591 0.012161 0.361806
0.000010 0.010777 0.005790 0.001070 0.014619 0.009276 0.040855 0.759929 0.000155 0.157521
0.009251 0.000010 0.008320 0.010250 0.003392 0.000010 0.174676 0.468883 0.000010 0.325197
0.004998 0.000017 0.000010 0.008187 0.019647 0.003841 0.112268 0.619734 0.000010 0.231287
0.010486 0.000010 0.000010 0.000010 0.014864 0.000635 0.241182 0.370932 0.000010 0.361862
0.005244 0.004519 0.000010 0.006469 0.000567 0.003860 0.180143 0.419178 0.010634 0.369378
0.023103 0.000010 0.000010 0.000010 0.009478 0.006177 0.178023 0.405949 0.005445 0.371794
0.012845 0.000010 0.007156 0.002731 0.028888 0.010960 0.209013 0.362358 0.004642 0.361398
0.027654 0.000010 0.014753 0.007389 0.009552 0.008578 0.154288 0.394495 0.003611 0.379670
0.000010 0.000010 0.025222 0.004550 0.015492 0.000010 0.198607 0.375772 0.004648 0.375680
0.021697 0.000010 0.002834 0.004917 0.012295 0.008327 0.217865 0.356469 0.003445 0.372141
0.010073 0.000010 0.008773 0.021405 0.003439 0.005190 0.247613 0.158178 0.000010 0.545308
0.050082 0.013041 0.000010 0.009651 0.013808 0.007600 0.234970 0.156727 0.008483 0.505627
0.000010 0.000010 0.000010 0.019384 0.000010 0.004905 0.280600 0.152039 0.000010 0.543022
0.019639 0.000010 0.005153 0.013007 0.000811 0.001849 0.259705 0.176039 0.018298 0.505489
0.005823 0.002609 0.000013 0.010694 0.000010 0.012788 0.259952 0.153716 0.004692 0.549703
0.023473 0.006135 0.006517 0.018025 0.000010 0.006418 0.265657 0.163523 0.005382 0.504860
0.017123 0.000010 0.019875 0.006332 0.012264 0.010810 0.225020 0.169156 0.003916 0.535493
0.036353 0.000307 0.000010 0.012701 0.000432 0.008936 0.209017 0.140092 0.006721 0.585431
0.023160 0.000010 0.000010 0.016264 0.002898 0.010137 0.261851 0.188738 0.012585 0.484347
0.019168 0.010680 0.036418 0.008222 0.003400 0.000548 0.225481 0.153991 0.008877 0.533214
0.136605 0.006032 0.017838 0.000010 0.082479 0.000010 0.000010 0.000010 0.000010 0.756996
0.124286 0.000010 0.000010 0.000010 0.086449 0.000010 0.000010 0.000010 0.000010 0.789195
0.138463 0.000010 0.000010 0.005918 0.047171 0.000010 0.000010 0.000010 0.000440 0.807957
0.158911 0.001479 0.000010 0.000010 0.055774 0.000010 0.000010 0.000010 0.000010 0.783776
0.138975 0.000010 0.009607 0.006182 0.056870 0.002768 0.000010 0.000010 0.006364 0.779203
0.136173 0.000010 0.000010 0.000010 0.065812 0.000781 0.000010 0.000010 0.000010 0.797174
0.158874 0.000010 0.031173 0.000010 0.063894 0.000010 0.000010 0.000010 0.004219 0.741790
0.138080 0.008584 0.000106 0.000010 0.061457 0.009035 0.000010 0.000010 0.000010 0.782698
0.120908 0.000010 0.003010 0.000010 0.070528 0.003850 0.000010 0.000010 0.000010 0.801654
0.145004 0.001559 0.000010 0.008853 0.062179 0.006650 0.000010 0.000010 0.000010 0.775714
0.068406 0.005609 0.024255 0.008941 0.064110 0.005501 0.112962 0.000010 0.000010 0.710198
0.053443 0.001611 0.042363 0.004620 0.087903 0.000010 0.029459 0.000010 0.002320 0.778260
0.056982 0.013105 0.029710 0.000010 0.087320 0.000010 0.121591 0.000010 0.007867 0.683395
0.071931 0.011823 0.007398 0.000010 0.088405 0.000010 0.102162 0.000010 0.013851 0.704399
0.074566 0.003804 0.017183 0.004871 0.096731 0.000010 0.058355 0.000010 0.010120 0.734351
0.068837 0.008614 0.034379 0.004287 0.082755 0.004074 0.045662 0.000010 0.004592 0.746791
0.077391 0.004640 0.008629 0.001158 0.082896 0.004015 0.131866 0.000010 0.004792 0.684603
0.055959 0.006048 0.000010 0.013718 0.082638 0.001470 0.132247 0.002593 0.000010 0.705307
0.080013 0.028501 0.000010 0.000020 0.000010 0.000010 0.033390 0.025805 0.016602 0.815639
0.073763 0.014122 0.000010 0.007633 0.005253 0.007010 0.112266 0.068267 0.004009 0.707667
0.053039 0.000010 0.016810 0.005379 0.016796 0.009033 0.053963 0.099763 0.007462 0.737745
0.049660 0.012458 0.019787 0.000010 0.010562 0.000010 0.059448 0.031290 0.010149 0.806627
0.067722 0.019882 0.000010 0.016234 0.000010 0.013870 0.077067 0.023876 0.007635 0.773694
0.085627 0.018736 0.000010 0.001432 0.003628 0.000010 0.092454 0.049552 0.011607 0.736943
0.081009 0.013021 0.013750 0.000010 0.002629 0.002820 0.040986 0.062328 0.004708 0.778740
0.083632 0.009947 0.000010 0.007255 0.003733 0.012385 0.095327 0.065802 0.007943 0.713966
0.079058 0.018220 0.000310 0.005578 0.016612 0.000010 0.090060 0.042269 0.005545 0.742337
0.078886 0.007197 0.000010 0.011998 0.018771 0.000010 0.076678 0.067265 0.014700 0.724486
0.031026 0.000010 0.005405 0.001651 0.013587 0.016585 0.398717 0.092071 0.005056 0.435892
0.026745 0.014852 0.013845 0.018093 0.014015 0.007740 0.409742 0.051174 0.000010 0.443785
0.002649 0.012589 0.000414 0.005659 0.017813 0.008965 0.457536 0.040221 0.000010 0.454145
0.014834 0.019296 0.005486 0.006926 0.011267 0.002066 0.476755 0.057715 0.012525 0.393129
0.033523 0.010775 0.034021 0.000010 0.026822 0.000010 0.458871 0.053123 0.009998 0.372846
0.000010 0.023156 0.012670 0.000010 0.009794 0.002571 0.477581 0.027656 0.000010 0.446541
0.000010 0.000010 0.017700 0.006155 0.003312 0.008384 0.489066 0.062160 0.003460 0.409743
0.007662 0.011418 0.000010 0.002113 0.009619 0.003408 0.494849 0.058368 0.019706 0.392847
0.017802 0.000010 0.015044 0.005703 0.016748 0.004748 0.507245 0.051072 0.002435 0.379192
0.024657 0.010564 0.019386 0.004515 0.035517 0.000010 0.380400 0.168949 0.000010 0.355992
0.025379 0.023517 0.036649 0.013374 0.023459 0.012202 0.378844 0.126557 0.011280 0.348739
0.000010 0.022117 0.050655 0.012319 0.015244 0.012090 0.434034 0.135642 0.000010 0.317879
0.021334 0.000010 0.034892 0.017497 0.054059 0.014600 0.351044 0.180949 0.000010 0.325604
0.007079 0.007667 0.036437 0.015178 0.014144 0.000010 0.331875 0.174389 0.006085 0.407136
0.014056 0.013005 0.016384 0.004335 0.020944 0.006018 0.368051 0.146597 0.006888 0.403722
0.017612 0.003638 0.016363 0.015609 0.031566 0.005869 0.345186 0.199837 0.009500 0.354821
0.019754 0.012988 0.010536 0.020991 0.018556 0.001021 0.380576 0.118882 0.008000 0.408695
0.026630 0.020954 0.042545 0.010582 0.024663 0.005587 0.335809 0.156542 0.010230 0.366457
0.000010 0.002036 0.051826 0.009274 0.032827 0.010678 0.360596 0.168037 0.013658 0.351058
0.999910 0.000010 0.000010 0.000010 0.000010 0.000010 0.000010 0.000010 0.000010 0.000010
0.999910 0.000010 0.000010 0.000010 0.000010 0.000010 0.000010 0.000010 0.000010 0.000010
0.458289 0.000010 0.000010 0.000010 0.000010 0.000010 0.000010 0.000010 0.000010 0.541631
0.011987 0.001230 0.009337 0.000010 0.000010 0.004367 0.224638 0.166704 0.010205 0.571510
0.999910 0.000010 0.000010 0.000010 0.000010 0.000010 0.000010 0.000010 0.000010 0.000010
0.999910 0.000010 0.000010 0.000010 0.000010 0.000010 0.000010 0.000010 0.000010 0.000010
0.506193 0.000010 0.000010 0.000010 0.000010 0.000010 0.000010 0.000010 0.000010 0.493727
0.012674 0.013007 0.000010 0.017202 0.000010 0.012114 0.087897 0.307309 0.000010 0.549766
0.999910 0.000010 0.000010 0.000010 0.000010 0.000010 0.000010 0.000010 0.000010 0.000010
0.489727 0.000010 0.000010 0.000010 0.000010 0.000010 0.000010 0.000010 0.000010 0.510193
0.486215 0.000010 0.000010 0.000010 0.000010 0.000010 0.000010 0.000010 0.000010 0.513705
0.015848 0.009618 0.013929 0.015887 0.000010 0.007594 0.099243 0.303058 0.012040 0.522773
0.464665 0.000010 0.000010 0.000010 0.005564 0.000010 0.000010 0.000010 0.000010 0.529701
0.501670 0.000010 0.000010 0.000010 0.000010 0.000010 0.000010 0.000010 0.000010 0.498250
0.999910 0.000010 0.000010 0.000010 0.000010 0.000010 0.000010 0.000010 0.000010 0.000010
0.446036 0.000010 0.000010 0.000010 0.000010 0.000010 0.000010 0.000010 0.000010 0.553884
0.999907 0.000010 0.000010 0.000010 0.000013 0.000010 0.000010 0.000010 0.000010 0.000010
0.490144 0.000010 0.000010 0.000010 0.000010 0.000010 0.000010 0.000010 0.000010 0.509776
0.021308 0.000010 0.000010 0.007566 0.000010 0.000010 0.193884 0.280782 0.005978 0.490442
0.999910 0.000010 0.000010 0.000010 0.000010 0.000010 0.000010 0.000010 0.000010 0.000010
0.452568 0.000010 0.000010 0.000010 0.000010 0.000010 0.000010 0.000010 0.000010 0.547352
0.046273 0.006154 0.020564 0.014724 0.000010 0.004534 0.141332 0.291126 0.000010 0.475273
0.999910 0.000010 0.000010 0.000010 0.000010 0.000010 0.000010 0.000010 0.000010 0.000010
0.473138 0.000010 0.000010 0.000010 0.000010 0.000010 0.000010 0.000010 0.000010 0.526782
0.021335 0.000010 0.000010 0.007410 0.000010 0.000010 0.129367 0.323254 0.001051 0.517542
0.122085 0.012591 0.002075 0.000010 0.066983 0.005906 0.005202 0.003663 0.000010 0.781474
0.096567 0.001952 0.003222 0.003560 0.079181 0.000010 0.013569 0.009635 0.009970 0.782334
0.097323 0.008503 0.000010 0.001348 0.061801 0.000010 0.000010 0.008033 0.015081 0.807881
0.121083 0.007023 0.024417 0.013563 0.056341 0.001939 0.000010 0.014953 0.000010 0.760662
0.126684 0.000384 0.011737 0.013256 0.070882 0.002047 0.000010 0.025434 0.000971 0.748594
0.124344 0.000010 0.006502 0.001161 0.096157 0.002511 0.000010 0.031109 0.010268 0.727929
0.097594 0.000010 0.000010 0.000010 0.070214 0.000010 0.000010 0.015927 0.002421 0.813794
0.130992 0.000010 0.023820 0.002451 0.074521 0.000010 0.000010 0.001250 0.000977 0.765959
0.097308 0.019975 0.020800 0.000010 0.131437 0.006431 0.042687 0.036356 0.013161 0.631835
0.130342 0.000010 0.003057 0.007220 0.102988 0.003707 0.000010 0.010708 0.000010 0.741949
0.000010 0.000010 0.000010 0.000010 0.999910 0.000010 0.000010 0.000010 0.000010 0.000010
0.118046 0.014000 0.025526 0.000010 0.149398 0.015558 0.047205 0.026338 0.013859 0.590060
0.105876 0.003872 0.004438 0.007760 0.080667 0.005642 0.093828 0.055692 0.000010 0.642215
0.102136 0.016344 0.026160 0.000055 0.136187 0.001679 0.073730 0.038237 0.007569 0.597904
0.092284 0.004110 0.010342 0.002965 0.119228 0.011185 0.034766 0.059342 0.009616 0.656160
0.000010 0.000010 0.000010 0.000010 0.999910 0.000010 0.000010 0.000010 0.000010 0.000010
0.000010 0.000010 0.000010 0.000010 0.999910 0.000010 0.000010 0.000010 0.000010 0.000010
0.115234 0.003973 0.015450 0.000010 0.141968 0.009456 0.062309 0.042924 0.008562 0.600115
0.000010 0.000010 0.000010 0.000010 0.009213 0.000010 0.031254 0.805201 0.003195 0.151086
0.005835 0.000010 0.000010 0.000010 0.012691 0.000010 0.010219 0.943915 0.005369 0.021931
0.000010 0.000010 0.000010 0.000010 0.000010 0.000010 0.000010 0.999910 0.000010 0.000010
0.009275 0.000010 0.001105 0.000010 0.000010 0.000010 0.002297 0.987262 0.000010 0.000010
0.008885 0.000010 0.000010 0.000010 0.000010 0.000010 0.000010 0.991035 0.000010 0.000010
0.000010 0.017992 0.000010 0.000010 0.000010 0.000010 0.020713 0.961225 0.000010 0.000010
0.000098 0.000010 0.007557 0.002406 0.000010 0.000010 0.000010 0.989879 0.000010 0.000010
0.000010 0.000010 0.000010 0.000010 0.000010 0.006027 0.000010 0.950228 0.000010 0.043675
0.000010 0.000010 0.000010 0.000010 0.000010 0.000010 0.000010 0.999910 0.000010 0.000010
0.000010 0.000010 0.000010 0.000010 0.000010 0.000010 0.000010 0.999910 0.000010 0.000010
0.000010 0.000010 0.000010 0.000010 0.000010 0.000010 0.000010 0.999910 0.000010 0.000010
0.024979 0.014750 0.012027 0.003465 0.024751 0.009576 0.337910 0.181657 0.000477 0.390408
0.034529 0.004925 0.020874 0.005731 0.045502 0.012059 0.294602 0.184115 0.007566 0.390098
0.029038 0.004228 0.000010 0.009700 0.037091 0.007348 0.414761 0.113513 0.001375 0.382936
0.032351 0.000010 0.000010 0.015015 0.027071 0.000010 0.336058 0.148439 0.012697 0.428339
0.001144 0.021659 0.018218 0.001818 0.027513 0.007437 0.466925 0.123060 0.011883 0.320344
0.012885 0.046640 0.345838 0.011520 0.014475 0.017940 0.488260 0.014553 0.004035 0.043853
0.000010 0.057132 0.071912 0.011349 0.029265 0.028325 0.621628 0.067043 0.009337 0.103999
0.021573 0.055048 0.516988 0.000506 0.000769 0.007506 0.349483 0.000010 0.013450 0.034667
0.000010 0.051733 0.265395 0.002778 0.002649 0.027027 0.527026 0.037284 0.014414 0.071683
0.012803 0.027803 0.035495 0.007700 0.016243 0.008087 0.739876 0.051113 0.003589 0.097290
0.000010 0.011112 0.023909 0.000010 0.000010 0.000010 0.791229 0.035103 0.007591 0.131016
0.000010 0.017779 0.024003 0.005554 0.019117 0.016393 0.741190 0.062107 0.000010 0.113836
0.015665 0.021710 0.032582 0.002164 0.000010 0.018793 0.736496 0.055601 0.000010 0.116968
0.000010 0.012289 0.032942 0.004478 0.008460 0.009026 0.752421 0.034657 0.014977 0.130741
0.007448 0.035061 0.048857 0.012630 0.010892 0.010984 0.744694 0.033575 0.006137 0.089721
0.000010 0.039313 0.063549 0.000010 0.000010 0.010828 0.704143 0.059487 0.001306 0.121343
0.000010 0.008195 0.025095 0.000010 0.000010 0.001244 0.793882 0.036693 0.000010 0.134852
0.016228 0.028701 0.019105 0.000699 0.000010 0.000448 0.750619 0.043813 0.003437 0.136941
0.000010 0.052872 0.077323 0.000718 0.005466 0.004640 0.708058 0.023554 0.010036 0.117323
0.000010 0.019356 0.021242 0.013646 0.000010 0.005643 0.673500 0.065635 0.001161 0.199798
0.016486 0.019501 0.018515 0.007402 0.044933 0.003438 0.536240 0.126546 0.007007 0.219933
0.000010 0.000010 0.040881 0.000129 0.003475 0.015789 0.748434 0.057140 0.007955 0.126177
0.000010 0.033091 0.046638 0.016931 0.030385 0.006811 0.609881 0.081927 0.011645 0.162683
0.000010 0.000010 0.003467 0.000010 0.034373 0.013629 0.317022 0.172384 0.004454 0.454641
0.000010 0.003582 0.036715 0.008634 0.010324 0.013912 0.711191 0.065128 0.004017 0.146487
0.001755 0.042492 0.028745 0.004860 0.013045 0.000809 0.642331 0.107764 0.006402 0.151797
0.014023 0.039265 0.027979 0.006594 0.033876 0.006271 0.538661 0.085663 0.021453 0.226216
0.004787 0.103547 0.063078 0.000010 0.018753 0.020574 0.708573 0.012315 0.017081 0.051282
0.001250 0.023402 0.022137 0.021015 0.038909 0.016325 0.609172 0.153161 0.011489 0.103140
0.016854 0.072604 0.072613 0.005535 0.018018 0.023951 0.669739 0.029097 0.015612 0.075977
0.000010 0.016406 0.037887 0.010037 0.036584 0.007855 0.562981 0.162574 0.004760 0.160908
0.008182 0.065886 0.103492 0.008763 0.030531 0.010267 0.648490 0.038381 0.013537 0.072472
0.016177 0.020585 0.031134 0.010539 0.042707 0.006368 0.601640 0.163175 0.000010 0.107666
0.024038 0.082751 0.059519 0.012203 0.019339 0.032165 0.652166 0.050783 0.016630 0.050406
0.000010 0.000010 0.019672 0.005850 0.008120 0.000010 0.721335 0.003632 0.000010 0.241351
0.002902 0.060622 0.064532 0.002567 0.033461 0.029321 0.664589 0.044126 0.020715 0.077166
0.000010 0.000010 0.000010 0.000010 0.000010 0.000010 0.708994 0.029799 0.000010 0.261137
0.007017 0.062151 0.050151 0.002236 0.015897 0.012847 0.714204 0.041358 0.000010 0.094129
0.003507 0.001208 0.000010 0.001065 0.000010 0.000010 0.714758 0.000010 0.000010 0.279413
0.024262 0.009888 0.044690 0.006944 0.047291 0.006196 0.513279 0.183549 0.000010 0.163891
0.003244 0.103465 0.069038 0.005169 0.036819 0.023394 0.678350 0.013808 0.024023 0.042690
0.013852 0.020639 0.021991 0.000010 0.016638 0.021997 0.530630 0.041766 0.007978 0.324499
0.007476 0.025298 0.010857 0.005103 0.015247 0.013290 0.608636 0.139729 0.009646 0.164719
0.009105 0.085879 0.077925 0.013546 0.034449 0.029463 0.680267 0.005457 0.009393 0.054517
0.005341 0.032758 0.019981 0.010825 0.009022 0.015593 0.605456 0.135419 0.010428 0.155177
0.004263 0.034191 0.036699 0.011028 0.000010 0.007837 0.760390 0.041827 0.001746 0.102010
0.002424 0.000010 0.037944 0.002863 0.047454 0.007158 0.323483 0.157213 0.010827 0.410624
0.002125 0.030993 0.021730 0.011502 0.000010 0.004332 0.703940 0.078084 0.011474 0.135811
0.031978 0.010920 0.008418 0.001459 0.004821 0.000010 0.564759 0.054249 0.006388 0.316997
0.016928 0.019483 0.033806 0.005994 0.006838 0.000010 0.737730 0.063900 0.000010 0.115300
0.045431 0.000010 0.000010 0.011004 0.011745 0.000010 0.584568 0.036571 0.000010 0.310642
0.000010 0.077251 0.095008 0.007554 0.043326 0.031304 0.684917 0.017637 0.004683 0.038309
0.004435 0.002480 0.008597 0.008130 0.000010 0.000010 0.777732 0.029300 0.000010 0.169295
0.000010 0.029266 0.044380 0.003402 0.000010 0.012445 0.674107 0.057906 0.004385 0.174089
0.000010 0.006312 0.012108 0.000134 0.000010 0.005263 0.794155 0.006758 0.000010 0.175241
0.024042 0.089434 0.070374 0.003404 0.022830 0.031851 0.656703 0.034543 0.021702 0.045117
0.000010 0.000010 0.000448 0.000010 0.000010 0.000010 0.785777 0.016697 0.001692 0.195336
0.002339 0.000010 0.000010 0.000010 0.000010 0.004888 0.799899 0.029817 0.000010 0.163007
0.004424 0.059198 0.035773 0.000010 0.025294 0.021958 0.742513 0.041090 0.006759 0.062979
0.054012 0.003031 0.000010 0.007112 0.000010 0.006481 0.331609 0.131557 0.004753 0.461426
0.004276 0.000010 0.016249 0.010317 0.003973 0.003029 0.651187 0.061315 0.000489 0.249154
0.000010 0.014252 0.059536 0.000010 0.014173 0.012603 0.737294 0.042240 0.004957 0.114926
0.052572 0.000010 0.000244 0.011097 0.004414 0.006978 0.154536 0.092787 0.006225 0.671136
0.019883 0.022762 0.017435 0.000010 0.010198 0.009987 0.730971 0.027210 0.000010 0.161534
0.011966 0.073671 0.058875 0.009335 0.055184 0.021852 0.705975 0.002389 0.011403 0.049350
0.000010 0.000010 0.000010 0.000010 0.000010 0.002872 0.794291 0.007843 0.000010 0.194933
0.000010 0.004158 0.000010 0.005029 0.000010 0.004277 0.786543 0.061255 0.006120 0.132586
0.013082 0.114301 0.080485 0.005842 0.052594 0.035313 0.608497 0.037806 0.019225 0.032854
0.000010 0.000010 0.006541 0.000010 0.000010 0.008150 0.668874 0.070872 0.000010 0.245512
0.000010 0.000010 0.023264 0.000449 0.000010 0.000234 0.770495 0.042442 0.003699 0.159388
0.014812 0.080494 0.112200 0.001800 0.015174 0.023969 0.679659 0.000010 0.015029 0.056852
0.021296 0.004766 0.000010 0.000010 0.006464 0.007967 0.728644 0.048304 0.000010 0.182530
0.000010 0.030209 0.018098 0.007329 0.010680 0.000010 0.815854 0.040436 0.000010 0.077364
0.011447 0.075003 0.080449 0.008402 0.025347 0.015320 0.614749 0.060920 0.020231 0.088133
0.050137 0.000010 0.000010 0.010540 0.006285 0.000204 0.225597 0.125152 0.000010 0.582055
0.006147 0.011970 0.020535 0.003961 0.000010 0.000010 0.604299 0.046756 0.000010 0.306301
0.021146 0.077307 0.089810 0.008931 0.025999 0.014874 0.678464 0.014061 0.023712 0.045695
0.000010 0.020943 0.007529 0.000010 0.010870 0.010759 0.734262 0.079088 0.003836 0.132693
0.081101 0.000010 0.000010 0.003850 0.020455 0.000010 0.191670 0.063715 0.000010 0.639169
0.027795 0.096636 0.072517 0.008880 0.027014 0.029069 0.728303 0.000010 0.002416 0.007362
0.000010 0.001734 0.001026 0.005528 0.005975 0.004850 0.781426 0.052839 0.011456 0.135155
0.067808 0.000010 0.015807 0.007927 0.000010 0.001265 0.292643 0.100825 0.000010 0.513695
0.013387 0.054290 0.060544 0.006401 0.014457 0.012809 0.630089 0.084724 0.012085 0.111214
0.042017 0.002881 0.021218 0.010466 0.007411 0.001233 0.374010 0.071800 0.000010 0.468954
0.000010 0.010627 0.020311 0.000010 0.008546 0.000010 0.784668 0.031293 0.000522 0.144003
0.001329 0.084550 0.066214 0.012541 0.027600 0.027876 0.645032 0.030708 0.009391 0.094760
0.019185 0.019890 0.023809 0.006900 0.042135 0.000010 0.541529 0.175954 0.011799 0.158788
0.039187 0.008788 0.012723 0.000010 0.021977 0.000010 0.463888 0.071898 0.000908 0.380610
0.032370 0.093287 0.087562 0.004449 0.023999 0.033482 0.698962 0.003728 0.011089 0.011072
0.000010 0.015704 0.020393 0.000018 0.026838 0.000010 0.616720 0.144932 0.009886 0.165487
0.042824 0.000010 0.009598 0.011530 0.021141 0.000010 0.308100 0.065422 0.002679 0.538686
0.008657 0.076699 0.074136 0.012277 0.034781 0.023178 0.695520 0.010313 0.030038 0.034401
0.020009 0.021083 0.023755 0.000818 0.019461 0.009700 0.645322 0.110959 0.005241 0.143651
0.011245 0.014170 0.037403 0.000010 0.000010 0.013674 0.718340 0.080016 0.001934 0.123199
0.000010 0.096419 0.105947 0.006281 0.024091 0.029229 0.631359 0.041263 0.014987 0.050414
0.012517 0.042226 0.029822 0.020220 0.017204 0.006920 0.592122 0.087568 0.008047 0.183355
0.000010 0.000010 0.000010 0.000010 0.000010 0.000010 0.729715 0.036275 0.002726 0.231224
0.000010 0.098485 0.105604 0.018452 0.031105 0.028772 0.676723 0.012244 0.014832 0.013771
0.000894 0.000010 0.012082 0.014916 0.021177 0.007543 0.561664 0.123348 0.014132 0.244234
0.055582 0.022984 0.000010 0.000010 0.012330 0.006586 0.296567 0.088029 0.000010 0.517893
0.021099 0.083930 0.067958 0.019461 0.019062 0.027701 0.661138 0.043218 0.010942 0.045491
0.010981 0.006067 0.008991 0.000944 0.018277 0.004241 0.425975 0.148939 0.002985 0.372600
0.003878 0.020736 0.000015 0.004738 0.000010 0.000010 0.760139 0.087764 0.006799 0.115912
0.022375 0.072920 0.076653 0.011082 0.040363 0.026960 0.649870 0.037297 0.015853 0.046627
0.015605 0.028996 0.030969 0.006788 0.025776 0.002057 0.596575 0.116296 0.011478 0.165461
