0.084709 0.000010 0.521281 0.355138 0.038863
0.044534 0.000010 0.533435 0.395467 0.026554
0.000010 0.000010 0.999960 0.000010 0.000010
0.182741 0.000010 0.817229 0.000010 0.000010
0.163901 0.019028 0.817051 0.000010 0.000010
0.182235 0.000010 0.734919 0.082826 0.000010
0.122222 0.000010 0.456357 0.421401 0.000010
0.000010 0.000010 0.999960 0.000010 0.000010
0.156748 0.000010 0.702977 0.140255 0.000010
0.112245 0.000010 0.803278 0.084458 0.000010
0.113574 0.000010 0.886396 0.000010 0.000010
0.000010 0.000010 0.999960 0.000010 0.000010
0.000010 0.073974 0.925996 0.000010 0.000010
0.000010 0.000010 0.999960 0.000010 0.000010
0.000010 0.000010 0.999960 0.000010 0.000010
0.000010 0.000010 0.999960 0.000010 0.000010
0.000010 0.000010 0.999960 0.000010 0.000010
0.000010 0.000010 0.999960 0.000010 0.000010
0.000010 0.000010 0.999960 0.000010 0.000010
0.062089 0.008573 0.576303 0.353025 0.000010
0.000010 0.000010 0.999960 0.000010 0.000010
0.000010 0.000010 0.999960 0.000010 0.000010
0.000010 0.000010 0.999960 0.000010 0.000010
0.000010 0.000010 0.999960 0.000010 0.000010
0.000010 0.000010 0.999960 0.000010 0.000010
0.000010 0.000010 0.999960 0.000010 0.000010
0.000010 0.000010 0.999960 0.000010 0.000010
0.000010 0.033111 0.906857 0.000010 0.060012
0.000010 0.000010 0.999960 0.000010 0.000010
0.170607 0.107281 0.377507 0.324102 0.020503
0.159310 0.000010 0.421670 0.418999 0.000010
0.074544 0.055091 0.493629 0.374925 0.001811
0.000010 0.136276 0.000010 0.861805 0.001899
0.000010 0.163637 0.000010 0.836333 0.000010
0.000010 0.140796 0.091218 0.743117 0.024859
0.000010 0.168805 0.000010 0.830102 0.001073
0.000010 0.100210 0.000010 0.899760 0.000010
0.000010 0.319344 0.019669 0.586826 0.074150
0.000010 0.053864 0.000010 0.946106 0.000010
0.000010 0.087306 0.000010 0.798552 0.114122
0.000011 0.110652 0.000010 0.699763 0.189564
0.000010 0.074926 0.000010 0.795095 0.129959
0.000010 0.178374 0.000010 0.615196 0.206410
0.000010 0.121138 0.016340 0.706634 0.155877
0.000010 0.167436 0.000010 0.653708 0.178836
0.000010 0.161216 0.000010 0.671669 0.167095
0.000010 0.107436 0.000010 0.648974 0.243571
0.093211 0.047543 0.110149 0.626085 0.123012
0.081778 0.068193 0.124066 0.605981 0.119982
0.095344 0.052877 0.093620 0.619140 0.139019
0.095508 0.046382 0.116425 0.636986 0.104698
0.074456 0.053875 0.089592 0.656273 0.125804
0.085437 0.058439 0.086489 0.639429 0.130206
0.096043 0.041089 0.079779 0.670039 0.113051
0.076752 0.064672 0.097984 0.636201 0.124391
0.050898 0.003821 0.106709 0.703560 0.135012
0.120014 0.058190 0.216954 0.460848 0.143995
0.107119 0.098608 0.162188 0.532412 0.099673
0.068533 0.029186 0.090975 0.683495 0.127811
0.628660 0.000010 0.111259 0.260060 0.000010
0.069878 0.066678 0.092918 0.648426 0.122101
0.075429 0.049089 0.089351 0.624882 0.161249
0.000010 0.999960 0.000010 0.000010 0.000010
0.000010 0.999960 0.000010 0.000010 0.000010
0.000010 0.999960 0.000010 0.000010 0.000010
0.000010 0.999960 0.000010 0.000010 0.000010
0.005969 0.885498 0.000010 0.089289 0.019234
0.000010 0.999960 0.000010 0.000010 0.000010
0.000010 0.999960 0.000010 0.000010 0.000010
0.000010 0.999960 0.000010 0.000010 0.000010
0.000010 0.999960 0.000010 0.000010 0.000010
0.000010 0.940520 0.000010 0.038164 0.021296
0.000010 0.999960 0.000010 0.000010 0.000010
0.009847 0.910929 0.000010 0.019458 0.059756
0.005344 0.805654 0.015806 0.145597 0.027599
0.000010 0.999960 0.000010 0.000010 0.000010
0.016538 0.023015 0.031230 0.308326 0.620892
0.005394 0.039191 0.028790 0.310322 0.616303
0.014083 0.010448 0.048407 0.316649 0.610413
0.008830 0.065345 0.029840 0.318467 0.577519
0.007978 0.000010 0.059054 0.299539 0.633419
0.023759 0.048598 0.027192 0.332022 0.568429
0.027699 0.037247 0.038826 0.276106 0.620122
0.021319 0.002834 0.064511 0.281761 0.629576
0.000010 0.389039 0.000010 0.288400 0.322541
0.000010 0.360793 0.000010 0.338045 0.301142
0.000018 0.405152 0.000010 0.288193 0.306627
0.000010 0.385192 0.000010 0.300153 0.314636
0.000010 0.370083 0.000010 0.289857 0.340040
0.000010 0.345729 0.000010 0.342015 0.312235
0.012007 0.398573 0.000010 0.293259 0.296150
0.000010 0.397295 0.000010 0.292805 0.309880
0.000010 0.371772 0.000010 0.324011 0.304196
0.000010 0.406007 0.000010 0.295933 0.298039
0.000010 0.402388 0.000010 0.274743 0.322849
0.002071 0.364829 0.000010 0.313246 0.319844
0.000010 0.356351 0.000010 0.348335 0.295294
0.000010 0.397282 0.000010 0.315024 0.287674
0.001002 0.357915 0.000010 0.329026 0.312047
0.000010 0.399726 0.012897 0.274763 0.312604
0.013200 0.367899 0.000010 0.291506 0.327385
0.000010 0.368523 0.000010 0.318801 0.312656
0.000010 0.373503 0.000010 0.317150 0.309327
0.000012 0.393085 0.000010 0.280826 0.326067
0.000010 0.398246 0.000010 0.304297 0.297436
0.000010 0.394112 0.000010 0.323564 0.282303
0.000010 0.354932 0.000010 0.323939 0.321109
0.000010 0.397012 0.000010 0.301514 0.301454
0.001622 0.362700 0.005424 0.315427 0.314826
0.000010 0.329226 0.000010 0.318935 0.351819
0.000010 0.088130 0.000010 0.338331 0.573519
0.000010 0.141064 0.000010 0.445684 0.413232
0.000010 0.057729 0.000010 0.344465 0.597786
0.023710 0.154381 0.014152 0.483423 0.324333
0.013282 0.153845 0.000010 0.440751 0.392113
0.002555 0.084095 0.000010 0.383929 0.529411
0.000010 0.051471 0.000010 0.324577 0.623932
0.013468 0.114968 0.000010 0.465160 0.406393
0.006466 0.166097 0.009478 0.445861 0.372098
0.015138 0.084450 0.000355 0.399646 0.500411
0.000010 0.074112 0.000010 0.329769 0.596099
0.000010 0.131586 0.000010 0.351072 0.517322
0.000010 0.391571 0.000010 0.313581 0.294829
0.004248 0.378546 0.000010 0.312376 0.304819
0.000010 0.113444 0.000010 0.373835 0.512701
0.000010 0.091192 0.007871 0.284073 0.616854
0.015476 0.069140 0.000010 0.380106 0.535268
0.003824 0.181015 0.000010 0.441532 0.373618
0.000010 0.148607 0.000010 0.455757 0.395616
0.000010 0.062741 0.000010 0.348613 0.588627
0.004763 0.129781 0.000010 0.380038 0.485409
0.000010 0.061707 0.000010 0.337643 0.600630
0.005721 0.085560 0.000010 0.336379 0.572331
0.000795 0.071607 0.000010 0.327733 0.599855
0.000010 0.117662 0.000010 0.406674 0.475643
0.002764 0.369992 0.000010 0.302976 0.324258
0.002600 0.133242 0.012373 0.492407 0.359378
0.000010 0.109897 0.000010 0.372833 0.517250
0.011142 0.101910 0.007758 0.411654 0.467535
0.000010 0.083061 0.000010 0.342713 0.574205
0.000010 0.067108 0.000010 0.321292 0.611580
0.000010 0.155598 0.000010 0.437717 0.406666
0.000010 0.090751 0.000010 0.400657 0.508572
0.000010 0.084774 0.000010 0.401355 0.513852
0.000010 0.161102 0.000010 0.502015 0.336863
0.003534 0.149177 0.000010 0.452662 0.394617
0.003214 0.091911 0.003090 0.400809 0.500976
0.015771 0.085635 0.003686 0.466402 0.428505
0.000010 0.072696 0.000010 0.441705 0.485579
0.000010 0.110744 0.025242 0.405696 0.458308
0.015812 0.114909 0.000010 0.457958 0.411311
0.000010 0.129564 0.002904 0.424965 0.442557
0.000010 0.109323 0.000010 0.411560 0.479097
0.010272 0.075364 0.000010 0.479956 0.434398
0.011298 0.081559 0.000010 0.418556 0.488577
0.007264 0.111614 0.000010 0.480356 0.400755
0.037161 0.080009 0.048218 0.565790 0.268823
0.043431 0.020691 0.069103 0.614049 0.252727
0.060247 0.032185 0.064633 0.599223 0.243712
0.095488 0.016086 0.097563 0.754011 0.036852
0.092339 0.056664 0.050159 0.589614 0.211225
0.070106 0.021984 0.051509 0.615765 0.240635
0.072888 0.032736 0.023107 0.610483 0.260786
0.097542 0.005547 0.048565 0.623720 0.224627
0.019596 0.088603 0.000010 0.477053 0.414738
0.057555 0.045415 0.062301 0.604513 0.230215
0.000010 0.041429 0.008164 0.442820 0.507576
0.009867 0.070717 0.000578 0.448332 0.470506
0.015514 0.056019 0.003890 0.427377 0.497200
0.000548 0.050270 0.015151 0.454904 0.479128
0.010443 0.059404 0.007304 0.422415 0.500434
0.000010 0.053928 0.017071 0.435446 0.493545
0.001358 0.071441 0.000010 0.452483 0.474709
0.004405 0.073415 0.000010 0.427934 0.494235
0.014290 0.040562 0.000010 0.459673 0.485465
0.016386 0.070006 0.012315 0.398623 0.502669
0.001469 0.787613 0.008305 0.200193 0.002419
0.021858 0.480401 0.013737 0.327613 0.156391
0.014149 0.603092 0.017639 0.225954 0.139167
0.009465 0.745523 0.007861 0.174374 0.062777
0.025112 0.639605 0.018333 0.216480 0.100470
0.031928 0.533586 0.005664 0.282746 0.146076
0.007055 0.655311 0.013362 0.209004 0.115268
0.003295 0.868995 0.003120 0.113048 0.011542
0.009276 0.491366 0.036668 0.282935 0.179756
0.001771 0.545221 0.010166 0.303182 0.139661
0.013012 0.473263 0.015512 0.315733 0.182480
0.025226 0.452367 0.016268 0.346745 0.159394
0.032499 0.537030 0.026469 0.246419 0.157582
0.033295 0.517253 0.003769 0.291560 0.154122
0.000010 0.531945 0.028121 0.288659 0.151266
0.002463 0.538431 0.006622 0.285162 0.167322
0.002986 0.522264 0.028189 0.293712 0.152848
0.010886 0.517441 0.004309 0.311550 0.155815
0.025001 0.378537 0.039026 0.353685 0.203751
0.028216 0.303749 0.000732 0.393375 0.273928
0.031513 0.296016 0.026436 0.405967 0.240067
0.022794 0.339666 0.005691 0.384800 0.247049
0.057519 0.314704 0.000010 0.378479 0.249287
0.032690 0.281068 0.008296 0.409504 0.268442
0.002640 0.459609 0.006871 0.343912 0.186968
0.010102 0.712256 0.007819 0.186726 0.083097
0.000010 0.735350 0.000010 0.179956 0.084674
0.006961 0.433645 0.032975 0.327535 0.198883
0.003157 0.459155 0.024333 0.308085 0.205270
0.004862 0.770382 0.013111 0.154791 0.056853
0.022263 0.475650 0.000010 0.324212 0.177866
0.003294 0.627656 0.011021 0.224741 0.133287
0.019187 0.376050 0.001891 0.401836 0.201037
0.000869 0.429940 0.019560 0.351899 0.197732
0.000010 0.415931 0.007842 0.349897 0.226320
0.023860 0.370285 0.026285 0.367833 0.211737
0.024454 0.404870 0.003107 0.326006 0.241562
0.043338 0.386163 0.006888 0.361695 0.201915
0.017406 0.363270 0.024470 0.376055 0.218799
0.026337 0.169785 0.000010 0.493865 0.310003
0.003531 0.171171 0.039911 0.444456 0.340932
0.016225 0.166692 0.000010 0.530046 0.287027
0.025976 0.188510 0.020311 0.466372 0.298831
0.021145 0.166916 0.014473 0.491522 0.305943
0.027649 0.176539 0.023201 0.470829 0.301782
0.032273 0.183195 0.004284 0.462393 0.317855
0.005152 0.156237 0.016085 0.456953 0.365573
0.012604 0.201506 0.027638 0.468522 0.289730
0.049884 0.167116 0.005451 0.468096 0.309453
0.012020 0.018945 0.000010 0.295706 0.673319
0.000010 0.000010 0.000010 0.312089 0.687881
0.000010 0.000010 0.000010 0.275422 0.724548
0.000010 0.000010 0.000010 0.258142 0.741828
0.000012 0.017727 0.000010 0.294059 0.688193
0.000010 0.000010 0.000010 0.274712 0.725258
0.023569 0.015678 0.000010 0.257522 0.703221
0.000010 0.027249 0.000010 0.306275 0.666456
0.000010 0.018845 0.000010 0.296139 0.684996
0.000010 0.004727 0.000010 0.296120 0.699133
0.027468 0.009902 0.011551 0.416442 0.534636
0.032614 0.000010 0.003012 0.378029 0.586334
0.037098 0.000010 0.030820 0.411680 0.520391
0.015836 0.000010 0.032120 0.397819 0.554215
0.014570 0.000010 0.031381 0.367810 0.586229
0.027080 0.000010 0.019312 0.373673 0.579924
0.014631 0.014833 0.027163 0.416371 0.527002
0.000010 0.017924 0.019029 0.440908 0.522130
0.000010 0.045195 0.000010 0.385366 0.569419
0.000010 0.090217 0.002331 0.405985 0.501457
0.000010 0.118283 0.000010 0.379491 0.502206
0.000010 0.058133 0.000010 0.407076 0.534772
0.000010 0.046768 0.007747 0.403843 0.541633
0.000010 0.072823 0.000010 0.388013 0.539143
0.000010 0.081779 0.000010 0.354449 0.563752
0.000010 0.085284 0.001968 0.394539 0.518199
0.000010 0.066870 0.000010 0.395788 0.537323
0.000010 0.089424 0.000010 0.381100 0.529456
0.053080 0.099283 0.049072 0.535353 0.263212
0.061553 0.057365 0.057213 0.563572 0.260296
0.051399 0.046203 0.047265 0.614788 0.240345
0.065049 0.062179 0.067607 0.597538 0.207627
0.093544 0.052364 0.062003 0.563534 0.228555
0.074981 0.028478 0.048818 0.621183 0.226540
0.077350 0.065681 0.043931 0.614338 0.198700
0.043648 0.061141 0.078170 0.620169 0.196873
0.083311 0.051357 0.050889 0.609725 0.204719
0.064775 0.172655 0.045080 0.503361 0.214129
0.083768 0.131649 0.087797 0.485136 0.211649
0.108724 0.137277 0.068284 0.535067 0.150648
0.079737 0.184266 0.067113 0.459561 0.209323
0.073184 0.181384 0.033344 0.491262 0.220826
0.058079 0.154107 0.054586 0.505272 0.227956
0.057395 0.202405 0.051962 0.480576 0.207663
0.053349 0.123491 0.057907 0.528517 0.236735
0.083560 0.159939 0.068944 0.458544 0.229013
0.090884 0.171920 0.064835 0.487023 0.185339
0.000010 0.000010 0.000010 0.000010 0.999960
0.000010 0.000010 0.000010 0.000010 0.999960
0.007777 0.000010 0.000010 0.025742 0.966461
0.021399 0.183021 0.000010 0.469421 0.326149
0.000010 0.000010 0.000010 0.000010 0.999960
0.000010 0.000010 0.000010 0.000010 0.999960
0.000010 0.013646 0.000010 0.031532 0.954802
0.000010 0.330917 0.001816 0.350957 0.316300
0.000010 0.000010 0.000010 0.000010 0.999960
0.004129 0.000010 0.002388 0.033087 0.960386
0.000010 0.004750 0.000496 0.024567 0.970178
0.008068 0.321342 0.003128 0.355432 0.312029
0.023035 0.024681 0.000010 0.023848 0.928427
0.013127 0.020665 0.000010 0.000010 0.966188
0.000010 0.000010 0.000010 0.000010 0.999960
0.000010 0.025802 0.000010 0.058123 0.916055
0.000010 0.000010 0.000010 0.000010 0.999960
0.000010 0.000010 0.009774 0.028891 0.961315
0.000010 0.299209 0.000010 0.417537 0.283235
0.000010 0.000010 0.000010 0.000010 0.999960
0.000010 0.012978 0.000010 0.058320 0.928682
0.021427 0.311982 0.001143 0.359558 0.305889
0.000010 0.000010 0.000010 0.000010 0.999960
0.000010 0.000010 0.000010 0.070945 0.929025
0.000010 0.340036 0.000010 0.354280 0.305664
0.000010 0.026094 0.003515 0.325735 0.644646
0.000010 0.030358 0.000010 0.346520 0.623103
0.000010 0.038137 0.000010 0.319234 0.642609
0.008030 0.049674 0.000010 0.299875 0.642412
0.000010 0.049108 0.000010 0.306649 0.644223
0.000010 0.057167 0.004310 0.301811 0.636702
0.000010 0.041193 0.000010 0.318215 0.640572
0.008400 0.031951 0.000010 0.294880 0.664759
0.024860 0.050841 0.062958 0.304134 0.557206
0.000010 0.032152 0.005936 0.312985 0.648918
0.029365 0.010303 0.053238 0.284597 0.622496
0.032132 0.043893 0.079404 0.281406 0.563165
0.011382 0.069716 0.022236 0.355674 0.540992
0.037710 0.049825 0.053167 0.315482 0.543815
0.007841 0.074320 0.042638 0.316559 0.558643
0.043320 0.000010 0.059301 0.252260 0.645109
0.046562 0.000010 0.055063 0.268227 0.630138
0.020607 0.061044 0.060519 0.299502 0.558328
0.000010 0.812248 0.000010 0.119452 0.068280
0.000010 0.945946 0.000010 0.048051 0.005983
0.000010 0.999960 0.000010 0.000010 0.000010
0.010896 0.982773 0.000010 0.006311 0.000010
0.000010 0.999066 0.000010 0.000010 0.000904
0.006296 0.959820 0.010390 0.023484 0.000010
0.012409 0.987561 0.000010 0.000010 0.000010
0.000010 0.959087 0.000010 0.040883 0.000010
0.000010 0.999960 0.000010 0.000010 0.000010
0.000010 0.999960 0.000010 0.000010 0.000010
0.000010 0.999960 0.000010 0.000010 0.000010
0.051889 0.182923 0.043018 0.484526 0.237643
0.050588 0.191736 0.054573 0.442176 0.260927
0.050253 0.117003 0.052815 0.543190 0.236739
0.026446 0.153812 0.036992 0.512785 0.269966
0.082990 0.122521 0.075593 0.558410 0.160486
0.108626 0.068830 0.158432 0.578320 0.085792
0.133426 0.039494 0.204760 0.503137 0.119184
0.115566 0.101693 0.195717 0.475529 0.111495
0.118128 0.053263 0.204514 0.549347 0.074747
0.124085 0.057004 0.178601 0.513000 0.127310
0.097039 0.072113 0.175113 0.556318 0.099417
0.105881 0.057335 0.219715 0.502832 0.114237
0.092963 0.094452 0.187568 0.500004 0.125013
0.154030 0.060302 0.224976 0.499974 0.060719
0.119837 0.096132 0.230748 0.470777 0.082507
0.102355 0.058905 0.203526 0.509280 0.125934
0.135306 0.049192 0.206042 0.509610 0.099849
0.435280 0.011916 0.139722 0.399758 0.013325
0.168584 0.057613 0.177639 0.581416 0.014748
0.585138 0.000010 0.109147 0.285295 0.020410
0.357278 0.036198 0.155939 0.450576 0.000010
0.150371 0.040589 0.133695 0.665150 0.010196
0.147335 0.027262 0.099158 0.722571 0.003674
0.136984 0.050904 0.113055 0.699047 0.000010
0.149852 0.048071 0.118004 0.667268 0.016805
0.145689 0.029507 0.134524 0.683644 0.006636
0.162785 0.020968 0.138554 0.677682 0.000010
0.174501 0.053777 0.114653 0.656719 0.000350
0.145527 0.027258 0.090001 0.737205 0.000010
0.129661 0.035005 0.104237 0.714222 0.016875
0.188789 0.015439 0.141486 0.652756 0.001531
0.118634 0.061221 0.093239 0.679333 0.047573
0.096447 0.120654 0.094978 0.568765 0.119155
0.154532 0.050397 0.112784 0.679537 0.002750
0.140954 0.075038 0.128951 0.605822 0.049236
0.031064 0.184140 0.040887 0.488668 0.255242
0.138144 0.061401 0.110271 0.684559 0.005626
0.126922 0.099222 0.120133 0.614294 0.039429
0.105725 0.081711 0.135393 0.558016 0.119154
0.185290 0.000010 0.237279 0.577411 0.000010
0.115863 0.143712 0.142321 0.572981 0.025122
0.185133 0.021626 0.204868 0.571493 0.016880
0.120664 0.158852 0.105338 0.564512 0.050634
0.214089 0.033680 0.185471 0.552561 0.014199
0.123466 0.151686 0.107876 0.571958 0.045014
0.174291 0.041263 0.229327 0.540814 0.014305
0.126696 0.000010 0.059585 0.732228 0.081481
0.174488 0.036656 0.213333 0.565816 0.009706
0.088934 0.027980 0.063328 0.733988 0.085771
0.164876 0.032334 0.162641 0.634085 0.006064
0.084942 0.000010 0.061900 0.747182 0.105965
0.117682 0.175648 0.092673 0.518036 0.095961
0.185405 0.001787 0.249390 0.563408 0.000010
0.094497 0.040914 0.092322 0.608177 0.164091
0.105534 0.134417 0.122719 0.580318 0.057011
0.191645 0.000010 0.237995 0.566946 0.003404
0.112778 0.129826 0.129568 0.580539 0.047289
0.154690 0.030248 0.132683 0.682368 0.000010
0.073537 0.165868 0.053904 0.464925 0.241766
0.135101 0.071643 0.119073 0.658263 0.015920
0.087841 0.051107 0.056944 0.630042 0.174066
0.152686 0.053413 0.107861 0.662839 0.023201
0.071742 0.035507 0.044180 0.659074 0.189496
0.209982 0.007027 0.223146 0.559835 0.000010
0.123889 0.020778 0.073879 0.754043 0.027411
0.148095 0.053413 0.118392 0.644202 0.035898
0.126977 0.000010 0.093715 0.756128 0.023170
0.185786 0.026859 0.231493 0.547486 0.008376
0.123007 0.012580 0.061309 0.771671 0.031434
0.114537 0.019872 0.073377 0.763343 0.028871
0.156200 0.026139 0.183514 0.634137 0.000010
0.029580 0.144280 0.033496 0.489125 0.303519
0.107655 0.059182 0.073214 0.667752 0.092197
0.176520 0.036468 0.119073 0.667704 0.000233
0.000918 0.111133 0.000010 0.434160 0.453779
0.125047 0.020423 0.109858 0.692521 0.052152
0.174611 0.000010 0.223461 0.595561 0.006357
0.113692 0.008056 0.076541 0.772734 0.028977
0.111424 0.053588 0.095907 0.739071 0.000010
0.191309 0.027985 0.271046 0.498712 0.010947
0.103028 0.073662 0.050380 0.707144 0.065786
0.137816 0.041413 0.083107 0.728254 0.009411
0.229958 0.000010 0.203675 0.566347 0.000010
0.089424 0.040034 0.099626 0.702044 0.068872
0.140886 0.012948 0.118783 0.727373 0.000010
0.182388 0.053157 0.199733 0.540204 0.024517
0.016419 0.140776 0.001383 0.451498 0.389923
0.108958 0.046304 0.053498 0.655824 0.135416
0.206093 0.005664 0.218887 0.561405 0.007951
0.120173 0.067622 0.111997 0.691545 0.008662
0.006732 0.083403 0.000010 0.437343 0.472512
0.199066 0.000010 0.244561 0.556353 0.000010
0.120366 0.038494 0.098569 0.735182 0.007389
0.044639 0.117570 0.007616 0.471709 0.358467
0.165892 0.078907 0.161390 0.557460 0.036351
0.065486 0.079669 0.025453 0.530035 0.299357
0.142655 0.020095 0.087211 0.733264 0.016776
0.172578 0.025275 0.220561 0.564563 0.017023
0.106744 0.168054 0.105593 0.538044 0.081565
0.071810 0.075388 0.047544 0.567482 0.237777
0.205769 0.000010 0.236767 0.557444 0.000010
0.113872 0.137210 0.099978 0.595220 0.053719
0.042104 0.082460 0.011960 0.508653 0.354823
0.197055 0.000010 0.235987 0.566938 0.000010
0.122578 0.102277 0.109923 0.610163 0.055059
0.142002 0.070590 0.108073 0.662467 0.016868
0.217276 0.032516 0.226646 0.523551 0.000010
0.125388 0.081217 0.127940 0.588147 0.077309
0.096317 0.036629 0.060876 0.740261 0.065916
0.215508 0.000010 0.250658 0.533815 0.000010
0.089770 0.120445 0.084400 0.603228 0.102157
0.021445 0.099834 0.043476 0.482890 0.352354
0.181750 0.032931 0.226416 0.547451 0.011451
0.061332 0.151857 0.049746 0.538119 0.198946
0.119945 0.076868 0.100669 0.701918 0.000600
0.190253 0.031545 0.221426 0.536305 0.020471
0.119427 0.108319 0.111641 0.590864 0.069749
0.127407 0.034646 0.051867 0.771797 0.014282
0.179453 0.009876 0.247472 0.557631 0.005568
0.102561 0.098016 0.127157 0.615523 0.056743
0.081215 0.072884 0.028576 0.609036 0.208288
0.204520 0.000010 0.248946 0.534708 0.011817
0.120658 0.079827 0.116902 0.635214 0.047399
0.080928 0.072536 0.037221 0.604313 0.205003
0.193993 0.011075 0.261492 0.533430 0.000010
0.107659 0.092882 0.110117 0.659832 0.029509
0.139523 0.019373 0.083121 0.744003 0.013979
0.169316 0.026830 0.197968 0.590315 0.015571
0.204517 0.013612 0.200067 0.567755 0.014048
0.098027 0.046447 0.053562 0.704574 0.097391
0.180774 0.000010 0.248748 0.570458 0.000010
0.016737 0.125345 0.000010 0.436137 0.421772
0.002686 0.102610 0.013979 0.495873 0.384852
0.122037 0.107190 0.120190 0.621086 0.029497
0.136518 0.041450 0.105725 0.716296 0.000010
0.089799 0.150652 0.107662 0.587195 0.064692
0.112978 0.098232 0.090115 0.608078 0.090598
0.154376 0.000010 0.340946 0.504659 0.000010
0.158022 0.006735 0.296699 0.538535 0.000010
0.157199 0.000010 0.321800 0.520982 0.000010
0.154297 0.023938 0.350177 0.471579 0.000010
0.178430 0.009824 0.279000 0.532736 0.000010
0.174338 0.023176 0.240511 0.557428 0.004548
0.183924 0.000010 0.271095 0.544961 0.000010
0.199966 0.000010 0.287352 0.512662 0.000010
0.201270 0.002818 0.270883 0.525018 0.000010
0.172746 0.000010 0.296067 0.531167 0.000010
0.198637 0.000010 0.291480 0.509863 0.000010
0.166844 0.000010 0.318366 0.514770 0.000010
0.176267 0.000010 0.292642 0.526029 0.005051
0.187787 0.011543 0.223033 0.577626 0.000010
0.203049 0.000010 0.307233 0.489699 0.000010
0.176802 0.000010 0.302482 0.520696 0.000010
0.193585 0.000010 0.303694 0.491646 0.011065
0.198449 0.000010 0.296105 0.505426 0.000010
0.172313 0.000010 0.318154 0.509512 0.000010
0.155157 0.000010 0.292000 0.552823 0.000010
0.181946 0.000010 0.303035 0.514999 0.000010
0.169997 0.027049 0.240586 0.562358 0.000010
0.180434 0.000010 0.275309 0.544236 0.000010
0.164698 0.000010 0.277864 0.557418 0.000010
0.194048 0.000010 0.257766 0.548165 0.000010
0.165530 0.000010 0.269066 0.565384 0.000010
0.192996 0.000010 0.272722 0.534261 0.000010
0.169952 0.000010 0.276080 0.553947 0.000010
0.155957 0.000010 0.249378 0.594645 0.000010
0.233963 0.000010 0.272356 0.489174 0.004497
0.186017 0.008508 0.282308 0.514600 0.008567
0.146263 0.000010 0.275706 0.578011 0.000010
0.139642 0.000010 0.277848 0.582490 0.000010
0.195152 0.000010 0.237796 0.566306 0.000736
0.177162 0.023312 0.227249 0.537568 0.034709
0.179449 0.000010 0.240252 0.568462 0.011826
0.176200 0.031362 0.196867 0.595562 0.000010
0.999960 0.000010 0.000010 0.000010 0.000010
0.999960 0.000010 0.000010 0.000010 0.000010
0.794520 0.000640 0.051169 0.153661 0.000010
0.813595 0.000010 0.037992 0.148393 0.000010
0.999960 0.000010 0.000010 0.000010 0.000010
0.878349 0.000010 0.034648 0.084421 0.002572
0.999960 0.000010 0.000010 0.000010 0.000010
0.749228 0.000010 0.080426 0.170326 0.000010
0.837072 0.000010 0.036588 0.126320 0.000010
0.773347 0.003519 0.080879 0.139878 0.002378
0.818696 0.000010 0.043320 0.137963 0.000010
0.933952 0.000010 0.000010 0.066018 0.000010
0.999960 0.000010 0.000010 0.000010 0.000010
0.879896 0.000010 0.029556 0.090528 0.000010
0.999960 0.000010 0.000010 0.000010 0.000010
0.999960 0.000010 0.000010 0.000010 0.000010
0.964219 0.000010 0.008609 0.027152 0.000010
0.999960 0.000010 0.000010 0.000010 0.000010
0.809742 0.000010 0.053991 0.136246 0.000010
0.741713 0.000010 0.071565 0.186702 0.000010
0.845453 0.000010 0.045154 0.109117 0.000265
0.785830 0.000010 0.083160 0.130990 0.000010
