0.066602 0.282543 0.103306 0.547549
0.071211 0.262579 0.102117 0.564092
0.000010 0.000010 0.000010 0.999970
0.000010 0.212339 0.000010 0.787641
0.001278 0.224549 0.000010 0.774162
0.000018 0.286540 0.000010 0.713432
0.088278 0.380045 0.037803 0.493875
0.000010 0.000010 0.000010 0.999970
0.000010 0.288185 0.000010 0.711795
0.000010 0.214391 0.000010 0.785589
0.000010 0.172777 0.000010 0.827203
0.000010 0.000010 0.000010 0.999970
0.049338 0.000010 0.000010 0.950642
0.000010 0.000010 0.000010 0.999970
0.000010 0.000010 0.000010 0.999970
0.000010 0.000010 0.000010 0.999970
0.000010 0.000010 0.000010 0.999970
0.000010 0.000010 0.000010 0.999970
0.000010 0.000010 0.000010 0.999970
0.107660 0.250638 0.043387 0.598315
0.000010 0.000010 0.000010 0.999970
0.000010 0.000010 0.000010 0.999970
0.000010 0.000010 0.000010 0.999970
0.000010 0.000010 0.000010 0.999970
0.000010 0.000010 0.000010 0.999970
0.000010 0.000010 0.000010 0.999970
0.000010 0.000010 0.000010 0.999970
0.037603 0.000010 0.054021 0.908366
0.000010 0.143375 0.000010 0.856605
0.213688 0.313638 0.060156 0.412518
0.096144 0.396856 0.056981 0.450019
0.167869 0.258314 0.053230 0.520587
0.422160 0.333798 0.155178 0.088865
0.432872 0.334281 0.148869 0.083979
0.382505 0.315570 0.146532 0.155394
0.436816 0.340183 0.152924 0.070077
0.411182 0.343764 0.174824 0.070230
0.535886 0.187320 0.192048 0.084746
0.424806 0.355767 0.147409 0.072018
0.414460 0.307413 0.278117 0.000010
0.353111 0.288963 0.323651 0.034275
0.352321 0.306747 0.267447 0.073484
0.436495 0.163160 0.328455 0.071890
0.369217 0.286703 0.267856 0.076224
0.404222 0.287330 0.292378 0.016070
0.415372 0.241694 0.296246 0.046688
0.349801 0.241302 0.371659 0.037239
0.240851 0.384639 0.223719 0.150791
0.250592 0.370920 0.219956 0.158532
0.238315 0.384154 0.243873 0.133659
0.238552 0.395598 0.209202 0.156649
0.261563 0.372452 0.232431 0.133555
0.254768 0.382870 0.235065 0.127297
0.249347 0.407162 0.221920 0.121571
0.262822 0.371270 0.226673 0.139235
0.218287 0.379097 0.248923 0.153692
0.189775 0.346324 0.220274 0.243627
0.257929 0.360336 0.186545 0.195190
0.238365 0.383354 0.242260 0.136021
0.062386 0.805827 0.000010 0.131777
0.268767 0.373667 0.225699 0.131866
0.242676 0.366708 0.265048 0.125569
0.999970 0.000010 0.000010 0.000010
0.999970 0.000010 0.000010 0.000010
0.999970 0.000010 0.000010 0.000010
0.999970 0.000010 0.000010 0.000010
0.930546 0.032871 0.036573 0.000010
0.999970 0.000010 0.000010 0.000010
0.999970 0.000010 0.000010 0.000010
0.999970 0.000010 0.000010 0.000010
0.999970 0.000010 0.000010 0.000010
0.967422 0.000010 0.032558 0.000010
0.999970 0.000010 0.000010 0.000010
0.924005 0.007609 0.068376 0.000010
0.864053 0.061006 0.054835 0.020106
0.999970 0.000010 0.000010 0.000010
0.121172 0.140023 0.698028 0.040777
0.145548 0.121731 0.693819 0.038902
0.113869 0.140575 0.687007 0.058549
0.172825 0.131274 0.657679 0.038222
0.090899 0.125161 0.712508 0.071432
0.158631 0.159840 0.644815 0.036714
0.126463 0.137445 0.689981 0.046110
0.095477 0.129498 0.701880 0.073145
0.508730 0.097162 0.388680 0.005428
0.496452 0.122789 0.375188 0.005572
0.520782 0.110595 0.368046 0.000576
0.509143 0.102512 0.380422 0.007923
0.482017 0.114514 0.403459 0.000010
0.486898 0.113269 0.389084 0.010749
0.514017 0.117104 0.357635 0.011244
0.518373 0.091021 0.373621 0.016985
0.499194 0.127208 0.373588 0.000010
0.529497 0.104205 0.366288 0.000010
0.513808 0.096517 0.383658 0.006017
0.486885 0.127940 0.385165 0.000010
0.502262 0.121570 0.376158 0.000010
0.524581 0.108236 0.356784 0.010398
0.484574 0.133564 0.381852 0.000010
0.508169 0.101071 0.368594 0.022166
0.483914 0.128836 0.387240 0.000010
0.498897 0.118235 0.382858 0.000010
0.500792 0.109841 0.376996 0.012370
0.509802 0.099513 0.390675 0.000010
0.528744 0.102004 0.369242 0.000010
0.534566 0.104996 0.360428 0.000010
0.492023 0.111672 0.396294 0.000010
0.528425 0.096437 0.375128 0.000010
0.482235 0.121906 0.379468 0.016391
0.453890 0.110926 0.423376 0.011808
0.225460 0.110928 0.663602 0.000010
0.302648 0.191026 0.506308 0.000018
0.191666 0.119441 0.687613 0.001280
0.319003 0.223784 0.418080 0.039133
0.307818 0.198294 0.482405 0.011482
0.218867 0.152006 0.611399 0.017728
0.176360 0.114619 0.709010 0.000010
0.282701 0.199876 0.502990 0.014433
0.322110 0.179803 0.464449 0.033638
0.226748 0.169617 0.586394 0.017240
0.205288 0.110139 0.684563 0.000010
0.265556 0.119343 0.602037 0.013064
0.515873 0.113906 0.360139 0.010082
0.499868 0.127422 0.372700 0.000010
0.264374 0.129118 0.603081 0.003428
0.198687 0.090814 0.690057 0.020442
0.208064 0.170050 0.621876 0.000010
0.335906 0.184282 0.461188 0.018623
0.317961 0.176956 0.493108 0.011974
0.193332 0.134880 0.671778 0.000010
0.268461 0.143895 0.570004 0.017640
0.204980 0.101986 0.693024 0.000010
0.209851 0.135100 0.655038 0.000010
0.185001 0.125738 0.682586 0.006675
0.278934 0.149054 0.572002 0.000010
0.487983 0.120752 0.385344 0.005921
0.306538 0.203741 0.451500 0.038221
0.255056 0.124766 0.607223 0.012955
0.242352 0.177470 0.554938 0.025240
0.210048 0.133041 0.656901 0.000010
0.196675 0.104731 0.698584 0.000010
0.314429 0.173412 0.499331 0.012828
0.239135 0.155281 0.599640 0.005944
0.234744 0.136644 0.607533 0.021079
0.341398 0.204768 0.435430 0.018404
0.307385 0.186358 0.485691 0.020566
0.226924 0.161958 0.587540 0.023578
0.243272 0.211246 0.519586 0.025896
0.234886 0.159971 0.583397 0.021745
0.254551 0.154360 0.544775 0.046314
0.276505 0.200782 0.502154 0.020559
0.286352 0.148092 0.536870 0.028686
0.258109 0.169141 0.572740 0.000010
0.240812 0.214817 0.534986 0.009385
0.225324 0.177158 0.582114 0.015404
0.279687 0.204963 0.496569 0.018781
0.259453 0.290178 0.371713 0.078656
0.218318 0.323679 0.355886 0.102117
0.218831 0.334155 0.346598 0.100416
0.247386 0.457305 0.147846 0.147463
0.240004 0.365776 0.311437 0.082783
0.217036 0.348000 0.347769 0.087194
0.226987 0.345867 0.369537 0.057609
0.201984 0.382436 0.328966 0.086614
0.256051 0.213393 0.506317 0.024240
0.236747 0.330924 0.335833 0.096496
0.192754 0.174405 0.602214 0.030627
0.225507 0.190202 0.561191 0.023100
0.200694 0.187929 0.587405 0.023972
0.205819 0.184524 0.574436 0.035221
0.201783 0.184770 0.589349 0.024098
0.206170 0.164334 0.591168 0.038328
0.226690 0.192144 0.572708 0.008458
0.226846 0.183773 0.583529 0.005852
0.202565 0.207466 0.584805 0.005164
0.205252 0.177802 0.589022 0.027924
0.869457 0.080167 0.035597 0.014779
0.600515 0.156805 0.213441 0.029239
0.689114 0.101680 0.181011 0.028196
0.816775 0.076053 0.094670 0.012502
0.722561 0.110907 0.139463 0.027069
0.637830 0.147758 0.196266 0.018146
0.738207 0.081814 0.154815 0.025165
0.923646 0.042711 0.031889 0.001754
0.595098 0.121302 0.233220 0.050380
0.657631 0.125943 0.194046 0.022380
0.589493 0.140969 0.240299 0.029239
0.575714 0.167609 0.223064 0.033612
0.631081 0.128050 0.203443 0.037425
0.624473 0.151991 0.208098 0.015439
0.645281 0.103759 0.206084 0.044876
0.647429 0.115379 0.219909 0.017283
0.631037 0.119271 0.208311 0.041381
0.633615 0.132902 0.213327 0.020156
0.504169 0.173924 0.266254 0.055652
0.442285 0.188195 0.351098 0.018422
0.438534 0.197477 0.315923 0.048065
0.477427 0.181730 0.318603 0.022239
0.447881 0.221670 0.321034 0.009415
0.421903 0.204195 0.345996 0.027905
0.583318 0.139606 0.251422 0.025655
0.788991 0.077363 0.118841 0.014805
0.809928 0.069597 0.120465 0.000010
0.552912 0.136443 0.261243 0.049402
0.571326 0.127714 0.263862 0.037099
0.835432 0.058573 0.087971 0.018023
0.595643 0.163024 0.241323 0.000010
0.712523 0.095022 0.175967 0.016488
0.521515 0.183481 0.273589 0.021414
0.559824 0.141913 0.263530 0.034732
0.545407 0.135846 0.293257 0.025489
0.500510 0.175903 0.279307 0.044281
0.521603 0.155292 0.304812 0.018292
0.513828 0.190896 0.269795 0.025481
0.495858 0.173391 0.289081 0.041670
0.342348 0.224991 0.403603 0.029058
0.323464 0.189418 0.426602 0.060517
0.345933 0.243429 0.386976 0.023662
0.347475 0.224450 0.384491 0.043583
0.335885 0.224274 0.398183 0.041658
0.333717 0.231282 0.388307 0.046694
0.340863 0.227037 0.405826 0.026273
0.314815 0.189513 0.458353 0.037319
0.368758 0.202208 0.377745 0.051289
0.328236 0.246674 0.398298 0.026792
0.128288 0.120612 0.751090 0.000010
0.119866 0.103658 0.776466 0.000010
0.106185 0.084747 0.809058 0.000010
0.091051 0.089937 0.819002 0.000010
0.124593 0.104654 0.763500 0.007254
0.110642 0.081839 0.807326 0.000194
0.107591 0.117218 0.775180 0.000010
0.140364 0.102974 0.751105 0.005557
0.130234 0.102328 0.767427 0.000010
0.115873 0.092760 0.779118 0.012248
0.140495 0.201709 0.628616 0.029179
0.119778 0.187413 0.674120 0.018689
0.126358 0.208556 0.612769 0.052316
0.115060 0.185307 0.648461 0.051172
0.115208 0.160203 0.675177 0.049412
0.092855 0.189614 0.679285 0.038246
0.153405 0.182252 0.619574 0.044769
0.165147 0.175249 0.620245 0.039359
0.202294 0.114335 0.673304 0.010067
0.238555 0.147466 0.590596 0.023383
0.265515 0.139468 0.591066 0.003951
0.211530 0.156446 0.632014 0.000010
0.196849 0.132771 0.636097 0.034282
0.214877 0.149612 0.625065 0.010446
0.219392 0.132032 0.648567 0.000010
0.238133 0.126387 0.607865 0.027615
0.211241 0.145592 0.626821 0.016345
0.232627 0.135428 0.616875 0.015069
0.275769 0.291536 0.357584 0.075111
0.238218 0.314020 0.360005 0.087757
0.246414 0.327264 0.346346 0.079975
0.252528 0.332945 0.310838 0.103689
0.230748 0.351238 0.325097 0.092917
0.224052 0.355481 0.335820 0.084647
0.261581 0.355941 0.304513 0.077964
0.260092 0.323517 0.301690 0.114701
0.240354 0.365973 0.307560 0.086114
0.334463 0.291561 0.303017 0.070959
0.286725 0.302920 0.295493 0.114862
0.303794 0.355334 0.240212 0.100661
0.327237 0.287113 0.292348 0.093302
0.341057 0.290698 0.308940 0.059305
0.318655 0.282330 0.317332 0.081683
0.357471 0.271272 0.292989 0.078269
0.295432 0.285175 0.331429 0.087964
0.306757 0.290842 0.309731 0.092671
0.330379 0.311063 0.267548 0.091010
0.000010 0.000010 0.999970 0.000010
0.000010 0.000010 0.999970 0.000010
0.003258 0.000010 0.996722 0.000010
0.349308 0.213157 0.414674 0.022861
0.000010 0.000010 0.999970 0.000010
0.000019 0.000010 0.999961 0.000010
0.022358 0.000010 0.977622 0.000010
0.466797 0.117717 0.392730 0.022756
0.000015 0.000010 0.999965 0.000010
0.008885 0.000010 0.991095 0.000010
0.008269 0.000010 0.991711 0.000010
0.451858 0.145315 0.383017 0.019811
0.039002 0.005143 0.955844 0.000010
0.019311 0.000010 0.980669 0.000010
0.000010 0.000010 0.999970 0.000010
0.050927 0.000010 0.949053 0.000010
0.000010 0.000010 0.999970 0.000010
0.001127 0.000010 0.998853 0.000010
0.452875 0.168271 0.366792 0.012061
0.000010 0.000010 0.999970 0.000010
0.036956 0.000010 0.963024 0.000010
0.441669 0.164564 0.376509 0.017258
0.000010 0.000010 0.999970 0.000010
0.028484 0.000338 0.971168 0.000010
0.481389 0.137961 0.380640 0.000010
0.147003 0.107595 0.726338 0.019064
0.159635 0.112660 0.710380 0.017324
0.161670 0.090825 0.728907 0.018597
0.158713 0.116309 0.721106 0.003873
0.160272 0.107417 0.725011 0.007300
0.167283 0.103644 0.713411 0.015662
0.165598 0.100786 0.731485 0.002131
0.136557 0.122031 0.741401 0.000010
0.152603 0.141435 0.631344 0.074617
0.143374 0.102758 0.733920 0.019948
0.097832 0.142923 0.698684 0.060561
0.133397 0.143095 0.634550 0.088958
0.186039 0.152404 0.627620 0.033937
0.151915 0.164240 0.619269 0.064576
0.182599 0.128427 0.635756 0.053218
0.070245 0.143803 0.718589 0.067363
0.073266 0.157483 0.705759 0.063492
0.158227 0.141950 0.629705 0.070117
0.871248 0.030543 0.095438 0.002771
0.973393 0.004494 0.022103 0.000010
0.999970 0.000010 0.000010 0.000010
0.992834 0.007146 0.000010 0.000010
0.999970 0.000010 0.000010 0.000010
0.982508 0.013309 0.000010 0.004173
0.999970 0.000010 0.000010 0.000010
0.989132 0.000010 0.010848 0.000010
0.999970 0.000010 0.000010 0.000010
0.999970 0.000010 0.000010 0.000010
0.999970 0.000010 0.000010 0.000010
0.342956 0.269462 0.322128 0.065454
0.335291 0.249410 0.339819 0.075479
0.285973 0.301528 0.332232 0.080266
0.327560 0.247974 0.362822 0.061644
0.294167 0.345514 0.253917 0.106402
0.250157 0.377380 0.175996 0.196466
0.187174 0.383627 0.197244 0.231956
0.242873 0.348050 0.187512 0.221565
0.213901 0.390065 0.158544 0.237491
0.208881 0.376985 0.206125 0.208009
0.236374 0.364142 0.190325 0.209158
0.208633 0.348531 0.194800 0.248036
0.241589 0.339225 0.205781 0.213404
0.204899 0.405596 0.135208 0.254297
0.234915 0.353597 0.155241 0.256247
0.205754 0.352657 0.209856 0.231734
0.194503 0.387743 0.181545 0.236209
0.114233 0.660603 0.062767 0.162396
0.229691 0.461665 0.099484 0.209160
0.057141 0.760985 0.055018 0.126855
0.158149 0.603609 0.056413 0.181829
0.237746 0.477107 0.108565 0.176582
0.243262 0.500462 0.111404 0.144871
0.265286 0.480790 0.095930 0.157995
0.246284 0.479400 0.114926 0.159390
0.234937 0.478970 0.108705 0.177388
0.219854 0.502726 0.097955 0.179466
0.251410 0.494129 0.099822 0.154639
0.245345 0.511127 0.104873 0.138654
0.253075 0.471793 0.125755 0.149376
0.209265 0.516160 0.096477 0.178098
0.270338 0.443955 0.150176 0.135531
0.291354 0.372517 0.210179 0.125950
0.254178 0.485700 0.103658 0.156464
0.256008 0.436432 0.143146 0.164414
0.346655 0.246743 0.343920 0.062681
0.265852 0.463116 0.114306 0.156725
0.284071 0.425404 0.134283 0.156242
0.246488 0.379339 0.207871 0.166301
0.173163 0.484892 0.071037 0.270909
0.315714 0.397072 0.110884 0.176329
0.188062 0.477978 0.096358 0.237602
0.327720 0.391137 0.142416 0.138728
0.190797 0.499582 0.092871 0.216751
0.327498 0.406487 0.127918 0.138097
0.193858 0.455371 0.091058 0.259713
0.217788 0.472851 0.199270 0.110091
0.201942 0.460797 0.088670 0.248591
0.247022 0.440307 0.202466 0.110205
0.216229 0.481032 0.104165 0.198575
0.203887 0.447913 0.235990 0.112210
0.334026 0.363338 0.179186 0.123451
0.166579 0.482122 0.068145 0.283154
0.229947 0.375885 0.265337 0.128831
0.315924 0.379235 0.148358 0.156482
0.159313 0.487077 0.084640 0.268970
0.301912 0.396676 0.138952 0.162460
0.235607 0.488832 0.101090 0.174470
0.313392 0.289127 0.322918 0.074562
0.268097 0.455600 0.113854 0.162449
0.246941 0.388973 0.275037 0.089050
0.253641 0.481188 0.118645 0.146526
0.242482 0.374995 0.300453 0.082071
0.168540 0.505092 0.068342 0.258026
0.245435 0.494256 0.144090 0.116219
0.244126 0.465946 0.134636 0.155292
0.227948 0.501048 0.133247 0.137758
0.182445 0.470147 0.085050 0.262359
0.247583 0.488394 0.155184 0.108839
0.240172 0.489018 0.144524 0.126286
0.212179 0.487452 0.081065 0.219304
0.308351 0.238136 0.395215 0.058298
0.255044 0.433517 0.201178 0.110260
0.230020 0.510188 0.098337 0.161455
0.262933 0.173608 0.545872 0.017587
0.226400 0.471502 0.153952 0.148146
0.162907 0.482426 0.093912 0.260756
0.241729 0.485294 0.143681 0.129297
0.280597 0.471332 0.102800 0.145271
0.171891 0.452727 0.079020 0.296362
0.293816 0.433531 0.177771 0.094883
0.257961 0.490023 0.122529 0.129487
0.138594 0.533098 0.087756 0.240552
0.260337 0.420707 0.174839 0.144116
0.238756 0.516682 0.080767 0.163795
0.212505 0.454659 0.101635 0.231200
0.295842 0.201036 0.479416 0.023706
0.248836 0.422196 0.237849 0.091118
0.167800 0.497015 0.085123 0.250063
0.277078 0.456229 0.111556 0.155137
0.232193 0.199693 0.563904 0.004211
0.146923 0.501126 0.072877 0.279074
0.263292 0.471607 0.119777 0.145323
0.273984 0.249884 0.445028 0.031104
0.239859 0.445700 0.118699 0.195742
0.250101 0.305034 0.393737 0.051128
0.239323 0.506556 0.124093 0.130028
0.185761 0.461639 0.096539 0.256062
0.335235 0.365679 0.163598 0.135488
0.253384 0.335705 0.333965 0.076946
0.155771 0.498734 0.072343 0.273153
0.319843 0.404565 0.143113 0.132479
0.248425 0.265165 0.452003 0.034406
0.165249 0.494949 0.071036 0.268766
0.289741 0.422001 0.145472 0.142787
0.269466 0.469760 0.113856 0.146918
0.180248 0.495153 0.064502 0.260097
0.259056 0.408077 0.169865 0.163002
0.265499 0.442352 0.182937 0.109212
0.159951 0.511290 0.040462 0.288297
0.303400 0.376647 0.200284 0.119668
0.258528 0.232812 0.442555 0.066105
0.195558 0.461457 0.084071 0.258913
0.325000 0.302906 0.292723 0.079371
0.287293 0.465412 0.102826 0.144468
0.182966 0.469521 0.095396 0.252117
0.289398 0.400528 0.161742 0.148332
0.270092 0.498009 0.130781 0.101117
0.165689 0.468852 0.084204 0.281255
0.281812 0.400167 0.154781 0.163241
0.265628 0.363633 0.309994 0.060745
0.138760 0.488044 0.091378 0.281819
0.273005 0.424666 0.146628 0.155700
0.261123 0.363400 0.306126 0.069351
0.164813 0.471829 0.068630 0.294728
0.294359 0.425360 0.127045 0.153236
0.242030 0.498434 0.131440 0.128096
0.196850 0.468682 0.103229 0.231239
0.171792 0.497437 0.093575 0.237196
0.260539 0.435690 0.207423 0.096348
0.155000 0.491124 0.067815 0.286061
0.275866 0.196149 0.511830 0.016155
0.270788 0.201853 0.485813 0.041546
0.292801 0.425102 0.125613 0.156484
0.261915 0.487673 0.098302 0.152111
0.330734 0.370633 0.155286 0.143348
0.285010 0.403184 0.183819 0.127988
0.152453 0.440243 0.027670 0.379634
0.166283 0.437994 0.066974 0.328749
0.155697 0.437460 0.053578 0.353265
0.170228 0.413087 0.032468 0.384217
0.162258 0.460607 0.067101 0.310034
0.176411 0.462920 0.086083 0.274586
0.164000 0.477960 0.053453 0.304587
0.131752 0.495205 0.048629 0.324414
0.158203 0.480329 0.057299 0.304169
0.119745 0.467887 0.081038 0.331330
0.125267 0.485109 0.063301 0.326322
0.141922 0.458957 0.049233 0.349888
0.131063 0.464287 0.081699 0.322952
0.169436 0.488445 0.082923 0.259196
0.106338 0.485679 0.064233 0.343750
0.113891 0.485184 0.060695 0.340230
0.077259 0.480899 0.103053 0.338789
0.125402 0.488029 0.059525 0.327044
0.114251 0.476914 0.049187 0.359648
0.123546 0.462815 0.078490 0.335148
0.103142 0.477003 0.079061 0.340795
0.186519 0.466238 0.075276 0.271968
0.152394 0.471316 0.068057 0.308233
0.123211 0.497425 0.060743 0.318622
0.135963 0.498868 0.072435 0.292734
0.134788 0.502427 0.045879 0.316906
0.120683 0.509874 0.059980 0.309463
0.162660 0.467132 0.063287 0.306921
0.169712 0.477249 0.065202 0.287837
0.130108 0.497093 0.073777 0.299022
0.153485 0.455566 0.078823 0.312127
0.148714 0.483923 0.046993 0.320370
0.172533 0.470990 0.034475 0.322002
0.151995 0.497846 0.081514 0.268645
0.176893 0.448841 0.114302 0.259965
0.159599 0.472750 0.093748 0.273903
0.206880 0.486361 0.069074 0.237684
0.000010 0.999970 0.000010 0.000010
0.000010 0.999970 0.000010 0.000010
0.025656 0.913950 0.001525 0.058869
0.018309 0.936983 0.000010 0.044699
0.000010 0.999970 0.000010 0.000010
0.000010 0.968871 0.000010 0.031109
0.000010 0.999970 0.000010 0.000010
0.007176 0.899567 0.000010 0.093247
0.000010 0.955780 0.000010 0.044200
0.022280 0.881127 0.011288 0.085306
0.017601 0.931917 0.002019 0.048463
0.000010 0.989355 0.000010 0.010625
0.000010 0.999970 0.000010 0.000010
0.000010 0.974780 0.000010 0.025200
0.000010 0.999970 0.000010 0.000010
0.000010 0.999970 0.000010 0.000010
0.000016 0.996556 0.000010 0.003419
0.000010 0.999970 0.000010 0.000010
0.016650 0.923642 0.000010 0.059698
0.033847 0.881697 0.001284 0.083172
0.000010 0.944245 0.000092 0.055653
0.000010 0.903490 0.000010 0.096490
