0.050603 0.018873 0.333011 0.000010 0.085849 0.000010 0.452596 0.000010 0.059038
0.041106 0.045830 0.342417 0.000010 0.095628 0.000010 0.452126 0.000010 0.022863
0.999920 0.000010 0.000010 0.000010 0.000010 0.000010 0.000010 0.000010 0.000010
0.217684 0.000010 0.782246 0.000010 0.000010 0.000010 0.000010 0.000010 0.000010
0.000010 0.000010 0.999920 0.000010 0.000010 0.000010 0.000010 0.000010 0.000010
0.000010 0.000010 0.999920 0.000010 0.000010 0.000010 0.000010 0.000010 0.000010
0.026834 0.008361 0.332778 0.000010 0.057621 0.000010 0.574366 0.000010 0.000010
0.999915 0.000010 0.000015 0.000010 0.000010 0.000010 0.000010 0.000010 0.000010
0.162546 0.000010 0.837384 0.000010 0.000010 0.000010 0.000010 0.000010 0.000010
0.000010 0.000010 0.000010 0.000010 0.999920 0.000010 0.000010 0.000010 0.000010
0.099433 0.000010 0.510987 0.000010 0.191071 0.000010 0.198459 0.000010 0.000010
0.000010 0.000010 0.501771 0.000010 0.498159 0.000010 0.000010 0.000010 0.000010
0.087134 0.000010 0.321732 0.000010 0.230895 0.056631 0.197667 0.000010 0.105911
0.000010 0.000010 0.999920 0.000010 0.000010 0.000010 0.000010 0.000010 0.000010
0.000010 0.000010 0.000010 0.000010 0.999920 0.000010 0.000010 0.000010 0.000010
0.100803 0.000010 0.490011 0.000010 0.189128 0.000010 0.220009 0.000010 0.000010
0.000010 0.000010 0.000010 0.000010 0.999920 0.000010 0.000010 0.000010 0.000010
0.000010 0.000010 0.000010 0.000010 0.999920 0.000010 0.000010 0.000010 0.000010
0.000010 0.000010 0.000010 0.000010 0.999920 0.000010 0.000010 0.000010 0.000010
0.141946 0.000010 0.269553 0.000010 0.079360 0.000010 0.433423 0.000010 0.075679
0.999920 0.000010 0.000010 0.000010 0.000010 0.000010 0.000010 0.000010 0.000010
0.999920 0.000010 0.000010 0.000010 0.000010 0.000010 0.000010 0.000010 0.000010
0.999920 0.000010 0.000010 0.000010 0.000010 0.000010 0.000010 0.000010 0.000010
0.000010 0.000010 0.999920 0.000010 0.000010 0.000010 0.000010 0.000010 0.000010
0.000010 0.000010 0.000010 0.000010 0.999920 0.000010 0.000010 0.000010 0.000010
0.000010 0.000010 0.999920 0.000010 0.000010 0.000010 0.000010 0.000010 0.000010
0.000010 0.000010 0.999920 0.000010 0.000010 0.000010 0.000010 0.000010 0.000010
0.000010 0.000010 0.000010 0.000010 0.999920 0.000010 0.000010 0.000010 0.000010
0.000010 0.000010 0.999920 0.000010 0.000010 0.000010 0.000010 0.000010 0.000010
0.026552 0.000010 0.161847 0.165657 0.148483 0.106754 0.234373 0.135083 0.021241
0.000010 0.000010 0.000010 0.000010 0.999920 0.000010 0.000010 0.000010 0.000010
0.022858 0.000010 0.374529 0.000010 0.102054 0.055405 0.352735 0.092390 0.000010
0.102493 0.035350 0.000010 0.000010 0.000010 0.152197 0.489152 0.220768 0.000010
0.098934 0.000010 0.000010 0.000010 0.028204 0.000010 0.428940 0.443872 0.000010
0.089361 0.000010 0.000010 0.000010 0.029659 0.171532 0.354301 0.307912 0.047206
0.000010 0.092571 0.000010 0.000010 0.000010 0.201263 0.279761 0.381934 0.044431
0.999920 0.000010 0.000010 0.000010 0.000010 0.000010 0.000010 0.000010 0.000010
0.048616 0.000010 0.000010 0.000010 0.000010 0.000010 0.074835 0.876488 0.000010
0.000010 0.181964 0.083310 0.074196 0.000010 0.373556 0.000010 0.286933 0.000010
0.137308 0.000010 0.000010 0.020353 0.000010 0.000010 0.235758 0.606530 0.000010
0.999920 0.000010 0.000010 0.000010 0.000010 0.000010 0.000010 0.000010 0.000010
0.000010 0.029750 0.000010 0.000010 0.000010 0.284539 0.592985 0.092677 0.000010
0.022861 0.000010 0.070320 0.000010 0.000010 0.184072 0.342282 0.380425 0.000010
0.081257 0.000010 0.000010 0.000010 0.015300 0.430914 0.384562 0.000010 0.087926
0.999920 0.000010 0.000010 0.000010 0.000010 0.000010 0.000010 0.000010 0.000010
0.047289 0.000010 0.000010 0.000010 0.029836 0.035440 0.408305 0.447486 0.031613
0.000010 0.000010 0.000010 0.000010 0.092083 0.194302 0.195841 0.517723 0.000010
0.068970 0.000010 0.000010 0.000010 0.000010 0.183053 0.568218 0.179709 0.000010
0.030649 0.000010 0.115661 0.095497 0.000010 0.297629 0.041334 0.419201 0.000010
0.013979 0.000010 0.000010 0.000010 0.111502 0.121325 0.224438 0.528716 0.000010
0.000010 0.000010 0.149286 0.000010 0.000010 0.531067 0.161846 0.157752 0.000010
0.057970 0.000010 0.000010 0.057660 0.000010 0.129324 0.336813 0.418193 0.000010
0.000010 0.000010 0.000010 0.000010 0.004863 0.076441 0.324407 0.594240 0.000010
0.000010 0.000010 0.000010 0.007823 0.021682 0.089775 0.318057 0.562623 0.000010
0.000010 0.000010 0.000010 0.000010 0.000010 0.039656 0.447070 0.513214 0.000010
0.017266 0.000010 0.000010 0.000010 0.049652 0.156599 0.193556 0.582888 0.000010
0.029388 0.000010 0.000010 0.000010 0.020065 0.086712 0.355266 0.508530 0.000010
0.000010 0.000010 0.000010 0.000010 0.000010 0.137031 0.351709 0.511200 0.000010
0.017801 0.000010 0.000010 0.000010 0.000010 0.150730 0.319087 0.512332 0.000010
0.006935 0.000010 0.000010 0.000010 0.000010 0.072707 0.302485 0.617823 0.000010
0.019708 0.001084 0.032836 0.023836 0.004707 0.045127 0.550847 0.304752 0.017103
0.005934 0.002234 0.043428 0.011056 0.022455 0.067760 0.538620 0.279412 0.029100
0.014718 0.000010 0.023610 0.027861 0.008342 0.050841 0.526322 0.324968 0.023328
0.012186 0.000010 0.036883 0.021627 0.016500 0.044113 0.560292 0.295769 0.012619
0.012182 0.000010 0.011699 0.011770 0.016897 0.047277 0.543623 0.356532 0.000010
0.008671 0.000010 0.016585 0.018856 0.008187 0.054963 0.553435 0.321566 0.017727
0.008808 0.000335 0.000010 0.023496 0.016873 0.039989 0.594004 0.307597 0.008888
0.016324 0.000010 0.023974 0.016826 0.023141 0.058348 0.516480 0.338283 0.006613
0.008332 0.005160 0.026862 0.000010 0.009866 0.002007 0.607717 0.331094 0.008954
0.015974 0.044889 0.099604 0.050631 0.047520 0.064974 0.443873 0.148961 0.083573
0.020035 0.000010 0.055438 0.036841 0.033133 0.098678 0.489487 0.213380 0.052996
0.009721 0.000010 0.011929 0.000010 0.014793 0.025285 0.593394 0.343578 0.001280
0.001540 0.000010 0.053239 0.560923 0.023373 0.000010 0.360885 0.000010 0.000010
0.002656 0.000010 0.015056 0.001687 0.021325 0.065186 0.563608 0.317263 0.013209
0.004915 0.006705 0.009409 0.015186 0.027422 0.045341 0.521050 0.361403 0.008569
0.000010 0.000010 0.000010 0.000010 0.000010 0.999920 0.000010 0.000010 0.000010
0.000010 0.000010 0.000010 0.000010 0.000010 0.999920 0.000010 0.000010 0.000010
0.000010 0.000010 0.000010 0.000010 0.000010 0.999920 0.000010 0.000010 0.000010
0.000010 0.000010 0.000010 0.000010 0.000010 0.999920 0.000010 0.000010 0.000010
0.000010 0.000010 0.000010 0.008858 0.000010 0.882440 0.027000 0.081652 0.000010
0.000010 0.000010 0.000010 0.000010 0.000961 0.998969 0.000010 0.000010 0.000010
0.000010 0.004200 0.000010 0.000010 0.000010 0.995730 0.000010 0.000010 0.000010
0.000695 0.000010 0.000010 0.000010 0.000010 0.999235 0.000010 0.000010 0.000010
0.000010 0.000010 0.000010 0.000010 0.000010 0.999920 0.000010 0.000010 0.000010
0.000010 0.008720 0.000010 0.000010 0.000010 0.934247 0.000010 0.056973 0.000010
0.000010 0.000010 0.001013 0.000010 0.000010 0.998878 0.000010 0.000010 0.000049
0.000010 0.011570 0.007517 0.007668 0.000010 0.887450 0.000010 0.085755 0.000010
0.004238 0.000010 0.000010 0.000010 0.000010 0.799073 0.099729 0.093990 0.002930
0.000010 0.000010 0.000010 0.000010 0.000010 0.999920 0.000010 0.000010 0.000010
0.000010 0.136011 0.020290 0.007807 0.000010 0.000010 0.053995 0.610055 0.171812
0.001934 0.140985 0.026355 0.002577 0.009475 0.016977 0.027802 0.650666 0.123230
0.001880 0.130405 0.040698 0.000010 0.000010 0.000010 0.049880 0.600434 0.176672
0.006032 0.111088 0.022981 0.006695 0.005285 0.048035 0.040043 0.648387 0.111454
0.000010 0.110779 0.045412 0.000010 0.012252 0.000010 0.000010 0.656164 0.175353
0.008878 0.121596 0.016705 0.013368 0.000010 0.025903 0.075788 0.606315 0.131437
0.005011 0.129630 0.029599 0.019994 0.011305 0.013974 0.002287 0.609417 0.178783
0.006059 0.134519 0.038894 0.011793 0.014435 0.000010 0.004439 0.608091 0.181760
0.000010 0.017561 0.000010 0.000010 0.024005 0.356244 0.033739 0.568411 0.000010
0.008308 0.007050 0.000010 0.000993 0.004814 0.330323 0.085006 0.563485 0.000010
0.000010 0.018169 0.000010 0.016039 0.013488 0.376170 0.043528 0.532576 0.000010
0.007023 0.021742 0.002042 0.000010 0.000010 0.353173 0.067705 0.548285 0.000010
0.004365 0.020167 0.000010 0.021865 0.000010 0.340189 0.030167 0.583216 0.000010
0.012751 0.025197 0.000010 0.000010 0.000276 0.319134 0.087158 0.555455 0.000010
0.005308 0.003999 0.003874 0.025582 0.010261 0.364355 0.037438 0.549174 0.000010
0.001282 0.023820 0.023362 0.000010 0.007271 0.369095 0.042611 0.528605 0.003944
0.000010 0.000010 0.000010 0.020216 0.000010 0.344690 0.046376 0.588669 0.000010
0.000010 0.021908 0.000010 0.000010 0.000010 0.380305 0.064469 0.533268 0.000010
0.003655 0.031263 0.012419 0.009509 0.005551 0.371004 0.026444 0.540146 0.000010
0.000019 0.037146 0.000010 0.014784 0.000010 0.337267 0.079470 0.531284 0.000010
0.000010 0.000010 0.000010 0.000010 0.000010 0.331637 0.085885 0.582418 0.000010
0.016922 0.002400 0.000017 0.000010 0.000010 0.368244 0.073214 0.539173 0.000010
0.007579 0.014878 0.000010 0.012280 0.000364 0.330373 0.077095 0.553881 0.003540
0.013847 0.026591 0.007282 0.013778 0.004286 0.363216 0.038817 0.532172 0.000010
0.003760 0.017045 0.000010 0.029361 0.000010 0.336191 0.044388 0.569223 0.000010
0.004915 0.012188 0.000010 0.005774 0.000010 0.340492 0.063816 0.572786 0.000010
0.005453 0.023155 0.000674 0.000010 0.000010 0.344486 0.093269 0.532932 0.000010
0.000010 0.033958 0.000010 0.006135 0.000010 0.371013 0.036953 0.551901 0.000010
0.006453 0.000010 0.000010 0.000010 0.009655 0.368442 0.037779 0.577631 0.000010
0.000010 0.000010 0.002202 0.000010 0.000010 0.364447 0.060985 0.572315 0.000010
0.003117 0.018507 0.000010 0.000010 0.003163 0.330404 0.072783 0.571996 0.000010
0.000010 0.007971 0.005987 0.000010 0.000010 0.370014 0.040544 0.575443 0.000010
0.002610 0.010944 0.018812 0.014385 0.012386 0.327210 0.044549 0.569094 0.000010
0.003876 0.045047 0.000010 0.000010 0.006368 0.299820 0.076247 0.568612 0.000010
0.017731 0.127179 0.000010 0.000015 0.000010 0.067935 0.035347 0.729330 0.022444
0.000303 0.070207 0.000010 0.003829 0.001209 0.116366 0.163148 0.644918 0.000010
0.001314 0.130886 0.004601 0.001035 0.000010 0.035795 0.041070 0.757541 0.027748
0.004720 0.036848 0.000010 0.005597 0.003681 0.131272 0.258685 0.559178 0.000010
0.011003 0.040872 0.000010 0.017785 0.000010 0.125487 0.151053 0.653771 0.000010
0.003216 0.101492 0.007457 0.007192 0.000855 0.054579 0.093483 0.698414 0.033312
0.004923 0.136547 0.000010 0.018036 0.000010 0.028028 0.000010 0.776990 0.035447
0.001184 0.039340 0.000010 0.009599 0.008752 0.092037 0.174106 0.669484 0.005489
0.001565 0.043205 0.002162 0.002881 0.015736 0.141710 0.178770 0.610342 0.003629
0.000010 0.085923 0.011865 0.015181 0.005740 0.060855 0.105565 0.678508 0.036353
0.000010 0.125754 0.003077 0.007553 0.000010 0.052882 0.017513 0.762341 0.030860
0.006915 0.104294 0.000010 0.000010 0.011180 0.102347 0.064983 0.694901 0.015359
0.006411 0.007510 0.010737 0.007073 0.004159 0.361287 0.053146 0.549668 0.000010
0.000010 0.002289 0.001881 0.022532 0.000476 0.357393 0.051717 0.557432 0.006270
0.000010 0.096484 0.000010 0.000010 0.016220 0.090153 0.062402 0.723651 0.011061
0.009050 0.129573 0.024439 0.003822 0.000010 0.049837 0.000010 0.736195 0.047065
0.000010 0.095771 0.003401 0.034247 0.000010 0.046654 0.060002 0.742480 0.017425
0.000010 0.063802 0.010783 0.000010 0.000415 0.152304 0.182349 0.590318 0.000010
0.005210 0.036263 0.000010 0.000010 0.006121 0.127401 0.155034 0.669940 0.000010
0.002880 0.117286 0.000010 0.011811 0.000010 0.036758 0.042037 0.745552 0.043656
0.000010 0.074263 0.005235 0.021462 0.017092 0.099601 0.063877 0.718449 0.000010
0.000010 0.123202 0.000010 0.000010 0.000010 0.040374 0.021393 0.777499 0.037492
0.007421 0.123874 0.000010 0.027050 0.000010 0.058849 0.028555 0.721564 0.032666
0.000010 0.121772 0.022006 0.016154 0.000010 0.046475 0.010336 0.734432 0.048804
0.005248 0.067052 0.000010 0.000010 0.000010 0.093457 0.098751 0.729211 0.006250
0.005959 0.032312 0.000010 0.013328 0.012419 0.337541 0.059685 0.538736 0.000010
0.012216 0.038747 0.000010 0.000010 0.000010 0.104813 0.229083 0.615101 0.000010
0.012041 0.117712 0.000010 0.000010 0.000010 0.088791 0.084561 0.674437 0.022429
0.009304 0.095027 0.001863 0.012684 0.009421 0.076883 0.134842 0.659967 0.000010
0.004275 0.123374 0.000010 0.015867 0.000010 0.056970 0.039604 0.729825 0.030065
0.000010 0.132522 0.007227 0.004533 0.000010 0.041807 0.001955 0.781312 0.030625
0.003135 0.061420 0.000010 0.000010 0.004639 0.129237 0.166633 0.634846 0.000070
0.000020 0.089783 0.000823 0.003710 0.003019 0.066607 0.104048 0.720860 0.011129
0.002709 0.096085 0.000010 0.000010 0.011356 0.059250 0.098794 0.726513 0.005272
0.000010 0.036044 0.000010 0.000010 0.007227 0.139671 0.228518 0.588499 0.000010
0.000010 0.068955 0.000676 0.000010 0.006869 0.124355 0.192300 0.595081 0.011744
0.006499 0.094501 0.000010 0.004091 0.003862 0.061530 0.127286 0.677955 0.024266
0.000010 0.079783 0.000010 0.005598 0.011876 0.063481 0.205481 0.624717 0.009044
0.000010 0.081237 0.000010 0.000010 0.015618 0.054211 0.135316 0.701707 0.011880
0.015174 0.076782 0.008022 0.000010 0.005801 0.085390 0.137723 0.631568 0.039531
0.000010 0.057495 0.007423 0.003981 0.000010 0.089361 0.197213 0.622061 0.022447
0.010519 0.093553 0.001136 0.000010 0.000610 0.106798 0.152083 0.634934 0.000357
0.000010 0.089088 0.000010 0.000010 0.001569 0.086753 0.134239 0.666002 0.022319
0.000010 0.059050 0.000010 0.005248 0.000010 0.054225 0.198301 0.667967 0.015179
0.000010 0.070279 0.011661 0.015040 0.000010 0.057916 0.121050 0.699816 0.024217
0.000010 0.062247 0.000010 0.000010 0.000010 0.091739 0.223002 0.618680 0.004292
0.004411 0.026789 0.003529 0.000010 0.006825 0.070194 0.410360 0.453483 0.024398
0.013267 0.037673 0.016526 0.000010 0.000010 0.010427 0.469034 0.441693 0.011361
0.004250 0.034641 0.023008 0.000010 0.000010 0.026107 0.477384 0.417224 0.017366
0.000592 0.000010 0.005806 0.000010 0.014239 0.009895 0.744604 0.224833 0.000010
0.000010 0.032060 0.004276 0.031509 0.009492 0.051924 0.481321 0.365755 0.023653
0.000010 0.028193 0.008282 0.022668 0.008257 0.015810 0.468204 0.427674 0.020902
0.000010 0.033377 0.000984 0.011718 0.000010 0.023177 0.464048 0.458709 0.007968
0.006621 0.014274 0.013790 0.030496 0.000010 0.000010 0.492409 0.420359 0.022031
0.000010 0.073039 0.000010 0.001081 0.004916 0.064780 0.230782 0.611796 0.013586
0.000010 0.026173 0.010422 0.001870 0.012097 0.040493 0.479569 0.396171 0.033195
0.001068 0.079001 0.000010 0.001780 0.021045 0.018491 0.134683 0.717351 0.026570
0.008078 0.063174 0.000010 0.006176 0.000010 0.046887 0.163591 0.679665 0.032408
0.000010 0.069501 0.002962 0.019785 0.007732 0.027653 0.124461 0.712604 0.035293
0.007641 0.070448 0.015372 0.005052 0.003843 0.023084 0.143191 0.707624 0.023746
0.014004 0.096725 0.003734 0.011948 0.001272 0.033569 0.135603 0.703135 0.000010
0.000897 0.077728 0.006472 0.000010 0.011681 0.030838 0.149125 0.685071 0.038178
0.000010 0.070756 0.000580 0.002999 0.000010 0.045517 0.162250 0.689523 0.028356
0.002540 0.087090 0.000010 0.004864 0.000010 0.048158 0.147646 0.693670 0.016012
0.001741 0.073303 0.000010 0.015966 0.000010 0.018196 0.158582 0.705747 0.026445
0.000805 0.077871 0.023040 0.012431 0.004879 0.048476 0.109209 0.678302 0.044986
0.004694 0.000010 0.000010 0.000010 0.001266 0.775533 0.131440 0.087027 0.000010
0.000010 0.000010 0.000991 0.003351 0.003565 0.467375 0.199396 0.317311 0.007991
0.007591 0.008965 0.000010 0.010736 0.006617 0.592174 0.107710 0.244383 0.021814
0.005121 0.002387 0.000010 0.001115 0.000010 0.740524 0.100908 0.134692 0.015234
0.000010 0.001206 0.005137 0.015310 0.010042 0.631812 0.114799 0.203290 0.018394
0.000010 0.025884 0.000010 0.011877 0.000010 0.527214 0.184166 0.242300 0.008528
0.002612 0.016412 0.001100 0.004248 0.000010 0.649259 0.115747 0.191064 0.019549
0.004488 0.000010 0.003108 0.000010 0.000010 0.860337 0.054978 0.077048 0.000010
0.011290 0.036272 0.011309 0.000010 0.000010 0.480791 0.165531 0.282285 0.012501
0.007353 0.000010 0.000010 0.000010 0.000010 0.529361 0.159123 0.298088 0.006035
0.002212 0.009944 0.000010 0.001878 0.007855 0.460653 0.169837 0.328979 0.018632
0.000726 0.000010 0.000010 0.011484 0.007095 0.437211 0.200357 0.326093 0.017013
0.003421 0.017060 0.001094 0.025258 0.016717 0.523930 0.126788 0.273579 0.012154
0.006521 0.000010 0.000010 0.024202 0.000010 0.503792 0.137215 0.305474 0.022766
0.000605 0.004735 0.013971 0.000010 0.007212 0.519759 0.144833 0.294818 0.014058
0.003937 0.005817 0.000463 0.000010 0.001353 0.523680 0.138311 0.322318 0.004110
0.004418 0.000010 0.000856 0.000010 0.020564 0.502949 0.134936 0.332825 0.003433
0.000010 0.000010 0.001492 0.003322 0.007613 0.502158 0.148636 0.321203 0.015557
0.009144 0.021166 0.021275 0.003813 0.000010 0.366800 0.209371 0.340955 0.027466
0.000010 0.028778 0.000010 0.015264 0.004997 0.287071 0.187122 0.449821 0.026928
0.020484 0.011563 0.000010 0.014470 0.000452 0.280242 0.223205 0.432268 0.017306
0.000010 0.023154 0.000010 0.007374 0.008281 0.323559 0.195850 0.429032 0.012730
0.000010 0.038329 0.000010 0.039123 0.004331 0.291435 0.208416 0.418337 0.000010
0.000010 0.033263 0.007310 0.015065 0.004103 0.265388 0.215938 0.454666 0.004256
0.002113 0.012150 0.000010 0.000010 0.006741 0.443324 0.173619 0.353262 0.008770
0.002783 0.000010 0.000010 0.002853 0.007751 0.705879 0.091058 0.172516 0.017141
0.000010 0.000010 0.000010 0.000010 0.000010 0.729631 0.075240 0.195070 0.000010
0.013117 0.000010 0.001918 0.000010 0.014459 0.416958 0.155053 0.376436 0.022040
0.002491 0.007494 0.004960 0.000010 0.012272 0.443190 0.145035 0.372532 0.012016
0.000010 0.000010 0.014836 0.005355 0.012174 0.756519 0.035713 0.165556 0.009827
0.000010 0.011735 0.000010 0.008740 0.000010 0.462524 0.172370 0.335420 0.009182
0.000010 0.006185 0.000010 0.000010 0.008381 0.616531 0.112147 0.236611 0.020114
0.000846 0.012712 0.000010 0.000010 0.000010 0.364195 0.236512 0.366896 0.018810
0.009900 0.007359 0.000231 0.000010 0.006549 0.412519 0.174136 0.384720 0.004576
0.009635 0.024988 0.000010 0.000010 0.004121 0.398605 0.168240 0.376362 0.018030
0.004366 0.014273 0.002675 0.008856 0.009152 0.356581 0.204848 0.372555 0.026695
0.005805 0.030276 0.000010 0.015707 0.001614 0.388894 0.153297 0.391913 0.012485
0.000398 0.000010 0.002826 0.027125 0.002461 0.371048 0.190781 0.393870 0.011481
0.006578 0.025008 0.000010 0.003165 0.012604 0.349990 0.208718 0.384087 0.009840
0.000010 0.014242 0.000010 0.009576 0.007960 0.150962 0.243543 0.562478 0.011219
0.003277 0.054581 0.016992 0.000010 0.009475 0.150619 0.229677 0.516125 0.019245
0.000010 0.001153 0.000010 0.000010 0.005244 0.146533 0.277323 0.569707 0.000010
0.002777 0.025043 0.011870 0.006864 0.001673 0.170936 0.255321 0.516759 0.008757
0.002319 0.012798 0.000010 0.000927 0.013777 0.147659 0.255794 0.566705 0.000010
0.007367 0.028577 0.007546 0.008034 0.003365 0.158392 0.260099 0.522540 0.004078
0.000010 0.021817 0.000010 0.022136 0.008772 0.162326 0.217577 0.546688 0.020664
0.008318 0.042673 0.005072 0.000010 0.003787 0.133854 0.198372 0.607904 0.000010
0.008274 0.027485 0.000010 0.000010 0.003511 0.182975 0.268021 0.498734 0.010979
0.008629 0.023440 0.002555 0.038487 0.003931 0.146311 0.219152 0.545805 0.011688
0.000010 0.147034 0.007927 0.020841 0.000010 0.000010 0.000010 0.738620 0.085539
0.000883 0.136227 0.000010 0.000010 0.000010 0.000010 0.000010 0.762501 0.100339
0.000010 0.150658 0.000010 0.000010 0.000010 0.000010 0.000010 0.781452 0.067830
0.000067 0.169374 0.000010 0.000010 0.000010 0.000010 0.000010 0.742575 0.087934
0.001665 0.151003 0.000010 0.009668 0.006261 0.000010 0.000010 0.759215 0.072158
0.000010 0.147917 0.000010 0.000010 0.000010 0.000010 0.000010 0.762691 0.089332
0.000010 0.169599 0.002823 0.027971 0.002019 0.000010 0.000010 0.716212 0.081346
0.000010 0.150579 0.002093 0.000010 0.017997 0.000010 0.000010 0.757830 0.071462
0.000010 0.132366 0.000010 0.003835 0.000919 0.000010 0.000010 0.771198 0.091641
0.002530 0.156624 0.003554 0.000010 0.004606 0.000010 0.000010 0.752884 0.079772
0.001723 0.078767 0.012231 0.023393 0.010731 0.000010 0.108300 0.692499 0.072345
0.003215 0.066160 0.012183 0.039921 0.003949 0.000010 0.024288 0.742141 0.108133
0.001481 0.065277 0.027878 0.028620 0.004505 0.000010 0.114257 0.656579 0.101393
0.002085 0.083158 0.027164 0.006502 0.006178 0.000010 0.100786 0.669004 0.105114
0.004514 0.085774 0.034709 0.015200 0.001605 0.000010 0.048622 0.709075 0.100490
0.000010 0.080728 0.022962 0.030454 0.006442 0.000010 0.045370 0.715028 0.098996
0.004774 0.087296 0.002497 0.007480 0.011618 0.000010 0.134938 0.652857 0.098529
0.003630 0.066089 0.016875 0.000010 0.002702 0.000010 0.133044 0.693498 0.084142
0.018836 0.092013 0.006666 0.000010 0.000010 0.018129 0.029714 0.816224 0.018398
0.008778 0.082998 0.010410 0.000177 0.008860 0.061532 0.095179 0.732056 0.000010
0.005176 0.063544 0.012274 0.018075 0.000010 0.093204 0.037077 0.756887 0.013753
0.014690 0.060930 0.000010 0.021245 0.000010 0.024214 0.045501 0.810274 0.023126
0.010807 0.078895 0.010783 0.000010 0.014789 0.018441 0.070845 0.789171 0.006260
0.010657 0.094323 0.000010 0.000720 0.007061 0.042645 0.082730 0.742200 0.019654
0.003648 0.091641 0.008461 0.015923 0.000010 0.055714 0.021525 0.787980 0.015099
0.004740 0.092980 0.006557 0.000010 0.013669 0.059467 0.084611 0.720802 0.017164
0.006237 0.088938 0.019088 0.000055 0.000010 0.036094 0.075027 0.753766 0.020785
0.009247 0.088217 0.012108 0.000010 0.000010 0.061706 0.069653 0.733994 0.025055
0.000010 0.035176 0.004735 0.007510 0.011119 0.086644 0.394610 0.439129 0.021068
0.005859 0.031803 0.009216 0.015060 0.011802 0.046114 0.410260 0.455122 0.014763
0.004963 0.007996 0.004929 0.003005 0.006357 0.034752 0.457079 0.455937 0.024981
0.014915 0.018796 0.014705 0.007330 0.007902 0.052061 0.469334 0.405635 0.009322
0.008063 0.036886 0.013253 0.035950 0.000010 0.048003 0.455312 0.373725 0.028798
0.003228 0.000010 0.005944 0.016374 0.002524 0.022684 0.479140 0.449920 0.020176
0.000844 0.000010 0.001964 0.019374 0.003878 0.057202 0.485188 0.419443 0.012097
0.009467 0.011915 0.025604 0.000010 0.000010 0.053163 0.487434 0.404113 0.008284
0.001216 0.021226 0.000255 0.016420 0.004991 0.046646 0.506053 0.379714 0.023480
0.015305 0.028158 0.000010 0.021161 0.001942 0.163779 0.378797 0.359767 0.031081
0.010247 0.027982 0.029465 0.037713 0.014567 0.122554 0.377570 0.357834 0.022069
0.011486 0.000010 0.004725 0.053712 0.018586 0.130911 0.434017 0.322577 0.023978
0.000010 0.022650 0.018101 0.034794 0.018659 0.177116 0.348754 0.331556 0.048360
0.000360 0.010726 0.018941 0.037141 0.000010 0.169593 0.327966 0.415858 0.019405
0.005690 0.017891 0.011475 0.018210 0.012088 0.141498 0.360908 0.413623 0.018617
0.006382 0.019621 0.012633 0.017009 0.010871 0.195431 0.343777 0.360978 0.033298
0.000010 0.022702 0.033124 0.010435 0.002382 0.114226 0.375015 0.424005 0.018101
0.014889 0.028781 0.017021 0.044387 0.005295 0.151852 0.337121 0.368337 0.032317
0.004734 0.000010 0.014487 0.053131 0.017929 0.163874 0.354032 0.360538 0.031265
0.000010 0.999920 0.000010 0.000010 0.000010 0.000010 0.000010 0.000010 0.000010
0.000010 0.999920 0.000010 0.000010 0.000010 0.000010 0.000010 0.000010 0.000010
0.000010 0.473525 0.000010 0.000010 0.000010 0.000010 0.000010 0.526405 0.000010
0.004484 0.016147 0.000010 0.010096 0.007611 0.157328 0.208631 0.595684 0.000010
0.000010 0.999920 0.000010 0.000010 0.000010 0.000010 0.000010 0.000010 0.000010
0.000010 0.999920 0.000010 0.000010 0.000010 0.000010 0.000010 0.000010 0.000010
0.000010 0.522953 0.000010 0.000010 0.000010 0.000010 0.000010 0.476977 0.000010
0.007205 0.016903 0.004914 0.000010 0.012786 0.299547 0.077232 0.581393 0.000010
0.000010 0.999920 0.000010 0.000010 0.000010 0.000010 0.000010 0.000010 0.000010
0.000010 0.506211 0.000010 0.000010 0.000010 0.000010 0.000010 0.493188 0.000542
0.000010 0.501726 0.000010 0.000010 0.000010 0.000010 0.000010 0.488763 0.009451
0.014422 0.019702 0.006080 0.015864 0.006572 0.295941 0.091889 0.549521 0.000010
0.000010 0.477522 0.000010 0.000010 0.000010 0.000010 0.000010 0.500064 0.022354
0.000010 0.516984 0.000010 0.000010 0.000010 0.000010 0.000010 0.482946 0.000010
0.000010 0.999920 0.000010 0.000010 0.000010 0.000010 0.000010 0.000010 0.000010
0.000010 0.461311 0.000010 0.000010 0.000010 0.000010 0.000010 0.538619 0.000010
0.000010 0.999920 0.000010 0.000010 0.000010 0.000010 0.000010 0.000010 0.000010
0.000010 0.506335 0.000010 0.000010 0.000010 0.000010 0.000010 0.493595 0.000010
0.000010 0.025099 0.000010 0.000010 0.000120 0.272776 0.184962 0.517002 0.000010
0.000010 0.999920 0.000010 0.000010 0.000010 0.000010 0.000010 0.000010 0.000010
0.000010 0.469233 0.000010 0.000010 0.000010 0.000010 0.000010 0.530697 0.000010
0.000474 0.049305 0.007466 0.022295 0.004793 0.283414 0.129295 0.502949 0.000010
0.000010 0.999920 0.000010 0.000010 0.000010 0.000010 0.000010 0.000010 0.000010
0.000010 0.488009 0.000010 0.000010 0.000010 0.000010 0.000010 0.511921 0.000010
0.005652 0.025853 0.000010 0.000015 0.000010 0.314161 0.113888 0.540402 0.000010
0.000010 0.131538 0.020760 0.000010 0.007863 0.000010 0.000010 0.760883 0.078916
0.016882 0.107381 0.003518 0.003525 0.000010 0.003738 0.009717 0.770126 0.085102
0.011430 0.107007 0.008356 0.000010 0.000010 0.002958 0.000010 0.788773 0.081446
0.000970 0.131804 0.008228 0.025551 0.000010 0.011942 0.000010 0.749364 0.072121
0.003705 0.136302 0.011285 0.009109 0.001014 0.021087 0.000010 0.732744 0.084742
0.000010 0.134567 0.022063 0.004784 0.002021 0.026426 0.000010 0.710590 0.099528
0.000010 0.107801 0.001746 0.000010 0.002625 0.008728 0.000010 0.793144 0.085925
0.001301 0.141736 0.000010 0.023040 0.000010 0.000010 0.000010 0.745752 0.088130
0.011789 0.105917 0.034180 0.018696 0.017586 0.031909 0.043777 0.598139 0.138008
0.000010 0.140073 0.011785 0.002992 0.005103 0.005903 0.003012 0.716974 0.114150
0.000010 0.000010 0.000010 0.000010 0.000010 0.000010 0.000010 0.000010 0.999920
0.003017 0.127825 0.048284 0.020782 0.014822 0.018917 0.056518 0.544082 0.165752
0.000010 0.114915 0.008737 0.004460 0.010153 0.050195 0.098438 0.617531 0.095561
0.000010 0.110440 0.036508 0.020820 0.009079 0.030999 0.082383 0.552586 0.157175
0.004482 0.098652 0.017360 0.007607 0.021431 0.053993 0.036940 0.629989 0.129545
0.000010 0.000010 0.000010 0.000010 0.000010 0.000010 0.000010 0.000010 0.999920
0.000010 0.000010 0.000016 0.000010 0.000010 0.000010 0.000010 0.000010 0.999914
0.000010 0.123552 0.032052 0.013866 0.018082 0.039019 0.063701 0.565248 0.144469
0.000010 0.000010 0.000010 0.000010 0.000010 0.803939 0.029175 0.162622 0.004214
0.000010 0.005941 0.001992 0.000010 0.000010 0.944380 0.014317 0.021847 0.011492
0.000010 0.000010 0.000010 0.000010 0.000010 0.999920 0.000010 0.000010 0.000010
0.000622 0.008725 0.000010 0.000010 0.000010 0.986181 0.004421 0.000010 0.000010
0.000010 0.008656 0.000010 0.000010 0.000010 0.991274 0.000010 0.000010 0.000010
0.006943 0.000010 0.000806 0.000010 0.000010 0.961535 0.030666 0.000010 0.000010
0.000010 0.000207 0.000010 0.007209 0.000010 0.992525 0.000010 0.000010 0.000010
0.000010 0.000010 0.000010 0.000010 0.004881 0.944509 0.000010 0.050550 0.000010
0.000010 0.000010 0.000010 0.000010 0.000010 0.999920 0.000010 0.000010 0.000010
0.000010 0.000010 0.000010 0.000010 0.000010 0.999920 0.000010 0.000010 0.000010
0.000010 0.000010 0.000010 0.000010 0.000010 0.999920 0.000010 0.000010 0.000010
0.001553 0.027408 0.000010 0.013948 0.016666 0.175460 0.341335 0.385191 0.038430
0.014908 0.036972 0.000010 0.022880 0.016143 0.179549 0.292772 0.390002 0.046764
0.003858 0.030136 0.005821 0.001226 0.009342 0.108329 0.413785 0.384504 0.042999
0.005007 0.033769 0.003701 0.000010 0.003508 0.144043 0.338683 0.433312 0.037967
0.009897 0.002524 0.018736 0.019614 0.012439 0.118268 0.465917 0.318716 0.033889
0.005101 0.013808 0.053938 0.347081 0.029057 0.012752 0.482878 0.053633 0.001752
0.013986 0.000010 0.078226 0.072064 0.023758 0.064841 0.618141 0.112467 0.016506
0.024119 0.021864 0.040302 0.519489 0.009910 0.000010 0.348853 0.035442 0.000010
0.010311 0.000010 0.060294 0.265904 0.032507 0.035181 0.518382 0.077402 0.000010
0.009816 0.012372 0.033783 0.037615 0.012506 0.048833 0.730151 0.109720 0.005204
0.003718 0.000010 0.000010 0.028703 0.008080 0.030688 0.788088 0.140693 0.000010
0.000010 0.000010 0.024658 0.027432 0.014988 0.057788 0.739462 0.116885 0.018767
0.004106 0.014074 0.023392 0.035163 0.014687 0.051685 0.728869 0.128013 0.000010
0.008038 0.000010 0.028376 0.035128 0.013956 0.030957 0.739348 0.144176 0.000010
0.010229 0.005789 0.036017 0.051248 0.002888 0.029932 0.757047 0.091915 0.014935
0.004832 0.000010 0.031434 0.067020 0.013663 0.055900 0.698293 0.128839 0.000010
0.002649 0.000010 0.008928 0.027728 0.000010 0.031691 0.785902 0.143072 0.000010
0.000010 0.013847 0.040439 0.018406 0.002812 0.037900 0.735377 0.151199 0.000010
0.006326 0.000010 0.048783 0.080055 0.016564 0.020260 0.700283 0.125235 0.002485
0.004504 0.000010 0.022929 0.022528 0.005097 0.059452 0.667504 0.217967 0.000010
0.004070 0.016382 0.036039 0.019407 0.004471 0.122572 0.535663 0.222264 0.039132
0.000010 0.000010 0.029495 0.040920 0.004526 0.054301 0.736002 0.127681 0.007055
0.015090 0.000010 0.030066 0.048948 0.020936 0.078158 0.612528 0.170036 0.024227
0.004354 0.000010 0.000074 0.004842 0.017953 0.166380 0.308882 0.460883 0.036622
0.000010 0.000010 0.035944 0.037027 0.004612 0.061981 0.698115 0.161613 0.000688
0.006632 0.002265 0.042439 0.030628 0.007435 0.104044 0.639083 0.155005 0.012469
0.010219 0.015107 0.055999 0.029442 0.013223 0.081832 0.534235 0.233087 0.026856
0.024734 0.003548 0.097972 0.065071 0.035870 0.011089 0.694319 0.051162 0.016235
0.002242 0.001079 0.066043 0.020947 0.013773 0.151699 0.607132 0.114586 0.022498
0.016008 0.016921 0.077444 0.074555 0.037755 0.027423 0.658372 0.082536 0.008986
0.009504 0.000010 0.015783 0.040772 0.014871 0.159413 0.563373 0.161734 0.034541
0.011887 0.007396 0.082997 0.104695 0.017537 0.036791 0.639345 0.079514 0.019837
0.010830 0.015317 0.029733 0.033693 0.000760 0.160365 0.604921 0.107656 0.036726
0.014127 0.024534 0.099304 0.059479 0.044567 0.050176 0.643770 0.055458 0.008586
0.000010 0.000010 0.000010 0.022104 0.000010 0.000010 0.719264 0.251838 0.006744
0.006221 0.002670 0.095005 0.064760 0.041085 0.042783 0.645657 0.083799 0.018020
0.000010 0.000010 0.000010 0.000010 0.000010 0.025914 0.702203 0.267220 0.004613
0.000010 0.006801 0.070263 0.051978 0.021856 0.039047 0.701617 0.104638 0.003790
0.002496 0.006476 0.000010 0.000010 0.000010 0.000010 0.706190 0.282095 0.002702
0.000191 0.024222 0.023644 0.046570 0.004788 0.179944 0.516695 0.168637 0.035309
0.022738 0.003728 0.122469 0.069013 0.026362 0.011796 0.677580 0.044804 0.021511
0.003608 0.015516 0.017728 0.024144 0.026506 0.037588 0.525445 0.321892 0.027572
0.008151 0.007477 0.030897 0.012573 0.020608 0.137163 0.599583 0.171760 0.011788
0.012884 0.009145 0.109302 0.078443 0.039307 0.005934 0.664466 0.066292 0.014228
0.010756 0.006165 0.034081 0.021661 0.025021 0.132913 0.600265 0.160418 0.008720
0.005157 0.003347 0.036508 0.039082 0.005961 0.037533 0.760144 0.112257 0.000010
0.007095 0.005044 0.005007 0.039014 0.010845 0.152539 0.320881 0.411196 0.048379
0.009777 0.002427 0.025200 0.022831 0.013111 0.075036 0.706903 0.144705 0.000010
0.004997 0.035114 0.020150 0.009132 0.000010 0.048527 0.551567 0.328042 0.002460
0.000010 0.016550 0.022153 0.036049 0.010783 0.060350 0.727740 0.122884 0.003480
0.000072 0.048029 0.000010 0.000010 0.000010 0.032577 0.586114 0.316510 0.016668
0.017614 0.000010 0.084610 0.096194 0.046490 0.016277 0.670860 0.042701 0.025245
0.000010 0.005593 0.000010 0.011019 0.000010 0.024188 0.782421 0.174257 0.002491
0.000010 0.000010 0.049142 0.046332 0.006856 0.054006 0.656387 0.187246 0.000010
0.003658 0.000010 0.000010 0.015671 0.008839 0.004082 0.787239 0.180481 0.000010
0.020563 0.024062 0.102908 0.071418 0.039111 0.033119 0.646503 0.051041 0.011274
0.001726 0.000010 0.000010 0.003093 0.000010 0.011265 0.781055 0.202821 0.000010
0.000010 0.001095 0.000010 0.000010 0.001396 0.026194 0.795545 0.169258 0.006482
0.023683 0.003144 0.048883 0.038865 0.027230 0.038805 0.735826 0.067516 0.016047
0.007464 0.058121 0.000010 0.000010 0.007099 0.126137 0.320910 0.477888 0.002360
0.000010 0.006149 0.012432 0.017625 0.000681 0.058187 0.641103 0.260855 0.002958
0.000069 0.000010 0.033815 0.062355 0.011651 0.038531 0.721884 0.123084 0.008601
0.005011 0.060391 0.000010 0.001786 0.004184 0.086937 0.145011 0.684583 0.012087
0.008595 0.019483 0.015437 0.021833 0.008665 0.024081 0.723845 0.172375 0.005687
0.016634 0.011141 0.094463 0.060038 0.030735 0.000721 0.697513 0.053995 0.034761
0.000010 0.000010 0.006414 0.000010 0.000010 0.000694 0.780069 0.212773 0.000010
0.000626 0.000010 0.003316 0.000010 0.008857 0.056379 0.785859 0.144932 0.000010
0.020479 0.013778 0.135792 0.080727 0.049775 0.036778 0.597199 0.042787 0.022685
0.000010 0.000010 0.000010 0.008794 0.010142 0.063593 0.654983 0.262448 0.000010
0.003557 0.000010 0.003146 0.024313 0.000010 0.035946 0.762698 0.170310 0.000010
0.015871 0.014525 0.087107 0.113682 0.030970 0.000010 0.669147 0.061800 0.006887
0.003133 0.021557 0.000010 0.000010 0.014219 0.044271 0.721287 0.186601 0.008913
0.007331 0.000010 0.029928 0.021558 0.000010 0.037375 0.812135 0.087737 0.003916
0.023164 0.011296 0.083505 0.082328 0.020264 0.059105 0.610163 0.094432 0.015743
0.000010 0.057135 0.000010 0.000010 0.000010 0.118371 0.218573 0.592705 0.013176
0.003086 0.008470 0.000642 0.024643 0.000010 0.043199 0.600671 0.314624 0.004655
0.019731 0.021536 0.095091 0.090741 0.026181 0.012681 0.669257 0.057514 0.007266
0.010542 0.000010 0.008678 0.011961 0.016846 0.074529 0.730016 0.139566 0.007853
0.004106 0.088092 0.000010 0.000010 0.000010 0.055752 0.181082 0.644861 0.026077
0.010059 0.028555 0.118304 0.072803 0.034178 0.000010 0.714745 0.019603 0.001744
0.005369 0.000010 0.001498 0.003455 0.009302 0.047940 0.781840 0.139880 0.010707
0.000010 0.073854 0.000010 0.016822 0.000010 0.094427 0.284691 0.523882 0.006294
0.011104 0.013504 0.065476 0.062066 0.012950 0.082471 0.624781 0.119558 0.008088
0.003649 0.047025 0.000010 0.021406 0.000010 0.065376 0.372722 0.471723 0.018080
0.000010 0.000010 0.012349 0.023119 0.000010 0.026820 0.777926 0.152361 0.007395
0.008766 0.001611 0.109317 0.066484 0.033638 0.030815 0.632154 0.101698 0.015517
0.010265 0.018789 0.033137 0.025519 0.004836 0.173281 0.538203 0.165800 0.030170
0.008027 0.042857 0.007798 0.014963 0.000010 0.066263 0.452904 0.390722 0.016454
0.021344 0.032375 0.094553 0.089584 0.044391 0.002088 0.689971 0.017104 0.008591
0.007639 0.000010 0.018203 0.023309 0.003542 0.142341 0.612753 0.164143 0.028060
0.002782 0.048287 0.000010 0.012268 0.000010 0.059672 0.304580 0.549995 0.022396
0.022151 0.008888 0.099165 0.073854 0.036012 0.009292 0.692016 0.040147 0.018474
0.003500 0.020079 0.038788 0.024744 0.003362 0.106915 0.638824 0.153639 0.010148
0.004145 0.010992 0.011590 0.040959 0.015129 0.075821 0.709886 0.131468 0.000010
0.015065 0.000010 0.118876 0.107198 0.028817 0.039674 0.620932 0.054339 0.015089
0.005591 0.013428 0.055830 0.030403 0.010949 0.083977 0.593174 0.191397 0.015250
0.000010 0.000010 0.000010 0.000010 0.000010 0.030636 0.725470 0.243834 0.000010
0.016690 0.000010 0.127980 0.104625 0.035685 0.011949 0.666365 0.028627 0.008069
0.003764 0.001386 0.020658 0.012726 0.005556 0.119888 0.562724 0.249320 0.023978
0.007941 0.062317 0.001586 0.000010 0.015487 0.082325 0.290946 0.523221 0.016167
0.020286 0.022179 0.096720 0.068127 0.030303 0.042169 0.660420 0.057436 0.002361
0.001591 0.014164 0.006687 0.010979 0.003975 0.143737 0.421870 0.376619 0.020377
0.008683 0.003472 0.013319 0.003397 0.003520 0.083111 0.758887 0.125602 0.000010
0.018020 0.022844 0.090708 0.076912 0.038891 0.036759 0.642691 0.047539 0.025637
0.021449 0.015882 0.019299 0.033201 0.000010 0.112432 0.606181 0.167702 0.023845
0.000010 0.000010 0.000010 0.000258 0.000010 0.032234 0.788793 0.178665 0.000010
0.026933 0.008787 0.115849 0.063395 0.029237 0.017579 0.658120 0.060722 0.019377
0.016361 0.006363 0.043153 0.007700 0.000010 0.103357 0.633998 0.173651 0.015406
0.000010 0.013628 0.000010 0.017768 0.000010 0.061687 0.488538 0.400662 0.017688
0.019314 0.020409 0.104303 0.091832 0.050831 0.000010 0.642458 0.049530 0.021313
0.000244 0.000010 0.039871 0.022424 0.010532 0.083402 0.643237 0.179545 0.020736
0.001584 0.034753 0.000010 0.014325 0.000392 0.064036 0.502800 0.382090 0.000010
0.023135 0.002723 0.119850 0.082651 0.052158 0.020635 0.632576 0.052721 0.013551
0.001197 0.001797 0.027052 0.009258 0.006637 0.100585 0.691767 0.146261 0.015447
0.000010 0.000010 0.002934 0.024804 0.000010 0.018590 0.772242 0.181389 0.000010
0.006400 0.023728 0.087106 0.055454 0.026462 0.034960 0.679871 0.066845 0.019175
0.012996 0.002019 0.085000 0.095855 0.028838 0.019077 0.650628 0.090033 0.015555
0.000010 0.009914 0.000010 0.008355 0.004121 0.045623 0.662550 0.269407 0.000010
0.010147 0.012695 0.139390 0.058270 0.026228 0.000010 0.708123 0.039886 0.005251
0.000010 0.074263 0.005581 0.007838 0.002224 0.104149 0.177603 0.613721 0.014610
0.010200 0.035177 0.005914 0.000010 0.000010 0.078774 0.220417 0.640332 0.009165
0.004601 0.000010 0.035401 0.022154 0.010531 0.110587 0.655904 0.150316 0.010496
0.010425 0.000010 0.011735 0.017903 0.000797 0.051129 0.784595 0.114802 0.008603
0.001790 0.015690 0.027945 0.000849 0.016460 0.153616 0.594212 0.173517 0.015921
0.004680 0.012298 0.014860 0.028978 0.006722 0.098972 0.596579 0.215975 0.020936
0.025638 0.000010 0.173791 0.015981 0.048603 0.000010 0.687589 0.000010 0.048369
0.023821 0.000010 0.159059 0.046988 0.044154 0.014959 0.637948 0.037559 0.035503
0.021609 0.012467 0.152672 0.035941 0.061219 0.014080 0.673179 0.000010 0.028823
0.032247 0.000010 0.172146 0.022895 0.056414 0.025332 0.632361 0.000010 0.058584
0.037779 0.026879 0.121254 0.063556 0.032787 0.022318 0.673137 0.002974 0.019316
0.026049 0.016855 0.103647 0.060239 0.030617 0.029696 0.665778 0.049151 0.017969
0.030082 0.013364 0.118995 0.061798 0.033359 0.019597 0.705044 0.002479 0.015282
0.033595 0.012421 0.142196 0.076904 0.026598 0.000010 0.683271 0.000010 0.024995
0.031673 0.018429 0.115235 0.085117 0.049093 0.017949 0.657925 0.017649 0.006930
0.032240 0.024455 0.139901 0.045786 0.038034 0.000010 0.685878 0.000010 0.033685
0.012216 0.014796 0.141607 0.075374 0.041681 0.000010 0.676102 0.000010 0.038203
0.014238 0.017178 0.164936 0.024271 0.034224 0.000010 0.721922 0.000010 0.023212
0.023258 0.037750 0.131353 0.042127 0.040197 0.000010 0.685344 0.000010 0.039952
0.013291 0.016327 0.091517 0.067856 0.026697 0.018594 0.706626 0.029819 0.029273
0.016061 0.007688 0.166126 0.075947 0.043680 0.000010 0.652070 0.000010 0.038408
0.018786 0.016239 0.155057 0.038766 0.032186 0.000010 0.707915 0.000010 0.031030
0.016023 0.030080 0.161090 0.065422 0.039859 0.000010 0.651669 0.000010 0.035836
0.021775 0.017034 0.144323 0.078930 0.039616 0.000010 0.677620 0.000010 0.020680
0.009910 0.017755 0.165075 0.027622 0.033114 0.000010 0.733722 0.000010 0.012782
0.013378 0.026063 0.148398 0.024433 0.041232 0.000010 0.718157 0.000010 0.028320
0.029621 0.017979 0.159927 0.056404 0.026945 0.000010 0.682515 0.000010 0.026589
0.021695 0.017799 0.104755 0.061856 0.038935 0.038847 0.661686 0.031397 0.023031
0.028991 0.034600 0.102988 0.039058 0.028177 0.000010 0.757172 0.000010 0.008994
0.010490 0.018522 0.126519 0.013109 0.028567 0.000010 0.797531 0.000010 0.005241
0.015492 0.028387 0.118947 0.048201 0.015883 0.000010 0.756177 0.000010 0.016894
0.006289 0.012696 0.127062 0.006069 0.019109 0.000010 0.826410 0.000010 0.002344
0.019506 0.027361 0.114833 0.047971 0.034125 0.000010 0.741433 0.000010 0.014751
0.017888 0.032276 0.119103 0.024995 0.026841 0.000708 0.756309 0.000010 0.021870
0.006548 0.021707 0.096228 0.015981 0.036335 0.005170 0.806078 0.000010 0.011943
