0.019318 0.441793 0.041484 0.000010 0.022607 0.459556 0.015221 0.000010
0.052629 0.429559 0.018288 0.000010 0.046246 0.453248 0.000010 0.000010
0.000010 0.000010 0.999930 0.000010 0.000010 0.000010 0.000010 0.000010
0.000010 0.000010 0.999930 0.000010 0.000010 0.000010 0.000010 0.000010
0.000010 0.000010 0.000010 0.000010 0.000010 0.999930 0.000010 0.000010
0.000010 0.000010 0.000010 0.000010 0.000010 0.999930 0.000010 0.000010
0.038206 0.573247 0.068654 0.000010 0.000010 0.319854 0.000010 0.000010
0.000010 0.000010 0.999930 0.000010 0.000010 0.000010 0.000010 0.000010
0.042984 0.252493 0.211361 0.000010 0.000010 0.436437 0.000010 0.056695
0.000010 0.000010 0.000010 0.000010 0.000010 0.999930 0.000010 0.000010
0.000010 0.000010 0.000010 0.000010 0.000010 0.999930 0.000010 0.000010
0.234239 0.000010 0.000010 0.000010 0.000010 0.765701 0.000010 0.000010
0.000010 0.000010 0.000010 0.000010 0.000010 0.999930 0.000010 0.000010
0.000010 0.000010 0.000010 0.000010 0.000010 0.999930 0.000010 0.000010
0.999930 0.000010 0.000010 0.000010 0.000010 0.000010 0.000010 0.000010
0.000010 0.000010 0.000010 0.000010 0.000010 0.999930 0.000010 0.000010
0.143588 0.000010 0.000010 0.000010 0.000010 0.856352 0.000010 0.000010
0.999930 0.000010 0.000010 0.000010 0.000010 0.000010 0.000010 0.000010
0.999930 0.000010 0.000010 0.000010 0.000010 0.000010 0.000010 0.000010
0.000010 0.329372 0.000010 0.000010 0.000010 0.638940 0.031638 0.000010
0.000010 0.000010 0.000010 0.000010 0.000010 0.999930 0.000010 0.000010
0.000010 0.000012 0.000010 0.000010 0.000010 0.999928 0.000010 0.000010
0.000010 0.000010 0.000010 0.000010 0.000010 0.999930 0.000010 0.000010
0.000010 0.000010 0.999930 0.000010 0.000010 0.000010 0.000010 0.000010
0.999930 0.000010 0.000010 0.000010 0.000010 0.000010 0.000010 0.000010
0.000010 0.000010 0.000010 0.000010 0.000010 0.999930 0.000010 0.000010
0.000010 0.000010 0.999929 0.000010 0.000010 0.000011 0.000010 0.000010
0.999930 0.000010 0.000010 0.000010 0.000010 0.000010 0.000010 0.000010
0.000010 0.000010 0.000010 0.000010 0.000010 0.999930 0.000010 0.000010
0.077688 0.200204 0.052439 0.120036 0.000010 0.241627 0.137045 0.170951
0.023790 0.566929 0.000010 0.000010 0.013782 0.369017 0.000010 0.026452
0.060825 0.415726 0.041375 0.061696 0.021314 0.383071 0.015983 0.000010
0.000010 0.553779 0.006223 0.195706 0.038899 0.079709 0.125664 0.000010
0.035467 0.631893 0.039757 0.000010 0.000010 0.000010 0.292842 0.000010
0.070787 0.437286 0.000010 0.199652 0.000010 0.000010 0.292235 0.000010
0.009515 0.346402 0.000010 0.212383 0.110642 0.000010 0.321028 0.000010
0.000010 0.672139 0.000010 0.324584 0.000010 0.000010 0.003226 0.000010
0.000010 0.230173 0.000010 0.000010 0.000010 0.000010 0.769767 0.000010
0.000010 0.000010 0.054849 0.502602 0.238793 0.000010 0.101685 0.102041
0.028956 0.378123 0.000010 0.032736 0.000010 0.000010 0.498663 0.061492
0.008349 0.655887 0.000010 0.335714 0.000010 0.000010 0.000010 0.000010
0.000010 0.648489 0.017601 0.290215 0.043655 0.000010 0.000010 0.000010
0.025887 0.463496 0.033565 0.198283 0.000010 0.000010 0.278739 0.000010
0.061297 0.484744 0.000010 0.453909 0.000010 0.000010 0.000010 0.000010
0.000010 0.729208 0.000010 0.178464 0.092279 0.000010 0.000010 0.000010
0.015030 0.590967 0.000010 0.051018 0.000010 0.000010 0.342945 0.000010
0.091826 0.284078 0.013890 0.243671 0.000010 0.000010 0.366504 0.000010
0.000010 0.727552 0.000010 0.213993 0.018979 0.000010 0.039437 0.000010
0.000010 0.238800 0.004054 0.337583 0.000010 0.050842 0.292346 0.076356
0.055222 0.382749 0.000010 0.186519 0.000010 0.000010 0.375470 0.000010
0.000010 0.243697 0.000814 0.553582 0.000010 0.117243 0.084633 0.000010
0.000010 0.488333 0.017606 0.186550 0.000010 0.000010 0.275992 0.031488
0.001932 0.457101 0.000010 0.164930 0.000010 0.000010 0.375998 0.000010
0.031435 0.406693 0.000010 0.138301 0.000010 0.000010 0.422473 0.001068
0.009569 0.542133 0.000010 0.095991 0.000010 0.000010 0.352267 0.000010
0.000010 0.201652 0.000010 0.204368 0.000010 0.130013 0.463926 0.000010
0.011114 0.468643 0.017974 0.144676 0.000010 0.000010 0.357563 0.000010
0.000010 0.445820 0.000010 0.193059 0.000010 0.000010 0.361070 0.000010
0.000690 0.425373 0.006924 0.199451 0.000010 0.000010 0.367532 0.000010
0.006634 0.409349 0.000017 0.129518 0.000010 0.000010 0.454451 0.000010
0.002283 0.594344 0.021211 0.062162 0.002321 0.042993 0.246143 0.028544
0.015401 0.577905 0.017107 0.082689 0.002261 0.047062 0.239672 0.017904
0.002344 0.569804 0.013949 0.066001 0.000010 0.039851 0.275472 0.032569
0.004621 0.603771 0.021207 0.059797 0.000010 0.046747 0.235961 0.027885
0.014707 0.598620 0.002295 0.066393 0.000010 0.030820 0.273581 0.013574
0.010201 0.596545 0.009540 0.073372 0.000010 0.026315 0.261313 0.022704
0.013608 0.633941 0.002166 0.058592 0.000010 0.020522 0.242530 0.028630
0.021201 0.570054 0.019059 0.078032 0.000010 0.027391 0.265859 0.018394
0.008130 0.657979 0.005592 0.019885 0.003437 0.041398 0.263569 0.000010
0.021458 0.445852 0.030626 0.071023 0.039210 0.130591 0.200077 0.061163
0.017361 0.508664 0.019122 0.109663 0.000010 0.088731 0.210589 0.045860
0.011996 0.646180 0.014881 0.045513 0.000010 0.017106 0.264304 0.000010
0.011107 0.354328 0.010472 0.000010 0.000010 0.056787 0.000010 0.567278
0.012762 0.614548 0.011789 0.082370 0.000010 0.018021 0.253890 0.006611
0.025694 0.567423 0.000010 0.064095 0.006131 0.026582 0.292112 0.017953
0.000010 0.000010 0.000010 0.999930 0.000010 0.000010 0.000010 0.000010
0.000010 0.000010 0.000010 0.999930 0.000010 0.000010 0.000010 0.000010
0.000010 0.000010 0.000010 0.999930 0.000010 0.000010 0.000010 0.000010
0.000010 0.000010 0.000010 0.999930 0.000010 0.000010 0.000010 0.000010
0.001453 0.042369 0.000010 0.891244 0.001105 0.000010 0.055701 0.008108
0.000598 0.000010 0.000010 0.999342 0.000010 0.000010 0.000010 0.000010
0.000010 0.000010 0.000010 0.998486 0.001454 0.000010 0.000010 0.000010
0.000010 0.000010 0.000010 0.999930 0.000010 0.000010 0.000010 0.000010
0.000010 0.000010 0.000010 0.999930 0.000010 0.000010 0.000010 0.000010
0.000010 0.003323 0.000010 0.946535 0.013090 0.003187 0.033836 0.000010
0.000010 0.000010 0.000010 0.997127 0.000010 0.002813 0.000010 0.000010
0.005388 0.000010 0.000010 0.897914 0.011479 0.000062 0.074060 0.011076
0.006244 0.108960 0.006967 0.807168 0.000010 0.000010 0.070631 0.000010
0.000010 0.000010 0.000010 0.999930 0.000010 0.000010 0.000010 0.000010
0.000010 0.062478 0.000010 0.012530 0.105575 0.055204 0.741574 0.022620
0.002220 0.052311 0.007705 0.031203 0.121016 0.046622 0.726547 0.012376
0.000010 0.056133 0.003680 0.004783 0.103617 0.077681 0.738077 0.016019
0.005287 0.064551 0.002197 0.064239 0.092807 0.046289 0.710713 0.013917
0.008585 0.015775 0.010123 0.000010 0.081937 0.067534 0.796951 0.019085
0.000010 0.093288 0.008516 0.043641 0.102445 0.040363 0.686214 0.025522
0.003618 0.012674 0.010290 0.024904 0.102847 0.061561 0.748290 0.035816
0.012962 0.015379 0.005590 0.000010 0.107748 0.074884 0.751799 0.031629
0.015200 0.100127 0.000010 0.389525 0.026326 0.000010 0.468791 0.000010
0.004712 0.150393 0.005034 0.362934 0.017563 0.000010 0.459343 0.000010
0.015443 0.107787 0.000010 0.402458 0.024500 0.000010 0.442386 0.007406
0.000010 0.126887 0.002953 0.385915 0.028649 0.000010 0.455567 0.000010
0.000010 0.094219 0.000010 0.370990 0.026222 0.000010 0.495115 0.013424
0.005690 0.150799 0.002287 0.351607 0.033892 0.000012 0.455703 0.000010
0.012963 0.106487 0.000010 0.397731 0.012781 0.000010 0.451590 0.018427
0.005088 0.098891 0.015286 0.397146 0.028634 0.002942 0.452003 0.000010
0.000010 0.118307 0.000010 0.378646 0.001115 0.000010 0.489824 0.012078
0.002966 0.120427 0.000572 0.410939 0.030032 0.000010 0.435044 0.000010
0.004287 0.091347 0.013827 0.401114 0.041772 0.000010 0.444865 0.002778
0.000613 0.141315 0.000275 0.365074 0.045521 0.000010 0.439645 0.007547
0.000010 0.151777 0.000010 0.363717 0.007653 0.000010 0.476813 0.000010
0.000010 0.135962 0.010067 0.400231 0.011547 0.000010 0.442163 0.000010
0.001852 0.142339 0.001157 0.360438 0.021911 0.000394 0.465920 0.005989
0.005840 0.103385 0.014011 0.399235 0.037063 0.001425 0.432183 0.006857
0.000010 0.107535 0.007817 0.368855 0.029480 0.000010 0.464735 0.021559
0.001375 0.128410 0.001374 0.373372 0.020670 0.000010 0.474778 0.000010
0.001024 0.150067 0.003339 0.374483 0.030161 0.000010 0.440905 0.000010
0.000010 0.092868 0.000010 0.402320 0.039676 0.000010 0.464102 0.001004
0.005881 0.106062 0.004462 0.401693 0.000988 0.000010 0.480895 0.000010
0.000466 0.127818 0.000010 0.398037 0.000010 0.000010 0.473638 0.000010
0.001525 0.134009 0.000018 0.360898 0.025564 0.000011 0.477965 0.000010
0.000010 0.111272 0.000010 0.405937 0.020674 0.000010 0.462077 0.000010
0.015110 0.114081 0.009286 0.362608 0.021739 0.001331 0.467833 0.008013
0.003532 0.135278 0.000536 0.329929 0.050498 0.000010 0.480206 0.000010
0.000016 0.087740 0.017615 0.092977 0.120870 0.000010 0.680762 0.000010
0.002739 0.233740 0.000010 0.147058 0.070465 0.000010 0.545968 0.000010
0.000010 0.096197 0.011384 0.057739 0.121693 0.000010 0.712957 0.000010
0.007228 0.323941 0.000010 0.161315 0.039714 0.000010 0.463979 0.003802
0.005514 0.219296 0.002695 0.157313 0.041272 0.000010 0.561198 0.012702
0.005211 0.147106 0.007553 0.079733 0.093944 0.001946 0.657785 0.006721
0.000010 0.051685 0.005494 0.054092 0.127024 0.000010 0.745104 0.016580
0.010707 0.239356 0.000010 0.119958 0.039814 0.000010 0.583639 0.006506
0.012265 0.243473 0.004104 0.168555 0.042902 0.000010 0.528353 0.000339
0.011593 0.163345 0.000010 0.084103 0.078495 0.002639 0.642594 0.017221
0.000010 0.077183 0.001874 0.076224 0.117704 0.000010 0.722379 0.004616
0.010867 0.120282 0.005613 0.130359 0.097963 0.000010 0.634895 0.000010
0.007166 0.125638 0.006893 0.393233 0.017812 0.000010 0.448555 0.000693
0.000010 0.113984 0.005484 0.382477 0.008854 0.000010 0.474997 0.014183
0.004954 0.126299 0.000010 0.117153 0.093932 0.007215 0.650427 0.000010
0.000010 0.002292 0.017895 0.084215 0.119698 0.027143 0.735160 0.013588
0.001865 0.129158 0.000010 0.071504 0.092818 0.000010 0.674686 0.029950
0.001624 0.253477 0.001256 0.184082 0.066786 0.000783 0.491982 0.000010
0.010814 0.223933 0.000012 0.153235 0.038982 0.000010 0.573004 0.000010
0.004235 0.094213 0.004683 0.060802 0.108047 0.000010 0.718212 0.009798
0.013261 0.134790 0.000399 0.126290 0.072025 0.000010 0.634951 0.018275
0.000010 0.074260 0.000010 0.066263 0.111868 0.002712 0.744867 0.000010
0.000010 0.085842 0.003566 0.083970 0.116954 0.001493 0.683998 0.024168
0.006335 0.063394 0.012160 0.067013 0.111425 0.002929 0.721735 0.015009
0.000010 0.164435 0.000011 0.123756 0.062883 0.000010 0.648885 0.000010
0.011844 0.124306 0.000010 0.369299 0.039726 0.000010 0.447157 0.007648
0.000010 0.296468 0.003931 0.137157 0.040926 0.005758 0.515739 0.000010
0.000019 0.141767 0.015856 0.110883 0.113921 0.000010 0.617534 0.000010
0.009406 0.201381 0.006489 0.101639 0.093603 0.000639 0.578369 0.008474
0.004515 0.092456 0.002302 0.083727 0.116404 0.000010 0.686853 0.013733
0.000010 0.060084 0.000495 0.068448 0.124004 0.006659 0.738224 0.002077
0.005061 0.225345 0.010201 0.155329 0.060961 0.000010 0.543083 0.000010
0.001673 0.166245 0.000010 0.093364 0.086178 0.002819 0.649701 0.000010
0.008183 0.159249 0.000907 0.087479 0.091979 0.003107 0.649087 0.000010
0.006703 0.296727 0.000010 0.166142 0.040154 0.000010 0.490245 0.000010
0.010144 0.248645 0.000742 0.150853 0.067817 0.000012 0.521777 0.000010
0.006743 0.179611 0.001358 0.087771 0.087074 0.004243 0.630042 0.003158
0.009375 0.270268 0.000010 0.089267 0.077691 0.000010 0.549885 0.003494
0.010408 0.202629 0.000010 0.078735 0.075549 0.000010 0.632648 0.000010
0.008637 0.189027 0.009355 0.108678 0.071620 0.016860 0.595813 0.000010
0.000010 0.255088 0.000840 0.116593 0.054147 0.006361 0.562631 0.004330
0.000010 0.209410 0.017046 0.133202 0.092566 0.000010 0.547746 0.000010
0.007545 0.189325 0.000010 0.110173 0.084667 0.000010 0.608260 0.000010
0.000010 0.263342 0.000010 0.079332 0.056734 0.000010 0.597904 0.002659
0.000846 0.179905 0.000010 0.082281 0.064019 0.011193 0.648066 0.013679
0.002379 0.283726 0.000402 0.114048 0.059663 0.000010 0.539761 0.000010
0.005180 0.459249 0.004456 0.087264 0.020302 0.013066 0.410473 0.000010
0.004152 0.523135 0.011693 0.031489 0.034322 0.020266 0.374934 0.000010
0.000010 0.527974 0.019649 0.044571 0.029763 0.012911 0.364825 0.000297
0.014992 0.800541 0.004383 0.032699 0.000010 0.010982 0.136383 0.000010
0.009897 0.522024 0.000010 0.068219 0.029705 0.014236 0.319897 0.036011
0.005098 0.519858 0.000010 0.033941 0.023691 0.014955 0.376425 0.026023
0.000010 0.517494 0.006009 0.043241 0.029957 0.000010 0.388509 0.014771
0.000010 0.545629 0.016124 0.016973 0.010632 0.007661 0.367654 0.035317
0.011981 0.283715 0.000965 0.092060 0.068595 0.000010 0.542498 0.000176
0.009506 0.525363 0.011792 0.057457 0.022705 0.009276 0.357011 0.006890
0.015033 0.195821 0.009097 0.040977 0.072857 0.000010 0.666194 0.000010
0.000833 0.219605 0.012130 0.070297 0.057365 0.000010 0.634611 0.005149
0.008016 0.176017 0.006566 0.052906 0.060654 0.001894 0.674411 0.019537
0.007635 0.204858 0.012244 0.049387 0.062341 0.008173 0.651841 0.003520
0.004672 0.196402 0.013112 0.059386 0.090446 0.000788 0.627503 0.007691
0.010199 0.204471 0.000010 0.053550 0.071479 0.014245 0.646037 0.000010
0.000010 0.219521 0.000010 0.071246 0.060050 0.002801 0.644808 0.001555
0.001560 0.200888 0.000010 0.075330 0.078403 0.000782 0.637315 0.005712
0.000010 0.219782 0.002244 0.043668 0.066445 0.000010 0.652442 0.015399
0.006082 0.159041 0.004570 0.069320 0.068591 0.022608 0.656503 0.013286
0.002528 0.152493 0.000013 0.787894 0.000010 0.000010 0.057043 0.000010
0.007288 0.234495 0.001448 0.486345 0.000011 0.000010 0.266509 0.003895
0.009083 0.133009 0.008513 0.607949 0.010581 0.000010 0.219376 0.011479
0.000010 0.115993 0.005072 0.751224 0.002738 0.002274 0.118749 0.003941
0.003049 0.141701 0.000010 0.645040 0.003485 0.011042 0.177900 0.017773
0.000010 0.215061 0.000010 0.540226 0.026608 0.000010 0.204348 0.013727
0.000010 0.132699 0.005052 0.660953 0.016906 0.005912 0.173367 0.005101
0.000010 0.067507 0.005106 0.869816 0.000010 0.002832 0.054709 0.000010
0.001783 0.195805 0.018899 0.498175 0.037055 0.005967 0.242305 0.000010
0.000304 0.194656 0.009510 0.548971 0.000010 0.000010 0.246529 0.000010
0.005918 0.211009 0.000010 0.479265 0.012601 0.003851 0.285324 0.002021
0.007050 0.236260 0.005576 0.457987 0.000010 0.000010 0.280899 0.012207
0.013445 0.153308 0.001774 0.541716 0.018747 0.009679 0.235487 0.025844
0.000010 0.173637 0.003652 0.524160 0.000010 0.005542 0.269466 0.023523
0.005536 0.182351 0.005631 0.537880 0.008414 0.010445 0.249733 0.000010
0.000407 0.169388 0.008399 0.543339 0.006100 0.000010 0.272347 0.000010
0.013729 0.172886 0.011729 0.525344 0.000010 0.000010 0.276281 0.000010
0.007798 0.190480 0.000642 0.523500 0.000010 0.000010 0.275124 0.002435
0.000010 0.247001 0.007374 0.384997 0.023001 0.026935 0.304923 0.005760
0.002334 0.240244 0.000010 0.309675 0.031159 0.000010 0.400854 0.015713
0.000010 0.266555 0.013262 0.302859 0.010884 0.009078 0.381649 0.015703
0.006707 0.244261 0.000010 0.345896 0.024790 0.000010 0.370843 0.007485
0.007139 0.257241 0.000010 0.316404 0.041642 0.000010 0.341577 0.035976
0.001931 0.268868 0.000010 0.288152 0.034360 0.006906 0.385292 0.014482
0.004882 0.211383 0.000010 0.463725 0.013806 0.005597 0.300588 0.000010
0.009461 0.106825 0.005218 0.717926 0.000010 0.000010 0.155378 0.005171
0.000010 0.099134 0.000015 0.741780 0.000010 0.000010 0.159032 0.000010
0.009982 0.191728 0.012657 0.439019 0.000585 0.012349 0.333670 0.000010
0.005538 0.182394 0.000010 0.463231 0.007671 0.016450 0.324696 0.000010
0.014684 0.056245 0.008064 0.767699 0.000010 0.000938 0.145981 0.006379
0.000010 0.210520 0.000010 0.482087 0.011550 0.000010 0.287151 0.008663
0.003907 0.140479 0.004239 0.629766 0.005864 0.000010 0.215725 0.000010
0.000444 0.281803 0.003418 0.383504 0.016067 0.000010 0.314744 0.000010
0.006867 0.218066 0.005096 0.436386 0.010448 0.004008 0.319119 0.000010
0.006648 0.214370 0.000013 0.420321 0.026341 0.000010 0.332287 0.000010
0.006991 0.243729 0.002832 0.376477 0.015827 0.012270 0.332073 0.009800
0.006364 0.194601 0.002684 0.408901 0.032044 0.000010 0.340675 0.014720
0.000010 0.237443 0.006692 0.392074 0.002277 0.000010 0.335252 0.026243
0.010534 0.256640 0.006560 0.371051 0.027246 0.000010 0.325603 0.002356
0.008123 0.310565 0.000010 0.177420 0.017287 0.000010 0.480751 0.005834
0.009019 0.281233 0.000649 0.172941 0.054052 0.023802 0.458294 0.000010
0.003370 0.345249 0.000010 0.172570 0.000222 0.000010 0.478559 0.000010
0.002720 0.302411 0.000010 0.193343 0.024346 0.022480 0.448549 0.006141
0.012144 0.315607 0.006772 0.173097 0.010761 0.000010 0.481599 0.000010
0.000810 0.319538 0.000706 0.181682 0.027165 0.015951 0.448086 0.006062
0.010328 0.272342 0.000010 0.189361 0.022749 0.000010 0.483661 0.021539
0.002421 0.260709 0.014719 0.160972 0.043222 0.000010 0.517938 0.000010
0.013465 0.316351 0.000015 0.208575 0.026759 0.004903 0.429922 0.000010
0.004007 0.278875 0.000010 0.172309 0.026026 0.011610 0.470569 0.036594
0.000010 0.011173 0.023362 0.008646 0.133288 0.000010 0.789169 0.034341
0.001522 0.020241 0.012184 0.000010 0.116705 0.000010 0.844269 0.005058
0.004480 0.000010 0.000449 0.000010 0.134698 0.013542 0.846801 0.000010
0.005435 0.000010 0.004901 0.000010 0.151085 0.000010 0.828639 0.009911
0.012141 0.010301 0.008488 0.004684 0.135519 0.004762 0.801267 0.022838
0.005538 0.000010 0.011301 0.000010 0.130502 0.000010 0.849446 0.003183
0.000010 0.000010 0.000010 0.007871 0.151518 0.026112 0.774747 0.039723
0.017266 0.028404 0.010231 0.015430 0.132715 0.000010 0.791001 0.004943
0.011847 0.000010 0.002471 0.009645 0.114166 0.006454 0.834903 0.020504
0.013452 0.000010 0.010501 0.000010 0.141958 0.015125 0.813404 0.005542
0.011880 0.155646 0.012978 0.004991 0.063182 0.009255 0.713676 0.028391
0.004619 0.066482 0.001890 0.000010 0.043058 0.029288 0.808414 0.046239
0.002322 0.151346 0.005977 0.000010 0.046852 0.042409 0.714056 0.037027
0.006828 0.137358 0.002848 0.000010 0.063379 0.042798 0.732574 0.014205
0.002861 0.088209 0.018572 0.000010 0.065139 0.034113 0.768745 0.022350
0.009653 0.083757 0.008191 0.000010 0.058592 0.026980 0.775034 0.037783
0.008275 0.168018 0.003889 0.010997 0.069367 0.025833 0.699888 0.013731
0.005696 0.182454 0.016025 0.014300 0.049551 0.011607 0.720356 0.000010
0.000012 0.088125 0.007803 0.048295 0.083468 0.014836 0.757451 0.000010
0.011870 0.157790 0.012458 0.092236 0.080310 0.000010 0.645316 0.000010
0.002497 0.105729 0.012001 0.122122 0.055060 0.000010 0.689657 0.012923
0.003423 0.112970 0.008497 0.055094 0.055400 0.000010 0.748043 0.016563
0.014703 0.138045 0.007843 0.044170 0.073045 0.009097 0.713087 0.000010
0.007813 0.148684 0.003798 0.069668 0.089114 0.000010 0.680902 0.000010
0.000622 0.090474 0.009591 0.083726 0.085254 0.000010 0.721645 0.008678
0.013735 0.147664 0.000010 0.087547 0.088394 0.006276 0.656365 0.000010
0.000010 0.137671 0.001882 0.063255 0.082283 0.019978 0.694911 0.000010
0.000010 0.124789 0.004151 0.088294 0.082780 0.019028 0.680938 0.000010
0.015524 0.436010 0.000010 0.107054 0.030540 0.008571 0.390285 0.012006
0.011699 0.460973 0.012395 0.066505 0.029340 0.007112 0.393214 0.018764
0.007202 0.506833 0.012196 0.056072 0.005814 0.004825 0.399952 0.007104
0.004233 0.518214 0.010160 0.073195 0.018245 0.029559 0.336120 0.010274
0.004745 0.495781 0.008890 0.064483 0.032862 0.015562 0.336192 0.041487
0.005479 0.529643 0.008625 0.040430 0.000010 0.005825 0.389625 0.020362
0.010205 0.532473 0.000202 0.077038 0.000010 0.005637 0.351429 0.023008
0.001475 0.536301 0.006587 0.073294 0.012291 0.038769 0.331273 0.000010
0.009667 0.546707 0.002293 0.063719 0.016984 0.004845 0.333376 0.022408
0.000010 0.418070 0.022899 0.181854 0.025600 0.001543 0.325550 0.024474
0.012636 0.414287 0.011953 0.139302 0.026289 0.038865 0.315213 0.041455
0.014612 0.475631 0.022576 0.147934 0.000010 0.003879 0.277868 0.057490
0.014010 0.382619 0.006026 0.191719 0.019847 0.023751 0.320175 0.041853
0.000010 0.370693 0.000010 0.189266 0.009064 0.029905 0.362583 0.038469
0.008187 0.405694 0.012250 0.161394 0.016550 0.013872 0.360532 0.021521
0.008140 0.385165 0.005585 0.212572 0.019626 0.023916 0.324958 0.020038
0.000010 0.423201 0.000010 0.133895 0.021743 0.041053 0.366889 0.013200
0.007231 0.372829 0.010447 0.167575 0.026328 0.030696 0.337968 0.046925
0.010944 0.389495 0.000017 0.180757 0.000010 0.039250 0.323568 0.055959
0.000010 0.000010 0.000010 0.000010 0.999930 0.000010 0.000010 0.000010
0.000010 0.000010 0.000010 0.000010 0.999930 0.000010 0.000010 0.000010
0.000010 0.000010 0.000010 0.000010 0.450256 0.000010 0.549684 0.000010
0.004486 0.274429 0.008974 0.186775 0.020784 0.000010 0.497863 0.006679
0.000010 0.000010 0.000010 0.000010 0.999930 0.000010 0.000010 0.000010
0.000010 0.000010 0.000010 0.000010 0.999930 0.000010 0.000010 0.000010
0.000010 0.000010 0.000010 0.000010 0.498526 0.000010 0.501414 0.000010
0.007520 0.149815 0.007063 0.334228 0.027105 0.000832 0.473427 0.000010
0.000010 0.000010 0.000010 0.000010 0.999930 0.000010 0.000010 0.000010
0.000010 0.000010 0.000011 0.000010 0.478845 0.000010 0.521094 0.000010
0.000010 0.000010 0.000010 0.000010 0.471543 0.000010 0.528397 0.000010
0.007062 0.156866 0.017546 0.323505 0.025802 0.000010 0.459988 0.009219
0.000010 0.000010 0.000010 0.000010 0.453091 0.000010 0.546849 0.000010
0.000010 0.000010 0.000010 0.000010 0.490451 0.000010 0.509489 0.000010
0.000010 0.000010 0.000010 0.000010 0.999930 0.000010 0.000010 0.000010
0.000010 0.000010 0.000010 0.000010 0.437204 0.000010 0.562736 0.000010
0.000010 0.000010 0.000010 0.000010 0.999930 0.000010 0.000010 0.000010
0.000010 0.000010 0.000010 0.000010 0.482265 0.000010 0.517675 0.000010
0.000646 0.248120 0.000010 0.304633 0.032140 0.000010 0.414431 0.000010
0.000010 0.000010 0.000010 0.000010 0.999930 0.000010 0.000010 0.000010
0.000010 0.000010 0.000010 0.000010 0.444140 0.000010 0.555800 0.000010
0.007776 0.194841 0.000010 0.315633 0.056771 0.000010 0.407113 0.017846
0.000010 0.000010 0.000010 0.000010 0.999930 0.000010 0.000010 0.000010
0.000010 0.000010 0.000010 0.000010 0.466654 0.000010 0.533286 0.000010
0.003284 0.177960 0.000010 0.346495 0.034439 0.000010 0.437791 0.000010
0.010046 0.040805 0.006094 0.017975 0.117197 0.019175 0.784146 0.004562
0.000186 0.051816 0.012125 0.025702 0.090619 0.019295 0.793419 0.006837
0.000010 0.023211 0.011469 0.030729 0.092325 0.028469 0.813777 0.000010
0.005543 0.014711 0.000010 0.039947 0.116708 0.019507 0.770594 0.032980
0.002595 0.018537 0.006631 0.043086 0.121211 0.021838 0.768558 0.017544
0.008671 0.011429 0.001005 0.049400 0.116794 0.030818 0.765824 0.016060
0.004833 0.031067 0.000010 0.036301 0.091368 0.016009 0.820402 0.000010
0.000896 0.007481 0.007697 0.024805 0.125811 0.000010 0.792752 0.040548
0.007475 0.066011 0.018453 0.044959 0.085524 0.061217 0.688891 0.027470
0.010172 0.031964 0.010342 0.023167 0.119641 0.013349 0.778852 0.012512
0.000010 0.000010 0.000010 0.000010 0.000010 0.103114 0.892125 0.004711
0.008793 0.058487 0.002523 0.036976 0.101616 0.085848 0.669279 0.036477
0.009213 0.125344 0.003773 0.068561 0.100071 0.023055 0.658449 0.011535
0.000440 0.091678 0.000010 0.043976 0.088674 0.077649 0.663417 0.034156
0.011172 0.064030 0.003652 0.069706 0.081834 0.049356 0.704015 0.016234
0.000010 0.000010 0.000010 0.000010 0.000010 0.107282 0.884601 0.008067
0.000010 0.000010 0.000010 0.000010 0.000010 0.105241 0.880461 0.014248
0.008548 0.078734 0.011391 0.052830 0.101311 0.055392 0.667185 0.024609
0.000010 0.046474 0.002281 0.813470 0.000010 0.000010 0.137735 0.000010
0.000010 0.015864 0.001574 0.948407 0.005720 0.005092 0.023323 0.000010
0.000010 0.000010 0.000010 0.999930 0.000010 0.000010 0.000010 0.000010
0.000010 0.002132 0.000010 0.986839 0.008696 0.000010 0.000010 0.002294
0.000010 0.000010 0.000010 0.992575 0.007365 0.000010 0.000010 0.000010
0.000010 0.016101 0.000010 0.961370 0.000010 0.022479 0.000010 0.000010
0.000010 0.000010 0.000010 0.989450 0.000010 0.000010 0.000010 0.010490
0.006291 0.000010 0.000770 0.959826 0.000010 0.000010 0.033073 0.000010
0.000010 0.000010 0.000010 0.999930 0.000010 0.000010 0.000010 0.000010
0.000010 0.000010 0.000010 0.999930 0.000010 0.000010 0.000010 0.000010
0.000010 0.000010 0.000010 0.999930 0.000010 0.000010 0.000010 0.000010
0.008357 0.381109 0.000010 0.193210 0.026635 0.019462 0.354296 0.016921
0.011191 0.329936 0.013895 0.197130 0.035780 0.015525 0.371491 0.025052
0.003123 0.452783 0.000010 0.124795 0.028521 0.029202 0.356173 0.005392
0.000010 0.382086 0.000016 0.162779 0.032283 0.025840 0.396975 0.000010
0.009137 0.500666 0.005865 0.133666 0.001815 0.037015 0.285734 0.026103
0.017153 0.496410 0.013092 0.018006 0.013269 0.062277 0.024142 0.355651
0.016001 0.644804 0.033640 0.072653 0.000010 0.073739 0.077409 0.081744
0.007396 0.355609 0.023760 0.000010 0.021252 0.050333 0.016975 0.524664
0.020329 0.535422 0.024456 0.042677 0.000010 0.064363 0.038617 0.274126
0.009282 0.760527 0.016970 0.058048 0.013015 0.037505 0.056803 0.047850
0.000927 0.823484 0.003739 0.046764 0.000617 0.019534 0.068134 0.036801
0.013971 0.772413 0.009313 0.069787 0.000010 0.025388 0.071903 0.037215
0.017952 0.767177 0.006595 0.066755 0.018971 0.021928 0.054718 0.045904
0.015294 0.772163 0.017579 0.044216 0.000010 0.027009 0.079077 0.044651
0.005840 0.777134 0.017250 0.040641 0.006819 0.042908 0.049996 0.059412
0.008422 0.734277 0.011745 0.069505 0.000010 0.036158 0.064953 0.074930
0.000018 0.823163 0.016607 0.046942 0.000010 0.002720 0.072708 0.037831
0.000010 0.788279 0.001396 0.056671 0.021404 0.039256 0.064325 0.028658
0.011174 0.730130 0.021077 0.030240 0.000010 0.048522 0.069740 0.089107
0.004838 0.720059 0.006682 0.080009 0.000817 0.024726 0.133234 0.029636
0.002051 0.563321 0.020958 0.134730 0.015917 0.033822 0.201078 0.028122
0.008211 0.765785 0.000010 0.064921 0.000010 0.035273 0.073526 0.052264
0.014168 0.641822 0.021573 0.090069 0.000010 0.040411 0.134643 0.057305
0.015675 0.354435 0.013449 0.187581 0.000010 0.000010 0.421427 0.007414
0.007303 0.733891 0.008299 0.075918 0.000010 0.031677 0.096555 0.046347
0.000010 0.666037 0.016397 0.114421 0.003505 0.053048 0.107868 0.038715
0.007341 0.559876 0.017217 0.094997 0.015519 0.071262 0.197765 0.036021
0.010887 0.709879 0.033777 0.016216 0.002455 0.126625 0.022973 0.077188
0.014225 0.627988 0.023960 0.159919 0.000010 0.051958 0.089474 0.032465
0.021260 0.680275 0.035492 0.036183 0.018023 0.082535 0.041395 0.084837
0.006477 0.587145 0.015190 0.169206 0.000010 0.034183 0.140446 0.047343
0.003026 0.654338 0.015473 0.043655 0.006974 0.108868 0.053146 0.114521
0.000010 0.622336 0.026123 0.168277 0.014841 0.030057 0.096553 0.041803
0.026961 0.655005 0.024002 0.055690 0.022813 0.118407 0.026163 0.070959
0.000010 0.768914 0.003870 0.013810 0.001962 0.000010 0.181654 0.029769
0.017577 0.663182 0.015024 0.050063 0.002772 0.120698 0.054943 0.075741
0.000010 0.758293 0.000010 0.041902 0.000010 0.004594 0.195170 0.000010
0.014843 0.728776 0.024033 0.048809 0.007174 0.060103 0.053412 0.062850
0.000014 0.770930 0.006774 0.000010 0.007221 0.000010 0.215032 0.000010
0.003999 0.538839 0.023145 0.189774 0.024270 0.014434 0.151925 0.053615
0.007805 0.686304 0.041178 0.016467 0.002607 0.138608 0.025536 0.081495
0.021212 0.562065 0.000010 0.052380 0.014840 0.041383 0.278859 0.029251
0.009213 0.630026 0.012264 0.149181 0.008514 0.047991 0.122749 0.020061
0.022432 0.685109 0.040178 0.012610 0.008835 0.105697 0.035510 0.089629
0.011427 0.630657 0.013294 0.144365 0.007450 0.053433 0.110593 0.028782
0.003266 0.791679 0.011440 0.050670 0.007344 0.044092 0.043427 0.048082
0.006777 0.352557 0.002639 0.169986 0.001172 0.030887 0.393110 0.042872
0.008294 0.742816 0.011371 0.087811 0.005359 0.034706 0.077801 0.031842
0.000010 0.597684 0.017490 0.065530 0.033380 0.010393 0.260220 0.015293
0.007639 0.762559 0.004028 0.071096 0.017802 0.024514 0.065426 0.046937
0.000010 0.635252 0.003919 0.050598 0.046223 0.000010 0.263978 0.000010
0.029102 0.687423 0.041397 0.021328 0.000010 0.085172 0.026251 0.109317
0.001690 0.822709 0.005988 0.039479 0.006390 0.000010 0.103884 0.019850
0.005563 0.697424 0.013842 0.068714 0.000010 0.042773 0.117526 0.054148
0.004012 0.831128 0.000010 0.019733 0.000010 0.012171 0.108173 0.024764
0.019499 0.662104 0.029053 0.037517 0.023505 0.123497 0.022751 0.082073
0.000475 0.830954 0.000010 0.031103 0.000010 0.000010 0.124365 0.013074
0.004467 0.843648 0.000010 0.041198 0.003185 0.000010 0.103611 0.003871
0.014174 0.755312 0.031669 0.047021 0.003588 0.067436 0.032097 0.048703
0.006204 0.373490 0.001187 0.151652 0.058881 0.009050 0.399525 0.000010
0.002474 0.685757 0.001916 0.074406 0.006689 0.014831 0.189182 0.024745
0.010042 0.750378 0.009276 0.050911 0.000010 0.037178 0.070244 0.071962
0.012838 0.205351 0.000010 0.111430 0.055378 0.000010 0.614973 0.000010
0.008158 0.763384 0.023982 0.039600 0.021971 0.008468 0.104118 0.030318
0.017493 0.711734 0.036777 0.006173 0.010631 0.098602 0.046234 0.072356
0.010579 0.836318 0.001293 0.022072 0.000010 0.000010 0.124973 0.004745
0.007815 0.826643 0.003300 0.076123 0.000010 0.012838 0.065888 0.007384
0.032024 0.605215 0.056081 0.040247 0.011418 0.127520 0.033760 0.093735
0.011290 0.712290 0.000010 0.085594 0.000010 0.000010 0.176175 0.014621
0.000014 0.807462 0.010813 0.057824 0.000010 0.002263 0.087677 0.033936
0.020589 0.691728 0.023694 0.000010 0.015386 0.100099 0.024020 0.124474
0.007704 0.763571 0.003624 0.058223 0.023345 0.016824 0.126700 0.000010
0.000010 0.848580 0.021786 0.047605 0.000010 0.026712 0.025246 0.030052
0.008177 0.623651 0.027605 0.065897 0.009546 0.104844 0.068170 0.092110
0.000010 0.269824 0.004772 0.143915 0.051115 0.000010 0.530344 0.000010
0.000010 0.646428 0.009867 0.060363 0.007214 0.000010 0.246083 0.030025
0.009856 0.679678 0.031177 0.018942 0.020977 0.114447 0.022768 0.102156
0.012917 0.765606 0.014659 0.087219 0.000010 0.019315 0.081203 0.019071
0.001787 0.230684 0.008594 0.081261 0.080880 0.000010 0.596774 0.000010
0.016607 0.717790 0.050550 0.000010 0.022963 0.106340 0.000010 0.085729
0.004818 0.815480 0.002137 0.061200 0.000010 0.022897 0.081423 0.012035
0.001032 0.334094 0.000010 0.119527 0.069711 0.000010 0.457912 0.017703
0.006620 0.639997 0.012338 0.090903 0.011846 0.086174 0.080036 0.072085
0.001659 0.422297 0.000010 0.087386 0.045068 0.004117 0.414563 0.024900
0.000010 0.814511 0.009401 0.039222 0.000010 0.015479 0.089752 0.031614
0.018170 0.652679 0.020424 0.037116 0.001347 0.121371 0.070904 0.077989
0.000010 0.561466 0.017196 0.182051 0.019166 0.043807 0.143221 0.033085
0.000010 0.499876 0.011135 0.085751 0.041784 0.008544 0.333745 0.019155
0.024469 0.693322 0.031376 0.004017 0.028403 0.118402 0.000010 0.100000
0.000014 0.632497 0.004412 0.152492 0.000010 0.043447 0.135277 0.031851
0.002086 0.356035 0.006041 0.084472 0.045242 0.000010 0.492134 0.013980
0.016631 0.699558 0.028840 0.013774 0.007761 0.127829 0.019003 0.086604
0.004437 0.668532 0.018681 0.119870 0.022014 0.031028 0.102059 0.033380
0.012651 0.741316 0.005227 0.089370 0.012876 0.024633 0.065543 0.048384
0.011529 0.637159 0.031541 0.044221 0.000010 0.127304 0.029593 0.118644
0.004625 0.623434 0.009386 0.095296 0.013746 0.067735 0.147116 0.038661
0.000010 0.776505 0.004570 0.052768 0.000010 0.000380 0.165747 0.000010
0.014839 0.677285 0.040986 0.015242 0.000010 0.135000 0.000010 0.116628
0.002893 0.593312 0.000010 0.133927 0.001789 0.042444 0.206301 0.019325
0.014074 0.339454 0.015627 0.105496 0.057689 0.000010 0.467640 0.000010
0.016560 0.673810 0.044829 0.047903 0.020473 0.096060 0.020532 0.079834
0.004697 0.462624 0.000750 0.162180 0.013072 0.017079 0.325276 0.014321
0.002247 0.792339 0.016039 0.097677 0.006639 0.018501 0.054990 0.011568
0.017033 0.645323 0.031015 0.041376 0.017126 0.112345 0.045280 0.090501
0.001840 0.631626 0.023238 0.123620 0.016617 0.030904 0.132052 0.040103
0.001088 0.840556 0.001459 0.050012 0.000010 0.000010 0.096902 0.009963
0.014211 0.674688 0.046984 0.021740 0.007606 0.120652 0.038939 0.075180
0.000010 0.660326 0.019985 0.114172 0.006163 0.054460 0.129190 0.015694
0.005241 0.537000 0.000010 0.082189 0.009806 0.000010 0.343195 0.022549
0.026502 0.651803 0.024767 0.000010 0.019076 0.137779 0.036386 0.103677
0.008382 0.673807 0.000010 0.093911 0.000010 0.054457 0.137168 0.032256
0.005939 0.550848 0.000010 0.085887 0.032113 0.000010 0.306267 0.018925
0.027547 0.653076 0.058882 0.025615 0.001606 0.113172 0.025799 0.094304
0.003210 0.721405 0.008878 0.110973 0.003848 0.034892 0.098003 0.018791
0.001017 0.820382 0.009613 0.039128 0.000010 0.000010 0.096750 0.033090
0.011113 0.695185 0.021862 0.040645 0.022904 0.099536 0.040940 0.067815
0.007792 0.666494 0.031247 0.024427 0.000010 0.098727 0.064577 0.106725
0.007908 0.709416 0.000010 0.063892 0.011268 0.000010 0.192417 0.015079
0.012299 0.721606 0.037130 0.000010 0.012360 0.139893 0.004774 0.071929
0.001925 0.239492 0.000165 0.128505 0.071321 0.000010 0.550694 0.007888
0.000010 0.281726 0.020244 0.103537 0.032907 0.000010 0.561556 0.000010
0.009316 0.687099 0.009605 0.123559 0.001301 0.041310 0.097570 0.030240
0.002071 0.818538 0.014504 0.063841 0.000010 0.015230 0.058049 0.027757
0.011281 0.619137 0.000010 0.165193 0.015465 0.052650 0.129151 0.007113
0.000099 0.626901 0.004669 0.113065 0.012602 0.034885 0.171448 0.036331
0.022302 0.681555 0.048613 0.000010 0.000010 0.209797 0.000010 0.037703
0.014132 0.639611 0.035912 0.016790 0.000010 0.197589 0.036551 0.059405
0.031965 0.666875 0.034150 0.013093 0.010056 0.192078 0.000010 0.051772
0.024729 0.626736 0.036003 0.032205 0.003608 0.232205 0.000010 0.044505
0.018599 0.667390 0.072490 0.024160 0.021554 0.120164 0.000010 0.075632
0.014811 0.673152 0.037647 0.034036 0.013682 0.123914 0.030419 0.072339
0.015845 0.697160 0.048186 0.018708 0.006889 0.138747 0.000010 0.074456
0.007678 0.678401 0.061301 0.000010 0.008873 0.152725 0.000010 0.091001
0.021899 0.663457 0.051531 0.020121 0.013178 0.132815 0.000010 0.096988
0.012028 0.679485 0.032363 0.000010 0.023337 0.191858 0.000010 0.060910
0.019416 0.670858 0.032446 0.000010 0.013726 0.171585 0.000010 0.091949
0.009808 0.698765 0.026675 0.000010 0.010713 0.208205 0.000010 0.045813
0.020261 0.680853 0.048377 0.000010 0.036985 0.151522 0.000010 0.061982
0.014110 0.705010 0.032270 0.022082 0.012321 0.105999 0.026478 0.081731
0.018245 0.647367 0.021972 0.000010 0.007493 0.210234 0.000010 0.094669
0.009422 0.694180 0.030486 0.000010 0.013780 0.193553 0.000010 0.058559
0.018923 0.642526 0.024929 0.000010 0.025148 0.196080 0.008310 0.084075
0.015659 0.667615 0.037871 0.000010 0.011073 0.173983 0.000010 0.093778
0.015906 0.707086 0.020984 0.000010 0.008150 0.198495 0.000010 0.049360
0.019573 0.711283 0.029524 0.000010 0.022261 0.175718 0.000010 0.041620
0.011067 0.673817 0.045238 0.000010 0.014096 0.183312 0.000010 0.072450
0.011755 0.673199 0.030938 0.042657 0.017218 0.138145 0.015003 0.071086
0.013720 0.736927 0.041411 0.000010 0.023260 0.130312 0.000010 0.054350
0.007152 0.772538 0.023100 0.000010 0.004162 0.159305 0.000010 0.033722
0.005681 0.738165 0.038250 0.000010 0.019614 0.132139 0.000010 0.066131
0.003623 0.792755 0.025742 0.000010 0.000010 0.150329 0.000010 0.027521
0.018172 0.726027 0.038964 0.000010 0.016397 0.134633 0.000010 0.065787
0.011942 0.742014 0.026748 0.002315 0.024323 0.148946 0.000010 0.043703
0.019288 0.794564 0.024426 0.004833 0.009398 0.114421 0.000010 0.033061
0.021740 0.623831 0.040679 0.000447 0.031291 0.150568 0.000010 0.131433
0.017252 0.644348 0.044198 0.017447 0.022074 0.161559 0.011325 0.081797
0.007759 0.794569 0.026150 0.000010 0.004751 0.156571 0.000010 0.010181
0.007317 0.807554 0.040021 0.000010 0.003512 0.141566 0.000010 0.000010
0.009074 0.707372 0.034985 0.006135 0.023562 0.126543 0.006026 0.086302
0.009757 0.626121 0.038055 0.036860 0.019832 0.126355 0.062630 0.080390
0.029502 0.686757 0.050058 0.006957 0.011725 0.092138 0.043298 0.079565
0.014126 0.697230 0.023262 0.051398 0.000010 0.098930 0.034249 0.080794
0.000010 0.000010 0.000010 0.000010 0.000010 0.000010 0.000010 0.999930
0.000010 0.000010 0.000010 0.000010 0.000010 0.000010 0.000010 0.999930
0.007266 0.212742 0.009481 0.000010 0.000010 0.016033 0.000010 0.754449
0.000010 0.206741 0.000014 0.000010 0.000010 0.023057 0.000010 0.770148
0.000010 0.000010 0.000010 0.000010 0.000010 0.000010 0.000010 0.999930
0.000010 0.147503 0.000010 0.000010 0.007548 0.013471 0.000010 0.831438
0.000010 0.000010 0.000010 0.000010 0.000010 0.000010 0.000010 0.999930
0.000010 0.242613 0.012523 0.000010 0.000010 0.046204 0.000010 0.698620
0.001361 0.180093 0.000015 0.000010 0.000010 0.024346 0.000010 0.794155
0.017207 0.199813 0.001060 0.000010 0.006690 0.047079 0.000010 0.728132
0.004164 0.196864 0.005928 0.000010 0.002759 0.015115 0.000010 0.775150
0.017377 0.073713 0.000010 0.000010 0.000010 0.000010 0.000010 0.908859
0.000011 0.000010 0.000010 0.000010 0.000010 0.000010 0.000010 0.999929
0.000010 0.151441 0.000010 0.000010 0.000010 0.013307 0.000010 0.835202
0.000010 0.000010 0.000010 0.000010 0.000010 0.000010 0.000010 0.999930
0.000010 0.000010 0.000010 0.000010 0.000010 0.000010 0.000010 0.999930
0.000010 0.073181 0.004156 0.000010 0.000010 0.000031 0.000010 0.922591
0.000010 0.000010 0.000010 0.000010 0.000010 0.000010 0.000010 0.999930
0.006028 0.188274 0.008052 0.000010 0.000016 0.028588 0.000010 0.769022
0.004880 0.249375 0.013621 0.000010 0.000010 0.031090 0.000010 0.701003
0.013908 0.128998 0.011771 0.000012 0.000010 0.008669 0.015368 0.821265
0.013189 0.177992 0.025934 0.000010 0.000010 0.031422 0.000010 0.751433
