0.380281 0.526623 0.031470 0.039462 0.004482 0.000010 0.017671
0.365007 0.520378 0.050223 0.064362 0.000010 0.000010 0.000010
0.999940 0.000010 0.000010 0.000010 0.000010 0.000010 0.000010
0.999940 0.000010 0.000010 0.000010 0.000010 0.000010 0.000010
0.561989 0.307751 0.000010 0.078802 0.051429 0.000010 0.000010
0.567094 0.355286 0.000010 0.046882 0.030709 0.000010 0.000010
0.301639 0.655551 0.000010 0.042770 0.000010 0.000010 0.000010
0.999940 0.000010 0.000010 0.000010 0.000010 0.000010 0.000010
0.563269 0.331382 0.000010 0.057446 0.047872 0.000010 0.000010
0.543734 0.368017 0.000010 0.088209 0.000010 0.000010 0.000010
0.573457 0.324668 0.000010 0.101835 0.000010 0.000010 0.000010
0.000010 0.000010 0.000010 0.999940 0.000010 0.000010 0.000010
0.000010 0.000010 0.000010 0.999940 0.000010 0.000010 0.000010
0.555012 0.308697 0.000010 0.136251 0.000010 0.000010 0.000010
0.000010 0.000010 0.000010 0.999940 0.000010 0.000010 0.000010
0.540516 0.332052 0.000010 0.116049 0.011353 0.000010 0.000010
0.430719 0.325409 0.000010 0.216915 0.026927 0.000010 0.000010
0.000010 0.000010 0.000010 0.999940 0.000010 0.000010 0.000010
0.000010 0.000012 0.000010 0.999932 0.000015 0.000011 0.000010
0.435859 0.458615 0.000010 0.048547 0.000010 0.000010 0.056949
0.999933 0.000010 0.000017 0.000010 0.000010 0.000010 0.000010
0.999940 0.000010 0.000010 0.000010 0.000010 0.000010 0.000010
0.999940 0.000010 0.000010 0.000010 0.000010 0.000010 0.000010
0.999940 0.000010 0.000010 0.000010 0.000010 0.000010 0.000010
0.574407 0.344494 0.000010 0.081059 0.000010 0.000010 0.000010
0.999940 0.000010 0.000010 0.000010 0.000010 0.000010 0.000010
0.999938 0.000010 0.000010 0.000012 0.000010 0.000010 0.000010
0.999940 0.000010 0.000010 0.000010 0.000010 0.000010 0.000010
0.999940 0.000010 0.000010 0.000010 0.000010 0.000010 0.000010
0.234999 0.239837 0.000010 0.092593 0.169768 0.123265 0.139527
0.259854 0.648171 0.022033 0.039515 0.030408 0.000010 0.000010
0.392147 0.464323 0.024639 0.034571 0.000010 0.062923 0.021386
0.053515 0.563664 0.041505 0.000010 0.000010 0.206523 0.134774
0.021423 0.602189 0.000010 0.025109 0.000010 0.022408 0.328851
0.056197 0.412643 0.000010 0.016642 0.000010 0.200390 0.314108
0.000010 0.312112 0.103321 0.027325 0.000010 0.216861 0.340361
0.000010 0.637386 0.000010 0.000010 0.000010 0.344849 0.017726
0.000010 0.214602 0.000010 0.000010 0.000010 0.000010 0.785348
0.000010 0.000010 0.201857 0.035276 0.113942 0.456029 0.192877
0.000010 0.365239 0.000010 0.050068 0.051672 0.029720 0.503281
0.000010 0.630199 0.001486 0.000010 0.000010 0.368275 0.000010
0.000010 0.639195 0.046030 0.000010 0.000010 0.296779 0.017966
0.016951 0.435350 0.000010 0.032969 0.000010 0.209255 0.305456
0.000010 0.486168 0.000010 0.037901 0.000010 0.475890 0.000010
0.000010 0.700138 0.099515 0.000017 0.000010 0.200300 0.000010
0.000010 0.554634 0.000010 0.005904 0.000010 0.067022 0.372410
0.000010 0.303097 0.000010 0.055108 0.000010 0.246561 0.395204
0.000010 0.695787 0.016031 0.000010 0.000010 0.221683 0.066469
0.033409 0.239991 0.000010 0.000010 0.080603 0.340106 0.305870
0.000010 0.343186 0.000010 0.064362 0.000010 0.188460 0.403962
0.079416 0.282940 0.000010 0.000010 0.000010 0.550867 0.086747
0.000010 0.474629 0.000010 0.000010 0.036294 0.193873 0.295175
0.000010 0.426808 0.000010 0.000010 0.000010 0.173595 0.399556
0.000010 0.378402 0.000010 0.046808 0.000010 0.136464 0.438297
0.000010 0.515249 0.000010 0.001490 0.000010 0.104512 0.378720
0.006756 0.319698 0.000010 0.000010 0.000010 0.202730 0.470787
0.017280 0.446243 0.000010 0.006155 0.000010 0.150060 0.380242
0.000010 0.421761 0.000010 0.000010 0.000010 0.198043 0.380156
0.000010 0.400323 0.000010 0.000010 0.000010 0.207240 0.392397
0.000010 0.384709 0.000010 0.001281 0.000010 0.136249 0.477731
0.047979 0.582449 0.002593 0.008528 0.027258 0.067381 0.263812
0.046922 0.576003 0.003337 0.016074 0.016132 0.086790 0.254742
0.037789 0.560602 0.000010 0.006477 0.031580 0.070993 0.292549
0.056776 0.597229 0.000010 0.002291 0.025667 0.065073 0.252954
0.025819 0.590810 0.000010 0.007803 0.012245 0.070752 0.292561
0.026323 0.584918 0.000010 0.008430 0.021992 0.078405 0.279923
0.016396 0.620597 0.000010 0.009422 0.027428 0.064088 0.262060
0.037546 0.562732 0.000010 0.015778 0.017559 0.081961 0.284415
0.025774 0.651772 0.003937 0.011753 0.000010 0.024876 0.281878
0.124603 0.466351 0.041392 0.025351 0.060649 0.074135 0.207518
0.088300 0.516366 0.000010 0.013468 0.044686 0.113381 0.223787
0.019234 0.631687 0.000010 0.014861 0.000010 0.050376 0.283822
0.046811 0.375997 0.000010 0.011546 0.565616 0.000010 0.000010
0.019558 0.604049 0.000010 0.011690 0.005328 0.087245 0.272119
0.015269 0.560749 0.006559 0.020754 0.018010 0.069074 0.309584
0.000010 0.000010 0.000010 0.000010 0.000010 0.999940 0.000010
0.000010 0.000010 0.000010 0.000010 0.000010 0.999940 0.000010
0.000010 0.000010 0.000010 0.000010 0.000010 0.999940 0.000010
0.000010 0.000010 0.000010 0.000010 0.000010 0.999940 0.000010
0.000010 0.035262 0.000452 0.005682 0.007416 0.892710 0.058469
0.000010 0.000010 0.000010 0.000010 0.000010 0.999940 0.000010
0.000010 0.000010 0.001591 0.000010 0.000010 0.998359 0.000010
0.000010 0.000010 0.000010 0.000010 0.000010 0.999940 0.000010
0.000010 0.000010 0.000010 0.000010 0.000010 0.999940 0.000010
0.000010 0.006343 0.013227 0.000010 0.000010 0.946432 0.033969
0.000010 0.000010 0.000010 0.000010 0.000010 0.999940 0.000010
0.000010 0.000010 0.012938 0.004745 0.011203 0.898140 0.072954
0.006603 0.106642 0.000010 0.000010 0.000010 0.809963 0.076762
0.000010 0.000010 0.000010 0.000010 0.000010 0.999940 0.000010
0.036321 0.073563 0.111090 0.000010 0.023225 0.014216 0.741575
0.041207 0.059787 0.126605 0.000539 0.012866 0.032616 0.726380
0.058321 0.070609 0.109755 0.001010 0.018720 0.005253 0.736332
0.033392 0.066299 0.097276 0.008617 0.016361 0.065535 0.712520
0.053260 0.030217 0.087756 0.013758 0.021217 0.000010 0.793781
0.039661 0.091523 0.107029 0.000010 0.027093 0.045139 0.689544
0.054745 0.022464 0.108996 0.003481 0.038163 0.025516 0.746636
0.058227 0.028686 0.113952 0.016863 0.032761 0.000010 0.749500
0.000010 0.096385 0.028285 0.008971 0.000010 0.391462 0.474877
0.000010 0.141662 0.018880 0.003050 0.000010 0.367077 0.469311
0.000010 0.093414 0.025752 0.014299 0.008860 0.405965 0.451699
0.000903 0.117341 0.030178 0.000010 0.000010 0.388671 0.462887
0.000010 0.083541 0.027747 0.000010 0.014011 0.372778 0.501903
0.000010 0.138327 0.034766 0.005123 0.000010 0.355343 0.466421
0.002410 0.097685 0.013967 0.006069 0.019352 0.400308 0.460209
0.019626 0.092079 0.029998 0.000329 0.000010 0.399030 0.458928
0.000010 0.107119 0.002549 0.000010 0.012227 0.380788 0.497296
0.000010 0.108907 0.031174 0.002561 0.000010 0.413813 0.443525
0.010921 0.081243 0.043004 0.003455 0.003832 0.404288 0.453256
0.000010 0.129368 0.046792 0.000010 0.008302 0.367702 0.447816
0.000010 0.137356 0.008636 0.000010 0.000010 0.366952 0.487026
0.007311 0.124715 0.012469 0.000010 0.000010 0.403413 0.452072
0.000010 0.128603 0.022727 0.002945 0.006818 0.363231 0.475666
0.013499 0.093582 0.037863 0.006373 0.007447 0.401107 0.440129
0.000010 0.096466 0.030512 0.000010 0.025050 0.373262 0.474689
0.000010 0.110596 0.020918 0.005967 0.000735 0.376534 0.485240
0.002273 0.136150 0.031213 0.001578 0.000010 0.378201 0.450576
0.000010 0.086257 0.041263 0.000010 0.000497 0.402928 0.469035
0.000010 0.096904 0.002242 0.004865 0.000010 0.405486 0.490482
0.000010 0.114625 0.000010 0.000527 0.000010 0.400960 0.483858
0.000010 0.123099 0.026896 0.000010 0.000010 0.363808 0.486167
0.000010 0.100944 0.021898 0.001990 0.000010 0.406903 0.468245
0.003501 0.108337 0.022754 0.017316 0.009015 0.364288 0.474787
0.000010 0.123752 0.051737 0.004939 0.000010 0.331836 0.487716
0.013621 0.077173 0.124103 0.000010 0.000010 0.096702 0.688381
0.000010 0.215763 0.072039 0.003850 0.000010 0.150762 0.557566
0.004145 0.088617 0.125546 0.000010 0.000010 0.061106 0.720567
0.000010 0.305081 0.040801 0.009587 0.002653 0.164642 0.477227
0.000010 0.206027 0.043081 0.003320 0.013869 0.160799 0.572894
0.007151 0.141341 0.097622 0.000752 0.007497 0.081685 0.663952
0.000010 0.044183 0.130945 0.000010 0.018424 0.056342 0.750086
0.000010 0.225296 0.041748 0.008832 0.006729 0.122484 0.594900
0.000262 0.235070 0.044952 0.008543 0.001096 0.171682 0.538395
0.000010 0.156020 0.082130 0.009857 0.017444 0.085716 0.648823
0.000010 0.069463 0.121229 0.000328 0.004974 0.077111 0.726885
0.000010 0.112313 0.100904 0.011586 0.000010 0.132598 0.642579
0.009238 0.113463 0.018587 0.002756 0.001756 0.395826 0.458375
0.000010 0.107007 0.010099 0.000010 0.015573 0.384777 0.482524
0.000010 0.125788 0.097051 0.001974 0.000010 0.118568 0.656599
0.031214 0.003761 0.123839 0.003818 0.015547 0.085231 0.736589
0.000010 0.119158 0.095865 0.002872 0.029265 0.072411 0.680418
0.000010 0.243848 0.068392 0.000010 0.000010 0.185942 0.501789
0.000010 0.211480 0.040452 0.005193 0.000010 0.157309 0.585546
0.000010 0.089429 0.111992 0.000010 0.011845 0.062609 0.724105
0.000010 0.127147 0.074587 0.009337 0.018418 0.128298 0.642203
0.000010 0.068215 0.116069 0.000339 0.000010 0.067040 0.748317
0.000010 0.078029 0.119954 0.000010 0.025822 0.085855 0.690320
0.009752 0.059237 0.115230 0.005450 0.016323 0.067729 0.726279
0.000010 0.151366 0.065520 0.000010 0.000010 0.126018 0.657066
0.000010 0.113451 0.040741 0.008749 0.008851 0.371892 0.456307
0.003368 0.285237 0.042761 0.000010 0.000010 0.140387 0.528227
0.004748 0.136452 0.116485 0.000010 0.000010 0.114938 0.627357
0.002151 0.192742 0.095873 0.008972 0.008994 0.104022 0.587246
0.000010 0.083512 0.119801 0.002698 0.015132 0.085528 0.693318
0.000010 0.052960 0.127501 0.004684 0.002854 0.069304 0.742687
0.000010 0.213332 0.062429 0.004976 0.000010 0.161985 0.557258
0.000010 0.153216 0.088876 0.004221 0.000238 0.095512 0.657928
0.000010 0.150054 0.094965 0.008596 0.000010 0.089335 0.657030
0.000010 0.281482 0.041571 0.006785 0.000010 0.168687 0.501455
0.000010 0.235893 0.069206 0.008212 0.000010 0.153832 0.532837
0.000706 0.172275 0.090085 0.005888 0.003866 0.089677 0.637504
0.000010 0.253382 0.079223 0.012199 0.002409 0.091084 0.561692
0.000010 0.190314 0.078634 0.011040 0.000010 0.080419 0.639572
0.021735 0.184722 0.074605 0.004362 0.000010 0.110729 0.603837
0.000010 0.245126 0.056940 0.002199 0.004798 0.119236 0.571691
0.008910 0.199483 0.094269 0.000010 0.000010 0.137634 0.559683
0.000010 0.176754 0.087049 0.003988 0.000010 0.113903 0.618286
0.000010 0.249868 0.059044 0.000010 0.001448 0.081740 0.607880
0.002365 0.172678 0.066797 0.002019 0.015120 0.084622 0.656398
0.000010 0.267995 0.061331 0.003050 0.000010 0.116561 0.551043
0.007353 0.449668 0.022317 0.005521 0.000010 0.091332 0.423799
0.020654 0.509185 0.035042 0.006792 0.000010 0.036650 0.391667
0.024995 0.515208 0.031127 0.000010 0.000010 0.048435 0.380215
0.005271 0.782911 0.000010 0.014366 0.000010 0.039021 0.158411
0.000010 0.514861 0.030751 0.011941 0.035754 0.071834 0.334849
0.002058 0.512694 0.024821 0.004632 0.025645 0.037706 0.392445
0.000010 0.501412 0.031013 0.000010 0.013680 0.048625 0.405250
0.016126 0.531196 0.011331 0.000010 0.034281 0.022059 0.384997
0.000010 0.272379 0.071039 0.005730 0.000589 0.096147 0.554106
0.010256 0.511486 0.023343 0.012451 0.006809 0.061976 0.373679
0.002360 0.187128 0.075752 0.013325 0.000759 0.044626 0.676052
0.007340 0.210143 0.060430 0.000010 0.005526 0.072885 0.643665
0.001631 0.171738 0.064285 0.006365 0.020031 0.054712 0.681237
0.010773 0.196808 0.064969 0.009769 0.004463 0.051619 0.661599
0.012242 0.184640 0.093579 0.003719 0.007948 0.062242 0.635631
0.006076 0.200044 0.074906 0.009254 0.000010 0.055845 0.653866
0.000010 0.209752 0.063514 0.000010 0.001154 0.073172 0.652388
0.000010 0.191783 0.081587 0.000010 0.004954 0.077111 0.644546
0.000010 0.203857 0.069057 0.000010 0.016411 0.047332 0.663323
0.018694 0.156474 0.072310 0.005060 0.014157 0.070956 0.662347
0.000010 0.142226 0.000010 0.003924 0.000010 0.790053 0.063766
0.001753 0.222897 0.000010 0.004241 0.004428 0.490040 0.276631
0.004161 0.125661 0.010510 0.009677 0.012392 0.610175 0.227424
0.006475 0.108267 0.002233 0.000010 0.004029 0.753271 0.125716
0.002572 0.138640 0.003907 0.004772 0.018990 0.647151 0.183968
0.000010 0.198636 0.026511 0.005599 0.013174 0.543223 0.212848
0.007581 0.127755 0.016943 0.000010 0.005486 0.662657 0.179567
0.006322 0.062970 0.000010 0.000010 0.000103 0.871886 0.058699
0.024379 0.184211 0.037542 0.001560 0.000010 0.501325 0.250973
0.000010 0.183603 0.000013 0.007818 0.000010 0.551700 0.256846
0.004509 0.201879 0.013326 0.000908 0.002355 0.482507 0.294517
0.000680 0.228851 0.000010 0.005227 0.012770 0.461216 0.291247
0.008260 0.150155 0.019590 0.010747 0.025987 0.543862 0.241399
0.003499 0.168247 0.000010 0.000010 0.024442 0.526699 0.277093
0.007311 0.176659 0.008596 0.009601 0.000010 0.539970 0.257853
0.005604 0.162161 0.006883 0.000010 0.000010 0.545757 0.279574
0.007626 0.163041 0.000010 0.016299 0.000010 0.527534 0.285480
0.000010 0.178346 0.000010 0.010450 0.001714 0.525472 0.283998
0.029869 0.240106 0.023547 0.000010 0.005051 0.387599 0.313817
0.000010 0.228516 0.032203 0.002300 0.014854 0.311725 0.410392
0.016765 0.255776 0.012047 0.000233 0.016201 0.306408 0.392570
0.000010 0.234702 0.025913 0.003587 0.007274 0.348057 0.380457
0.000010 0.248268 0.043009 0.004762 0.034924 0.318915 0.350112
0.000010 0.258543 0.035174 0.005689 0.014293 0.290823 0.395467
0.000010 0.205483 0.014543 0.004066 0.000010 0.466632 0.309256
0.000010 0.103075 0.000010 0.009201 0.006118 0.720146 0.161440
0.000010 0.091008 0.000010 0.000010 0.000010 0.744168 0.164784
0.020707 0.187762 0.001939 0.007245 0.000010 0.440827 0.341511
0.012410 0.179341 0.009187 0.001365 0.000010 0.465697 0.331990
0.006442 0.054685 0.000010 0.013560 0.006786 0.768371 0.150146
0.000010 0.201214 0.012410 0.000010 0.007604 0.484397 0.294356
0.000010 0.133719 0.006618 0.008917 0.000010 0.630919 0.219807
0.000010 0.269750 0.016443 0.000010 0.000010 0.387450 0.326327
0.010521 0.206845 0.010713 0.003208 0.000010 0.439209 0.329495
0.000010 0.200331 0.026838 0.007110 0.000010 0.423358 0.342344
0.004716 0.235124 0.016877 0.012362 0.010251 0.379233 0.341437
0.000010 0.184652 0.032524 0.004873 0.015383 0.412169 0.350389
0.000010 0.230017 0.003088 0.002102 0.026501 0.394369 0.343913
0.004789 0.243720 0.027853 0.008195 0.003033 0.375100 0.337309
0.000010 0.298545 0.018225 0.002183 0.005981 0.181101 0.493956
0.022730 0.275543 0.055592 0.000854 0.000010 0.175902 0.469369
0.000010 0.325947 0.001705 0.005738 0.000010 0.175537 0.491053
0.008217 0.299253 0.025969 0.003046 0.007514 0.196725 0.459276
0.000010 0.301643 0.012216 0.015898 0.000010 0.176251 0.493971
0.004902 0.308406 0.028432 0.006520 0.006646 0.184973 0.460119
0.000010 0.260456 0.024325 0.010387 0.020304 0.191199 0.493319
0.003536 0.248686 0.044803 0.007932 0.000010 0.164609 0.530425
0.001822 0.307087 0.028216 0.008458 0.000010 0.212336 0.442071
0.007460 0.267804 0.027105 0.001427 0.037857 0.175601 0.482746
0.014712 0.008615 0.137585 0.000010 0.037619 0.009486 0.791973
0.008346 0.012785 0.122404 0.002304 0.007062 0.000010 0.847089
0.004591 0.000010 0.139828 0.006859 0.000010 0.000010 0.848692
0.003665 0.000010 0.156443 0.002720 0.009670 0.000010 0.827482
0.011932 0.002151 0.140451 0.011232 0.024136 0.005560 0.804539
0.000010 0.000010 0.135668 0.008088 0.005202 0.000010 0.851012
0.008666 0.000010 0.156943 0.003624 0.044858 0.009343 0.776554
0.009413 0.027613 0.137892 0.009109 0.007129 0.016691 0.792154
0.003727 0.000010 0.119629 0.010777 0.021085 0.009245 0.835526
0.020031 0.000010 0.146667 0.011305 0.006927 0.000010 0.815050
0.020915 0.150914 0.067202 0.005445 0.028826 0.006555 0.720143
0.021957 0.067453 0.048925 0.003286 0.047446 0.000010 0.810923
0.034047 0.152350 0.051830 0.005051 0.037955 0.000010 0.718758
0.033149 0.142003 0.068626 0.004807 0.015274 0.000010 0.736131
0.041427 0.092057 0.070964 0.001722 0.022968 0.000010 0.770852
0.027991 0.084336 0.063917 0.006660 0.038870 0.000010 0.778217
0.023438 0.163978 0.073340 0.005645 0.014544 0.012724 0.706332
0.023453 0.171871 0.053324 0.006792 0.000010 0.016969 0.727580
0.017871 0.080026 0.086924 0.000270 0.000010 0.050585 0.764315
0.008257 0.146334 0.082735 0.013080 0.000010 0.094849 0.654735
0.003518 0.094912 0.058163 0.006447 0.014934 0.124431 0.697595
0.006230 0.102079 0.058232 0.001409 0.018043 0.057532 0.756475
0.012504 0.131405 0.076457 0.012569 0.000010 0.046524 0.720530
0.004933 0.143204 0.092706 0.000010 0.000010 0.071517 0.687620
0.000010 0.081436 0.088918 0.005428 0.010614 0.086153 0.727441
0.001816 0.139303 0.091182 0.013377 0.000010 0.089810 0.664501
0.019903 0.127674 0.085433 0.000010 0.000010 0.065066 0.701904
0.015577 0.120402 0.085851 0.000010 0.000010 0.090633 0.687516
0.000010 0.428526 0.032435 0.014915 0.011124 0.110262 0.402727
0.017794 0.448468 0.030381 0.007019 0.017199 0.070187 0.408953
0.004098 0.491704 0.006772 0.014698 0.006549 0.060923 0.415255
0.031677 0.507098 0.018996 0.002251 0.009318 0.078092 0.352569
0.021738 0.481752 0.033558 0.000871 0.040653 0.068964 0.352464
0.007428 0.516540 0.000010 0.003863 0.019378 0.045280 0.407503
0.000010 0.520940 0.000010 0.007300 0.021522 0.081658 0.368560
0.025138 0.529923 0.012979 0.006380 0.000010 0.078184 0.347387
0.004860 0.532674 0.017823 0.005468 0.020938 0.068082 0.350156
0.026634 0.400660 0.026810 0.000010 0.022412 0.185126 0.338348
0.039634 0.408349 0.027780 0.012441 0.040926 0.143188 0.327682
0.021171 0.466602 0.000527 0.012131 0.055945 0.151450 0.292174
0.020896 0.375421 0.021186 0.014652 0.041235 0.195052 0.331559
0.013028 0.367922 0.010400 0.000806 0.039650 0.193227 0.374967
0.022961 0.394549 0.017993 0.005606 0.020330 0.165227 0.373334
0.022607 0.379351 0.020841 0.004681 0.019656 0.215919 0.336945
0.025548 0.421456 0.023309 0.000010 0.013533 0.137331 0.378813
0.036740 0.364312 0.027557 0.003833 0.046480 0.171040 0.350038
0.025241 0.388114 0.000010 0.009828 0.055818 0.184724 0.336265
0.000010 0.000010 0.999932 0.000016 0.000010 0.000012 0.000010
0.000010 0.000010 0.999940 0.000010 0.000010 0.000010 0.000010
0.000010 0.000010 0.455889 0.000010 0.000010 0.000010 0.544061
0.000010 0.261866 0.021449 0.003663 0.008743 0.191767 0.512502
0.000010 0.000010 0.999936 0.000014 0.000010 0.000010 0.000010
0.000010 0.000010 0.999939 0.000010 0.000011 0.000010 0.000010
0.000010 0.000010 0.504735 0.000010 0.000010 0.000010 0.495215
0.000010 0.136338 0.027891 0.016252 0.000010 0.336383 0.483116
0.000014 0.000010 0.999936 0.000010 0.000010 0.000010 0.000010
0.000010 0.000010 0.484831 0.000010 0.000010 0.000010 0.515119
0.000010 0.000010 0.478026 0.000010 0.000010 0.000010 0.521924
0.015375 0.144134 0.026573 0.005916 0.010901 0.326392 0.470709
0.000010 0.000010 0.459440 0.000010 0.000010 0.000010 0.540510
0.000010 0.000010 0.496270 0.000010 0.000010 0.000010 0.503680
0.000010 0.000010 0.999940 0.000010 0.000010 0.000010 0.000010
0.000010 0.000010 0.443071 0.000010 0.000010 0.000010 0.556879
0.000010 0.000010 0.999940 0.000010 0.000010 0.000010 0.000010
0.000010 0.000010 0.488171 0.000010 0.000010 0.000010 0.511779
0.000010 0.231482 0.033089 0.002156 0.000010 0.307801 0.425452
0.000010 0.000010 0.999940 0.000010 0.000010 0.000010 0.000010
0.000010 0.000010 0.450068 0.000010 0.000010 0.000010 0.549882
0.000010 0.180205 0.057598 0.008561 0.017908 0.318359 0.417359
0.000010 0.000010 0.999940 0.000010 0.000010 0.000010 0.000010
0.000010 0.000010 0.472581 0.000010 0.000010 0.000010 0.527369
0.000010 0.164241 0.035543 0.001314 0.000010 0.350530 0.448351
0.015837 0.041685 0.121788 0.008992 0.006249 0.018884 0.786566
0.025472 0.044767 0.094887 0.000363 0.008771 0.027303 0.798438
0.027912 0.027101 0.097253 0.000010 0.000010 0.032213 0.815501
0.010447 0.014030 0.121927 0.006259 0.034379 0.041008 0.771949
0.015800 0.019920 0.125689 0.005305 0.019329 0.043704 0.770253
0.017998 0.015121 0.121371 0.010664 0.017997 0.050302 0.766547
0.007950 0.035974 0.096633 0.000010 0.001040 0.036673 0.821721
0.006809 0.000010 0.130116 0.000010 0.041570 0.025457 0.796028
0.063190 0.070493 0.090211 0.009365 0.029799 0.046202 0.690742
0.019705 0.027609 0.124600 0.008982 0.014244 0.023853 0.781006
0.076116 0.000010 0.000010 0.000010 0.020672 0.000010 0.903173
0.067735 0.070055 0.106649 0.010462 0.036899 0.038769 0.669431
0.020113 0.126311 0.104395 0.005236 0.011943 0.069779 0.662223
0.049631 0.100437 0.093582 0.008131 0.037179 0.046704 0.664338
0.036702 0.067675 0.085973 0.013927 0.017924 0.070990 0.706808
0.081336 0.000010 0.000010 0.000010 0.023603 0.000010 0.895021
0.073349 0.000010 0.000010 0.000010 0.032775 0.000010 0.893836
0.049800 0.082682 0.105929 0.013172 0.025812 0.053829 0.668777
0.000010 0.042732 0.000010 0.000010 0.000010 0.815498 0.141730
0.000707 0.017869 0.005922 0.001351 0.000010 0.949388 0.024752
0.000010 0.000010 0.000010 0.000010 0.000010 0.999940 0.000010
0.000010 0.000010 0.008337 0.000010 0.002349 0.989275 0.000010
0.000010 0.000010 0.007281 0.000010 0.000010 0.992669 0.000010
0.010586 0.025514 0.000010 0.000010 0.000010 0.963861 0.000010
0.000010 0.000010 0.000010 0.000010 0.010438 0.989512 0.000010
0.000010 0.000011 0.000010 0.007174 0.000010 0.959541 0.033243
0.000010 0.000010 0.000010 0.000010 0.000010 0.999940 0.000010
0.000010 0.000010 0.000010 0.000010 0.000010 0.999940 0.000010
0.000010 0.000010 0.000010 0.000010 0.000010 0.999940 0.000010
0.004328 0.371273 0.027475 0.015130 0.017309 0.197112 0.367373
0.021361 0.322032 0.036986 0.012138 0.024976 0.200059 0.382448
0.012982 0.447069 0.030024 0.005684 0.005836 0.128826 0.369578
0.014105 0.374924 0.033372 0.000010 0.000010 0.166958 0.410620
0.027983 0.494990 0.002388 0.010856 0.025553 0.137689 0.300541
0.058091 0.501958 0.014044 0.018303 0.353057 0.021333 0.033214
0.079808 0.646104 0.000010 0.023234 0.080331 0.077917 0.092596
0.063870 0.364158 0.022111 0.003409 0.522865 0.000010 0.023578
0.064024 0.546278 0.000010 0.023150 0.271974 0.045187 0.049377
0.042653 0.750236 0.013021 0.008320 0.045190 0.063979 0.076601
0.011948 0.811642 0.000046 0.000010 0.033922 0.052204 0.090228
0.019903 0.761426 0.000010 0.015444 0.035182 0.074737 0.093298
0.020118 0.755338 0.018401 0.015976 0.042813 0.071630 0.075724
0.036787 0.760699 0.000010 0.011600 0.041554 0.050002 0.099348
0.043425 0.771373 0.006361 0.006435 0.057206 0.045695 0.069505
0.031569 0.726201 0.000010 0.010589 0.072647 0.074414 0.084570
0.012747 0.804441 0.000010 0.000010 0.034728 0.052011 0.096052
0.024183 0.779671 0.021688 0.000430 0.027107 0.062630 0.084290
0.056528 0.725704 0.000010 0.006777 0.086809 0.035690 0.088481
0.019333 0.705171 0.000010 0.007631 0.027360 0.086038 0.154457
0.039865 0.559571 0.016938 0.002493 0.027283 0.138702 0.215148
0.015667 0.761197 0.000010 0.008304 0.050341 0.070168 0.094312
0.053176 0.631111 0.000010 0.012641 0.054934 0.094780 0.153349
0.013254 0.343166 0.000010 0.010694 0.006389 0.191007 0.435480
0.025682 0.727404 0.000010 0.005848 0.043591 0.081399 0.116067
0.052742 0.661988 0.003698 0.000010 0.036804 0.119176 0.125581
0.061847 0.561303 0.015915 0.014396 0.034971 0.099009 0.212558
0.121292 0.724195 0.003505 0.018128 0.074936 0.021145 0.036798
0.058941 0.626162 0.000010 0.014508 0.030556 0.164356 0.105466
0.090535 0.687055 0.018292 0.024579 0.082478 0.040310 0.056752
0.034625 0.580316 0.000010 0.007969 0.046447 0.173280 0.157352
0.092158 0.667221 0.008001 0.005832 0.112442 0.047739 0.066607
0.045554 0.612892 0.014396 0.000010 0.040155 0.173610 0.113382
0.111061 0.673367 0.023965 0.025093 0.069155 0.059433 0.037927
0.000010 0.744822 0.001227 0.000010 0.027960 0.020682 0.205289
0.098568 0.681948 0.004039 0.020140 0.073693 0.054262 0.067350
0.000010 0.738492 0.000010 0.000010 0.000010 0.045680 0.215789
0.062288 0.730426 0.007770 0.015012 0.060708 0.053373 0.070423
0.000012 0.752238 0.008023 0.000010 0.000010 0.000010 0.239697
0.027227 0.529253 0.024171 0.005637 0.052263 0.194176 0.167273
0.133614 0.703474 0.003160 0.019738 0.079790 0.021369 0.038855
0.021025 0.560851 0.015857 0.021277 0.029237 0.056648 0.295105
0.036045 0.624144 0.007992 0.018684 0.018807 0.153868 0.140460
0.112221 0.698415 0.009583 0.026062 0.087453 0.016423 0.049842
0.046140 0.627220 0.007449 0.015365 0.027606 0.149401 0.126819
0.037222 0.780758 0.006442 0.008191 0.045925 0.056952 0.064511
0.025825 0.345357 0.002930 0.005253 0.042824 0.173505 0.404306
0.031922 0.737735 0.005576 0.005720 0.029692 0.092719 0.096636
0.016012 0.588410 0.033864 0.000010 0.013930 0.070105 0.277668
0.020108 0.752645 0.017090 0.003269 0.044542 0.076301 0.086045
0.000010 0.616018 0.046402 0.000010 0.000010 0.054734 0.282816
0.101913 0.696293 0.000010 0.029075 0.106442 0.025040 0.041227
0.000010 0.802998 0.005421 0.000010 0.017211 0.045854 0.128495
0.036522 0.693650 0.000010 0.008768 0.052216 0.073503 0.135331
0.000010 0.817726 0.000010 0.004024 0.021990 0.025386 0.130855
0.116738 0.673689 0.023882 0.027100 0.080185 0.041976 0.036430
0.000010 0.807763 0.000010 0.000010 0.008746 0.036169 0.147292
0.000010 0.823243 0.001854 0.004062 0.000010 0.045200 0.125622
0.078224 0.753345 0.003286 0.016535 0.046064 0.052152 0.050394
0.000077 0.364529 0.059891 0.008645 0.000010 0.154852 0.411996
0.009048 0.675127 0.006960 0.000010 0.022582 0.078987 0.207286
0.030756 0.748448 0.000010 0.007525 0.069007 0.055507 0.088748
0.000010 0.196225 0.058055 0.004932 0.000010 0.115114 0.625653
0.026578 0.745299 0.021293 0.009214 0.026237 0.044826 0.126554
0.104175 0.723218 0.010847 0.019791 0.070152 0.010541 0.061276
0.000010 0.813735 0.000010 0.005709 0.002431 0.029080 0.149025
0.005948 0.810669 0.000010 0.008062 0.004866 0.081501 0.088944
0.158413 0.623780 0.012866 0.026034 0.091286 0.043393 0.044229
0.000010 0.689988 0.000010 0.008626 0.011632 0.092187 0.197547
0.005758 0.788512 0.000010 0.000010 0.031723 0.063544 0.110443
0.097006 0.703978 0.016311 0.019403 0.122330 0.000010 0.040962
0.007531 0.747487 0.023034 0.009698 0.000010 0.064466 0.147774
0.037063 0.833822 0.000010 0.000010 0.027563 0.053430 0.048102
0.104159 0.633922 0.010538 0.010053 0.090300 0.070234 0.080796
0.000010 0.257042 0.053097 0.000010 0.000374 0.147584 0.541883
0.000269 0.634390 0.007745 0.000010 0.028591 0.064806 0.264190
0.113849 0.692003 0.021839 0.013810 0.099150 0.023523 0.035828
0.025593 0.750578 0.000010 0.010796 0.017041 0.093142 0.102840
0.000010 0.221337 0.083294 0.000010 0.000511 0.085832 0.609006
0.121753 0.743191 0.028952 0.022387 0.083697 0.000010 0.000010
0.013887 0.801973 0.000010 0.003541 0.009991 0.066991 0.103607
0.000010 0.317151 0.071431 0.006632 0.015601 0.121699 0.467475
0.072419 0.645598 0.012405 0.009534 0.070060 0.095436 0.094548
0.000944 0.408703 0.046335 0.000010 0.024039 0.091053 0.428916
0.013302 0.798483 0.000010 0.000010 0.030155 0.046182 0.111859
0.099769 0.669200 0.002469 0.028518 0.076089 0.041007 0.082949
0.046759 0.555191 0.019291 0.001350 0.032057 0.187148 0.158204
0.018516 0.480937 0.041939 0.000010 0.017735 0.089646 0.351217
0.109911 0.713954 0.032654 0.032696 0.099130 0.011646 0.000010
0.031919 0.628417 0.000010 0.000010 0.030434 0.157105 0.152104
0.002766 0.342073 0.047244 0.000010 0.014561 0.089232 0.504114
0.118680 0.715309 0.008867 0.022327 0.084149 0.018082 0.032586
0.035540 0.660687 0.021749 0.005415 0.031889 0.125210 0.119511
0.017504 0.729179 0.012540 0.014314 0.045944 0.094945 0.085574
0.120687 0.658838 0.000010 0.015082 0.116250 0.047770 0.041363
0.054346 0.624982 0.014526 0.006727 0.037174 0.100065 0.162181
0.000010 0.755338 0.000010 0.000010 0.000010 0.058640 0.185982
0.132142 0.699587 0.000010 0.024023 0.114567 0.020651 0.009019
0.023058 0.587259 0.001881 0.006952 0.018567 0.138722 0.223561
0.020765 0.327152 0.059651 0.004698 0.000010 0.108018 0.479707
0.107477 0.682465 0.021029 0.025506 0.077011 0.052297 0.034216
0.008826 0.453474 0.014042 0.003961 0.013708 0.166484 0.339504
0.022869 0.781756 0.005917 0.001102 0.009295 0.102905 0.076158
0.108723 0.663939 0.018829 0.019826 0.087949 0.044604 0.056131
0.046959 0.619524 0.016629 0.000010 0.038388 0.128827 0.149663
0.000010 0.814881 0.000010 0.000010 0.006590 0.057890 0.120609
0.134045 0.689957 0.008565 0.016071 0.073331 0.025633 0.052398
0.052679 0.657592 0.006784 0.004026 0.014763 0.118538 0.145618
0.000010 0.521211 0.010832 0.002776 0.020279 0.085661 0.359231
0.116576 0.674619 0.020635 0.035577 0.101958 0.002431 0.048205
0.032158 0.670382 0.000010 0.011204 0.031216 0.099556 0.155475
0.000010 0.536951 0.032900 0.000685 0.017130 0.089682 0.322642
0.135971 0.665421 0.002824 0.035566 0.091930 0.029518 0.038769
0.024395 0.714143 0.003509 0.007758 0.016773 0.116371 0.117050
0.000010 0.800174 0.000010 0.001974 0.030877 0.045755 0.121200
0.088803 0.706763 0.023585 0.015298 0.065804 0.044692 0.055054
0.092072 0.677540 0.000010 0.017980 0.104713 0.029276 0.078408
0.000010 0.689112 0.010588 0.006479 0.011910 0.068845 0.213056
0.133015 0.743532 0.013467 0.019148 0.069616 0.003670 0.017552
0.000010 0.229491 0.073568 0.000480 0.006898 0.130187 0.559366
0.009125 0.272094 0.035038 0.000872 0.000010 0.108020 0.574840
0.036927 0.679145 0.001338 0.010242 0.027839 0.129147 0.115362
0.022567 0.802290 0.000010 0.000010 0.025242 0.069902 0.079979
0.025540 0.619747 0.015897 0.015706 0.007178 0.170209 0.145722
0.025635 0.615617 0.012392 0.003294 0.034851 0.118240 0.189969
0.207620 0.732358 0.003134 0.021308 0.033353 0.002217 0.000010
0.175391 0.676762 0.000010 0.021940 0.058208 0.021155 0.046533
0.176296 0.707998 0.015265 0.032469 0.049916 0.018045 0.000010
0.209303 0.680327 0.008492 0.025853 0.040693 0.035321 0.000010
0.159874 0.685609 0.025220 0.023027 0.072706 0.029232 0.004332
0.127062 0.688799 0.015950 0.019079 0.069549 0.038403 0.041158
0.143704 0.728700 0.011880 0.019303 0.071893 0.024510 0.000010
0.173126 0.709849 0.014947 0.013194 0.088863 0.000010 0.000010
0.152070 0.693022 0.018417 0.017097 0.094228 0.025155 0.000010
0.170185 0.722860 0.029854 0.018224 0.057433 0.000010 0.001433
0.152958 0.711848 0.019989 0.025377 0.089808 0.000010 0.000010
0.169871 0.751720 0.017677 0.018291 0.041770 0.000661 0.000010
0.161255 0.714669 0.043459 0.020935 0.059662 0.000010 0.000010
0.105502 0.720658 0.015297 0.017867 0.078669 0.025640 0.036367
0.174052 0.693673 0.013321 0.024825 0.093661 0.000010 0.000459
0.169627 0.738933 0.020636 0.015328 0.055456 0.000010 0.000010
0.164344 0.682177 0.029556 0.028456 0.081593 0.000010 0.013864
0.165756 0.706427 0.017822 0.018022 0.091953 0.000010 0.000010
0.162487 0.755313 0.015407 0.022173 0.044599 0.000010 0.000010
0.149755 0.748963 0.028664 0.032362 0.040235 0.000010 0.000010
0.176787 0.711101 0.019473 0.019240 0.070216 0.000010 0.003173
0.127401 0.691788 0.018309 0.018088 0.069675 0.046986 0.027752
0.135247 0.766120 0.030293 0.017212 0.051108 0.000010 0.000010
0.131355 0.808130 0.011506 0.019162 0.029827 0.000010 0.000010
0.134997 0.770240 0.026509 0.006088 0.062146 0.000010 0.000010
0.128446 0.828851 0.004569 0.013984 0.024129 0.000010 0.000010
0.134061 0.756195 0.023608 0.023746 0.062371 0.000010 0.000010
0.131296 0.771903 0.030129 0.018291 0.040790 0.007581 0.000010
0.105442 0.820599 0.016337 0.016857 0.029283 0.011471 0.000010
0.148528 0.652541 0.035566 0.027383 0.129439 0.005384 0.001159
0.158693 0.671497 0.024633 0.025265 0.079575 0.021047 0.019289
0.136193 0.827851 0.013147 0.015007 0.007782 0.000010 0.000010
0.137614 0.835657 0.011105 0.015594 0.000010 0.000010 0.000010
0.127059 0.721615 0.025273 0.012773 0.083692 0.011055 0.018534
0.129573 0.644734 0.021230 0.011901 0.078210 0.040314 0.074039
0.118794 0.697058 0.013734 0.027180 0.076160 0.010989 0.056085
0.083120 0.711383 0.000010 0.022633 0.079287 0.055485 0.048082
0.000010 0.000010 0.000010 0.000010 0.999940 0.000010 0.000010
0.000010 0.000010 0.000010 0.000010 0.999940 0.000010 0.000010
0.016490 0.222732 0.000010 0.007252 0.753495 0.000010 0.000010
0.013178 0.218459 0.000010 0.000010 0.768322 0.000010 0.000010
0.000010 0.000010 0.000010 0.000018 0.999932 0.000010 0.000010
0.000010 0.162973 0.007481 0.000010 0.829506 0.000010 0.000010
0.000010 0.000010 0.000010 0.000010 0.999940 0.000010 0.000010
0.039958 0.262195 0.000010 0.000935 0.696882 0.000010 0.000010
0.006026 0.199300 0.000010 0.001356 0.793288 0.000010 0.000010
0.030558 0.219284 0.007589 0.016220 0.726328 0.000010 0.000010
0.010725 0.203953 0.003504 0.008124 0.773674 0.000010 0.000010
0.000010 0.076098 0.000010 0.013923 0.909938 0.000010 0.000010
0.000010 0.000010 0.000010 0.000010 0.999940 0.000010 0.000010
0.000010 0.164291 0.000010 0.002935 0.832734 0.000010 0.000010
0.000012 0.000010 0.000010 0.000010 0.999938 0.000010 0.000010
0.000010 0.000010 0.000010 0.000010 0.999940 0.000010 0.000010
0.000010 0.081698 0.000010 0.000010 0.918252 0.000010 0.000010
0.000010 0.000010 0.000010 0.000010 0.999940 0.000010 0.000010
0.032684 0.198527 0.000010 0.001886 0.766873 0.000010 0.000010
0.036867 0.262155 0.000010 0.001636 0.699312 0.000010 0.000010
0.018644 0.135290 0.000010 0.011414 0.818318 0.000010 0.016312
0.049667 0.188277 0.000010 0.012196 0.749830 0.000010 0.000010
