0.000010 0.234490 0.000010 0.000010 0.533122 0.020054 0.053903 0.089226 0.069175
0.000010 0.291457 0.000010 0.000010 0.513400 0.053618 0.021958 0.100748 0.018789
0.000010 0.000010 0.000010 0.000010 0.000010 0.000010 0.999920 0.000010 0.000010
0.000010 0.000010 0.000010 0.000010 0.000010 0.000010 0.999920 0.000010 0.000010
0.031131 0.242188 0.000010 0.000010 0.390397 0.000010 0.197306 0.138938 0.000010
0.002842 0.229612 0.000010 0.000010 0.468140 0.000010 0.196149 0.103218 0.000010
0.000010 0.130290 0.000010 0.000010 0.681174 0.019516 0.079384 0.087109 0.002498
0.000010 0.000010 0.000010 0.000010 0.000010 0.000010 0.999920 0.000010 0.000010
0.018875 0.228462 0.000010 0.000010 0.431006 0.000010 0.209719 0.111898 0.000010
0.000010 0.354153 0.000010 0.000010 0.410906 0.000010 0.084006 0.150884 0.000010
0.000010 0.423055 0.000010 0.000010 0.355780 0.000010 0.071996 0.149120 0.000010
0.000010 0.000010 0.000010 0.000010 0.000011 0.000010 0.000010 0.999919 0.000010
0.000010 0.249323 0.050335 0.000010 0.326402 0.000010 0.025591 0.268672 0.079646
0.000010 0.327104 0.000010 0.000010 0.340194 0.000010 0.072853 0.259799 0.000010
0.000010 0.000010 0.000010 0.000010 0.000010 0.000010 0.000010 0.999920 0.000010
0.000010 0.000010 0.000010 0.000014 0.000010 0.000010 0.000010 0.999916 0.000010
0.013181 0.254495 0.000010 0.000010 0.330668 0.000010 0.054909 0.346707 0.000010
0.000010 0.000010 0.000010 0.000010 0.000010 0.000010 0.000010 0.999920 0.000010
0.000010 0.000010 0.000010 0.000010 0.000010 0.000010 0.000010 0.999920 0.000010
0.000010 0.999915 0.000010 0.000010 0.000010 0.000015 0.000010 0.000010 0.000010
0.000010 0.999920 0.000010 0.000010 0.000010 0.000010 0.000010 0.000010 0.000010
0.000010 0.999920 0.000010 0.000010 0.000010 0.000010 0.000010 0.000010 0.000010
0.000010 0.999920 0.000010 0.000010 0.000010 0.000010 0.000010 0.000010 0.000010
0.000010 0.999920 0.000010 0.000010 0.000010 0.000010 0.000010 0.000010 0.000010
0.000010 0.999920 0.000010 0.000010 0.000010 0.000010 0.000010 0.000010 0.000010
0.000019 0.999911 0.000010 0.000010 0.000010 0.000010 0.000010 0.000010 0.000010
0.000010 0.999920 0.000010 0.000010 0.000010 0.000010 0.000010 0.000010 0.000010
0.000010 0.999920 0.000010 0.000010 0.000010 0.000010 0.000010 0.000010 0.000010
0.000010 0.492312 0.000010 0.000010 0.351536 0.000010 0.048635 0.107467 0.000010
0.197408 0.273062 0.085437 0.193880 0.134662 0.000010 0.017203 0.092228 0.006110
0.000010 0.170148 0.000010 0.000010 0.658008 0.000010 0.021523 0.066079 0.084203
0.000010 0.999920 0.000010 0.000010 0.000010 0.000010 0.000010 0.000010 0.000010
0.000010 0.045805 0.164570 0.297750 0.443757 0.010572 0.037516 0.000010 0.000010
0.000010 0.000982 0.000010 0.499803 0.431812 0.000010 0.041384 0.025979 0.000010
0.000010 0.000010 0.000010 0.000010 0.000010 0.000010 0.999920 0.000010 0.000010
0.000010 0.000010 0.207700 0.480672 0.169252 0.071685 0.014819 0.031467 0.024385
0.000010 0.000010 0.312226 0.196064 0.473320 0.000010 0.018339 0.000010 0.000010
0.000010 0.000010 0.000010 0.848106 0.151824 0.000010 0.000010 0.000010 0.000010
0.093198 0.000010 0.347886 0.340948 0.000010 0.161956 0.010629 0.045353 0.000010
0.055754 0.000010 0.000010 0.644457 0.227049 0.000010 0.046088 0.021116 0.005506
0.000010 0.000010 0.341197 0.184467 0.474276 0.000010 0.000010 0.000010 0.000010
0.000010 0.000010 0.273071 0.155735 0.531520 0.014806 0.024828 0.000010 0.000010
0.000010 0.013457 0.179696 0.433965 0.279793 0.000010 0.077049 0.016010 0.000010
0.000010 0.000010 0.000010 0.000010 0.000010 0.000010 0.999920 0.000010 0.000010
0.000010 0.000010 0.206541 0.144776 0.586104 0.062529 0.000010 0.000010 0.000010
0.000010 0.037429 0.054321 0.506972 0.389488 0.000010 0.000010 0.000010 0.011751
0.000010 0.000010 0.190278 0.568248 0.155035 0.000010 0.019717 0.066682 0.000010
0.000010 0.000010 0.202651 0.242345 0.547475 0.000010 0.007478 0.000010 0.000010
0.096627 0.097898 0.286540 0.439005 0.079890 0.000010 0.000010 0.000010 0.000010
0.023194 0.000010 0.118661 0.602439 0.188874 0.000010 0.000010 0.066792 0.000010
0.000010 0.074585 0.510859 0.175834 0.203392 0.000010 0.035290 0.000010 0.000010
0.069319 0.000010 0.111725 0.491164 0.237486 0.000010 0.090267 0.000010 0.000010
0.000010 0.015212 0.071943 0.637850 0.274945 0.000010 0.000010 0.000010 0.000010
0.012208 0.000010 0.092711 0.621632 0.231474 0.000010 0.000010 0.041934 0.000010
0.000010 0.000010 0.040338 0.569154 0.383184 0.000010 0.002998 0.004285 0.000010
0.000010 0.062391 0.156653 0.623890 0.157015 0.000010 0.000010 0.000010 0.000010
0.000010 0.044549 0.088161 0.555210 0.294698 0.000010 0.017342 0.000010 0.000010
0.000010 0.000010 0.139672 0.561120 0.299149 0.000010 0.000010 0.000010 0.000010
0.000010 0.037614 0.150779 0.567046 0.244511 0.000010 0.000010 0.000010 0.000010
0.000010 0.000010 0.072601 0.664832 0.258938 0.000010 0.003580 0.000010 0.000010
0.021918 0.029968 0.050685 0.335013 0.518551 0.002662 0.010708 0.013592 0.016903
0.009292 0.028267 0.072202 0.307478 0.517760 0.004723 0.010290 0.021238 0.028750
0.025743 0.014792 0.056700 0.356951 0.498086 0.000010 0.014079 0.010195 0.023445
0.019396 0.037289 0.048698 0.328097 0.534876 0.000010 0.013281 0.004397 0.013956
0.010174 0.021866 0.052218 0.392587 0.510585 0.000010 0.004293 0.008258 0.000010
0.017611 0.030010 0.061241 0.358168 0.508608 0.000010 0.004602 0.003450 0.016300
0.022427 0.010285 0.046214 0.346525 0.550971 0.001512 0.005654 0.008039 0.008374
0.015404 0.030398 0.063081 0.374438 0.484442 0.000010 0.014134 0.012419 0.005673
0.000010 0.017883 0.007272 0.365059 0.576170 0.007628 0.005863 0.011273 0.008842
0.049222 0.075578 0.067675 0.162369 0.451766 0.048692 0.021136 0.038917 0.084645
0.034571 0.053548 0.102195 0.238108 0.481739 0.000010 0.015163 0.021110 0.053556
0.000010 0.008354 0.031327 0.382857 0.550884 0.000010 0.011726 0.014822 0.000010
0.558375 0.023258 0.005059 0.000010 0.385883 0.000010 0.012689 0.014706 0.000010
0.000686 0.011057 0.069822 0.353627 0.533780 0.000010 0.008776 0.009607 0.012635
0.014174 0.015998 0.049752 0.392372 0.488239 0.009958 0.000074 0.020778 0.008657
0.000010 0.000010 0.999920 0.000010 0.000010 0.000010 0.000010 0.000010 0.000010
0.000010 0.000010 0.999920 0.000010 0.000010 0.000010 0.000010 0.000010 0.000010
0.000010 0.000010 0.999920 0.000010 0.000010 0.000010 0.000010 0.000010 0.000010
0.000010 0.000010 0.999920 0.000010 0.000010 0.000010 0.000010 0.000010 0.000010
0.010458 0.000010 0.883387 0.089220 0.012609 0.000010 0.000010 0.004286 0.000010
0.000010 0.000010 0.999902 0.000020 0.000010 0.000010 0.000018 0.000011 0.000010
0.000010 0.000010 0.996206 0.000010 0.000010 0.003724 0.000010 0.000010 0.000010
0.000010 0.000010 0.999920 0.000010 0.000010 0.000010 0.000010 0.000010 0.000010
0.000010 0.000010 0.999920 0.000010 0.000010 0.000010 0.000010 0.000010 0.000010
0.000010 0.002042 0.931821 0.058124 0.000010 0.007963 0.000010 0.000010 0.000010
0.000010 0.000010 0.999249 0.000010 0.000010 0.000010 0.000010 0.000010 0.000681
0.008750 0.000010 0.887831 0.083011 0.000010 0.015083 0.000010 0.005284 0.000010
0.000010 0.007391 0.800808 0.104916 0.079371 0.000010 0.005940 0.000010 0.001543
0.000010 0.000010 0.999920 0.000010 0.000010 0.000010 0.000010 0.000010 0.000010
0.006100 0.001140 0.000010 0.590609 0.064609 0.157020 0.002982 0.000010 0.177519
0.001643 0.008313 0.015732 0.631761 0.039920 0.161604 0.010221 0.003719 0.127086
0.000010 0.023449 0.000010 0.580772 0.056982 0.150217 0.003131 0.004890 0.180540
0.005840 0.014333 0.046916 0.632379 0.040577 0.131062 0.006903 0.007132 0.114858
0.000010 0.005777 0.000010 0.632127 0.018340 0.132489 0.009878 0.021449 0.179921
0.012499 0.012269 0.025848 0.595003 0.069812 0.139002 0.010385 0.000010 0.135172
0.017719 0.010772 0.012305 0.588446 0.014379 0.150379 0.011832 0.011034 0.183134
0.010204 0.024519 0.000010 0.583773 0.011463 0.155397 0.004692 0.023269 0.186672
0.000010 0.002574 0.355270 0.570788 0.028792 0.029669 0.000010 0.012876 0.000010
0.002600 0.003336 0.330573 0.570804 0.065855 0.017636 0.005985 0.003200 0.000010
0.017969 0.006121 0.376013 0.537388 0.023582 0.028759 0.000010 0.010148 0.000010
0.000108 0.002931 0.353267 0.550971 0.051240 0.032998 0.008465 0.000010 0.000010
0.024094 0.002924 0.339781 0.586773 0.012817 0.031749 0.001842 0.000010 0.000010
0.000010 0.000010 0.319857 0.566793 0.067064 0.034463 0.009035 0.002758 0.000010
0.026612 0.015313 0.362460 0.552521 0.026575 0.014008 0.001628 0.000872 0.000010
0.000010 0.018697 0.367509 0.531174 0.034273 0.033424 0.008756 0.001150 0.005006
0.022473 0.004304 0.346039 0.598328 0.025482 0.003344 0.000010 0.000010 0.000010
0.000010 0.000010 0.380057 0.539644 0.041808 0.031727 0.004785 0.001949 0.000010
0.011056 0.012765 0.369805 0.543018 0.010876 0.041227 0.011232 0.000010 0.000010
0.016088 0.006588 0.336856 0.536918 0.056539 0.046981 0.000010 0.000010 0.000010
0.000010 0.000010 0.333148 0.595361 0.064863 0.006579 0.000010 0.000010 0.000010
0.000010 0.003713 0.368925 0.547045 0.055965 0.012370 0.011951 0.000010 0.000010
0.013057 0.013401 0.329168 0.559831 0.055126 0.024642 0.000010 0.000116 0.004650
0.015161 0.020247 0.362468 0.537599 0.013126 0.035762 0.005844 0.009784 0.000010
0.031938 0.000010 0.336853 0.575446 0.018730 0.027688 0.009315 0.000010 0.000010
0.009766 0.000010 0.341055 0.583394 0.039130 0.021434 0.002823 0.002379 0.000010
0.000010 0.003696 0.344120 0.538355 0.075863 0.033241 0.003273 0.001432 0.000010
0.007987 0.000010 0.369550 0.554231 0.023330 0.044862 0.000010 0.000010 0.000010
0.000010 0.012115 0.370365 0.590294 0.017942 0.002638 0.004885 0.001740 0.000010
0.000010 0.002067 0.365093 0.587613 0.042932 0.000010 0.002255 0.000010 0.000010
0.000010 0.005991 0.330857 0.578537 0.055014 0.029561 0.000010 0.000010 0.000010
0.000010 0.000010 0.367672 0.576206 0.029426 0.019199 0.004475 0.002991 0.000010
0.015927 0.013284 0.326177 0.573551 0.026996 0.021654 0.005636 0.016765 0.000010
0.000174 0.000779 0.300486 0.574900 0.058012 0.055449 0.000014 0.010177 0.000010
0.000010 0.018751 0.068904 0.724591 0.009630 0.145000 0.008728 0.000010 0.024376
0.005065 0.000860 0.117827 0.653819 0.139881 0.082518 0.000010 0.000010 0.000010
0.001475 0.004375 0.035298 0.746726 0.028796 0.150817 0.001445 0.000010 0.031058
0.005770 0.009475 0.133052 0.574747 0.225555 0.046390 0.000010 0.004991 0.000010
0.019895 0.005709 0.127123 0.663212 0.124605 0.053588 0.002219 0.002425 0.001225
0.006967 0.009137 0.054596 0.693819 0.074865 0.119298 0.006341 0.000010 0.034967
0.015771 0.000010 0.023811 0.762382 0.000010 0.157630 0.002317 0.000010 0.038059
0.011439 0.003807 0.093416 0.678689 0.147864 0.052776 0.000010 0.005692 0.006306
0.002748 0.012787 0.141419 0.616631 0.159413 0.055938 0.000010 0.005728 0.005325
0.016304 0.000010 0.060038 0.674055 0.098705 0.103174 0.000010 0.009050 0.038654
0.007359 0.000010 0.051188 0.749905 0.007406 0.145324 0.004928 0.000010 0.033869
0.000010 0.000010 0.102154 0.692239 0.048482 0.120506 0.007004 0.012639 0.016955
0.009360 0.021347 0.360938 0.555281 0.029442 0.017085 0.003345 0.003193 0.000010
0.023995 0.000010 0.356370 0.561544 0.033396 0.013026 0.005286 0.000010 0.006363
0.000010 0.009088 0.088804 0.717728 0.055341 0.114665 0.000010 0.001710 0.012644
0.004560 0.008805 0.047594 0.719249 0.000010 0.150243 0.009895 0.009096 0.050547
0.035534 0.000010 0.046053 0.738206 0.041135 0.113503 0.000010 0.005847 0.019701
0.000010 0.010359 0.151954 0.598374 0.164176 0.075098 0.000010 0.000010 0.000010
0.000010 0.000010 0.130280 0.680297 0.136483 0.049527 0.001654 0.001728 0.000010
0.011101 0.000010 0.034984 0.734325 0.032683 0.137321 0.003136 0.000010 0.046430
0.022517 0.010603 0.099125 0.716364 0.049520 0.090930 0.000010 0.010919 0.000010
0.000010 0.000010 0.038943 0.765815 0.009819 0.143891 0.000010 0.001602 0.039899
0.028778 0.007416 0.058799 0.715155 0.013840 0.141483 0.000010 0.000010 0.034509
0.017219 0.001666 0.045186 0.720859 0.009193 0.141840 0.005719 0.005878 0.052440
0.000010 0.000010 0.093571 0.729953 0.084419 0.082883 0.000483 0.000094 0.008578
0.015944 0.014993 0.337472 0.544825 0.039021 0.042447 0.000014 0.005275 0.000010
0.000010 0.000010 0.106601 0.626900 0.206564 0.050638 0.007041 0.002226 0.000010
0.000010 0.002513 0.087525 0.669785 0.072564 0.133254 0.008919 0.000010 0.025422
0.012716 0.000194 0.077676 0.663251 0.115016 0.109654 0.009406 0.012077 0.000010
0.017200 0.000010 0.056695 0.723267 0.022768 0.141638 0.004490 0.001102 0.032832
0.002455 0.000728 0.038222 0.766611 0.000010 0.152810 0.000010 0.005334 0.033821
0.000010 0.000010 0.130489 0.643786 0.141522 0.073778 0.008977 0.000010 0.001418
0.003675 0.008314 0.065708 0.718494 0.081387 0.106003 0.000010 0.002705 0.013704
0.000010 0.009543 0.058834 0.724903 0.079091 0.113039 0.003097 0.003931 0.007553
0.000010 0.000010 0.141710 0.604437 0.202329 0.046095 0.000010 0.005389 0.000010
0.000010 0.000010 0.125444 0.602860 0.171242 0.080635 0.000010 0.006625 0.013165
0.004464 0.001616 0.062354 0.674666 0.111092 0.110595 0.001998 0.006050 0.027165
0.006145 0.005361 0.064793 0.634590 0.175782 0.091235 0.000010 0.010617 0.011467
0.000010 0.000010 0.054349 0.700154 0.118379 0.097884 0.000010 0.014438 0.014766
0.000010 0.020024 0.085868 0.631614 0.116656 0.091158 0.006346 0.006886 0.041438
0.004281 0.000010 0.090541 0.626753 0.177707 0.071445 0.004174 0.001059 0.024030
0.000010 0.016239 0.107014 0.641138 0.120554 0.106149 0.008001 0.000010 0.000885
0.000013 0.000010 0.088118 0.670093 0.113086 0.103823 0.000010 0.001089 0.023758
0.005246 0.000010 0.055095 0.674163 0.175660 0.072530 0.000010 0.000010 0.017275
0.015209 0.007003 0.057035 0.696166 0.106008 0.087457 0.000010 0.004472 0.026640
0.000010 0.000010 0.094734 0.631053 0.194637 0.074308 0.000010 0.000010 0.005228
0.000010 0.000010 0.072779 0.471465 0.382967 0.034877 0.008549 0.003429 0.025914
0.000010 0.000010 0.015487 0.467083 0.442254 0.043456 0.013650 0.006218 0.011833
0.000010 0.010493 0.030358 0.440980 0.449097 0.041032 0.010192 0.000010 0.017828
0.000010 0.000010 0.015808 0.270231 0.698024 0.000010 0.000595 0.015302 0.000010
0.028772 0.000419 0.055468 0.390188 0.454135 0.036497 0.000010 0.010650 0.023861
0.022208 0.000010 0.019597 0.452686 0.441652 0.034273 0.000010 0.007839 0.021724
0.009453 0.000010 0.027580 0.480442 0.432791 0.040900 0.000018 0.000010 0.008797
0.028781 0.002428 0.004158 0.444406 0.467245 0.021015 0.009054 0.000010 0.022903
0.002080 0.004670 0.067148 0.621984 0.202828 0.085694 0.000010 0.001036 0.014551
0.000925 0.008471 0.045694 0.422820 0.444337 0.030978 0.003837 0.009250 0.033688
0.001701 0.002513 0.018695 0.716610 0.120314 0.095644 0.005570 0.009153 0.029799
0.003600 0.009302 0.047002 0.678881 0.140551 0.079334 0.007784 0.000010 0.033536
0.019318 0.000010 0.027423 0.708749 0.110526 0.087565 0.000660 0.008406 0.037343
0.005127 0.000010 0.023108 0.710045 0.122117 0.085624 0.014462 0.013358 0.026148
0.011400 0.009956 0.034219 0.700664 0.118491 0.113623 0.007853 0.001678 0.002117
0.000010 0.006398 0.031256 0.683567 0.133146 0.094560 0.000956 0.009913 0.040194
0.002555 0.000010 0.045732 0.688420 0.145062 0.087386 0.000010 0.000010 0.030815
0.005640 0.000010 0.049797 0.694494 0.125478 0.103210 0.002487 0.000010 0.018874
0.016551 0.006356 0.018900 0.708065 0.132197 0.089600 0.000010 0.000010 0.028311
0.012501 0.015519 0.048327 0.672888 0.098595 0.095332 0.003121 0.007096 0.046621
0.000010 0.000010 0.777990 0.103637 0.113219 0.000010 0.002408 0.002706 0.000010
0.004014 0.005731 0.469293 0.332468 0.176382 0.002215 0.000010 0.001616 0.008270
0.011826 0.000010 0.593695 0.257524 0.086480 0.011291 0.008738 0.009525 0.020911
0.002292 0.006650 0.742286 0.147324 0.084144 0.001897 0.000654 0.000010 0.014743
0.015642 0.003445 0.632024 0.212728 0.107640 0.003692 0.000010 0.006173 0.018646
0.013552 0.000010 0.530288 0.259086 0.157033 0.027713 0.000010 0.004375 0.007934
0.004887 0.012082 0.650192 0.202450 0.092188 0.017819 0.001702 0.000010 0.018670
0.000213 0.002255 0.860366 0.086046 0.045921 0.000010 0.005169 0.000010 0.000010
0.000010 0.008346 0.482498 0.294140 0.149058 0.040018 0.013254 0.000506 0.012171
0.000010 0.000010 0.532135 0.316995 0.130166 0.000010 0.008349 0.006274 0.006051
0.002195 0.000010 0.461951 0.340965 0.154850 0.014714 0.006222 0.000010 0.019083
0.011614 0.000010 0.439522 0.344966 0.169051 0.000010 0.006072 0.011358 0.017398
0.025713 0.008356 0.524236 0.282895 0.113283 0.020867 0.000679 0.011553 0.012418
0.024446 0.000010 0.505279 0.320014 0.122813 0.000010 0.004544 0.000010 0.022875
0.000010 0.006449 0.520155 0.306617 0.130654 0.008032 0.002549 0.010433 0.015101
0.000010 0.009461 0.524868 0.332228 0.116195 0.010500 0.002741 0.000010 0.003989
0.000164 0.007762 0.504043 0.349803 0.109723 0.000010 0.004352 0.019917 0.004225
0.004525 0.000010 0.504176 0.338322 0.124434 0.000011 0.000010 0.012517 0.015994
0.003226 0.018262 0.367778 0.350947 0.197514 0.026398 0.007845 0.000010 0.028019
0.015632 0.000010 0.287876 0.461770 0.167460 0.035912 0.000010 0.003633 0.027696
0.014966 0.002033 0.283236 0.446908 0.201847 0.018622 0.014619 0.000010 0.017760
0.007206 0.000010 0.324455 0.439965 0.176344 0.030511 0.005619 0.001916 0.013973
0.039524 0.000010 0.293143 0.432006 0.186057 0.045252 0.000010 0.003989 0.000010
0.013899 0.000010 0.265736 0.463848 0.200426 0.041179 0.003690 0.005258 0.005954
0.000010 0.003604 0.444950 0.366535 0.156215 0.017603 0.000010 0.002421 0.008652
0.002930 0.000010 0.707736 0.182739 0.073516 0.000010 0.005476 0.009950 0.017632
0.000010 0.000010 0.731452 0.206629 0.061859 0.000010 0.000010 0.000010 0.000010
0.000010 0.015919 0.417934 0.387113 0.135205 0.005049 0.007732 0.008320 0.022719
0.000010 0.010067 0.443523 0.378983 0.133999 0.014504 0.000010 0.006128 0.012775
0.007328 0.003610 0.755432 0.174235 0.031282 0.000010 0.004289 0.013628 0.010186
0.009522 0.000010 0.464273 0.347127 0.151100 0.016974 0.001538 0.000010 0.009447
0.000010 0.000010 0.616744 0.243246 0.102480 0.009916 0.000994 0.006294 0.020307
0.000010 0.000010 0.366808 0.384951 0.210043 0.016927 0.002795 0.000010 0.018445
0.000010 0.016792 0.414258 0.400216 0.146024 0.011618 0.003621 0.003853 0.003609
0.000010 0.000010 0.402059 0.392091 0.149746 0.030389 0.001909 0.005889 0.017896
0.008589 0.010924 0.357880 0.384234 0.181137 0.020139 0.000010 0.009894 0.027193
0.017366 0.005839 0.391255 0.405398 0.126755 0.035970 0.002674 0.002364 0.012379
0.027256 0.001444 0.371949 0.405964 0.173825 0.005247 0.000010 0.002566 0.011738
0.004992 0.006781 0.352454 0.402702 0.181168 0.029485 0.003530 0.008955 0.009932
0.011729 0.000010 0.153200 0.579808 0.219690 0.023375 0.000010 0.000582 0.011596
0.000010 0.022821 0.151649 0.526503 0.211082 0.064353 0.002157 0.001237 0.020188
0.000010 0.000010 0.148794 0.584573 0.252598 0.011595 0.000010 0.002400 0.000010
0.006932 0.010682 0.171701 0.526541 0.237503 0.034852 0.000010 0.002660 0.009118
0.001136 0.000010 0.149821 0.582757 0.220586 0.022695 0.008852 0.014133 0.000010
0.007892 0.002092 0.159673 0.534264 0.242412 0.037869 0.002669 0.007129 0.006001
0.022517 0.000010 0.163371 0.558665 0.192032 0.031651 0.000010 0.010482 0.021262
0.000010 0.001689 0.135158 0.617252 0.176026 0.055080 0.009426 0.005349 0.000010
0.000010 0.003348 0.185432 0.514050 0.241189 0.036086 0.000010 0.009095 0.010781
0.038522 0.012764 0.147893 0.560565 0.192955 0.031646 0.001866 0.001145 0.012645
0.018372 0.000010 0.000010 0.717162 0.000010 0.167728 0.005890 0.000010 0.090807
0.000010 0.000010 0.000010 0.737364 0.000010 0.158465 0.000010 0.000010 0.104111
0.000010 0.000010 0.000010 0.754293 0.000010 0.174399 0.000010 0.000010 0.071247
0.000010 0.000010 0.000010 0.712389 0.000010 0.191615 0.005204 0.000010 0.090743
0.007083 0.000172 0.000010 0.737497 0.000010 0.173540 0.003334 0.002667 0.075687
0.000010 0.000010 0.000010 0.733932 0.000010 0.170348 0.002367 0.000010 0.093303
0.026852 0.002256 0.000010 0.693709 0.000010 0.192266 0.000010 0.000010 0.084877
0.000010 0.000010 0.000010 0.739928 0.000010 0.173689 0.005077 0.006744 0.074521
0.000238 0.000010 0.000010 0.745443 0.000010 0.155686 0.000010 0.003700 0.094893
0.000010 0.000010 0.000010 0.725411 0.000010 0.177842 0.004516 0.009005 0.083186
0.022185 0.015739 0.000010 0.684658 0.098215 0.097475 0.006875 0.000010 0.074832
0.039054 0.007687 0.000010 0.722180 0.024774 0.089348 0.003324 0.001605 0.112018
0.027857 0.023110 0.000010 0.644842 0.109582 0.084385 0.002756 0.002508 0.104949
0.005415 0.015343 0.000010 0.653265 0.105214 0.103569 0.002787 0.004766 0.109631
0.014374 0.028034 0.000010 0.690913 0.046407 0.107751 0.006019 0.001839 0.104653
0.030061 0.011219 0.000010 0.697564 0.046800 0.102177 0.004910 0.004502 0.102757
0.006114 0.005100 0.000010 0.646911 0.124732 0.104617 0.003997 0.006376 0.102143
0.000010 0.018921 0.000010 0.687856 0.114681 0.084434 0.003784 0.003144 0.087158
0.000010 0.015268 0.017611 0.807717 0.015321 0.112043 0.011913 0.000010 0.020108
0.001043 0.018161 0.060640 0.730890 0.076445 0.100066 0.003968 0.008604 0.000183
0.019229 0.011055 0.092124 0.750837 0.019372 0.081868 0.003083 0.006334 0.016097
0.023070 0.013747 0.024037 0.808205 0.020103 0.079693 0.006814 0.000010 0.024319
0.000010 0.010340 0.018199 0.782664 0.059396 0.099375 0.007639 0.014195 0.008184
0.000010 0.004344 0.041461 0.737113 0.071845 0.113364 0.009924 0.000010 0.021929
0.015569 0.000010 0.052883 0.777165 0.009876 0.111909 0.011729 0.002063 0.018796
0.000010 0.008880 0.058473 0.717241 0.069517 0.110401 0.005620 0.010127 0.019731
0.000010 0.025899 0.034042 0.745153 0.063443 0.108335 0.000010 0.000010 0.023097
0.000010 0.019261 0.060948 0.728008 0.054698 0.106093 0.003608 0.000010 0.027364
0.005525 0.000010 0.089957 0.458759 0.364997 0.042185 0.000010 0.016553 0.022005
0.013652 0.012499 0.049214 0.476047 0.384392 0.039143 0.006208 0.003635 0.015210
0.000010 0.000010 0.038564 0.481295 0.421389 0.013666 0.005828 0.013753 0.025486
0.005329 0.022747 0.055995 0.430514 0.445375 0.024117 0.005068 0.001315 0.009539
0.034013 0.009022 0.051768 0.396431 0.431767 0.042315 0.005516 0.000010 0.029158
0.012230 0.000010 0.026798 0.476477 0.448955 0.005381 0.008764 0.000574 0.020811
0.017482 0.000010 0.063113 0.451016 0.448305 0.000715 0.001372 0.005836 0.012151
0.000010 0.021423 0.057229 0.430771 0.456842 0.016732 0.002251 0.006260 0.008481
0.014873 0.004257 0.052392 0.406048 0.467343 0.025603 0.000010 0.005955 0.023518
0.018258 0.015414 0.167789 0.381681 0.342385 0.032412 0.011087 0.000010 0.030963
0.036652 0.027529 0.125310 0.376938 0.356256 0.033454 0.007273 0.014284 0.022305
0.051431 0.000010 0.135833 0.350982 0.401019 0.001538 0.021249 0.013659 0.024279
0.033496 0.003643 0.179546 0.347091 0.338665 0.028607 0.000916 0.018802 0.049232
0.036076 0.011278 0.171378 0.431323 0.308924 0.017473 0.000010 0.003470 0.020068
0.016669 0.016329 0.144540 0.431345 0.336396 0.023999 0.006306 0.004338 0.020079
0.016285 0.016775 0.197760 0.379481 0.322359 0.024607 0.003900 0.005143 0.033692
0.010260 0.021311 0.116149 0.441422 0.359980 0.029921 0.000010 0.001774 0.019174
0.043274 0.017844 0.154543 0.385173 0.317265 0.034694 0.014240 0.000373 0.032595
0.051267 0.030031 0.167091 0.380997 0.328815 0.000010 0.000010 0.009608 0.032172
0.000010 0.000010 0.000010 0.000010 0.000010 0.999920 0.000010 0.000010 0.000010
0.000010 0.000010 0.000010 0.000010 0.000010 0.999920 0.000010 0.000010 0.000010
0.000010 0.000010 0.000010 0.502212 0.000010 0.497718 0.000010 0.000010 0.000010
0.011243 0.008296 0.158888 0.610364 0.179764 0.025980 0.005444 0.000010 0.000010
0.000010 0.000010 0.000010 0.000010 0.000010 0.999920 0.000010 0.000010 0.000010
0.000010 0.000010 0.000010 0.000011 0.000010 0.999919 0.000010 0.000010 0.000010
0.000010 0.000010 0.000010 0.453387 0.000010 0.546543 0.000010 0.000010 0.000010
0.000010 0.000010 0.299101 0.587740 0.057372 0.027980 0.009608 0.018169 0.000010
0.000010 0.000010 0.000010 0.000012 0.000010 0.999918 0.000010 0.000010 0.000010
0.000010 0.000010 0.000010 0.467590 0.000010 0.529285 0.000010 0.000010 0.003065
0.000010 0.000010 0.000010 0.463380 0.000010 0.525153 0.000010 0.000010 0.011407
0.016847 0.015364 0.296035 0.557497 0.070260 0.028894 0.011072 0.004021 0.000010
0.000010 0.000010 0.000010 0.474724 0.000010 0.500606 0.000010 0.000010 0.024610
0.000010 0.000010 0.000010 0.459328 0.000010 0.539494 0.000010 0.000010 0.001117
0.000010 0.000010 0.000010 0.000010 0.000010 0.999920 0.000010 0.000010 0.000010
0.000010 0.000010 0.000010 0.513614 0.000010 0.484882 0.000010 0.000010 0.001444
0.000010 0.000010 0.000010 0.000010 0.000010 0.999920 0.000010 0.000010 0.000010
0.000010 0.000010 0.000010 0.470106 0.000010 0.529824 0.000010 0.000010 0.000010
0.000010 0.000010 0.274638 0.531249 0.160629 0.033434 0.000010 0.000010 0.000010
0.000010 0.000010 0.000010 0.000010 0.000010 0.999920 0.000010 0.000010 0.000010
0.000010 0.000010 0.000010 0.507269 0.000010 0.491754 0.000010 0.000010 0.000916
0.022610 0.011593 0.282777 0.510676 0.110074 0.058347 0.000010 0.003904 0.000010
0.000019 0.000010 0.000010 0.000010 0.000010 0.999911 0.000010 0.000010 0.000010
0.000010 0.000010 0.000010 0.488539 0.000010 0.511391 0.000010 0.000010 0.000010
0.000249 0.000010 0.315652 0.550348 0.095172 0.035910 0.000010 0.002639 0.000010
0.000010 0.002608 0.000010 0.745327 0.000010 0.152741 0.002700 0.012824 0.083770
0.002803 0.017170 0.002213 0.755704 0.000010 0.128146 0.005553 0.000010 0.088391
0.000010 0.001247 0.000093 0.770643 0.000010 0.129208 0.013875 0.000010 0.084904
0.023337 0.000010 0.008564 0.729415 0.000010 0.153980 0.003024 0.005620 0.076041
0.007386 0.000010 0.019765 0.714392 0.000010 0.157499 0.007013 0.005413 0.088512
0.003907 0.013529 0.023593 0.691660 0.000010 0.155410 0.000010 0.009071 0.102810
0.000010 0.002598 0.004890 0.773383 0.000010 0.130006 0.000010 0.000010 0.089082
0.020198 0.000010 0.000010 0.726838 0.000010 0.162666 0.000010 0.000010 0.090248
0.017544 0.031721 0.030936 0.582882 0.046453 0.124695 0.014859 0.009139 0.141772
0.001366 0.009769 0.004051 0.698797 0.000010 0.161694 0.000010 0.006655 0.117649
0.000010 0.000010 0.000010 0.000010 0.000010 0.000010 0.000010 0.000010 0.999920
0.020649 0.033733 0.017477 0.526181 0.065114 0.146218 0.004733 0.016139 0.169756
0.003846 0.000342 0.050340 0.610807 0.089908 0.131593 0.003988 0.010766 0.098411
0.019336 0.012737 0.029639 0.538601 0.091460 0.128262 0.003598 0.015231 0.161138
0.006784 0.016644 0.052217 0.617409 0.038835 0.116707 0.004404 0.013426 0.133573
0.000010 0.000010 0.000010 0.000010 0.000010 0.000010 0.000010 0.000010 0.999920
0.000010 0.000010 0.000010 0.000010 0.000010 0.000010 0.000010 0.000010 0.999920
0.012697 0.017950 0.038460 0.551308 0.065409 0.141259 0.003949 0.020955 0.148013
0.000010 0.005040 0.804592 0.167994 0.017410 0.000010 0.000010 0.000010 0.004924
0.000010 0.000010 0.944994 0.025582 0.013175 0.005406 0.000010 0.000010 0.010803
0.000010 0.000010 0.999920 0.000010 0.000010 0.000010 0.000010 0.000010 0.000010
0.000010 0.000010 0.988398 0.000010 0.004117 0.007425 0.000010 0.000010 0.000010
0.000010 0.000010 0.991756 0.000010 0.000010 0.008174 0.000010 0.000010 0.000010
0.000010 0.000010 0.961801 0.000010 0.032137 0.000010 0.005996 0.000017 0.000010
0.006020 0.000010 0.993556 0.000010 0.000010 0.000364 0.000010 0.000010 0.000010
0.000010 0.000010 0.941256 0.052019 0.000010 0.000010 0.000010 0.006666 0.000010
0.000010 0.000010 0.999920 0.000010 0.000010 0.000010 0.000010 0.000010 0.000010
0.000010 0.000010 0.999920 0.000010 0.000010 0.000010 0.000010 0.000010 0.000010
0.000010 0.000010 0.999920 0.000010 0.000010 0.000010 0.000010 0.000010 0.000010
0.012415 0.000010 0.177950 0.403355 0.316021 0.032748 0.004879 0.012825 0.039797
0.021585 0.005531 0.181646 0.407460 0.269195 0.042281 0.010818 0.013933 0.047553
0.000196 0.000010 0.111721 0.405504 0.393560 0.035627 0.002151 0.007498 0.043733
0.000010 0.009702 0.146176 0.449767 0.315714 0.040187 0.000010 0.000010 0.038423
0.017913 0.011917 0.122136 0.343715 0.445079 0.005888 0.008617 0.010575 0.034159
0.343576 0.029005 0.016106 0.071119 0.491176 0.013875 0.005878 0.026843 0.002421
0.070458 0.041158 0.069503 0.143120 0.609142 0.000010 0.023370 0.027375 0.015865
0.516932 0.031547 0.000010 0.050253 0.351467 0.021679 0.021163 0.006939 0.000010
0.263509 0.024895 0.038818 0.099392 0.523504 0.000010 0.019301 0.030562 0.000010
0.034284 0.020094 0.055245 0.149136 0.707765 0.010302 0.005861 0.012330 0.004984
0.025102 0.000010 0.038875 0.183943 0.746321 0.000010 0.003510 0.002219 0.000010
0.024560 0.000602 0.063623 0.161749 0.707985 0.000010 0.008060 0.016024 0.017386
0.032989 0.007742 0.058057 0.169119 0.700457 0.011087 0.005161 0.015378 0.000010
0.032017 0.022108 0.037884 0.184040 0.704241 0.000010 0.006788 0.012900 0.000010
0.048891 0.009289 0.037962 0.134275 0.727352 0.002223 0.019164 0.006992 0.013852
0.064502 0.012812 0.061767 0.167645 0.669493 0.000010 0.010667 0.013094 0.000010
0.024050 0.000010 0.038459 0.187106 0.742771 0.000010 0.007574 0.000010 0.000010
0.018672 0.015145 0.043707 0.190540 0.718953 0.012660 0.000303 0.000010 0.000010
0.077749 0.023458 0.027344 0.162790 0.678278 0.000010 0.016251 0.012791 0.001329
0.019618 0.016397 0.064381 0.257576 0.635565 0.000010 0.000010 0.006433 0.000010
0.017033 0.006071 0.127121 0.248617 0.524147 0.018106 0.013061 0.006347 0.039497
0.039569 0.002493 0.061564 0.169609 0.710178 0.000010 0.000990 0.010125 0.005462
0.046269 0.025770 0.083426 0.204495 0.589572 0.000010 0.015277 0.011094 0.024086
0.002841 0.005306 0.168308 0.478533 0.284783 0.006829 0.008340 0.007431 0.037629
0.035784 0.013271 0.067873 0.199895 0.677131 0.000010 0.000060 0.005966 0.000010
0.028114 0.014520 0.110069 0.188887 0.625532 0.001498 0.018542 0.000665 0.012172
0.027856 0.030624 0.086342 0.258826 0.516324 0.017052 0.013419 0.022258 0.027299
0.061377 0.046048 0.016295 0.079915 0.707403 0.003600 0.036117 0.032957 0.016287
0.020201 0.033255 0.156672 0.147282 0.589657 0.000010 0.011157 0.019353 0.022414
0.071102 0.034994 0.032494 0.111626 0.661478 0.016576 0.026606 0.035689 0.009434
0.037753 0.012369 0.164530 0.194301 0.533307 0.000010 0.013610 0.009671 0.034450
0.101915 0.041978 0.040787 0.106260 0.644113 0.007275 0.016206 0.021498 0.019967
0.031237 0.002761 0.166489 0.141307 0.585614 0.013583 0.019178 0.003049 0.036783
0.057008 0.054761 0.054132 0.082110 0.653563 0.024836 0.021064 0.043284 0.009243
0.019736 0.000010 0.006986 0.294935 0.672850 0.000010 0.000010 0.000010 0.005454
0.061876 0.062986 0.047367 0.108641 0.656362 0.003112 0.009351 0.031999 0.018305
0.000010 0.000010 0.030366 0.304663 0.661480 0.000012 0.000010 0.000010 0.003439
0.050027 0.025517 0.043989 0.142693 0.688333 0.004763 0.014868 0.026636 0.003173
0.000010 0.000010 0.000010 0.323861 0.664843 0.007987 0.001297 0.000010 0.001972
0.044235 0.004366 0.185272 0.197699 0.494101 0.024357 0.008648 0.006473 0.034848
0.066264 0.058200 0.017091 0.071067 0.692884 0.003462 0.032535 0.036167 0.022331
0.022870 0.016877 0.041521 0.350723 0.497222 0.019078 0.002108 0.022343 0.027259
0.010613 0.013169 0.142361 0.205551 0.578544 0.006416 0.009085 0.023237 0.011025
0.076012 0.059691 0.010004 0.094005 0.672833 0.009101 0.023950 0.039925 0.014478
0.019465 0.024287 0.137886 0.192958 0.581457 0.005465 0.010379 0.019260 0.008843
0.035768 0.008906 0.044580 0.155441 0.735065 0.000200 0.010132 0.009898 0.000010
0.037050 0.019219 0.154213 0.423674 0.301555 0.012846 0.000174 0.001926 0.049343
0.020509 0.017727 0.081170 0.182704 0.684111 0.000811 0.009762 0.003195 0.000010
0.008128 0.000117 0.054641 0.358720 0.526660 0.039107 0.010374 0.000010 0.002243
0.034440 0.015295 0.068128 0.162155 0.699219 0.014596 0.000299 0.002771 0.003097
0.000010 0.000010 0.038579 0.347931 0.546010 0.050573 0.000010 0.000010 0.016867
0.092508 0.043404 0.020688 0.070928 0.680453 0.000010 0.028488 0.037158 0.026363
0.007611 0.000010 0.032046 0.222105 0.733726 0.001528 0.001424 0.000010 0.001539
0.044172 0.011318 0.059509 0.223361 0.635676 0.000010 0.011777 0.014167 0.000010
0.010473 0.000010 0.009813 0.224320 0.748881 0.000010 0.006001 0.000482 0.000010
0.068833 0.062377 0.037812 0.077317 0.655663 0.023783 0.024305 0.038532 0.011377
0.003239 0.000010 0.019889 0.253062 0.723760 0.000010 0.000010 0.000010 0.000010
0.000010 0.000010 0.033728 0.215237 0.743995 0.000010 0.000010 0.001681 0.005318
0.034661 0.026914 0.045497 0.105198 0.723449 0.000312 0.025420 0.022454 0.016095
0.000010 0.000010 0.128325 0.494369 0.297703 0.066091 0.000462 0.009863 0.003168
0.013845 0.009165 0.062812 0.295296 0.609046 0.007232 0.000010 0.000010 0.002584
0.058976 0.011641 0.044688 0.161303 0.695249 0.000010 0.005635 0.014199 0.008299
0.003030 0.010909 0.087804 0.689261 0.117535 0.075015 0.002322 0.000386 0.013738
0.018887 0.004514 0.030787 0.215891 0.683079 0.017130 0.013305 0.011089 0.005317
0.057571 0.059219 0.005913 0.085858 0.698296 0.009591 0.021756 0.027487 0.034309
0.000010 0.000010 0.007044 0.257974 0.734922 0.000010 0.000010 0.000010 0.000010
0.000010 0.000010 0.062240 0.190649 0.738526 0.000010 0.004095 0.004450 0.000010
0.078285 0.091902 0.039735 0.061801 0.617273 0.014462 0.034154 0.038000 0.024389
0.008852 0.000010 0.071209 0.306345 0.606888 0.000010 0.000010 0.006666 0.000010
0.023636 0.000432 0.042652 0.216012 0.717228 0.000010 0.000010 0.000010 0.000010
0.111707 0.051151 0.000010 0.094626 0.670964 0.013790 0.020952 0.030418 0.006382
0.000010 0.000010 0.052689 0.230281 0.677411 0.019425 0.003254 0.008596 0.008325
0.019179 0.007430 0.043494 0.133367 0.780070 0.000010 0.014154 0.000010 0.002287
0.080034 0.059806 0.064081 0.120911 0.605948 0.011244 0.022782 0.019719 0.015475
0.000394 0.000010 0.119881 0.600228 0.193309 0.069471 0.001539 0.000010 0.015158
0.020059 0.000010 0.048070 0.347527 0.560021 0.010796 0.009896 0.000010 0.003612
0.087057 0.074318 0.018656 0.083981 0.663893 0.021148 0.020659 0.022757 0.007530
0.009424 0.009484 0.082428 0.184146 0.685767 0.000010 0.009040 0.013590 0.006112
0.000010 0.000010 0.056015 0.649422 0.159203 0.102005 0.005821 0.000010 0.027503
0.070413 0.046458 0.000010 0.051875 0.726984 0.027944 0.034549 0.039322 0.002444
0.001437 0.000776 0.055929 0.186858 0.738409 0.000010 0.003902 0.003481 0.009199
0.015340 0.000010 0.095669 0.534369 0.258559 0.084044 0.000010 0.004838 0.007160
0.059865 0.036922 0.087729 0.148339 0.612444 0.013118 0.012476 0.020693 0.008413
0.020818 0.003121 0.069115 0.490927 0.341541 0.055011 0.000372 0.000010 0.019086
0.021206 0.000010 0.034594 0.196333 0.737687 0.000010 0.004374 0.000010 0.005774
0.063692 0.049385 0.033634 0.125005 0.650870 0.002797 0.016565 0.041800 0.016252
0.024195 0.029464 0.178480 0.193396 0.516940 0.018416 0.007279 0.001354 0.030476
0.013822 0.017638 0.070231 0.416694 0.417905 0.047366 0.000075 0.000010 0.016259
0.087290 0.052024 0.007947 0.049821 0.689755 0.029526 0.024170 0.049910 0.009558
0.020578 0.010203 0.147990 0.196165 0.589580 0.000010 0.006948 0.000827 0.027699
0.010974 0.005996 0.062133 0.562452 0.275880 0.058727 0.000010 0.000010 0.023819
0.070396 0.066605 0.014254 0.067639 0.696685 0.008713 0.020196 0.037174 0.018338
0.023234 0.010413 0.112810 0.188400 0.618670 0.019152 0.010184 0.007882 0.009254
0.037774 0.006030 0.082834 0.174115 0.670104 0.007857 0.003394 0.017882 0.000010
0.104498 0.055900 0.043122 0.076157 0.642369 0.000010 0.030782 0.031115 0.016047
0.028623 0.028615 0.088733 0.221038 0.582037 0.014440 0.009035 0.012576 0.014903
0.000010 0.000010 0.037092 0.285270 0.674144 0.000010 0.003444 0.000010 0.000010
0.101446 0.067592 0.016588 0.052753 0.684747 0.000010 0.027986 0.040560 0.008319
0.011274 0.014760 0.124675 0.279836 0.534572 0.002696 0.000010 0.008911 0.023266
0.000010 0.014955 0.084494 0.534587 0.262326 0.072104 0.010187 0.003487 0.017851
0.065470 0.054060 0.047616 0.086034 0.655845 0.021482 0.029517 0.037163 0.002814
0.009276 0.003170 0.147543 0.399034 0.394362 0.019108 0.000010 0.006708 0.020789
0.000010 0.000010 0.089908 0.170938 0.724847 0.000010 0.011376 0.002891 0.000010
0.073644 0.052618 0.041421 0.072517 0.651765 0.022699 0.023275 0.035634 0.026428
0.030436 0.015145 0.118397 0.202599 0.574474 0.014396 0.018620 0.002387 0.023545
0.000010 0.000010 0.039651 0.226444 0.733845 0.000010 0.000010 0.000010 0.000010
0.061100 0.071260 0.022224 0.084479 0.671388 0.009582 0.031794 0.027798 0.020375
0.005386 0.021314 0.108801 0.205527 0.616038 0.005900 0.015477 0.005626 0.015931
0.015558 0.000010 0.066151 0.427562 0.450920 0.018097 0.000010 0.004131 0.017560
0.088999 0.054762 0.000010 0.076162 0.657609 0.020811 0.026050 0.053567 0.022030
0.019697 0.020071 0.088600 0.212542 0.626230 0.000010 0.000010 0.012652 0.020188
0.013595 0.000160 0.069077 0.412190 0.466185 0.038763 0.000010 0.000010 0.000010
0.079811 0.061250 0.024692 0.077495 0.648582 0.002439 0.041339 0.050274 0.014117
0.006270 0.003132 0.106494 0.186192 0.664068 0.000010 0.005225 0.013755 0.014854
0.021874 0.000010 0.025493 0.226680 0.721567 0.000010 0.004345 0.000010 0.000010
0.052911 0.049444 0.039661 0.096192 0.681293 0.023079 0.014365 0.024119 0.018936
0.092841 0.027974 0.024000 0.115585 0.659485 0.003179 0.026028 0.034786 0.016123
0.007586 0.000010 0.053922 0.311986 0.613242 0.008753 0.000010 0.004481 0.000010
0.056444 0.062321 0.000390 0.070790 0.721863 0.012936 0.031491 0.038778 0.004988
0.007977 0.004379 0.104326 0.617805 0.161700 0.087576 0.000010 0.000010 0.016217
0.000010 0.000010 0.080088 0.648894 0.193014 0.047125 0.015918 0.003808 0.011134
0.019600 0.017931 0.116470 0.184173 0.634576 0.000010 0.006745 0.009806 0.010688
0.013928 0.000010 0.058173 0.158974 0.746396 0.000010 0.014831 0.000010 0.007668
0.000016 0.006474 0.158490 0.205154 0.572218 0.015546 0.000010 0.026144 0.015949
0.025513 0.006564 0.104053 0.248200 0.573051 0.012903 0.002963 0.006128 0.020625
0.008492 0.089111 0.000010 0.000010 0.756573 0.000010 0.051596 0.039479 0.054720
0.044420 0.093051 0.018610 0.053521 0.676102 0.000010 0.034156 0.042458 0.037670
0.032940 0.094908 0.020175 0.004041 0.708426 0.017825 0.033254 0.057318 0.031112
0.015768 0.092300 0.027703 0.000010 0.705869 0.000534 0.046373 0.047466 0.063977
0.060178 0.066606 0.027300 0.029675 0.680806 0.026392 0.052539 0.037052 0.019451
0.056352 0.056433 0.034373 0.073017 0.676815 0.018180 0.037145 0.029226 0.018459
0.058437 0.058872 0.025479 0.030664 0.713547 0.013107 0.044254 0.040708 0.014932
0.074890 0.090899 0.002054 0.000010 0.716261 0.019362 0.041486 0.027529 0.027508
0.081464 0.070737 0.021649 0.040691 0.680525 0.019754 0.046460 0.031295 0.007426
0.041488 0.082838 0.000010 0.001096 0.728007 0.032417 0.036859 0.040326 0.036959
0.071850 0.062344 0.000010 0.000010 0.718100 0.022891 0.036534 0.046714 0.041548
0.017281 0.073536 0.000010 0.000010 0.783650 0.025646 0.030365 0.043279 0.026223
0.038442 0.071772 0.000010 0.000010 0.723247 0.046071 0.038299 0.039524 0.042626
0.063989 0.041865 0.024543 0.054767 0.708649 0.017395 0.026662 0.032638 0.029492
0.072548 0.084697 0.000010 0.000010 0.706864 0.015716 0.027606 0.050135 0.042414
0.033928 0.078845 0.000010 0.000010 0.760320 0.023239 0.031616 0.037618 0.034415
0.060704 0.083992 0.000010 0.000010 0.701471 0.038449 0.022205 0.054741 0.038418
0.075245 0.076536 0.000010 0.005428 0.716120 0.024223 0.036548 0.042812 0.023077
0.020196 0.077337 0.000010 0.000010 0.793293 0.026365 0.021705 0.045672 0.015412
0.022242 0.083216 0.000010 0.000010 0.759873 0.033871 0.019390 0.050477 0.030913
0.052259 0.086718 0.000010 0.009164 0.722529 0.024434 0.038542 0.038342 0.028001
0.058956 0.058143 0.043023 0.057387 0.673889 0.017184 0.029466 0.037578 0.024374
0.033517 0.036757 0.001556 0.000010 0.791567 0.043376 0.041851 0.037607 0.013759
0.005335 0.044460 0.000010 0.000010 0.844493 0.028823 0.022920 0.043329 0.010621
0.042589 0.059228 0.000010 0.000010 0.792109 0.036433 0.029214 0.019459 0.020947
0.000010 0.043050 0.000010 0.000010 0.870140 0.022574 0.021357 0.034931 0.007919
0.041664 0.047696 0.000010 0.000010 0.781441 0.036227 0.033624 0.039606 0.019723
0.018759 0.045013 0.009092 0.000010 0.794373 0.039264 0.028542 0.038674 0.026273
0.010651 0.031222 0.012559 0.019038 0.824961 0.024991 0.022071 0.039318 0.015190
