0.819694 0.074105 0.106201
0.824185 0.067921 0.107894
0.999980 0.000010 0.000010
0.999980 0.000010 0.000010
0.999279 0.000711 0.000010
0.999980 0.000010 0.000010
0.865424 0.091682 0.042894
0.999980 0.000010 0.000010
0.999980 0.000010 0.000010
0.999980 0.000010 0.000010
0.999980 0.000010 0.000010
0.999980 0.000010 0.000010
0.906409 0.093581 0.000010
0.997964 0.002026 0.000010
0.999980 0.000010 0.000010
0.990430 0.009560 0.000010
0.996860 0.003130 0.000010
0.999980 0.000010 0.000010
0.999980 0.000010 0.000010
0.843894 0.101294 0.054811
0.965576 0.034414 0.000010
0.972391 0.024469 0.003140
0.999980 0.000010 0.000010
0.999980 0.000010 0.000010
0.999475 0.000010 0.000515
0.999980 0.000010 0.000010
0.999980 0.000010 0.000010
0.867080 0.055563 0.077357
0.999980 0.000010 0.000010
0.711306 0.229004 0.059690
0.836494 0.101036 0.062470
0.774305 0.165885 0.059810
0.399310 0.444456 0.156234
0.396071 0.452951 0.150977
0.456490 0.395146 0.148364
0.391233 0.453083 0.155684
0.386472 0.434281 0.179246
0.258986 0.549718 0.191296
0.402888 0.447550 0.149562
0.254139 0.454750 0.291111
0.298513 0.378101 0.323386
0.356040 0.373685 0.270275
0.222180 0.448990 0.328830
0.341385 0.387269 0.271347
0.276752 0.425443 0.297805
0.267158 0.434944 0.297898
0.259019 0.367314 0.373667
0.515394 0.257599 0.227007
0.509239 0.267152 0.223609
0.497449 0.254655 0.247896
0.531236 0.255637 0.213128
0.484665 0.279164 0.236171
0.487299 0.274096 0.238605
0.506398 0.268797 0.224805
0.489644 0.280570 0.229786
0.512724 0.234882 0.252394
0.574284 0.202402 0.223314
0.538399 0.271884 0.189717
0.498371 0.255596 0.246033
0.898564 0.100004 0.001432
0.483884 0.287365 0.228751
0.470007 0.260506 0.269487
0.000010 0.999980 0.000010
0.000010 0.999980 0.000010
0.000010 0.999980 0.000010
0.000010 0.999980 0.000010
0.021451 0.938617 0.039932
0.000010 0.999980 0.000010
0.000010 0.999980 0.000010
0.000010 0.999980 0.000010
0.000010 0.999980 0.000010
0.000010 0.967857 0.032133
0.000010 0.999980 0.000010
0.000010 0.929362 0.070628
0.073898 0.869929 0.056173
0.000010 0.999980 0.000010
0.167330 0.131437 0.701233
0.148367 0.154211 0.697422
0.186446 0.122823 0.690731
0.155418 0.183715 0.660866
0.186056 0.099269 0.714676
0.181379 0.169641 0.648980
0.169986 0.135909 0.694105
0.192060 0.103547 0.704394
0.090567 0.518754 0.390679
0.114337 0.508610 0.377053
0.097871 0.531622 0.370507
0.098238 0.519305 0.382457
0.090978 0.499153 0.409869
0.110853 0.498058 0.391089
0.116373 0.523869 0.359758
0.096298 0.527887 0.375814
0.100121 0.518340 0.381539
0.085953 0.542953 0.371094
0.091156 0.523615 0.385229
0.112597 0.498753 0.388650
0.093754 0.522798 0.383448
0.106317 0.535470 0.358212
0.118392 0.497051 0.384558
0.111734 0.517780 0.370486
0.100718 0.503891 0.395392
0.094939 0.516362 0.388698
0.107951 0.512412 0.379637
0.068479 0.531619 0.399902
0.088915 0.539561 0.371524
0.087706 0.548762 0.363532
0.092876 0.506471 0.400653
0.076284 0.543514 0.380202
0.123455 0.494658 0.381887
0.109060 0.465796 0.425144
0.096741 0.236415 0.666844
0.169516 0.319071 0.511413
0.106068 0.203612 0.690320
0.245239 0.332219 0.422542
0.190998 0.322041 0.486961
0.154544 0.230927 0.614528
0.090465 0.192611 0.716924
0.196261 0.297092 0.506647
0.197609 0.335093 0.467298
0.170658 0.239055 0.590287
0.086365 0.222469 0.691166
0.119524 0.276053 0.604423
0.110574 0.526732 0.362694
0.105365 0.516139 0.378496
0.117593 0.275660 0.606747
0.099985 0.207284 0.692730
0.144896 0.225084 0.630019
0.184936 0.350719 0.464345
0.173499 0.330689 0.495812
0.116110 0.207301 0.676589
0.146787 0.280107 0.573106
0.079299 0.221183 0.699519
0.117011 0.223140 0.659849
0.117294 0.196651 0.686055
0.132746 0.291498 0.575756
0.112650 0.499596 0.387754
0.224710 0.320622 0.454669
0.125028 0.265827 0.609145
0.186248 0.255540 0.558212
0.115139 0.223219 0.661642
0.084216 0.211497 0.704286
0.169476 0.327284 0.503241
0.145651 0.250888 0.603461
0.142469 0.246240 0.611290
0.204244 0.356719 0.439038
0.189096 0.321587 0.489317
0.171087 0.237807 0.591106
0.217633 0.258107 0.524260
0.168004 0.246314 0.585682
0.187532 0.265424 0.547044
0.204478 0.289894 0.505628
0.161616 0.298525 0.539859
0.149948 0.272633 0.577419
0.204840 0.255503 0.539657
0.175997 0.238111 0.585892
0.205766 0.293654 0.500580
0.350201 0.275411 0.374388
0.404381 0.235914 0.359706
0.414307 0.234393 0.351300
0.579232 0.270208 0.150560
0.425704 0.259018 0.315278
0.412674 0.234598 0.352728
0.380423 0.246227 0.373350
0.447178 0.220157 0.332665
0.219631 0.270542 0.509827
0.405392 0.254739 0.339869
0.188032 0.206564 0.605404
0.195474 0.238564 0.565963
0.194846 0.213115 0.592039
0.202973 0.219121 0.577906
0.193263 0.213630 0.593107
0.187392 0.218050 0.594558
0.180402 0.241069 0.578529
0.173111 0.240811 0.586078
0.193463 0.216981 0.589555
0.189990 0.217184 0.592826
0.087038 0.876003 0.036959
0.169779 0.613688 0.216533
0.119856 0.697635 0.182509
0.079213 0.824268 0.096519
0.127148 0.731378 0.141474
0.151758 0.649233 0.199009
0.098518 0.745173 0.156309
0.038374 0.928842 0.032785
0.160286 0.604781 0.234934
0.132690 0.670973 0.196337
0.156788 0.600453 0.242759
0.185917 0.588439 0.225644
0.153220 0.640990 0.205790
0.151555 0.638015 0.210430
0.138436 0.654061 0.207503
0.119982 0.657828 0.222190
0.148939 0.640903 0.210158
0.138991 0.645450 0.215559
0.214621 0.516331 0.269048
0.189072 0.456607 0.354321
0.229022 0.452532 0.318446
0.185989 0.492177 0.321833
0.212950 0.461942 0.325108
0.212590 0.438386 0.349025
0.151209 0.595348 0.253443
0.082529 0.797520 0.119951
0.048342 0.824629 0.127029
0.172757 0.564043 0.263200
0.152560 0.581490 0.265950
0.069833 0.841618 0.088549
0.149160 0.606868 0.243971
0.099540 0.721890 0.178570
0.189086 0.535297 0.275618
0.163230 0.571628 0.265142
0.147481 0.556809 0.295710
0.204223 0.513894 0.281883
0.158354 0.533854 0.307792
0.199545 0.527269 0.273185
0.199088 0.509085 0.291827
0.235293 0.357468 0.407239
0.234325 0.336011 0.429664
0.246697 0.362282 0.391021
0.249932 0.361580 0.388487
0.246671 0.350870 0.402459
0.260037 0.347560 0.392402
0.232013 0.357183 0.410804
0.211348 0.327225 0.461427
0.236558 0.382714 0.380728
0.251946 0.344882 0.403172
0.101624 0.142484 0.755892
0.086920 0.132592 0.780488
0.071511 0.115570 0.812920
0.074057 0.101861 0.824082
0.100126 0.133821 0.766053
0.070055 0.120035 0.809910
0.099571 0.120752 0.779677
0.096622 0.149113 0.754265
0.086652 0.141122 0.772226
0.092869 0.125174 0.781957
0.214446 0.152009 0.633545
0.190653 0.132822 0.676525
0.245039 0.137991 0.616970
0.221708 0.126046 0.652246
0.195519 0.125955 0.678526
0.212411 0.103967 0.683622
0.210869 0.165070 0.624061
0.198828 0.177119 0.624053
0.111799 0.212901 0.675299
0.156224 0.250418 0.593357
0.129663 0.276141 0.594196
0.140399 0.224292 0.635308
0.153927 0.208065 0.638008
0.145695 0.226567 0.627738
0.115287 0.232696 0.652016
0.141251 0.248510 0.610239
0.146467 0.223107 0.630426
0.136315 0.244228 0.619457
0.345089 0.293303 0.361608
0.381069 0.254455 0.364476
0.386476 0.263314 0.350209
0.417425 0.268310 0.314265
0.422218 0.248025 0.329757
0.418427 0.241533 0.340041
0.410186 0.280553 0.309262
0.418816 0.276264 0.304920
0.429341 0.258860 0.311799
0.341920 0.351358 0.306723
0.399178 0.301738 0.299083
0.433172 0.322901 0.243926
0.361444 0.342643 0.295913
0.327844 0.357831 0.314325
0.344666 0.334645 0.320690
0.329867 0.373337 0.296796
0.354249 0.310747 0.335004
0.365083 0.320921 0.313996
0.380580 0.347770 0.271649
0.000010 0.000010 0.999980
0.000010 0.000010 0.999980
0.000010 0.003822 0.996168
0.218307 0.363346 0.418347
0.000010 0.000010 0.999980
0.000010 0.000010 0.999980
0.000010 0.023126 0.976864
0.127115 0.478023 0.394862
0.000010 0.000010 0.999980
0.000010 0.009346 0.990644
0.000010 0.009126 0.990864
0.149483 0.464923 0.385594
0.000010 0.042123 0.957867
0.000010 0.019718 0.980272
0.000010 0.000010 0.999980
0.000010 0.051807 0.948183
0.000010 0.000010 0.999980
0.000010 0.001688 0.998302
0.162858 0.467060 0.370083
0.000010 0.000010 0.999980
0.000010 0.037501 0.962489
0.165447 0.454912 0.379641
0.000010 0.000010 0.999980
0.000010 0.028765 0.971225
0.121893 0.494052 0.384055
0.113087 0.156895 0.730018
0.118699 0.168441 0.712860
0.098339 0.170683 0.730978
0.107984 0.168839 0.723177
0.101609 0.170214 0.728177
0.106661 0.176782 0.716557
0.090352 0.175885 0.733763
0.096870 0.153420 0.749710
0.204471 0.161610 0.633919
0.109997 0.153786 0.736217
0.191117 0.106841 0.702042
0.221581 0.141243 0.637176
0.169922 0.198544 0.631534
0.215537 0.161694 0.622769
0.168606 0.193088 0.638306
0.199037 0.079073 0.721890
0.208341 0.082202 0.709457
0.199540 0.167415 0.633045
0.025960 0.876873 0.097167
0.000010 0.977342 0.022648
0.000010 0.999980 0.000010
0.000010 0.999980 0.000010
0.000010 0.999980 0.000010
0.012521 0.987469 0.000010
0.000010 0.999980 0.000010
0.000010 0.988929 0.011061
0.000010 0.999980 0.000010
0.000010 0.999980 0.000010
0.000010 0.999980 0.000010
0.316790 0.357681 0.325529
0.307787 0.349427 0.342786
0.363489 0.301577 0.334934
0.291904 0.341613 0.366483
0.432060 0.310723 0.257218
0.556705 0.264530 0.178765
0.597491 0.201969 0.200540
0.553523 0.256038 0.190439
0.609369 0.228702 0.161929
0.566440 0.223640 0.209920
0.555360 0.251102 0.193538
0.580803 0.221812 0.197385
0.536788 0.254816 0.208396
0.642327 0.219079 0.138594
0.594556 0.247472 0.157972
0.567938 0.219279 0.212783
0.605703 0.209611 0.184686
0.791992 0.137996 0.070012
0.648926 0.247608 0.103465
0.847029 0.084625 0.068346
0.756341 0.180708 0.062950
0.630566 0.256912 0.112522
0.618040 0.266939 0.115021
0.612262 0.286834 0.100904
0.614536 0.265338 0.120125
0.632549 0.255065 0.112386
0.656766 0.240779 0.102455
0.621818 0.272201 0.105981
0.622947 0.268189 0.108864
0.594770 0.274188 0.131042
0.667587 0.230974 0.101439
0.554384 0.291099 0.154516
0.476801 0.309626 0.213573
0.616496 0.275559 0.107945
0.577449 0.274879 0.147673
0.293905 0.360795 0.345299
0.595735 0.286999 0.117266
0.559048 0.302702 0.138250
0.525572 0.262688 0.211740
0.734626 0.190380 0.074994
0.552192 0.333654 0.114154
0.694524 0.206093 0.099384
0.508365 0.346239 0.145396
0.693868 0.208967 0.097165
0.522199 0.346038 0.131763
0.695416 0.209610 0.094975
0.556476 0.241105 0.202420
0.689176 0.218145 0.092679
0.524020 0.268936 0.207044
0.656844 0.234424 0.108732
0.534029 0.224242 0.241729
0.465369 0.350902 0.183729
0.745230 0.182605 0.072165
0.484001 0.247020 0.268980
0.516186 0.332452 0.151362
0.735617 0.176032 0.088351
0.538313 0.319101 0.142586
0.639086 0.255487 0.105427
0.345793 0.328821 0.325386
0.594315 0.287817 0.117868
0.456918 0.264456 0.278626
0.600894 0.275472 0.123633
0.434620 0.261035 0.304346
0.740181 0.186974 0.072846
0.585253 0.266786 0.147960
0.596194 0.264460 0.139347
0.612411 0.249320 0.138269
0.712796 0.198809 0.088395
0.569395 0.270069 0.160536
0.590669 0.261003 0.148328
0.683867 0.230345 0.085789
0.278933 0.322350 0.398717
0.518732 0.275182 0.206086
0.644800 0.250688 0.104512
0.174163 0.276497 0.549340
0.596502 0.245322 0.158175
0.722677 0.179286 0.098038
0.588292 0.264246 0.147463
0.593118 0.300295 0.106587
0.731613 0.186251 0.082137
0.503738 0.314755 0.181507
0.593657 0.278838 0.127505
0.749260 0.158396 0.092343
0.541285 0.278957 0.179759
0.654278 0.260147 0.085575
0.666311 0.228686 0.105003
0.207179 0.309656 0.483165
0.488749 0.269933 0.241318
0.725214 0.185381 0.089404
0.586855 0.297527 0.115618
0.193519 0.241622 0.564859
0.759562 0.163857 0.076581
0.589787 0.284913 0.125299
0.265551 0.286698 0.447752
0.619821 0.256932 0.123247
0.334341 0.266446 0.399213
0.610708 0.261123 0.128170
0.697988 0.202195 0.099818
0.479318 0.353294 0.167388
0.393528 0.268818 0.337654
0.750324 0.174136 0.075539
0.515746 0.337583 0.146670
0.283899 0.262959 0.453142
0.743012 0.182309 0.074679
0.540919 0.309605 0.149476
0.593191 0.290338 0.116472
0.734721 0.196410 0.068869
0.550151 0.276092 0.173757
0.529643 0.285492 0.184865
0.778876 0.175819 0.045305
0.475064 0.321090 0.203846
0.284236 0.271226 0.444538
0.701132 0.211848 0.087020
0.361598 0.341528 0.296874
0.586543 0.307439 0.106017
0.701476 0.199594 0.098929
0.527852 0.307018 0.165131
0.574239 0.290570 0.135191
0.730315 0.181343 0.088342
0.541360 0.300028 0.158612
0.405908 0.280076 0.314016
0.750959 0.153746 0.095295
0.558692 0.291858 0.149450
0.409173 0.280586 0.310240
0.748528 0.179883 0.071588
0.555385 0.313407 0.131208
0.601519 0.262357 0.136124
0.678387 0.214692 0.106921
0.713038 0.189279 0.097684
0.508752 0.280603 0.210645
0.755334 0.173077 0.071589
0.194282 0.290325 0.515394
0.226843 0.284813 0.488343
0.558432 0.312699 0.128869
0.615086 0.281977 0.102937
0.493214 0.347840 0.158946
0.507310 0.305156 0.187534
0.806770 0.162495 0.030735
0.751248 0.178790 0.069962
0.775599 0.167960 0.056441
0.785039 0.179264 0.035697
0.753852 0.175838 0.070310
0.719164 0.191346 0.089490
0.762992 0.179788 0.057220
0.799755 0.147921 0.052324
0.766434 0.172353 0.061212
0.782097 0.133586 0.084317
0.793891 0.139410 0.066699
0.793612 0.154475 0.051913
0.770104 0.145019 0.084877
0.727149 0.186150 0.086700
0.812854 0.119630 0.067516
0.808168 0.128083 0.063748
0.802377 0.091547 0.106076
0.796235 0.140029 0.063736
0.820668 0.127224 0.052108
0.782120 0.136925 0.080954
0.801495 0.116294 0.082211
0.718949 0.202611 0.078440
0.762421 0.166775 0.070804
0.796423 0.139509 0.064069
0.771771 0.152208 0.076022
0.801162 0.149615 0.049222
0.797853 0.138455 0.063692
0.756345 0.177187 0.066468
0.746377 0.185205 0.068418
0.775330 0.146787 0.077882
0.751015 0.167060 0.081925
0.786731 0.163218 0.050051
0.776620 0.186012 0.037368
0.744964 0.169370 0.085665
0.688790 0.193064 0.118147
0.726398 0.176094 0.097508
0.703828 0.223580 0.072591
0.999980 0.000010 0.000010
0.999980 0.000010 0.000010
0.924780 0.052625 0.022596
0.936824 0.059247 0.003928
0.982229 0.015539 0.002232
0.959569 0.011485 0.028946
0.999980 0.000010 0.000010
0.940919 0.043959 0.015122
0.966195 0.003113 0.030691
0.920668 0.050750 0.028582
0.932758 0.053297 0.013945
0.951101 0.048889 0.000010
0.999980 0.000010 0.000010
0.956456 0.043534 0.000010
0.999980 0.000010 0.000010
0.985880 0.014110 0.000010
0.985679 0.014311 0.000010
0.999980 0.000010 0.000010
0.927966 0.057740 0.014294
0.916754 0.063057 0.020189
0.944308 0.036883 0.018809
0.956668 0.040647 0.002685
