0.000010 0.452947 0.458909 0.032809 0.024676 0.030650
0.000010 0.461960 0.489656 0.000010 0.048355 0.000010
0.000010 0.999950 0.000010 0.000010 0.000010 0.000010
0.000010 0.805904 0.000010 0.194056 0.000010 0.000010
0.000010 0.684522 0.230040 0.085409 0.000010 0.000010
0.000010 0.644568 0.283043 0.072359 0.000010 0.000010
0.000010 0.380366 0.604836 0.014768 0.000010 0.000010
0.000010 0.999950 0.000010 0.000010 0.000010 0.000010
0.000010 0.646579 0.274780 0.078611 0.000010 0.000010
0.000010 0.687605 0.286690 0.025674 0.000010 0.000010
0.000010 0.745725 0.246052 0.008193 0.000010 0.000010
0.000010 0.999950 0.000010 0.000010 0.000010 0.000010
0.103039 0.656215 0.188638 0.049475 0.002623 0.000010
0.000010 0.999950 0.000010 0.000010 0.000010 0.000010
0.000010 0.999950 0.000010 0.000010 0.000010 0.000010
0.000010 0.999950 0.000010 0.000010 0.000010 0.000010
0.000010 0.999950 0.000010 0.000010 0.000010 0.000010
0.000010 0.999950 0.000010 0.000010 0.000010 0.000010
0.000010 0.999947 0.000013 0.000010 0.000010 0.000010
0.000010 0.519452 0.412091 0.010607 0.000010 0.057830
0.000010 0.999950 0.000010 0.000010 0.000010 0.000010
0.000010 0.999950 0.000010 0.000010 0.000010 0.000010
0.000010 0.999950 0.000010 0.000010 0.000010 0.000010
0.000010 0.999946 0.000014 0.000010 0.000010 0.000010
0.000010 0.706724 0.293236 0.000010 0.000010 0.000010
0.000010 0.999950 0.000010 0.000010 0.000010 0.000010
0.000010 0.999950 0.000010 0.000010 0.000010 0.000010
0.000010 0.775293 0.137878 0.000010 0.000010 0.086799
0.000010 0.687331 0.286068 0.026571 0.000010 0.000010
0.124240 0.365150 0.206865 0.168541 0.000010 0.135195
0.000010 0.318149 0.607035 0.055881 0.018916 0.000010
0.061989 0.441240 0.459160 0.000010 0.027586 0.010015
0.207279 0.000010 0.664208 0.000010 0.072862 0.055632
0.014639 0.041588 0.633296 0.000010 0.000010 0.310457
0.197599 0.083806 0.409176 0.000010 0.000010 0.309399
0.215458 0.000010 0.349473 0.000010 0.116808 0.318241
0.319239 0.000010 0.680721 0.000010 0.000010 0.000010
0.000010 0.000010 0.232691 0.000010 0.000010 0.767269
0.520873 0.002131 0.000010 0.117473 0.222405 0.137108
0.037341 0.000017 0.431922 0.050309 0.000010 0.480402
0.338341 0.000010 0.661619 0.000010 0.000010 0.000010
0.284143 0.000010 0.666588 0.000010 0.049238 0.000010
0.207975 0.051463 0.452475 0.000010 0.000010 0.288067
0.465426 0.000010 0.534534 0.000010 0.000010 0.000010
0.183851 0.000010 0.716363 0.000010 0.099756 0.000010
0.056263 0.000010 0.590077 0.000010 0.000010 0.353630
0.240698 0.014051 0.361589 0.000010 0.000010 0.383642
0.215632 0.000010 0.719292 0.000010 0.023519 0.041537
0.331012 0.014440 0.295144 0.069015 0.000010 0.290379
0.194364 0.005855 0.412222 0.000010 0.000010 0.387539
0.546642 0.085095 0.286276 0.000010 0.000010 0.081967
0.186329 0.000010 0.513707 0.028225 0.000010 0.271719
0.164080 0.000010 0.654573 0.000010 0.000010 0.181317
0.191910 0.000010 0.625665 0.000010 0.000010 0.182395
0.161604 0.026484 0.644311 0.000010 0.000010 0.167582
0.198828 0.000010 0.633682 0.000010 0.000010 0.167460
0.161117 0.000010 0.635036 0.000010 0.000010 0.203817
0.344059 0.032347 0.365112 0.000010 0.000010 0.258463
0.168130 0.000010 0.697926 0.000010 0.000010 0.133914
0.160710 0.000010 0.460353 0.000010 0.000010 0.378907
0.137770 0.000010 0.429592 0.002773 0.000010 0.429844
0.096684 0.000010 0.543776 0.000010 0.000010 0.359510
0.198081 0.000010 0.346480 0.000010 0.000010 0.455410
0.144546 0.009652 0.485376 0.000010 0.000010 0.360407
0.193393 0.000010 0.442197 0.000010 0.000010 0.364379
0.198180 0.000010 0.429165 0.000010 0.000010 0.372625
0.129922 0.000010 0.410132 0.000010 0.000010 0.459916
0.063798 0.058350 0.585337 0.037092 0.004381 0.251043
0.083588 0.066677 0.574123 0.026969 0.004410 0.244233
0.068119 0.047342 0.560989 0.041362 0.000010 0.282177
0.061538 0.060362 0.599542 0.037307 0.000010 0.241240
0.067436 0.034461 0.596857 0.020612 0.000010 0.280625
0.075469 0.036128 0.587556 0.031633 0.000010 0.269204
0.060306 0.026936 0.625794 0.036887 0.000420 0.249657
0.079037 0.055472 0.568873 0.024262 0.000010 0.272346
0.021899 0.044305 0.658638 0.000010 0.006069 0.269079
0.072647 0.161231 0.449025 0.072910 0.041023 0.203165
0.111113 0.108160 0.507223 0.056673 0.000010 0.216820
0.047360 0.038212 0.634899 0.007425 0.000010 0.272095
0.000010 0.065482 0.357776 0.576712 0.000010 0.000010
0.083951 0.034376 0.606194 0.014680 0.000010 0.260790
0.065665 0.039885 0.561721 0.026062 0.008426 0.298241
0.999950 0.000010 0.000010 0.000010 0.000010 0.000010
0.999950 0.000010 0.000010 0.000010 0.000010 0.000010
0.999950 0.000010 0.000010 0.000010 0.000010 0.000010
0.999950 0.000010 0.000010 0.000010 0.000010 0.000010
0.892301 0.000010 0.041784 0.008173 0.001812 0.055921
0.999950 0.000010 0.000010 0.000010 0.000010 0.000010
0.998805 0.000010 0.000010 0.000010 0.001155 0.000010
0.999950 0.000010 0.000010 0.000010 0.000010 0.000010
0.999950 0.000010 0.000010 0.000010 0.000010 0.000010
0.946575 0.000010 0.006109 0.000010 0.013641 0.033655
0.999950 0.000010 0.000010 0.000010 0.000010 0.000010
0.899935 0.000018 0.000010 0.012532 0.012777 0.074728
0.809939 0.002562 0.113256 0.000010 0.000010 0.074224
0.999950 0.000010 0.000010 0.000010 0.000010 0.000010
0.013535 0.032347 0.071342 0.028699 0.109395 0.744682
0.031836 0.038796 0.059252 0.017248 0.125528 0.727339
0.005629 0.055635 0.069008 0.024350 0.108565 0.736812
0.065211 0.038278 0.067638 0.019426 0.097262 0.712185
0.000010 0.066946 0.021581 0.025721 0.086122 0.799620
0.045086 0.033093 0.095363 0.031419 0.106413 0.688626
0.024980 0.055511 0.021256 0.041927 0.107056 0.749270
0.000010 0.073396 0.022204 0.037984 0.112245 0.754160
0.391440 0.000010 0.108994 0.000010 0.030326 0.469220
0.364930 0.000010 0.153131 0.000010 0.021052 0.460867
0.406338 0.000010 0.108833 0.009692 0.027879 0.447249
0.387066 0.000010 0.124836 0.000010 0.032097 0.455981
0.371999 0.000010 0.089238 0.013014 0.029500 0.496239
0.352726 0.000010 0.152835 0.000010 0.037381 0.457038
0.399384 0.004593 0.106868 0.019194 0.016128 0.453833
0.397678 0.012985 0.105930 0.000010 0.031940 0.451457
0.378966 0.000010 0.118196 0.009249 0.004755 0.488824
0.412711 0.000010 0.117685 0.000010 0.033164 0.436420
0.403428 0.007796 0.094783 0.003031 0.044966 0.445996
0.366305 0.000010 0.137217 0.007199 0.048860 0.440409
0.364757 0.000010 0.146236 0.000010 0.010940 0.478048
0.401811 0.001572 0.137529 0.000010 0.014816 0.444261
0.361195 0.000010 0.139803 0.006082 0.025187 0.467722
0.400142 0.016232 0.103243 0.006374 0.040036 0.433974
0.371132 0.000010 0.105489 0.023743 0.032927 0.466700
0.374963 0.000010 0.124893 0.000010 0.023390 0.476734
0.376686 0.000224 0.146091 0.000010 0.033298 0.443691
0.402174 0.000010 0.091333 0.000010 0.042785 0.463688
0.404112 0.000010 0.107962 0.000010 0.004643 0.483263
0.399303 0.000010 0.124288 0.000010 0.000010 0.476380
0.362329 0.000010 0.130145 0.000010 0.028867 0.478640
0.405378 0.000010 0.110046 0.000010 0.024106 0.460450
0.363658 0.018586 0.115865 0.007995 0.024999 0.468896
0.331638 0.000010 0.132005 0.000010 0.053749 0.482588
0.095579 0.003102 0.093463 0.000010 0.125683 0.682163
0.147810 0.000010 0.231353 0.000010 0.074112 0.546704
0.059814 0.000010 0.098276 0.000010 0.126439 0.715451
0.163033 0.000010 0.321507 0.005688 0.043191 0.466572
0.158734 0.000010 0.220537 0.012768 0.045135 0.562816
0.081012 0.004207 0.148370 0.008559 0.098427 0.659425
0.054313 0.000010 0.052395 0.016198 0.132176 0.744908
0.120956 0.000010 0.240900 0.008049 0.044070 0.586016
0.170095 0.007707 0.243240 0.001520 0.047005 0.530434
0.084176 0.001642 0.169622 0.018224 0.083489 0.642848
0.076466 0.000010 0.074536 0.003671 0.122346 0.722972
0.131425 0.007173 0.121683 0.000010 0.102360 0.637349
0.394686 0.007400 0.124656 0.001225 0.020974 0.451058
0.383569 0.000010 0.113855 0.014746 0.012045 0.475774
0.117250 0.000010 0.134395 0.000010 0.098495 0.649840
0.085370 0.033604 0.005953 0.015343 0.124203 0.735527
0.071611 0.000010 0.129069 0.027972 0.097602 0.673736
0.184395 0.000010 0.252546 0.000010 0.070440 0.492598
0.155630 0.000010 0.225413 0.000010 0.042716 0.576220
0.061408 0.000010 0.094269 0.011391 0.112933 0.719990
0.128471 0.001184 0.138582 0.018033 0.076283 0.637447
0.066026 0.000010 0.073898 0.000010 0.116689 0.743368
0.084418 0.000010 0.087141 0.022622 0.121402 0.684407
0.067199 0.009094 0.070277 0.015628 0.116217 0.721586
0.123031 0.000010 0.161330 0.000010 0.067296 0.648323
0.370533 0.003414 0.126245 0.007673 0.042837 0.449296
0.138171 0.000010 0.298174 0.000010 0.044883 0.518751
0.112786 0.000010 0.150409 0.000010 0.118203 0.618582
0.103034 0.010805 0.198108 0.009718 0.097380 0.580955
0.084427 0.000010 0.093680 0.013408 0.121087 0.687388
0.069297 0.000010 0.060772 0.001788 0.128678 0.739456
0.159568 0.000010 0.228854 0.000010 0.064698 0.546859
0.093758 0.000010 0.165730 0.000010 0.090775 0.649717
0.087730 0.001989 0.162946 0.000010 0.096648 0.650677
0.167528 0.000010 0.297108 0.000010 0.044096 0.491248
0.153366 0.000010 0.250071 0.000010 0.071424 0.525119
0.088738 0.002373 0.181644 0.003963 0.091331 0.631951
0.090711 0.000010 0.267625 0.005868 0.081409 0.554377
0.080778 0.000016 0.204005 0.000010 0.080051 0.635139
0.109500 0.025860 0.190965 0.000010 0.075723 0.597942
0.117418 0.000010 0.253880 0.006806 0.058575 0.563311
0.135801 0.001875 0.215292 0.000010 0.096430 0.550593
0.112240 0.000010 0.188625 0.000010 0.089154 0.609962
0.079408 0.000010 0.258924 0.002411 0.060969 0.598278
0.083244 0.001412 0.182698 0.014725 0.068436 0.649485
0.115465 0.000010 0.278464 0.000010 0.063569 0.542482
0.088936 0.012335 0.460875 0.000010 0.024067 0.413776
0.033285 0.028854 0.520274 0.000010 0.037005 0.380572
0.045690 0.020431 0.521262 0.010132 0.032975 0.369511
0.035154 0.026564 0.785590 0.005874 0.000010 0.146807
0.069362 0.007580 0.522439 0.043393 0.032935 0.324291
0.035001 0.009531 0.516723 0.030769 0.026537 0.381440
0.045058 0.000010 0.508002 0.021201 0.033458 0.392270
0.018084 0.009363 0.543210 0.043145 0.013735 0.372463
0.094379 0.000010 0.283503 0.003512 0.072706 0.545890
0.059020 0.022947 0.517197 0.013509 0.025636 0.361691
0.042996 0.009016 0.200223 0.001110 0.077556 0.669098
0.070976 0.000010 0.224081 0.007111 0.061990 0.635832
0.054032 0.005746 0.178867 0.020450 0.065203 0.675701
0.050026 0.015608 0.209468 0.005089 0.066607 0.653202
0.060786 0.011485 0.195755 0.007994 0.095263 0.628717
0.054191 0.013136 0.207789 0.000010 0.076277 0.648597
0.071341 0.000010 0.219623 0.000151 0.064633 0.644241
0.075390 0.000010 0.200536 0.004492 0.082796 0.636776
0.043480 0.000010 0.217390 0.014609 0.070829 0.653682
0.070336 0.020769 0.162346 0.015877 0.073041 0.657632
0.788864 0.000010 0.151437 0.000010 0.000010 0.059669
0.487827 0.000831 0.233156 0.007139 0.001246 0.269801
0.608964 0.011834 0.133334 0.012499 0.011710 0.221659
0.752446 0.000010 0.116043 0.006344 0.003724 0.121432
0.646137 0.006470 0.142269 0.020640 0.005025 0.179459
0.541953 0.000010 0.207803 0.015594 0.027848 0.206792
0.661133 0.001920 0.138648 0.005710 0.018070 0.174519
0.870817 0.000010 0.071778 0.001158 0.000010 0.056227
0.499761 0.022490 0.194281 0.000010 0.038833 0.244624
0.550975 0.002000 0.194387 0.000010 0.000010 0.252618
0.480812 0.001488 0.209483 0.005163 0.014967 0.288088
0.459699 0.007177 0.232938 0.014788 0.000010 0.285388
0.542788 0.018469 0.153229 0.027681 0.021013 0.236820
0.525760 0.000010 0.177491 0.025569 0.000010 0.271160
0.538285 0.013683 0.187549 0.000010 0.010413 0.250061
0.544352 0.001697 0.172639 0.000010 0.008044 0.273258
0.526669 0.025351 0.166987 0.000010 0.000010 0.280972
0.525165 0.000058 0.190846 0.004716 0.000010 0.279205
0.385535 0.018980 0.251632 0.011724 0.025361 0.306767
0.309950 0.000010 0.236742 0.016654 0.033803 0.402840
0.304193 0.013660 0.265229 0.018563 0.013466 0.384889
0.346687 0.000010 0.242054 0.010833 0.027606 0.372810
0.318621 0.000010 0.254475 0.038166 0.044581 0.344146
0.289021 0.000010 0.269893 0.017254 0.037084 0.386738
0.464858 0.000010 0.216617 0.000010 0.016149 0.302356
0.719679 0.006776 0.107746 0.007230 0.000010 0.158560
0.742159 0.000010 0.098191 0.000010 0.000010 0.159620
0.439631 0.027279 0.194062 0.000309 0.003144 0.335575
0.464221 0.011803 0.187842 0.000010 0.010425 0.325700
0.767958 0.016543 0.061651 0.006530 0.000010 0.147307
0.482916 0.000010 0.206600 0.009359 0.013805 0.287311
0.631671 0.000232 0.143176 0.000010 0.007833 0.217078
0.385697 0.000010 0.277787 0.000010 0.018288 0.318208
0.437181 0.011648 0.216917 0.000010 0.012837 0.321407
0.422206 0.000010 0.213433 0.000010 0.028528 0.335813
0.377237 0.015604 0.242067 0.011808 0.018488 0.334796
0.410882 0.003284 0.190100 0.016978 0.034234 0.344523
0.393406 0.000010 0.235216 0.029248 0.004731 0.337390
0.372526 0.009278 0.255758 0.004330 0.029838 0.328270
0.179197 0.000010 0.307841 0.008516 0.020636 0.483800
0.174512 0.023812 0.282579 0.000010 0.057665 0.461421
0.174361 0.000010 0.339944 0.000010 0.004312 0.481362
0.194689 0.007284 0.311243 0.009769 0.027794 0.449221
0.175793 0.007081 0.313169 0.003252 0.014312 0.486393
0.183044 0.009420 0.316933 0.009622 0.030528 0.450453
0.190222 0.000010 0.274444 0.023764 0.025925 0.485634
0.163099 0.008475 0.259788 0.000010 0.047062 0.521565
0.210123 0.010153 0.316590 0.000010 0.030164 0.432959
0.173727 0.008500 0.275643 0.039428 0.029020 0.473682
0.009283 0.006932 0.017265 0.038179 0.137794 0.790547
0.000010 0.004739 0.017643 0.007499 0.122312 0.847797
0.000010 0.007912 0.000010 0.000010 0.140266 0.851792
0.000010 0.000966 0.000010 0.011251 0.156286 0.831477
0.005413 0.015399 0.010720 0.024225 0.140372 0.803870
0.000010 0.005428 0.000010 0.004783 0.135732 0.854037
0.010108 0.009141 0.000010 0.045307 0.156666 0.778768
0.016450 0.014469 0.030912 0.008049 0.137995 0.792124
0.011268 0.009005 0.000010 0.022461 0.119629 0.837628
0.000010 0.029826 0.000021 0.006895 0.146983 0.816264
0.005708 0.021699 0.157948 0.031141 0.067760 0.715744
0.000010 0.020494 0.072861 0.048181 0.048430 0.810025
0.000010 0.034467 0.157036 0.041231 0.051519 0.715737
0.000010 0.032962 0.144686 0.019737 0.068417 0.734188
0.000010 0.041422 0.091471 0.026165 0.070276 0.770656
0.000010 0.030460 0.086141 0.041696 0.063401 0.778292
0.011806 0.025435 0.166824 0.018736 0.073530 0.703668
0.016173 0.025356 0.182232 0.000010 0.053960 0.722269
0.048797 0.009853 0.095370 0.000010 0.088443 0.757527
0.092872 0.013493 0.161962 0.000010 0.084800 0.646862
0.123505 0.002773 0.109275 0.013569 0.059632 0.691247
0.056195 0.000527 0.116775 0.016864 0.060141 0.749498
0.044876 0.023049 0.139979 0.000010 0.077896 0.714191
0.070511 0.000564 0.152737 0.000010 0.094061 0.682117
0.085339 0.000010 0.092345 0.009879 0.090356 0.722071
0.088170 0.011025 0.149856 0.000010 0.092962 0.657977
0.063986 0.006697 0.147716 0.000010 0.087027 0.694564
0.089530 0.007710 0.133760 0.000010 0.087585 0.681405
0.108544 0.016647 0.428194 0.017961 0.033828 0.394827
0.067370 0.024015 0.454543 0.023783 0.032238 0.398051
0.057650 0.016997 0.498361 0.012622 0.008763 0.405609
0.074899 0.033351 0.512260 0.017869 0.021081 0.340541
0.065899 0.019518 0.488843 0.048920 0.035463 0.341357
0.042196 0.009678 0.520417 0.029339 0.000010 0.398360
0.079211 0.006860 0.526306 0.028983 0.000010 0.358629
0.075181 0.032532 0.541945 0.000010 0.015476 0.334855
0.064985 0.011484 0.535396 0.029506 0.019885 0.338744
0.183086 0.020161 0.408143 0.030425 0.028611 0.329574
0.141370 0.053445 0.408910 0.048324 0.028885 0.319065
0.149057 0.034697 0.467785 0.064090 0.002067 0.282304
0.192734 0.035584 0.376860 0.048027 0.022468 0.324327
0.190816 0.013692 0.374677 0.044071 0.012129 0.364616
0.162514 0.024427 0.402598 0.027243 0.019561 0.363657
0.213839 0.027387 0.381587 0.026100 0.022384 0.328703
0.134739 0.025498 0.425115 0.020261 0.024870 0.369517
0.168672 0.036700 0.370395 0.053538 0.028924 0.341771
0.182793 0.039458 0.387962 0.060388 0.000010 0.329390
0.000010 0.000010 0.000010 0.000010 0.999950 0.000010
0.000010 0.000010 0.000010 0.000010 0.999950 0.000010
0.000010 0.000010 0.000010 0.000010 0.454610 0.545350
0.189342 0.000010 0.272764 0.011224 0.023989 0.502672
0.000010 0.000010 0.000010 0.000010 0.999950 0.000010
0.000010 0.000010 0.000010 0.000010 0.999950 0.000010
0.000020 0.000010 0.000010 0.000010 0.503057 0.496894
0.334953 0.010733 0.148966 0.000010 0.030294 0.475044
0.000010 0.000010 0.000010 0.000010 0.999950 0.000010
0.000010 0.000010 0.000010 0.000010 0.482961 0.516999
0.000010 0.000010 0.000010 0.000010 0.475539 0.524421
0.324435 0.013584 0.160877 0.010360 0.028996 0.461748
0.000010 0.000010 0.000010 0.000010 0.457518 0.542442
0.000010 0.000010 0.000010 0.000010 0.494459 0.505501
0.000010 0.000010 0.000010 0.000010 0.999950 0.000010
0.000010 0.000010 0.000010 0.000010 0.441425 0.558535
0.000010 0.000010 0.000015 0.000010 0.999945 0.000010
0.000012 0.000010 0.000010 0.000010 0.486414 0.513544
0.305408 0.000010 0.243326 0.000010 0.035306 0.415941
0.000010 0.000010 0.000010 0.000010 0.999950 0.000010
0.000010 0.000010 0.000010 0.000010 0.448666 0.551294
0.317156 0.000026 0.196125 0.017997 0.059894 0.408802
0.000010 0.000010 0.000010 0.000010 0.999950 0.000010
0.000010 0.000010 0.000010 0.000010 0.471224 0.528736
0.348191 0.000010 0.175252 0.000010 0.037860 0.438676
0.018905 0.021781 0.045038 0.006646 0.121847 0.785784
0.026678 0.017947 0.055776 0.009078 0.095349 0.795172
0.032018 0.023740 0.032819 0.000010 0.097431 0.813982
0.041179 0.013032 0.020179 0.032826 0.121977 0.770807
0.043318 0.015104 0.027261 0.019492 0.125844 0.768981
0.050480 0.026682 0.017190 0.017668 0.121401 0.766581
0.036902 0.005571 0.037203 0.001714 0.097086 0.821523
0.024725 0.000010 0.010235 0.040511 0.130649 0.793869
0.046185 0.067811 0.072123 0.033687 0.089346 0.690847
0.023682 0.024003 0.033060 0.014170 0.124365 0.780721
0.000010 0.052608 0.000010 0.036535 0.000010 0.910827
0.039212 0.077703 0.063378 0.042179 0.105183 0.672345
0.069384 0.024812 0.126997 0.014034 0.104604 0.660170
0.046870 0.056064 0.098333 0.041216 0.092489 0.665028
0.070536 0.049613 0.067109 0.020198 0.085719 0.706826
0.000010 0.053360 0.000010 0.041485 0.000010 0.905125
0.000010 0.050187 0.000010 0.047539 0.000010 0.902245
0.053971 0.062708 0.078160 0.029758 0.105030 0.670373
0.815067 0.000010 0.045207 0.000010 0.000010 0.139696
0.948819 0.000010 0.021718 0.000010 0.006306 0.023137
0.999950 0.000010 0.000010 0.000010 0.000010 0.000010
0.987152 0.000010 0.001344 0.002310 0.009174 0.000010
0.992319 0.000010 0.000010 0.000010 0.007641 0.000010
0.963668 0.004088 0.032214 0.000010 0.000010 0.000010
0.989068 0.000010 0.000010 0.010892 0.000010 0.000010
0.961876 0.002001 0.000444 0.000010 0.000010 0.035659
0.999950 0.000010 0.000010 0.000010 0.000010 0.000010
0.999950 0.000010 0.000010 0.000010 0.000010 0.000010
0.999950 0.000010 0.000010 0.000010 0.000010 0.000010
0.193893 0.016407 0.380562 0.021931 0.029556 0.357651
0.198317 0.034719 0.322391 0.030024 0.038340 0.376207
0.126652 0.021440 0.447936 0.012357 0.031106 0.360509
0.164737 0.012445 0.386003 0.000010 0.035314 0.401491
0.134551 0.038444 0.498955 0.034208 0.004400 0.289443
0.019720 0.085149 0.486008 0.365819 0.014519 0.028784
0.074894 0.111394 0.635869 0.094639 0.000010 0.083194
0.000010 0.071518 0.354546 0.532503 0.021977 0.019446
0.043518 0.097385 0.528617 0.286017 0.000010 0.044452
0.060000 0.055657 0.746914 0.059641 0.014656 0.063132
0.047788 0.015700 0.806955 0.050273 0.002566 0.076717
0.071297 0.042042 0.755488 0.049702 0.000010 0.081461
0.067728 0.040797 0.751748 0.057357 0.020253 0.062117
0.046105 0.053855 0.755789 0.056987 0.000010 0.087253
0.042105 0.056296 0.763521 0.072189 0.008298 0.057592
0.071657 0.048688 0.719248 0.086930 0.000010 0.073468
0.048115 0.010933 0.807843 0.050724 0.000010 0.082374
0.058225 0.026651 0.781148 0.041697 0.022998 0.069281
0.032337 0.067784 0.720970 0.102005 0.000010 0.076895
0.082002 0.032012 0.705306 0.037876 0.002680 0.140123
0.135583 0.045810 0.555723 0.038779 0.017730 0.206375
0.067125 0.032639 0.751533 0.065485 0.000010 0.083208
0.091185 0.066253 0.631672 0.068582 0.000010 0.142298
0.189382 0.023169 0.348681 0.010743 0.000010 0.428014
0.078177 0.038724 0.722432 0.056518 0.000010 0.104138
0.116313 0.055288 0.657225 0.051960 0.005281 0.113933
0.095905 0.077647 0.560529 0.046051 0.017388 0.202480
0.018369 0.151415 0.703401 0.095112 0.003845 0.027858
0.161411 0.079161 0.617306 0.045218 0.001155 0.095750
0.037224 0.127258 0.669924 0.098613 0.019672 0.047309
0.170965 0.044890 0.576693 0.059237 0.000010 0.148205
0.045404 0.107910 0.650448 0.129237 0.008862 0.058139
0.170071 0.046430 0.610919 0.053607 0.015632 0.103341
0.057163 0.151760 0.648105 0.087156 0.024451 0.031364
0.016175 0.000010 0.750722 0.039653 0.003496 0.189943
0.052283 0.134804 0.658525 0.089948 0.004856 0.059585
0.042600 0.000010 0.750551 0.003504 0.000010 0.203326
0.050282 0.086359 0.718861 0.076651 0.009031 0.058815
0.000010 0.000010 0.765423 0.000496 0.009756 0.224306
0.191034 0.035438 0.527818 0.062482 0.025695 0.157533
0.018509 0.164747 0.683502 0.098854 0.003346 0.031042
0.053808 0.045876 0.560194 0.038166 0.017258 0.284697
0.150532 0.060574 0.617904 0.031354 0.009934 0.129701
0.014018 0.153375 0.675704 0.104897 0.010110 0.041897
0.145832 0.069241 0.620465 0.039246 0.009013 0.116202
0.052014 0.048897 0.778403 0.062015 0.009147 0.049523
0.171714 0.029631 0.348276 0.048886 0.004152 0.397341
0.089424 0.045244 0.729150 0.044842 0.008121 0.083217
0.067670 0.011653 0.592395 0.026026 0.035761 0.266495
0.071965 0.028999 0.748304 0.058779 0.018635 0.073318
0.052327 0.000010 0.628359 0.000010 0.049063 0.270231
0.022906 0.144021 0.674074 0.124617 0.000010 0.034371
0.041333 0.000010 0.806651 0.031649 0.008393 0.111964
0.070608 0.052144 0.685831 0.066751 0.000010 0.124655
0.021935 0.009349 0.815499 0.035895 0.000010 0.117312
0.039307 0.155072 0.654956 0.097898 0.024315 0.028453
0.032601 0.000010 0.809376 0.024448 0.000010 0.133555
0.041886 0.000010 0.825192 0.015728 0.004744 0.112439
0.048060 0.101229 0.742587 0.063741 0.005531 0.038852
0.153044 0.011042 0.370082 0.000010 0.062094 0.403728
0.076175 0.013808 0.671859 0.034565 0.008890 0.194703
0.052293 0.046194 0.740285 0.083953 0.000010 0.077265
0.113869 0.000010 0.207660 0.000017 0.060061 0.618382
0.040971 0.037753 0.744361 0.040645 0.022857 0.113412
0.007882 0.136389 0.704590 0.087795 0.011896 0.051448
0.025418 0.000011 0.821332 0.017908 0.000010 0.135321
0.077375 0.016874 0.810349 0.020090 0.000010 0.075302
0.040816 0.196525 0.600538 0.110230 0.012779 0.039112
0.090329 0.000010 0.698002 0.025018 0.000010 0.186631
0.059444 0.009606 0.787251 0.046180 0.000010 0.097509
0.000010 0.127944 0.684581 0.139740 0.016899 0.030826
0.060897 0.025865 0.749831 0.002340 0.025481 0.135585
0.049620 0.036877 0.833538 0.045668 0.000010 0.034287
0.067498 0.123559 0.619593 0.105984 0.011495 0.071870
0.144554 0.000010 0.267239 0.001565 0.054840 0.531792
0.061060 0.000010 0.637894 0.039983 0.010231 0.250823
0.020405 0.140466 0.671428 0.117535 0.022478 0.027687
0.088959 0.040715 0.749303 0.031222 0.000010 0.089791
0.083591 0.000010 0.230094 0.000656 0.085126 0.600523
0.000010 0.156790 0.712941 0.103891 0.026357 0.000010
0.063505 0.024610 0.795618 0.025328 0.000010 0.090928
0.120652 0.000010 0.325437 0.020436 0.072996 0.460469
0.092785 0.092016 0.630177 0.086036 0.013209 0.085777
0.088565 0.000010 0.414245 0.029985 0.048135 0.419060
0.041995 0.013272 0.799756 0.046452 0.000588 0.097937
0.038610 0.141137 0.647813 0.092967 0.002752 0.076720
0.183765 0.050412 0.552508 0.043965 0.020749 0.148601
0.086582 0.011647 0.491659 0.025936 0.044235 0.339940
0.006649 0.156028 0.690814 0.115359 0.031139 0.000010
0.154183 0.034073 0.626522 0.043321 0.000010 0.141891
0.087168 0.000010 0.349176 0.019266 0.049045 0.495334
0.015628 0.155616 0.690490 0.103953 0.009112 0.025201
0.121398 0.044169 0.657150 0.045719 0.023401 0.108164
0.091288 0.037988 0.722806 0.059517 0.014442 0.073958
0.046347 0.149773 0.633580 0.135385 0.000010 0.034904
0.096757 0.066864 0.619177 0.050143 0.015765 0.151295
0.054589 0.000010 0.763195 0.009043 0.000010 0.173153
0.017909 0.170872 0.677662 0.132095 0.000010 0.001452
0.135644 0.033047 0.586312 0.028458 0.003633 0.212906
0.106251 0.023791 0.337583 0.000010 0.061250 0.471115
0.049607 0.145225 0.662410 0.094735 0.021911 0.026112
0.163875 0.013912 0.455446 0.021162 0.015813 0.329792
0.099459 0.030562 0.774490 0.024753 0.007881 0.062854
0.042872 0.145546 0.636581 0.105570 0.019022 0.050409
0.125445 0.048588 0.618345 0.051194 0.018382 0.138046
0.053992 0.000010 0.815968 0.023699 0.000010 0.106320
0.023042 0.162655 0.669931 0.091394 0.008798 0.044180
0.115368 0.062703 0.650986 0.028147 0.008189 0.134608
0.083673 0.000010 0.526389 0.028914 0.013065 0.347948
0.000215 0.170162 0.648352 0.118823 0.020977 0.041470
0.096918 0.049519 0.663930 0.044508 0.000010 0.145115
0.087372 0.000010 0.539811 0.026285 0.035299 0.311223
0.026883 0.184768 0.644097 0.110119 0.003565 0.030568
0.112315 0.039667 0.705963 0.031234 0.005254 0.105567
0.041360 0.002140 0.803762 0.045723 0.000010 0.107005
0.041982 0.113814 0.690964 0.083831 0.024382 0.045027
0.026504 0.124468 0.656052 0.121112 0.000343 0.071520
0.066163 0.000010 0.697341 0.024167 0.013160 0.199158
0.001460 0.166207 0.718135 0.090779 0.014012 0.009407
0.127871 0.000010 0.239324 0.007354 0.075150 0.550291
0.106169 0.004951 0.286592 0.000010 0.037140 0.565137
0.124938 0.051272 0.675887 0.041519 0.003331 0.103052
0.065156 0.023588 0.803957 0.041037 0.000010 0.066252
0.167553 0.048726 0.612706 0.018935 0.017064 0.135016
0.114525 0.028414 0.617884 0.047393 0.014183 0.177601
0.000675 0.245153 0.694411 0.058572 0.001179 0.000010
0.019154 0.216283 0.646637 0.076547 0.000010 0.041370
0.016145 0.230790 0.669895 0.070241 0.012919 0.000010
0.033299 0.252750 0.642798 0.064257 0.006886 0.000010
0.026406 0.194880 0.662103 0.092566 0.024036 0.000010
0.035590 0.155888 0.670912 0.088812 0.015850 0.032948
0.021167 0.181671 0.693958 0.093091 0.010102 0.000010
0.000010 0.200511 0.676807 0.110215 0.012447 0.000010
0.022172 0.185473 0.663020 0.113335 0.015990 0.000010
0.000010 0.207428 0.687020 0.078422 0.027109 0.000010
0.000010 0.197248 0.673321 0.111966 0.017446 0.000010
0.000410 0.213056 0.705870 0.066067 0.014587 0.000010
0.000010 0.197747 0.680857 0.080949 0.040426 0.000010
0.022982 0.135328 0.699138 0.097686 0.014478 0.030389
0.000010 0.219303 0.653987 0.115733 0.010957 0.000010
0.000010 0.203369 0.699809 0.078772 0.018030 0.000010
0.000010 0.211259 0.646446 0.103118 0.027993 0.011175
0.000010 0.201294 0.670684 0.112720 0.015282 0.000010
0.000010 0.208155 0.709517 0.069239 0.013069 0.000010
0.000010 0.200703 0.711854 0.061462 0.025960 0.000010
0.000010 0.213263 0.676747 0.092221 0.017749 0.000010
0.044632 0.159434 0.669182 0.087766 0.018231 0.020754
0.000010 0.168277 0.728897 0.075076 0.027730 0.000010
0.000010 0.171792 0.763598 0.055643 0.008948 0.000010
0.000010 0.157084 0.733353 0.085716 0.023827 0.000010
0.000010 0.161065 0.786496 0.050769 0.001650 0.000010
0.000010 0.175135 0.719987 0.084218 0.020640 0.000010
0.005374 0.169551 0.734354 0.062767 0.027943 0.000010
0.008130 0.141653 0.784719 0.051377 0.014111 0.000010
0.002894 0.191233 0.623183 0.148426 0.034254 0.000010
0.018675 0.198610 0.645565 0.098484 0.024049 0.014616
0.000010 0.167552 0.789314 0.033389 0.009725 0.000010
0.000010 0.170552 0.798180 0.023245 0.008003 0.000010
0.007871 0.151372 0.704084 0.101877 0.025515 0.009281
0.038023 0.153513 0.624843 0.095412 0.021366 0.066842
0.008328 0.161221 0.672898 0.094162 0.014233 0.049158
0.052473 0.120538 0.692813 0.094270 0.000010 0.039896
0.000010 0.000010 0.000010 0.999950 0.000010 0.000010
0.000010 0.000010 0.000010 0.999950 0.000010 0.000010
0.000340 0.026892 0.212196 0.760552 0.000010 0.000010
0.000010 0.011423 0.211897 0.776650 0.000010 0.000010
0.000010 0.000010 0.000010 0.999950 0.000010 0.000010
0.000010 0.004648 0.148507 0.838408 0.008417 0.000010
0.000010 0.000010 0.000010 0.999950 0.000010 0.000010
0.000010 0.046807 0.247486 0.705677 0.000010 0.000010
0.000010 0.013368 0.185669 0.800933 0.000010 0.000010
0.000010 0.054923 0.202020 0.735014 0.008023 0.000010
0.000010 0.021611 0.195011 0.780071 0.003288 0.000010
0.000010 0.000010 0.083709 0.916251 0.000010 0.000010
0.000010 0.000010 0.000010 0.999950 0.000010 0.000010
0.000010 0.004654 0.154778 0.840538 0.000010 0.000010
0.000010 0.000010 0.000010 0.999950 0.000010 0.000010
0.000010 0.000010 0.000010 0.999950 0.000010 0.000010
0.000010 0.000016 0.075742 0.924212 0.000010 0.000010
0.000010 0.000010 0.000010 0.999950 0.000010 0.000010
0.000010 0.036196 0.189511 0.774263 0.000010 0.000010
0.000010 0.040397 0.251967 0.707606 0.000010 0.000010
0.000010 0.033330 0.124807 0.823352 0.000010 0.018491
0.000010 0.063218 0.181220 0.755523 0.000019 0.000010
