0.074108 0.819690 0.106203
0.067925 0.824180 0.107895
0.000010 0.999980 0.000010
0.000010 0.999980 0.000010
0.000715 0.999275 0.000010
0.000010 0.999980 0.000010
0.091686 0.865419 0.042895
0.000010 0.999980 0.000010
0.000010 0.999980 0.000010
0.000010 0.999980 0.000010
0.000010 0.999980 0.000010
0.000010 0.999980 0.000010
0.093583 0.906407 0.000010
0.002030 0.997960 0.000010
0.000010 0.999980 0.000010
0.009564 0.990426 0.000010
0.003134 0.996856 0.000010
0.000010 0.999980 0.000010
0.000010 0.999980 0.000010
0.101297 0.843890 0.054813
0.034421 0.965569 0.000010
0.024479 0.972382 0.003139
0.000010 0.999980 0.000010
0.000010 0.999980 0.000010
0.000010 0.999473 0.000517
0.000010 0.999980 0.000010
0.000010 0.999980 0.000010
0.055566 0.867077 0.077358
0.000010 0.999980 0.000010
0.229007 0.711302 0.059691
0.101039 0.836490 0.062472
0.165887 0.774302 0.059811
0.444461 0.399306 0.156233
0.452956 0.396067 0.150976
0.395151 0.456486 0.148363
0.453087 0.391229 0.155684
0.434286 0.386469 0.179245
0.549722 0.258983 0.191295
0.447554 0.402884 0.149562
0.454756 0.254135 0.291108
0.378108 0.298509 0.323383
0.373690 0.356036 0.270273
0.448995 0.222177 0.328828
0.387274 0.341381 0.271345
0.425448 0.276749 0.297803
0.434949 0.267155 0.297896
0.367319 0.259016 0.373665
0.257603 0.515390 0.227007
0.267156 0.509235 0.223609
0.254660 0.497445 0.247896
0.255641 0.531232 0.213127
0.279169 0.484661 0.236170
0.274100 0.487296 0.238604
0.268802 0.506394 0.224804
0.280574 0.489640 0.229785
0.234887 0.512720 0.252394
0.202406 0.574280 0.223314
0.271888 0.538396 0.189716
0.255600 0.498367 0.246032
0.100008 0.898559 0.001433
0.287369 0.483881 0.228750
0.260511 0.470003 0.269486
0.999980 0.000010 0.000010
0.999980 0.000010 0.000010
0.999980 0.000010 0.000010
0.999980 0.000010 0.000010
0.938619 0.021450 0.039932
0.999980 0.000010 0.000010
0.999980 0.000010 0.000010
0.999980 0.000010 0.000010
0.999980 0.000010 0.000010
0.967858 0.000010 0.032132
0.999978 0.000012 0.000010
0.929363 0.000010 0.070627
0.869932 0.073896 0.056172
0.999980 0.000010 0.000010
0.131442 0.167328 0.701230
0.154216 0.148365 0.697419
0.122828 0.186444 0.690728
0.183720 0.155416 0.660864
0.099274 0.186054 0.714673
0.169646 0.181377 0.648977
0.135914 0.169984 0.694102
0.103551 0.192058 0.704391
0.518759 0.090565 0.390676
0.508615 0.114335 0.377051
0.531626 0.097869 0.370505
0.519309 0.098236 0.382455
0.499157 0.090976 0.409867
0.498062 0.110851 0.391087
0.523873 0.116371 0.359755
0.527891 0.096297 0.375812
0.518345 0.100118 0.381537
0.542957 0.085951 0.371092
0.523619 0.091154 0.385227
0.498757 0.112595 0.388648
0.522802 0.093752 0.383446
0.535475 0.106315 0.358210
0.497055 0.118390 0.384555
0.517784 0.111732 0.370483
0.503895 0.100716 0.395389
0.516367 0.094937 0.388696
0.512416 0.107950 0.379634
0.531624 0.068477 0.399900
0.539565 0.088913 0.371521
0.548767 0.087704 0.363530
0.506476 0.092874 0.400650
0.543519 0.076282 0.380200
0.494662 0.123453 0.381885
0.465800 0.109058 0.425141
0.236420 0.096739 0.666841
0.319076 0.169513 0.511410
0.203618 0.106066 0.690317
0.332224 0.245237 0.422540
0.322046 0.190995 0.486959
0.230933 0.154542 0.614525
0.192617 0.090463 0.716921
0.297097 0.196258 0.506644
0.335098 0.197606 0.467295
0.239060 0.170656 0.590284
0.222474 0.086363 0.691162
0.276058 0.119522 0.604420
0.526737 0.110572 0.362691
0.516143 0.105363 0.378494
0.275666 0.117590 0.606744
0.207289 0.099984 0.692727
0.225090 0.144894 0.630016
0.350724 0.184934 0.464342
0.330695 0.173496 0.495809
0.207307 0.116107 0.676586
0.280112 0.146785 0.573103
0.221188 0.079297 0.699515
0.223145 0.117009 0.659846
0.196656 0.117292 0.686052
0.291503 0.132744 0.575753
0.499601 0.112647 0.387752
0.320627 0.224707 0.454666
0.265832 0.125026 0.609142
0.255545 0.186246 0.558209
0.223225 0.115137 0.661639
0.211503 0.084214 0.704283
0.327289 0.169473 0.503238
0.250894 0.145648 0.603458
0.246245 0.142467 0.611287
0.356724 0.204241 0.439036
0.321592 0.189094 0.489314
0.237812 0.171085 0.591103
0.258112 0.217631 0.524257
0.246320 0.168002 0.585679
0.265429 0.187530 0.547041
0.289899 0.204476 0.505625
0.298530 0.161614 0.539856
0.272639 0.149945 0.577416
0.255508 0.204837 0.539655
0.238116 0.175994 0.585889
0.293659 0.205763 0.500578
0.275416 0.350198 0.374386
0.235919 0.404377 0.359704
0.234397 0.414304 0.351299
0.270213 0.579227 0.150560
0.259023 0.425700 0.315277
0.234603 0.412670 0.352726
0.246232 0.380419 0.373349
0.220162 0.447174 0.332664
0.270547 0.219629 0.509825
0.254743 0.405389 0.339868
0.206569 0.188030 0.605401
0.238569 0.195471 0.565960
0.213121 0.194843 0.592036
0.219127 0.202970 0.577903
0.213635 0.193260 0.593104
0.218055 0.187390 0.594555
0.241075 0.180399 0.578527
0.240816 0.173109 0.586075
0.216987 0.193461 0.589552
0.217189 0.189988 0.592823
0.876005 0.087036 0.036959
0.613692 0.169776 0.216532
0.697638 0.119854 0.182507
0.824271 0.079212 0.096518
0.731380 0.127146 0.141473
0.649236 0.151756 0.199008
0.745176 0.098516 0.156308
0.928844 0.038372 0.032784
0.604784 0.160284 0.234932
0.670976 0.132688 0.196336
0.600457 0.156786 0.242758
0.588442 0.185915 0.225643
0.640993 0.153218 0.205788
0.638018 0.151553 0.210429
0.654065 0.138434 0.207501
0.657831 0.119980 0.222188
0.640906 0.148937 0.210156
0.645453 0.138989 0.215557
0.516335 0.214618 0.269047
0.456611 0.189070 0.354319
0.452537 0.229019 0.318444
0.492182 0.185987 0.321832
0.461946 0.212948 0.325106
0.438390 0.212587 0.349023
0.595352 0.151207 0.253441
0.797523 0.082527 0.119950
0.824631 0.048341 0.127028
0.564046 0.172755 0.263199
0.581493 0.152558 0.265949
0.841621 0.069832 0.088547
0.606872 0.149158 0.243970
0.721893 0.099538 0.178569
0.535301 0.189083 0.275616
0.571632 0.163228 0.265140
0.556813 0.147479 0.295708
0.513898 0.204221 0.281882
0.533858 0.158352 0.307790
0.527273 0.199543 0.273184
0.509089 0.199085 0.291826
0.357473 0.235291 0.407237
0.336016 0.234322 0.429662
0.362287 0.246694 0.391019
0.361585 0.249930 0.388485
0.350875 0.246668 0.402457
0.347565 0.260034 0.392400
0.357188 0.232011 0.410802
0.327230 0.211345 0.461425
0.382719 0.236556 0.380726
0.344887 0.251943 0.403170
0.142490 0.101622 0.755888
0.132597 0.086918 0.780484
0.115575 0.071509 0.812916
0.101866 0.074056 0.824078
0.133827 0.100124 0.766049
0.120041 0.070053 0.809906
0.120757 0.099569 0.779674
0.149118 0.096620 0.754262
0.141127 0.086650 0.772223
0.125180 0.092867 0.781953
0.152014 0.214444 0.633542
0.132827 0.190651 0.676522
0.137996 0.245036 0.616968
0.126051 0.221706 0.652243
0.125960 0.195517 0.678523
0.103972 0.212409 0.683619
0.165076 0.210867 0.624058
0.177124 0.198826 0.624050
0.212907 0.111797 0.675296
0.250423 0.156222 0.593354
0.276146 0.129661 0.594193
0.224298 0.140397 0.635305
0.208071 0.153925 0.638005
0.226573 0.145692 0.627735
0.232702 0.115285 0.652013
0.248515 0.141249 0.610236
0.223113 0.146464 0.630423
0.244234 0.136312 0.619454
0.293307 0.345086 0.361607
0.254459 0.381066 0.364475
0.263319 0.386473 0.350208
0.268315 0.417421 0.314264
0.248029 0.422214 0.329756
0.241538 0.418423 0.340039
0.280557 0.410182 0.309261
0.276269 0.418812 0.304919
0.258865 0.429337 0.311798
0.351362 0.341916 0.306722
0.301743 0.399175 0.299082
0.322906 0.433169 0.243925
0.342647 0.361441 0.295912
0.357835 0.327841 0.314323
0.334649 0.344662 0.320688
0.373341 0.329864 0.296795
0.310751 0.354246 0.335003
0.320925 0.365080 0.313995
0.347775 0.380577 0.271648
0.000010 0.000010 0.999980
0.000010 0.000010 0.999980
0.003828 0.000010 0.996162
0.363351 0.218304 0.418344
0.000010 0.000010 0.999980
0.000010 0.000010 0.999980
0.023131 0.000010 0.976859
0.478028 0.127113 0.394859
0.000010 0.000010 0.999980
0.009352 0.000010 0.990638
0.009131 0.000010 0.990859
0.464927 0.149481 0.385592
0.042129 0.000010 0.957861
0.019724 0.000010 0.980266
0.000010 0.000010 0.999980
0.051812 0.000010 0.948178
0.000010 0.000010 0.999980
0.001693 0.000010 0.998297
0.467064 0.162855 0.370081
0.000010 0.000010 0.999980
0.037506 0.000010 0.962484
0.454916 0.165445 0.379639
0.000010 0.000010 0.999980
0.028770 0.000010 0.971220
0.494057 0.121891 0.384053
0.156900 0.113085 0.730014
0.168446 0.118697 0.712857
0.170688 0.098337 0.730975
0.168845 0.107982 0.723173
0.170219 0.101608 0.728174
0.176787 0.106659 0.716554
0.175890 0.090350 0.733760
0.153425 0.096868 0.749707
0.161615 0.204469 0.633916
0.153791 0.109995 0.736214
0.106846 0.191115 0.702039
0.141247 0.221579 0.637174
0.198549 0.169920 0.631532
0.161699 0.215534 0.622767
0.193093 0.168604 0.638303
0.079078 0.199035 0.721887
0.082207 0.208339 0.709454
0.167419 0.199538 0.633043
0.876875 0.025959 0.097166
0.977344 0.000010 0.022646
0.999980 0.000010 0.000010
0.999980 0.000010 0.000010
0.999980 0.000010 0.000010
0.987470 0.012520 0.000010
0.999980 0.000010 0.000010
0.988931 0.000010 0.011059
0.999980 0.000010 0.000010
0.999980 0.000010 0.000010
0.999979 0.000011 0.000010
0.357685 0.316787 0.325528
0.349431 0.307784 0.342785
0.301582 0.363485 0.334933
0.341618 0.291901 0.366481
0.310727 0.432056 0.257217
0.264534 0.556701 0.178765
0.201973 0.597487 0.200540
0.256042 0.553519 0.190439
0.228706 0.609365 0.161929
0.223643 0.566437 0.209920
0.251106 0.555356 0.193538
0.221816 0.580799 0.197385
0.254820 0.536784 0.208396
0.219083 0.642323 0.138594
0.247476 0.594553 0.157972
0.219283 0.567934 0.212783
0.209614 0.605700 0.184686
0.138000 0.791988 0.070013
0.247612 0.648922 0.103466
0.084628 0.847025 0.068347
0.180712 0.756337 0.062951
0.256916 0.630562 0.112522
0.266943 0.618036 0.115021
0.286838 0.612258 0.100904
0.265342 0.614532 0.120125
0.255070 0.632544 0.112386
0.240783 0.656762 0.102455
0.272205 0.621814 0.105981
0.268193 0.622942 0.108865
0.274192 0.594765 0.131042
0.230978 0.667582 0.101440
0.291104 0.554380 0.154516
0.309630 0.476798 0.213572
0.275563 0.616492 0.107945
0.274883 0.577445 0.147673
0.360800 0.293903 0.345298
0.287003 0.595731 0.117266
0.302706 0.559044 0.138250
0.262692 0.525569 0.211739
0.190384 0.734622 0.074995
0.333658 0.552188 0.114154
0.206096 0.694519 0.099384
0.346243 0.508361 0.145396
0.208971 0.693864 0.097165
0.346042 0.522195 0.131763
0.209613 0.695411 0.094975
0.241109 0.556472 0.202419
0.218149 0.689171 0.092680
0.268941 0.524016 0.207043
0.234428 0.656839 0.108733
0.224247 0.534024 0.241729
0.350906 0.465366 0.183729
0.182609 0.745226 0.072166
0.247024 0.483997 0.268979
0.332456 0.516182 0.151362
0.176036 0.735612 0.088352
0.319105 0.538309 0.142586
0.255491 0.639082 0.105428
0.328825 0.345790 0.325385
0.287821 0.594311 0.117868
0.264460 0.456915 0.278625
0.275476 0.600890 0.123633
0.261039 0.434616 0.304345
0.186977 0.740177 0.072846
0.266791 0.585249 0.147960
0.264464 0.596189 0.139347
0.249325 0.612407 0.138269
0.198812 0.712792 0.088396
0.270074 0.569391 0.160536
0.261007 0.590665 0.148328
0.230349 0.683862 0.085789
0.322355 0.278930 0.398715
0.275186 0.518728 0.206086
0.250692 0.644795 0.104513
0.276502 0.174161 0.549337
0.245326 0.596498 0.158175
0.179289 0.722672 0.098038
0.264250 0.588287 0.147463
0.300299 0.593114 0.106587
0.186254 0.731608 0.082137
0.314760 0.503734 0.181507
0.278842 0.593653 0.127505
0.158400 0.749256 0.092344
0.278961 0.541281 0.179758
0.260151 0.654274 0.085575
0.228690 0.666307 0.105003
0.309661 0.207177 0.483163
0.269938 0.488745 0.241317
0.185385 0.725210 0.089405
0.297531 0.586851 0.115618
0.241627 0.193516 0.564857
0.163861 0.759558 0.076582
0.284918 0.589783 0.125299
0.286702 0.265548 0.447750
0.256935 0.619817 0.123247
0.266451 0.334337 0.399211
0.261127 0.610704 0.128170
0.202199 0.697983 0.099818
0.353298 0.479314 0.167388
0.268822 0.393525 0.337653
0.174140 0.750320 0.075540
0.337587 0.515743 0.146670
0.262964 0.283897 0.453140
0.182313 0.743007 0.074680
0.309609 0.540915 0.149476
0.290342 0.593186 0.116472
0.196414 0.734717 0.068870
0.276096 0.550147 0.173757
0.285497 0.529639 0.184864
0.175823 0.778872 0.045306
0.321094 0.475061 0.203845
0.271231 0.284233 0.444536
0.211852 0.701128 0.087021
0.341533 0.361595 0.296872
0.307443 0.586539 0.106017
0.199598 0.701472 0.098930
0.307022 0.527848 0.165130
0.290575 0.574234 0.135191
0.181346 0.730311 0.088343
0.300032 0.541356 0.158612
0.280081 0.405905 0.314015
0.153750 0.750955 0.095295
0.291863 0.558688 0.149450
0.280591 0.409170 0.310239
0.179887 0.748524 0.071589
0.313411 0.555381 0.131208
0.262361 0.601514 0.136124
0.214696 0.678382 0.106922
0.189282 0.713034 0.097684
0.280607 0.508748 0.210645
0.173081 0.755330 0.071589
0.290330 0.194279 0.515391
0.284819 0.226841 0.488341
0.312703 0.558428 0.128869
0.281981 0.615082 0.102937
0.347844 0.493210 0.158946
0.305160 0.507306 0.187534
0.162498 0.806765 0.030737
0.178794 0.751244 0.069963
0.167964 0.775595 0.056442
0.179267 0.785035 0.035698
0.175841 0.753848 0.070311
0.191349 0.719160 0.089490
0.179791 0.762988 0.057221
0.147925 0.799750 0.052325
0.172357 0.766430 0.061213
0.133590 0.782093 0.084318
0.139413 0.793887 0.066700
0.154478 0.793608 0.051914
0.145022 0.770099 0.084878
0.186154 0.727145 0.086701
0.119633 0.812849 0.067518
0.128087 0.808164 0.063749
0.091551 0.802372 0.106077
0.140032 0.796230 0.063737
0.127227 0.820664 0.052109
0.136929 0.782116 0.080955
0.116298 0.801491 0.082212
0.202615 0.718945 0.078440
0.166778 0.762417 0.070805
0.139512 0.796418 0.064070
0.152211 0.771766 0.076023
0.149619 0.801158 0.049224
0.138458 0.797849 0.063693
0.177190 0.756340 0.066469
0.185209 0.746372 0.068419
0.146791 0.775326 0.077883
0.167064 0.751011 0.081926
0.163221 0.786726 0.050052
0.186015 0.776615 0.037369
0.169374 0.744960 0.085666
0.193067 0.688785 0.118147
0.176098 0.726394 0.097508
0.223584 0.703824 0.072592
0.000010 0.999980 0.000010
0.000010 0.999980 0.000010
0.052627 0.924775 0.022597
0.059250 0.936820 0.003931
0.015542 0.982224 0.002234
0.011488 0.959564 0.028948
0.000010 0.999980 0.000010
0.043962 0.940914 0.015124
0.003116 0.966191 0.030693
0.050753 0.920664 0.028583
0.053300 0.932753 0.013947
0.048892 0.951098 0.000010
0.000010 0.999980 0.000010
0.043538 0.956452 0.000010
0.000010 0.999980 0.000010
0.014113 0.985877 0.000010
0.014315 0.985675 0.000010
0.000010 0.999980 0.000010
0.057742 0.927962 0.014296
0.063060 0.916749 0.020191
0.036885 0.944304 0.018811
0.040650 0.956663 0.002687
