0.000010 0.999940 0.000010 0.000010 0.000010 0.000010 0.000010
0.399667 0.355144 0.000019 0.000010 0.044480 0.200670 0.000010
0.000010 0.000010 0.000010 0.000010 0.000010 0.999940 0.000010
0.000010 0.000010 0.000010 0.000010 0.000010 0.999940 0.000010
0.000010 0.000010 0.000010 0.000010 0.000010 0.999940 0.000010
0.000010 0.999940 0.000010 0.000010 0.000010 0.000010 0.000010
0.000010 0.999940 0.000010 0.000010 0.000010 0.000010 0.000010
0.000010 0.000010 0.000011 0.000010 0.000010 0.999939 0.000010
0.200957 0.323338 0.063531 0.000010 0.000010 0.412144 0.000010
0.000010 0.000010 0.000010 0.000010 0.000010 0.999940 0.000010
0.000010 0.570748 0.000010 0.000010 0.000010 0.429202 0.000010
0.000010 0.443989 0.000010 0.000010 0.000010 0.555961 0.000010
0.000010 0.625301 0.000010 0.064790 0.000010 0.309869 0.000010
0.000010 0.000010 0.000010 0.000010 0.000010 0.999940 0.000010
0.000010 0.000010 0.000010 0.000010 0.000010 0.999940 0.000010
0.000010 0.999937 0.000010 0.000010 0.000013 0.000010 0.000010
0.000010 0.431469 0.026665 0.000010 0.000010 0.541826 0.000010
0.000010 0.000010 0.000010 0.000010 0.000010 0.999940 0.000010
0.000010 0.000010 0.000010 0.000010 0.000010 0.999940 0.000010
0.377291 0.260280 0.000010 0.000010 0.000010 0.312485 0.049913
0.000010 0.000010 0.000010 0.000010 0.000010 0.999940 0.000010
0.000010 0.000010 0.000010 0.000010 0.000010 0.999940 0.000010
0.000010 0.000010 0.000010 0.000010 0.000010 0.999940 0.000010
0.000010 0.999940 0.000010 0.000010 0.000010 0.000010 0.000010
0.000010 0.999940 0.000010 0.000010 0.000010 0.000010 0.000010
0.000010 0.999940 0.000010 0.000010 0.000010 0.000010 0.000010
0.000010 0.999940 0.000010 0.000010 0.000010 0.000010 0.000010
0.000010 0.999940 0.000010 0.000010 0.000010 0.000010 0.000010
0.000010 0.999940 0.000010 0.000010 0.000010 0.000010 0.000010
0.265274 0.050394 0.165933 0.120515 0.000010 0.267097 0.130776
0.000010 0.999940 0.000010 0.000010 0.000010 0.000010 0.000010
0.348805 0.522533 0.000010 0.064624 0.021668 0.042350 0.000010
0.613433 0.000010 0.000010 0.176838 0.047315 0.055357 0.107037
0.647969 0.000010 0.000010 0.000010 0.000010 0.063924 0.288068
0.404005 0.000010 0.000010 0.183678 0.000010 0.106628 0.305659
0.384774 0.000010 0.000010 0.195662 0.118837 0.000010 0.300697
0.696456 0.000010 0.000010 0.303494 0.000010 0.000010 0.000010
0.266916 0.000010 0.000010 0.000010 0.000010 0.000010 0.733034
0.000010 0.000010 0.127050 0.518657 0.234060 0.000010 0.120203
0.339182 0.000010 0.040723 0.003314 0.000010 0.116101 0.500660
0.680693 0.000010 0.000010 0.319257 0.000010 0.000010 0.000010
0.682193 0.000010 0.000010 0.272446 0.045321 0.000010 0.000010
0.467720 0.000010 0.000010 0.195495 0.000010 0.059492 0.277263
0.539945 0.000010 0.000010 0.460005 0.000010 0.000010 0.000010
0.752316 0.000010 0.000010 0.157363 0.090280 0.000010 0.000010
0.598970 0.000010 0.000010 0.058063 0.001322 0.000010 0.341615
0.352797 0.000010 0.000010 0.227548 0.000010 0.039573 0.380052
0.749580 0.000010 0.000010 0.202128 0.026587 0.000010 0.021675
0.263671 0.072706 0.055436 0.325437 0.000010 0.000010 0.282730
0.404393 0.000010 0.000010 0.189636 0.000010 0.023632 0.382309
0.202624 0.160863 0.000010 0.561383 0.000010 0.000010 0.075100
0.510254 0.000010 0.036368 0.180547 0.000010 0.000010 0.272801
0.473291 0.000010 0.000010 0.155935 0.000010 0.000010 0.370734
0.463090 0.000010 0.000010 0.123216 0.000010 0.000010 0.413654
0.556460 0.000010 0.000010 0.090570 0.000010 0.000010 0.352931
0.320474 0.000010 0.000010 0.196328 0.000010 0.028561 0.454607
0.479934 0.000010 0.000010 0.133649 0.000010 0.032190 0.354198
0.457542 0.000010 0.000010 0.185931 0.000010 0.000010 0.356487
0.447549 0.000010 0.000010 0.190794 0.000010 0.000010 0.361617
0.428023 0.000010 0.000010 0.121467 0.000010 0.000010 0.450470
0.596996 0.047983 0.029873 0.056613 0.002420 0.021791 0.244325
0.572950 0.068691 0.017995 0.078266 0.002153 0.021631 0.238314
0.572098 0.038480 0.034248 0.060942 0.000010 0.020197 0.274025
0.597656 0.068885 0.028398 0.056092 0.000010 0.014797 0.234162
0.605280 0.036097 0.014117 0.060103 0.000010 0.012161 0.272233
0.606502 0.027354 0.023024 0.067001 0.000010 0.016650 0.259458
0.641517 0.016104 0.029433 0.052181 0.000010 0.019135 0.241621
0.578962 0.019943 0.019007 0.071315 0.000010 0.046488 0.264275
0.667920 0.025908 0.000010 0.013275 0.003781 0.027271 0.261834
0.425063 0.141923 0.062633 0.070155 0.038288 0.062705 0.199232
0.501920 0.093907 0.045898 0.106724 0.000010 0.043354 0.208188
0.653603 0.020144 0.000471 0.038751 0.000010 0.024535 0.262487
0.344670 0.065233 0.567780 0.000012 0.000010 0.022285 0.000010
0.616966 0.024612 0.007505 0.076396 0.000010 0.021401 0.253109
0.571777 0.035158 0.018832 0.058748 0.005576 0.018150 0.291759
0.000010 0.000010 0.000010 0.999940 0.000010 0.000010 0.000010
0.000010 0.000010 0.000010 0.999940 0.000010 0.000010 0.000010
0.000010 0.000010 0.000010 0.999940 0.000010 0.000010 0.000010
0.000010 0.000010 0.000010 0.999940 0.000010 0.000010 0.000010
0.047860 0.000010 0.007463 0.889398 0.001154 0.000010 0.054105
0.000010 0.000010 0.000010 0.999940 0.000010 0.000010 0.000010
0.000010 0.000010 0.000010 0.999006 0.000944 0.000010 0.000010
0.000010 0.000010 0.000010 0.999940 0.000010 0.000010 0.000010
0.000010 0.000010 0.000010 0.999940 0.000010 0.000010 0.000010
0.009653 0.000010 0.000010 0.945115 0.013032 0.000010 0.032169
0.000010 0.000296 0.000010 0.999654 0.000010 0.000010 0.000010
0.000010 0.010223 0.009266 0.897008 0.010311 0.000010 0.073171
0.122353 0.000010 0.000010 0.805013 0.000010 0.003672 0.068932
0.000010 0.000010 0.000010 0.999940 0.000010 0.000010 0.000010
0.056618 0.061239 0.022000 0.013435 0.104038 0.000010 0.742661
0.046453 0.049535 0.012577 0.031916 0.118671 0.012889 0.727960
0.055595 0.073436 0.016657 0.005621 0.102413 0.009353 0.736926
0.060185 0.041273 0.014565 0.064767 0.091131 0.016385 0.711695
0.006516 0.077137 0.019321 0.000010 0.080833 0.017052 0.799132
0.095607 0.035555 0.027041 0.043624 0.101049 0.011385 0.685740
0.005625 0.062614 0.036394 0.027161 0.100923 0.018741 0.748541
0.010649 0.067355 0.031723 0.000010 0.105940 0.031750 0.752573
0.110382 0.000010 0.000010 0.388646 0.026082 0.004829 0.470041
0.159536 0.000010 0.000010 0.361815 0.016901 0.001153 0.460576
0.118984 0.000010 0.008418 0.401668 0.024488 0.003028 0.443403
0.129036 0.000010 0.000010 0.382365 0.028099 0.006820 0.453660
0.102227 0.000010 0.011503 0.367272 0.025721 0.000010 0.493257
0.158392 0.000010 0.000010 0.346802 0.033479 0.008287 0.453020
0.109794 0.001639 0.018239 0.396369 0.012193 0.008795 0.452972
0.101348 0.023510 0.000010 0.395396 0.028510 0.000433 0.450793
0.122794 0.000010 0.011419 0.376352 0.000466 0.000010 0.488949
0.129556 0.000010 0.000010 0.407696 0.029807 0.000010 0.432911
0.097829 0.001843 0.003077 0.400215 0.041154 0.010037 0.445845
0.145636 0.000010 0.007224 0.363227 0.044952 0.000010 0.438941
0.159274 0.000010 0.000010 0.359477 0.007215 0.000010 0.474005
0.141092 0.000010 0.000010 0.394439 0.011132 0.014806 0.438511
0.147576 0.003995 0.004699 0.357808 0.021447 0.000010 0.464465
0.117500 0.000750 0.006432 0.395815 0.037077 0.012256 0.430171
0.119050 0.000010 0.021987 0.366137 0.029464 0.000010 0.463342
0.135904 0.000010 0.000010 0.370187 0.020144 0.000064 0.473681
0.156147 0.000010 0.000010 0.371779 0.029835 0.002378 0.439841
0.097982 0.000010 0.000245 0.399755 0.038951 0.000010 0.463047
0.113100 0.000010 0.000010 0.399906 0.000629 0.005967 0.480379
0.133789 0.000010 0.000010 0.394866 0.000010 0.000010 0.471305
0.139539 0.000010 0.000010 0.358453 0.024987 0.000010 0.476991
0.117118 0.000010 0.000010 0.402418 0.020282 0.000010 0.460153
0.119711 0.000010 0.005948 0.358747 0.020888 0.027693 0.467004
0.141887 0.000010 0.000010 0.327320 0.049797 0.000708 0.480269
0.103759 0.000010 0.000010 0.090026 0.120405 0.007475 0.678316
0.239235 0.000010 0.000010 0.144835 0.069823 0.000010 0.546077
0.105866 0.003670 0.000010 0.056415 0.120808 0.000010 0.713220
0.332244 0.000010 0.004702 0.157394 0.039336 0.002654 0.463660
0.231975 0.000010 0.011150 0.152645 0.041005 0.004571 0.558645
0.152474 0.009834 0.006770 0.077892 0.092893 0.002435 0.657701
0.057795 0.000010 0.017186 0.053488 0.125919 0.000010 0.745592
0.253938 0.000010 0.005477 0.115439 0.039381 0.003902 0.581853
0.244571 0.008872 0.000713 0.166548 0.042086 0.007717 0.529494
0.167703 0.008064 0.016469 0.081634 0.077996 0.005351 0.642785
0.080733 0.000010 0.004596 0.075157 0.116698 0.000010 0.722796
0.125127 0.000010 0.000010 0.128458 0.097192 0.013600 0.635604
0.134153 0.005703 0.000583 0.390772 0.017578 0.003361 0.447849
0.120251 0.000010 0.014701 0.381191 0.008191 0.000010 0.475645
0.135401 0.000010 0.000010 0.115370 0.092995 0.005828 0.650386
0.009971 0.021925 0.013299 0.083398 0.118569 0.019653 0.733185
0.138221 0.000010 0.028823 0.068287 0.092284 0.000010 0.672365
0.259252 0.004070 0.000010 0.180316 0.066642 0.000010 0.489699
0.233547 0.000010 0.000010 0.152844 0.038215 0.000010 0.575364
0.101676 0.000010 0.010005 0.058977 0.106897 0.003548 0.718888
0.137657 0.013069 0.017534 0.124964 0.071379 0.000010 0.635387
0.076086 0.002856 0.000010 0.065389 0.110562 0.000010 0.745086
0.096987 0.000010 0.023482 0.081297 0.116313 0.000010 0.681902
0.067764 0.013987 0.014064 0.065153 0.110349 0.007296 0.721387
0.169550 0.000010 0.000010 0.120763 0.062093 0.000010 0.647565
0.135007 0.000010 0.005742 0.364965 0.039455 0.009664 0.445157
0.309675 0.000012 0.000010 0.133322 0.040435 0.001595 0.514951
0.151104 0.000010 0.000010 0.110202 0.113104 0.007380 0.618190
0.204896 0.000010 0.006306 0.097571 0.092963 0.021759 0.576494
0.098931 0.000010 0.013737 0.081606 0.115495 0.003077 0.687143
0.067671 0.003635 0.001732 0.066622 0.122873 0.000010 0.737457
0.240299 0.000010 0.000010 0.154690 0.060509 0.000010 0.544472
0.168725 0.005792 0.000010 0.091106 0.085263 0.000010 0.649095
0.168039 0.000010 0.000010 0.084449 0.091394 0.007849 0.648249
0.309114 0.000010 0.000010 0.161759 0.039869 0.000010 0.489228
0.262263 0.000010 0.000010 0.148152 0.067491 0.000546 0.521529
0.188532 0.005856 0.003233 0.085012 0.086532 0.000955 0.629880
0.279118 0.000010 0.003589 0.085804 0.077070 0.004678 0.549730
0.209582 0.004110 0.000010 0.077644 0.074660 0.000010 0.633984
0.192861 0.017467 0.000010 0.106233 0.070775 0.016682 0.595971
0.267260 0.000010 0.005175 0.113029 0.053682 0.000010 0.560835
0.224623 0.000010 0.000010 0.130199 0.092203 0.006104 0.546852
0.199929 0.000010 0.000010 0.108135 0.084503 0.000010 0.607404
0.268934 0.000010 0.002329 0.076025 0.056418 0.000010 0.596275
0.177380 0.018636 0.012833 0.080092 0.062918 0.000010 0.648131
0.294658 0.000010 0.000010 0.108811 0.059542 0.000010 0.536959
0.464701 0.013473 0.000010 0.083124 0.020137 0.009273 0.409282
0.541385 0.000010 0.000010 0.024855 0.034713 0.027170 0.371857
0.538269 0.020039 0.001778 0.039260 0.030008 0.008220 0.362426
0.812942 0.010735 0.000010 0.024004 0.000010 0.016935 0.135365
0.536881 0.011584 0.038152 0.063540 0.030402 0.000940 0.318501
0.523428 0.025613 0.025294 0.028098 0.023678 0.000010 0.373879
0.520643 0.010281 0.014376 0.038010 0.029937 0.000010 0.386743
0.561067 0.013849 0.036161 0.011311 0.010715 0.001542 0.365354
0.300178 0.000010 0.001109 0.088572 0.068775 0.000010 0.541347
0.537367 0.015197 0.007380 0.051656 0.022851 0.011123 0.354427
0.202456 0.009145 0.000010 0.039198 0.072268 0.010153 0.666769
0.230109 0.004422 0.005852 0.067464 0.056800 0.001563 0.633790
0.182010 0.011029 0.019584 0.050325 0.059876 0.003014 0.674163
0.213231 0.007399 0.003038 0.046166 0.061391 0.017721 0.651055
0.201865 0.011970 0.007767 0.056841 0.089633 0.004729 0.627194
0.210493 0.018367 0.000010 0.051065 0.070623 0.003930 0.645512
0.220958 0.006295 0.000753 0.068143 0.059013 0.000010 0.644828
0.208246 0.000013 0.005506 0.071727 0.077526 0.000010 0.636973
0.226635 0.000010 0.015380 0.040268 0.065672 0.000010 0.652026
0.159039 0.028958 0.013211 0.067810 0.067296 0.006690 0.656996
0.159881 0.000010 0.000010 0.783410 0.000010 0.002110 0.054569
0.238308 0.008839 0.003684 0.483514 0.000010 0.000010 0.265635
0.141187 0.000010 0.010158 0.604067 0.010716 0.016684 0.217179
0.125163 0.000010 0.004600 0.749101 0.002893 0.000010 0.118223
0.146735 0.011151 0.017965 0.643383 0.003376 0.000010 0.177379
0.221704 0.000010 0.012938 0.536776 0.026645 0.000010 0.201917
0.137539 0.012329 0.003780 0.658348 0.017142 0.000010 0.170851
0.074035 0.000010 0.000010 0.868341 0.000010 0.004720 0.052874
0.203567 0.000010 0.000010 0.495118 0.036746 0.023836 0.240713
0.205633 0.000010 0.000010 0.544881 0.000010 0.005593 0.243863
0.218381 0.000720 0.002531 0.476518 0.012382 0.004783 0.284685
0.239283 0.013044 0.012194 0.455283 0.000010 0.000010 0.280176
0.159216 0.005146 0.025715 0.540020 0.018810 0.016742 0.234352
0.182641 0.002826 0.024429 0.521970 0.000010 0.000010 0.268115
0.189159 0.007749 0.000010 0.534872 0.008225 0.011300 0.248685
0.180793 0.001592 0.000010 0.540563 0.005945 0.000526 0.270571
0.176733 0.012604 0.000010 0.522172 0.000010 0.012935 0.275536
0.192138 0.010441 0.002054 0.520979 0.000010 0.000010 0.274369
0.253547 0.028471 0.006153 0.382125 0.022843 0.003430 0.303430
0.248143 0.000524 0.015231 0.306280 0.031008 0.000010 0.398804
0.270611 0.009120 0.016911 0.300327 0.010397 0.011044 0.381590
0.252123 0.000010 0.007566 0.342750 0.024292 0.003343 0.369915
0.267370 0.000010 0.036570 0.313410 0.041538 0.000010 0.341093
0.272495 0.008296 0.014828 0.285397 0.033764 0.000010 0.385209
0.222152 0.003664 0.000010 0.461043 0.013891 0.000010 0.299229
0.112655 0.000010 0.006077 0.716301 0.000010 0.009152 0.155794
0.102326 0.000010 0.000010 0.739860 0.000010 0.000010 0.157773
0.197896 0.016358 0.000010 0.436009 0.000402 0.017064 0.332260
0.182509 0.023775 0.000010 0.461837 0.007120 0.000010 0.324739
0.055455 0.020386 0.005118 0.767045 0.000010 0.006434 0.145551
0.210879 0.001156 0.008960 0.480576 0.011136 0.000010 0.287284
0.140417 0.009265 0.000010 0.628651 0.005411 0.000010 0.216237
0.288812 0.000010 0.000010 0.380955 0.015861 0.000010 0.314342
0.228345 0.004125 0.000010 0.432593 0.010756 0.007236 0.316936
0.219427 0.000010 0.000010 0.415742 0.025755 0.008169 0.330886
0.251005 0.010170 0.009732 0.373368 0.015749 0.009181 0.330796
0.200973 0.000010 0.013593 0.405757 0.031920 0.008908 0.338840
0.239947 0.007834 0.026561 0.389337 0.002263 0.000010 0.334048
0.264272 0.002657 0.002932 0.367976 0.027184 0.010012 0.324966
0.319432 0.000010 0.007019 0.175259 0.017194 0.000010 0.481076
0.286234 0.025267 0.000010 0.170294 0.053711 0.007518 0.456965
0.352466 0.000010 0.000010 0.169407 0.000010 0.000010 0.478087
0.311921 0.015112 0.007791 0.190445 0.023885 0.002839 0.448007
0.322907 0.000010 0.000010 0.168804 0.010430 0.016734 0.481105
0.324858 0.003201 0.006736 0.177995 0.026732 0.013503 0.446976
0.283895 0.000010 0.021243 0.185448 0.022527 0.005162 0.481715
0.270478 0.000010 0.000010 0.156575 0.042795 0.013308 0.516824
0.327196 0.000010 0.000010 0.203651 0.026834 0.013778 0.428521
0.285131 0.007705 0.037427 0.169081 0.025759 0.005641 0.469256
0.011457 0.025581 0.034502 0.008457 0.131852 0.000010 0.788141
0.024590 0.004293 0.005309 0.000010 0.115447 0.006174 0.844177
0.000010 0.011237 0.000010 0.000010 0.133258 0.004733 0.850743
0.000010 0.000010 0.011082 0.000010 0.149447 0.007474 0.831967
0.009516 0.008045 0.022279 0.003957 0.133630 0.018695 0.803878
0.000010 0.000010 0.004412 0.000010 0.128928 0.014446 0.852184
0.000010 0.017150 0.043602 0.009846 0.150234 0.001155 0.778004
0.027556 0.025847 0.005415 0.015399 0.131287 0.002908 0.791587
0.000010 0.005573 0.021078 0.010722 0.112784 0.012407 0.837426
0.000040 0.020660 0.004959 0.000010 0.140569 0.019616 0.814146
0.155626 0.025059 0.028376 0.003692 0.061784 0.011198 0.714264
0.064200 0.032562 0.046168 0.000010 0.041082 0.006226 0.809752
0.154891 0.042932 0.037333 0.000010 0.045443 0.006573 0.712818
0.137289 0.047395 0.014092 0.000010 0.061548 0.006846 0.732820
0.085987 0.052729 0.021657 0.000010 0.063406 0.008002 0.768209
0.076663 0.048185 0.037833 0.000010 0.056609 0.003230 0.777470
0.166305 0.034688 0.013840 0.009844 0.068019 0.006691 0.700613
0.180615 0.034134 0.000010 0.013103 0.047951 0.004271 0.719917
0.097418 0.000010 0.000010 0.044809 0.082751 0.020219 0.754783
0.166557 0.008476 0.000010 0.089192 0.079935 0.010895 0.644935
0.116778 0.000010 0.012397 0.119248 0.054657 0.009216 0.687694
0.122997 0.000010 0.014042 0.050666 0.054817 0.012288 0.745180
0.140459 0.006946 0.000010 0.042117 0.071856 0.024859 0.713753
0.153403 0.000010 0.000010 0.066618 0.088263 0.010592 0.681104
0.095932 0.000010 0.007076 0.080703 0.084612 0.011941 0.719726
0.151639 0.000010 0.000010 0.083306 0.087399 0.022568 0.655068
0.144815 0.019468 0.000010 0.061015 0.081685 0.000010 0.692997
0.133971 0.008968 0.000010 0.086542 0.081928 0.008730 0.679851
0.449277 0.004312 0.012320 0.101837 0.030668 0.013225 0.388361
0.466939 0.023514 0.018600 0.061827 0.029261 0.008238 0.391621
0.516527 0.000010 0.008622 0.050274 0.005328 0.020818 0.398421
0.524669 0.027182 0.011138 0.067930 0.018030 0.016335 0.334716
0.508010 0.010018 0.042457 0.058753 0.033063 0.013678 0.334020
0.539922 0.004324 0.021817 0.034004 0.000010 0.011317 0.388606
0.545487 0.004517 0.023783 0.071252 0.000010 0.005538 0.349413
0.553070 0.023284 0.000010 0.067562 0.012537 0.015436 0.328101
0.555821 0.013309 0.022590 0.057739 0.017156 0.001622 0.331764
0.422699 0.020375 0.025382 0.177552 0.025962 0.004731 0.323299
0.418772 0.041720 0.042049 0.135377 0.025917 0.022129 0.314037
0.482339 0.014174 0.057643 0.143278 0.000010 0.027026 0.275530
0.383778 0.041340 0.041900 0.188346 0.019833 0.005982 0.318820
0.372840 0.031574 0.039066 0.186077 0.008936 0.000010 0.361497
0.409303 0.027706 0.021528 0.157312 0.016547 0.008580 0.359023
0.387807 0.026038 0.020312 0.209422 0.019546 0.012876 0.323999
0.427235 0.043962 0.013650 0.129559 0.021366 0.000010 0.364218
0.379705 0.016166 0.047366 0.164139 0.026019 0.030443 0.336160
0.394795 0.040850 0.056524 0.177826 0.000010 0.007956 0.322039
0.000010 0.000010 0.000010 0.000010 0.999940 0.000010 0.000010
0.000010 0.000010 0.000010 0.000010 0.999940 0.000010 0.000010
0.000010 0.000010 0.000010 0.000010 0.448437 0.000010 0.551513
0.285403 0.000010 0.006031 0.182018 0.020444 0.010521 0.495575
0.000010 0.000010 0.000010 0.000010 0.999940 0.000010 0.000010
0.000010 0.000010 0.000010 0.000010 0.999940 0.000010 0.000010
0.000010 0.000010 0.000010 0.000010 0.496769 0.000010 0.503181
0.153479 0.000010 0.000010 0.329978 0.026311 0.017767 0.472444
0.000010 0.000010 0.000010 0.000010 0.999940 0.000010 0.000010
0.000010 0.000010 0.000010 0.000010 0.477065 0.000010 0.522885
0.000010 0.000010 0.000010 0.000010 0.469634 0.000010 0.530316
0.165756 0.000010 0.009877 0.320192 0.025612 0.019337 0.459217
0.000010 0.000010 0.000010 0.000010 0.451584 0.000010 0.548366
0.000010 0.000010 0.000010 0.000010 0.489381 0.000010 0.510569
0.000010 0.000010 0.000010 0.000010 0.999940 0.000010 0.000010
0.000010 0.000010 0.000010 0.000010 0.435798 0.000010 0.564152
0.000010 0.000010 0.000010 0.000010 0.999940 0.000010 0.000010
0.000010 0.000010 0.000010 0.000010 0.480552 0.000010 0.519398
0.255337 0.000010 0.000010 0.300163 0.031870 0.000010 0.412600
0.000010 0.000010 0.000010 0.000010 0.999940 0.000010 0.000010
0.000010 0.000010 0.000010 0.000010 0.442588 0.000010 0.557362
0.201698 0.003899 0.017938 0.313149 0.056586 0.000010 0.406721
0.000010 0.000010 0.000010 0.000010 0.999940 0.000010 0.000010
0.000010 0.000010 0.000010 0.000010 0.465376 0.000010 0.534574
0.186771 0.000010 0.000010 0.342828 0.034220 0.000010 0.436151
0.038044 0.038652 0.003861 0.018021 0.115872 0.000010 0.785540
0.058125 0.013479 0.006468 0.024272 0.089312 0.015764 0.792580
0.029646 0.014669 0.000010 0.030232 0.090539 0.020204 0.814700
0.012004 0.025204 0.033035 0.040200 0.115306 0.002550 0.771700
0.016607 0.025404 0.018274 0.043375 0.119541 0.007130 0.769669
0.010069 0.044712 0.014853 0.050071 0.115869 0.000010 0.764415
0.028240 0.027351 0.000010 0.034731 0.090297 0.000010 0.819360
0.013962 0.001099 0.040986 0.024392 0.124502 0.001597 0.793463
0.061197 0.067123 0.027473 0.045210 0.084098 0.025914 0.688985
0.032963 0.031518 0.012077 0.023017 0.118589 0.002359 0.779477
0.000010 0.116295 0.000010 0.000010 0.000010 0.000010 0.883655
0.054318 0.073159 0.035297 0.038786 0.100018 0.028913 0.669509
0.124804 0.040356 0.009986 0.067446 0.098830 0.000010 0.658566
0.084337 0.076763 0.035708 0.046246 0.086763 0.004556 0.665627
0.060028 0.046736 0.015968 0.069934 0.080390 0.022144 0.704800
0.000010 0.114762 0.004792 0.000010 0.000010 0.000010 0.880406
0.000010 0.115824 0.009147 0.000010 0.000010 0.000010 0.874989
0.072397 0.069051 0.024627 0.053334 0.100280 0.013019 0.667293
0.053672 0.000010 0.000010 0.811070 0.000010 0.000010 0.135218
0.024893 0.000010 0.000010 0.947093 0.005872 0.000360 0.021763
0.000010 0.000010 0.000010 0.999940 0.000010 0.000010 0.000010
0.004241 0.000010 0.002019 0.985309 0.008402 0.000010 0.000010
0.000010 0.000010 0.000010 0.992944 0.007006 0.000010 0.000010
0.030855 0.000010 0.000010 0.961054 0.000010 0.008051 0.000010
0.000010 0.000019 0.010735 0.989206 0.000010 0.000010 0.000010
0.003838 0.000010 0.000010 0.960415 0.000010 0.002037 0.033680
0.000010 0.000010 0.000010 0.999940 0.000010 0.000010 0.000010
0.000010 0.000010 0.000010 0.999940 0.000010 0.000010 0.000010
0.000010 0.000010 0.000010 0.999940 0.000010 0.000010 0.000010
0.382408 0.022253 0.017132 0.190306 0.026277 0.007959 0.353665
0.333959 0.014392 0.025634 0.193830 0.035433 0.025841 0.370911
0.461328 0.015860 0.006734 0.121105 0.028415 0.012228 0.354330
0.391056 0.019100 0.000010 0.160141 0.032095 0.001251 0.396347
0.507195 0.033352 0.026842 0.129362 0.001882 0.018012 0.283353
0.480485 0.085921 0.355691 0.016248 0.013378 0.024016 0.024261
0.639625 0.076128 0.082992 0.067385 0.000010 0.057434 0.076427
0.356293 0.038438 0.525610 0.000010 0.021050 0.043834 0.014765
0.531896 0.064550 0.274630 0.039044 0.000010 0.052964 0.036907
0.766511 0.049231 0.048635 0.051466 0.013227 0.016836 0.054094
0.829981 0.027292 0.036774 0.038792 0.000941 0.000010 0.066211
0.778973 0.030747 0.038361 0.062013 0.000010 0.019465 0.070430
0.778916 0.018676 0.045480 0.057290 0.020048 0.027417 0.052173
0.782002 0.038472 0.045191 0.036795 0.000010 0.021077 0.076453
0.785947 0.034426 0.060746 0.033157 0.007813 0.031066 0.046845
0.742180 0.030927 0.076696 0.062524 0.000010 0.024374 0.063287
0.842285 0.000010 0.038889 0.037208 0.000010 0.010119 0.071480
0.792934 0.043251 0.030290 0.050161 0.021621 0.000010 0.061734
0.734552 0.059379 0.090191 0.024173 0.000010 0.024553 0.067142
0.726118 0.030901 0.030690 0.072844 0.001068 0.007205 0.131174
0.564103 0.046271 0.029416 0.130111 0.015790 0.014826 0.199483
0.780316 0.027131 0.053645 0.058451 0.000010 0.010213 0.070234
0.645058 0.049298 0.057394 0.083849 0.000010 0.031681 0.132711
0.364884 0.011062 0.007396 0.183137 0.000010 0.013748 0.419763
0.746121 0.027153 0.047638 0.068667 0.000010 0.016485 0.093926
0.663436 0.059574 0.040161 0.109738 0.003551 0.017108 0.106432
0.565835 0.079353 0.036155 0.090456 0.015678 0.018069 0.194454
0.701130 0.107658 0.079264 0.011795 0.001981 0.076828 0.021344
0.631323 0.062730 0.033265 0.154760 0.000366 0.031076 0.086479
0.675694 0.096888 0.085512 0.030588 0.018095 0.054265 0.038958
0.591316 0.034249 0.048102 0.164343 0.000010 0.023339 0.138641
0.648654 0.103871 0.115891 0.040057 0.007598 0.033521 0.050408
0.626039 0.032212 0.043142 0.163136 0.014693 0.025571 0.095206
0.642929 0.122368 0.072182 0.051994 0.022329 0.063490 0.024709
0.782796 0.000010 0.030669 0.005143 0.002863 0.000010 0.178509
0.656068 0.114628 0.077196 0.046137 0.002698 0.049807 0.053467
0.773153 0.000010 0.000010 0.035803 0.000010 0.000010 0.191004
0.724664 0.086517 0.063023 0.043582 0.007651 0.023903 0.050660
0.783619 0.000010 0.000010 0.000010 0.007445 0.000010 0.208895
0.540667 0.039955 0.054304 0.185412 0.024130 0.005427 0.150105
0.670812 0.143592 0.083663 0.013442 0.001118 0.062527 0.024846
0.574060 0.022459 0.030396 0.047330 0.014891 0.033418 0.277446
0.634428 0.044200 0.021282 0.143649 0.008587 0.026661 0.121193
0.671155 0.127827 0.090473 0.007726 0.008925 0.060064 0.033832
0.628245 0.057504 0.029594 0.139546 0.007425 0.028327 0.109358
0.799177 0.041529 0.050371 0.043711 0.008040 0.017441 0.039732
0.352975 0.033850 0.043936 0.167835 0.000809 0.008510 0.392084
0.742270 0.037582 0.033560 0.081870 0.005530 0.022766 0.076420
0.618329 0.008555 0.018586 0.059486 0.034173 0.002881 0.257991
0.760203 0.048852 0.045585 0.063927 0.018555 0.000010 0.062867
0.647613 0.000010 0.000010 0.043597 0.046025 0.000010 0.262734
0.672757 0.106994 0.110124 0.017551 0.000010 0.067753 0.024811
0.834737 0.001242 0.022101 0.032128 0.007735 0.000010 0.102047
0.708368 0.041941 0.055319 0.062202 0.000010 0.018075 0.114085
0.840913 0.007306 0.026590 0.012023 0.000010 0.005666 0.107493
0.650787 0.112176 0.084039 0.033852 0.022862 0.074750 0.021534
0.850238 0.000010 0.011530 0.019499 0.000010 0.000010 0.118703
0.859649 0.000010 0.003966 0.031905 0.004241 0.000010 0.100219
0.757139 0.056209 0.050201 0.040828 0.003800 0.061874 0.029949
0.384475 0.003532 0.000010 0.147237 0.058856 0.008329 0.397561
0.695029 0.015651 0.026601 0.069000 0.007455 0.001080 0.185184
0.759276 0.048418 0.073125 0.044110 0.000010 0.007706 0.067355
0.218150 0.000010 0.000010 0.108197 0.055283 0.005227 0.613122
0.774071 0.024273 0.029895 0.031181 0.022668 0.016182 0.101730
0.708341 0.106790 0.073402 0.000715 0.010827 0.056716 0.043209
0.853606 0.004591 0.005799 0.013529 0.000010 0.000010 0.122455
0.842469 0.009158 0.008004 0.066982 0.000010 0.009522 0.063855
0.588301 0.157010 0.094148 0.036496 0.011158 0.081029 0.031857
0.728767 0.000010 0.016638 0.079688 0.000010 0.000010 0.174877
0.823160 0.004159 0.035722 0.049380 0.000010 0.002703 0.084866
0.689349 0.095221 0.125550 0.000010 0.015011 0.054811 0.020048
0.777860 0.013223 0.000010 0.050014 0.024131 0.010518 0.124244
0.861071 0.035752 0.031470 0.040408 0.000010 0.009537 0.021752
0.624395 0.089122 0.093892 0.061273 0.009797 0.056474 0.065047
0.279046 0.000010 0.000064 0.140513 0.050651 0.000010 0.529706
0.663355 0.000010 0.031673 0.053550 0.007859 0.000010 0.243543
0.672627 0.117109 0.103771 0.014404 0.020544 0.051252 0.020293
0.774907 0.027906 0.018907 0.079802 0.000370 0.019825 0.078282
0.242903 0.000010 0.000010 0.079291 0.080397 0.000010 0.597380
0.701347 0.130063 0.086440 0.000010 0.021707 0.060423 0.000010
0.830001 0.010412 0.012761 0.053472 0.000010 0.014903 0.078441
0.339289 0.000010 0.018409 0.115912 0.069224 0.000010 0.457145
0.641169 0.073659 0.073798 0.085816 0.012000 0.036100 0.077459
0.429805 0.003883 0.025198 0.083162 0.044951 0.000010 0.412991
0.831005 0.015542 0.034025 0.031723 0.000010 0.000010 0.087686
0.637412 0.122389 0.079244 0.034414 0.000648 0.056169 0.069724
0.565418 0.049786 0.033936 0.177519 0.019108 0.013594 0.140637
0.506664 0.021956 0.018537 0.079980 0.042006 0.000010 0.330847
0.682969 0.116538 0.100891 0.000010 0.027820 0.071762 0.000010
0.638885 0.043594 0.033432 0.147527 0.000010 0.003441 0.133111
0.358116 0.009836 0.014830 0.081890 0.044695 0.000010 0.490623
0.687728 0.120296 0.088375 0.010077 0.007332 0.068681 0.017510
0.680069 0.033889 0.034391 0.112864 0.022515 0.017484 0.098788
0.750820 0.023954 0.049190 0.082700 0.013619 0.017092 0.062625
0.626974 0.114690 0.120223 0.041189 0.000010 0.069610 0.027303
0.624640 0.070501 0.040057 0.091154 0.013809 0.015465 0.144374
0.793898 0.000010 0.000010 0.043775 0.000010 0.000010 0.162287
0.660712 0.144199 0.117700 0.010954 0.000010 0.066415 0.000010
0.602947 0.031425 0.020831 0.128760 0.001792 0.010056 0.204189
0.346007 0.020131 0.000010 0.101621 0.057556 0.008098 0.466577
0.662434 0.105105 0.080971 0.043434 0.020505 0.068663 0.018887
0.464474 0.025460 0.014579 0.158460 0.012789 0.000010 0.324227
0.800715 0.031673 0.012664 0.091275 0.007383 0.004327 0.051964
0.638249 0.105115 0.091770 0.037782 0.017092 0.066990 0.043000
0.637048 0.029996 0.041490 0.118296 0.016987 0.026798 0.129385
0.855336 0.000010 0.010028 0.040244 0.000010 0.000010 0.094362
0.661937 0.129141 0.076553 0.017947 0.006926 0.070317 0.037179
0.667466 0.047857 0.017799 0.108086 0.006695 0.025789 0.126309
0.552957 0.000010 0.021888 0.074693 0.010248 0.000010 0.340194
0.636673 0.133017 0.104614 0.000010 0.018560 0.073567 0.033558
0.679048 0.042421 0.034332 0.088561 0.000010 0.019332 0.136296
0.565217 0.000010 0.019308 0.078857 0.032697 0.000010 0.303902
0.631712 0.141844 0.094812 0.021793 0.001567 0.083478 0.024793
0.731426 0.042096 0.019665 0.104265 0.004382 0.002995 0.095170
0.835720 0.003292 0.034385 0.031292 0.000010 0.000010 0.095292
0.691927 0.098025 0.069579 0.035972 0.023326 0.043172 0.037998
0.659801 0.099713 0.108386 0.019927 0.000010 0.049548 0.062615
0.723980 0.000010 0.016832 0.056913 0.012233 0.000010 0.190021
0.707864 0.144321 0.073542 0.000010 0.011767 0.061318 0.001178
0.245239 0.002924 0.007084 0.124832 0.070791 0.000010 0.549120
0.295627 0.003637 0.000010 0.101332 0.032658 0.005346 0.561391
0.691140 0.044060 0.031500 0.117319 0.001607 0.018905 0.095468
0.828259 0.017051 0.029547 0.056862 0.000010 0.012567 0.055705
0.632160 0.035686 0.009157 0.159654 0.015848 0.020672 0.126823
0.635218 0.032314 0.037167 0.107288 0.012844 0.006650 0.168519
0.649352 0.221039 0.039346 0.000010 0.000010 0.090234 0.000010
0.623423 0.174556 0.061595 0.014911 0.000010 0.090946 0.034560
0.641923 0.193564 0.053690 0.010994 0.008537 0.091282 0.000010
0.594422 0.227811 0.046101 0.032922 0.001715 0.097018 0.000010
0.652218 0.137403 0.076987 0.020006 0.020248 0.093128 0.000010
0.664532 0.103661 0.074604 0.030408 0.013107 0.084729 0.028959
0.681558 0.137078 0.076689 0.014910 0.005992 0.083763 0.000010
0.653740 0.169811 0.093045 0.000010 0.006919 0.076465 0.000010
0.645292 0.142082 0.098283 0.016499 0.012059 0.085774 0.000010
0.661613 0.166034 0.062320 0.000010 0.021850 0.088163 0.000010
0.651676 0.161853 0.094225 0.000019 0.012431 0.079785 0.000010
0.670379 0.217290 0.047849 0.000010 0.009020 0.055442 0.000010
0.654014 0.174696 0.063966 0.000010 0.035651 0.071654 0.000010
0.700307 0.108708 0.083338 0.017704 0.012410 0.054228 0.023305
0.626352 0.192969 0.097512 0.000010 0.005079 0.078067 0.000010
0.672507 0.183327 0.061009 0.000010 0.012552 0.070585 0.000010
0.623245 0.189278 0.086642 0.000010 0.024092 0.070716 0.006017
0.642766 0.179049 0.096026 0.000010 0.009752 0.072386 0.000010
0.681589 0.205659 0.050944 0.000010 0.006527 0.055261 0.000010
0.685350 0.186781 0.042825 0.000010 0.020596 0.064428 0.000010
0.659567 0.166479 0.074831 0.000010 0.012122 0.086981 0.000010
0.656468 0.131109 0.072948 0.040179 0.016263 0.068776 0.014257
0.719828 0.124138 0.056889 0.000010 0.021598 0.077526 0.000010
0.749524 0.161346 0.037014 0.000010 0.002436 0.049660 0.000010
0.716203 0.144878 0.068688 0.000010 0.018411 0.051801 0.000010
0.764229 0.165027 0.032094 0.000010 0.000010 0.038619 0.000010
0.704116 0.141936 0.068114 0.000010 0.014895 0.070919 0.000010
0.720728 0.138322 0.046943 0.000010 0.023482 0.070506 0.000010
0.780098 0.133026 0.034295 0.001096 0.008768 0.042706 0.000010
0.604965 0.157596 0.132347 0.000010 0.029282 0.075789 0.000010
0.625298 0.167228 0.083707 0.014559 0.021347 0.077423 0.010438
0.773869 0.146019 0.014961 0.000010 0.003080 0.062050 0.000010
0.782767 0.161020 0.003761 0.000010 0.001125 0.051307 0.000010
0.696073 0.120170 0.088052 0.002216 0.022910 0.065560 0.005018
0.611311 0.140481 0.080769 0.033123 0.019625 0.053487 0.061205
0.672802 0.120010 0.080236 0.002476 0.011865 0.070531 0.042080
0.691860 0.101636 0.081853 0.046679 0.000010 0.045927 0.032035
0.000010 0.000010 0.999940 0.000010 0.000010 0.000010 0.000010
0.000010 0.000010 0.999940 0.000010 0.000010 0.000010 0.000010
0.212897 0.000010 0.754388 0.000010 0.000010 0.032675 0.000010
0.213614 0.002442 0.772645 0.000010 0.000010 0.011269 0.000010
0.000010 0.000010 0.999940 0.000010 0.000010 0.000010 0.000010
0.146162 0.014118 0.832076 0.000010 0.007614 0.000010 0.000010
0.000010 0.000010 0.999940 0.000010 0.000010 0.000010 0.000010
0.242282 0.028304 0.700175 0.000010 0.000010 0.029209 0.000010
0.180406 0.018437 0.795913 0.000010 0.000010 0.005215 0.000010
0.193069 0.041100 0.728730 0.000010 0.006835 0.030247 0.000010
0.194557 0.000010 0.776552 0.000010 0.002410 0.026452 0.000010
0.079632 0.000010 0.908049 0.000010 0.000010 0.012279 0.000010
0.000010 0.000010 0.999940 0.000010 0.000010 0.000010 0.000010
0.152920 0.000010 0.836310 0.000010 0.000010 0.010730 0.000010
0.000010 0.000010 0.999940 0.000010 0.000010 0.000010 0.000010
0.000010 0.000010 0.999940 0.000010 0.000010 0.000010 0.000010
0.073923 0.002251 0.923786 0.000010 0.000010 0.000010 0.000010
0.000010 0.000010 0.999940 0.000010 0.000010 0.000010 0.000010
0.184606 0.023356 0.769728 0.000010 0.000010 0.022280 0.000010
0.248240 0.018407 0.702350 0.000010 0.000010 0.030973 0.000010
0.123798 0.014589 0.821065 0.000010 0.000010 0.024150 0.016379
0.176439 0.028149 0.751778 0.000010 0.000010 0.043604 0.000010
