0.000010 0.493704 0.024653 0.029025 0.420367 0.032241
0.000010 0.515895 0.000010 0.049573 0.434502 0.000010
0.000010 0.000010 0.000010 0.000010 0.999950 0.000010
0.000010 0.000010 0.000010 0.000010 0.782887 0.217073
0.000010 0.275068 0.000010 0.000010 0.640484 0.084418
0.000010 0.322903 0.000010 0.000010 0.603467 0.073600
0.000010 0.634645 0.000010 0.000010 0.352107 0.013218
0.000010 0.000010 0.000010 0.000010 0.999950 0.000010
0.000010 0.319551 0.000010 0.000010 0.604687 0.075732
0.000010 0.335206 0.000010 0.000010 0.637327 0.027436
0.000010 0.296790 0.000010 0.000010 0.691591 0.011589
0.000010 0.000010 0.000010 0.000010 0.999950 0.000010
0.091699 0.261271 0.000010 0.003071 0.604622 0.039327
0.000810 0.245157 0.000010 0.000010 0.734698 0.019315
0.000010 0.000010 0.000010 0.000010 0.999950 0.000010
0.000010 0.277024 0.000010 0.000010 0.691421 0.031525
0.000010 0.249907 0.000010 0.000010 0.715008 0.035055
0.000010 0.000010 0.000010 0.000010 0.999950 0.000010
0.000010 0.000010 0.000010 0.000010 0.999950 0.000010
0.000010 0.444592 0.057437 0.000010 0.486986 0.010965
0.000010 0.000010 0.000011 0.000010 0.999949 0.000010
0.000010 0.000010 0.000010 0.000010 0.999950 0.000010
0.000010 0.000010 0.000010 0.000013 0.999947 0.000010
0.000010 0.000010 0.000010 0.000010 0.999950 0.000010
0.000010 0.343407 0.000010 0.000010 0.656553 0.000010
0.000010 0.000010 0.000010 0.000010 0.999950 0.000010
0.000010 0.000010 0.000010 0.000010 0.999950 0.000010
0.000010 0.232030 0.069406 0.000010 0.698534 0.000010
0.000010 0.324803 0.000010 0.000010 0.648066 0.027101
0.126009 0.232240 0.133048 0.000010 0.340754 0.167939
0.000010 0.629370 0.000010 0.021099 0.295756 0.053754
0.062809 0.479537 0.011705 0.028172 0.417422 0.000355
0.210523 0.647415 0.075612 0.066431 0.000010 0.000010
0.017023 0.619408 0.321071 0.000010 0.042478 0.000010
0.199865 0.404490 0.314890 0.000010 0.080735 0.000010
0.219823 0.338818 0.326125 0.115213 0.000010 0.000010
0.328923 0.665843 0.005204 0.000010 0.000010 0.000010
0.000010 0.241303 0.758657 0.000010 0.000010 0.000010
0.513958 0.000010 0.144829 0.218224 0.005300 0.117680
0.039855 0.378096 0.502781 0.000010 0.027907 0.051352
0.348812 0.648668 0.000010 0.002490 0.000010 0.000010
0.286483 0.661091 0.000010 0.052395 0.000010 0.000010
0.209527 0.449754 0.294503 0.000010 0.046196 0.000010
0.475745 0.524215 0.000010 0.000010 0.000010 0.000010
0.190616 0.706557 0.000010 0.102797 0.000010 0.000010
0.062319 0.571347 0.366305 0.000010 0.000010 0.000010
0.241413 0.354889 0.390228 0.000010 0.013449 0.000010
0.218284 0.704692 0.056892 0.020112 0.000010 0.000010
0.332137 0.287593 0.296366 0.000010 0.013183 0.070711
0.195669 0.398947 0.395784 0.000010 0.009580 0.000010
0.545958 0.297352 0.083737 0.000010 0.072933 0.000010
0.186779 0.506723 0.278591 0.000010 0.000010 0.027887
0.166172 0.641697 0.192101 0.000010 0.000010 0.000010
0.194028 0.614037 0.191905 0.000010 0.000010 0.000010
0.164139 0.626228 0.176449 0.000010 0.033164 0.000010
0.200824 0.620003 0.179143 0.000010 0.000010 0.000010
0.163201 0.620921 0.215848 0.000010 0.000010 0.000010
0.344037 0.362425 0.265286 0.000010 0.028232 0.000010
0.170713 0.682853 0.146404 0.000010 0.000010 0.000010
0.162622 0.449033 0.388315 0.000010 0.000010 0.000010
0.138330 0.420116 0.438611 0.000010 0.000010 0.002923
0.098668 0.532994 0.368307 0.000010 0.000010 0.000010
0.197708 0.342909 0.459353 0.000010 0.000010 0.000010
0.145953 0.475641 0.368361 0.000010 0.010025 0.000010
0.194503 0.434504 0.370962 0.000010 0.000010 0.000010
0.200392 0.418214 0.381364 0.000010 0.000010 0.000010
0.131815 0.399729 0.468426 0.000010 0.000010 0.000010
0.064980 0.583350 0.257262 0.004422 0.054285 0.035700
0.084669 0.573155 0.249773 0.004800 0.062069 0.025534
0.069280 0.558796 0.288200 0.000010 0.043826 0.039888
0.062811 0.597427 0.247693 0.000010 0.056358 0.035700
0.068459 0.593597 0.287512 0.000010 0.031241 0.019182
0.076791 0.582262 0.276163 0.000010 0.034523 0.030251
0.061555 0.621618 0.256672 0.000464 0.024098 0.035593
0.080110 0.566177 0.279185 0.000010 0.051218 0.023299
0.022932 0.655040 0.275920 0.006216 0.039883 0.000010
0.073118 0.457999 0.205528 0.041934 0.149373 0.072048
0.112058 0.509633 0.221663 0.000010 0.101205 0.055430
0.048654 0.631280 0.279349 0.000010 0.034888 0.005819
0.000010 0.364610 0.000010 0.000010 0.059598 0.575762
0.085122 0.602593 0.267584 0.000010 0.031488 0.013204
0.066810 0.558396 0.304427 0.008611 0.037026 0.024731
0.999950 0.000010 0.000010 0.000010 0.000010 0.000010
0.999950 0.000010 0.000010 0.000010 0.000010 0.000010
0.999950 0.000010 0.000010 0.000010 0.000010 0.000010
0.999950 0.000010 0.000010 0.000010 0.000010 0.000010
0.892207 0.040873 0.056930 0.001644 0.000010 0.008336
0.999950 0.000010 0.000010 0.000010 0.000010 0.000010
0.998719 0.000010 0.000010 0.001241 0.000010 0.000010
0.999950 0.000010 0.000010 0.000010 0.000010 0.000010
0.999950 0.000010 0.000010 0.000010 0.000010 0.000010
0.946008 0.006782 0.033457 0.013734 0.000010 0.000010
0.999950 0.000010 0.000010 0.000010 0.000010 0.000010
0.899869 0.000010 0.074063 0.013328 0.000010 0.012721
0.810133 0.111111 0.076028 0.000010 0.002707 0.000010
0.999950 0.000010 0.000010 0.000010 0.000010 0.000010
0.013688 0.071095 0.743666 0.111330 0.031751 0.028468
0.031930 0.059243 0.726766 0.127245 0.037432 0.017383
0.005520 0.070271 0.735846 0.110464 0.053431 0.024469
0.065531 0.065156 0.712487 0.098696 0.038401 0.019729
0.000010 0.023695 0.797659 0.088217 0.064485 0.025934
0.045352 0.093296 0.688903 0.107841 0.033139 0.031469
0.024795 0.024137 0.747347 0.109136 0.052408 0.042177
0.000010 0.024027 0.752682 0.114246 0.071055 0.037981
0.391341 0.107149 0.470638 0.030852 0.000010 0.000010
0.365587 0.149192 0.463889 0.021312 0.000010 0.000010
0.406826 0.104966 0.449611 0.028199 0.000332 0.010065
0.387370 0.121884 0.458215 0.032511 0.000010 0.000010
0.372172 0.086356 0.498053 0.029980 0.000010 0.013430
0.353449 0.148531 0.460451 0.037549 0.000010 0.000010
0.399627 0.103257 0.456033 0.016429 0.005382 0.019273
0.397815 0.104564 0.453325 0.032292 0.011995 0.000010
0.378856 0.115846 0.490694 0.005138 0.000010 0.009457
0.413056 0.114636 0.438808 0.033481 0.000010 0.000010
0.403706 0.090498 0.448195 0.045161 0.008977 0.003463
0.366579 0.134011 0.442796 0.049226 0.000010 0.007377
0.365176 0.142575 0.480996 0.011234 0.000010 0.000010
0.402135 0.133595 0.446963 0.015009 0.002288 0.000010
0.361763 0.135556 0.470910 0.025335 0.000010 0.006426
0.400196 0.101891 0.435890 0.040320 0.014841 0.006862
0.371470 0.101762 0.469283 0.033049 0.000010 0.024427
0.375713 0.120720 0.480081 0.023466 0.000010 0.000010
0.377058 0.142078 0.446242 0.033615 0.000996 0.000010
0.402025 0.089593 0.465131 0.043231 0.000010 0.000010
0.404552 0.104698 0.485824 0.004906 0.000010 0.000010
0.399759 0.120679 0.479532 0.000010 0.000010 0.000010
0.362485 0.127320 0.480967 0.029207 0.000010 0.000010
0.405399 0.107721 0.462453 0.024407 0.000010 0.000010
0.363850 0.113452 0.471120 0.025259 0.017904 0.008414
0.331494 0.130013 0.484266 0.054207 0.000010 0.000010
0.096093 0.087388 0.684269 0.126497 0.005744 0.000010
0.148893 0.225592 0.551057 0.074439 0.000010 0.000010
0.060053 0.095627 0.716682 0.127618 0.000010 0.000010
0.163890 0.315616 0.471263 0.043420 0.000546 0.005265
0.159491 0.215290 0.566672 0.045536 0.000010 0.013002
0.081118 0.146070 0.660710 0.099577 0.003768 0.008757
0.054502 0.049589 0.745709 0.133360 0.000010 0.016831
0.121734 0.235493 0.589941 0.044557 0.000010 0.008265
0.170398 0.240534 0.533406 0.047605 0.006617 0.001440
0.084461 0.166582 0.644551 0.084540 0.001774 0.018093
0.076428 0.072295 0.723883 0.123369 0.000010 0.004014
0.131648 0.118423 0.639059 0.103260 0.007600 0.000010
0.394813 0.122041 0.453395 0.021200 0.006884 0.001668
0.383260 0.112293 0.477166 0.012456 0.000010 0.014815
0.117049 0.132379 0.651138 0.099414 0.000010 0.000010
0.085162 0.007694 0.734602 0.125559 0.030730 0.016254
0.071664 0.126374 0.675328 0.098417 0.000010 0.028206
0.184271 0.249589 0.495212 0.070908 0.000010 0.000010
0.156529 0.219938 0.580603 0.042909 0.000010 0.000010
0.061272 0.092432 0.720481 0.114188 0.000010 0.011618
0.128589 0.136460 0.639222 0.076966 0.000485 0.018278
0.065861 0.072329 0.743790 0.117999 0.000010 0.000010
0.084325 0.084878 0.685515 0.122280 0.000010 0.022993
0.067284 0.066901 0.722620 0.117248 0.009947 0.016000
0.123411 0.157693 0.650838 0.068038 0.000010 0.000010
0.370807 0.122708 0.451561 0.043137 0.003814 0.007973
0.138410 0.293997 0.522167 0.045404 0.000011 0.000010
0.113351 0.146507 0.621222 0.118900 0.000010 0.000010
0.103220 0.196183 0.583350 0.098050 0.009214 0.009983
0.084650 0.090590 0.688815 0.122047 0.000010 0.013888
0.068905 0.059435 0.739626 0.129847 0.000010 0.002177
0.160445 0.223637 0.550853 0.065045 0.000010 0.000010
0.094099 0.162095 0.652261 0.091525 0.000010 0.000010
0.088027 0.159274 0.652893 0.097504 0.002291 0.000010
0.168133 0.291906 0.495607 0.044334 0.000010 0.000010
0.153714 0.246009 0.528379 0.071879 0.000010 0.000010
0.089040 0.177441 0.634334 0.092120 0.003214 0.003850
0.091410 0.262626 0.558341 0.081830 0.000010 0.005783
0.080928 0.200866 0.637150 0.081035 0.000010 0.000010
0.109866 0.188511 0.600106 0.076550 0.024957 0.000010
0.117761 0.250184 0.566100 0.059404 0.000010 0.006542
0.136319 0.211162 0.553677 0.096952 0.001880 0.000010
0.112748 0.184492 0.612972 0.089767 0.000010 0.000010
0.079502 0.255574 0.601225 0.061590 0.000010 0.002098
0.083386 0.180464 0.651399 0.069361 0.000557 0.014834
0.115993 0.273640 0.546349 0.063998 0.000010 0.000010
0.089850 0.455384 0.418630 0.024577 0.011550 0.000010
0.034159 0.516388 0.386313 0.037171 0.025959 0.000010
0.046761 0.517219 0.375239 0.033256 0.018721 0.008805
0.036865 0.780621 0.155176 0.000010 0.023647 0.003681
0.070368 0.518651 0.329766 0.033226 0.005985 0.042004
0.035594 0.514734 0.386733 0.026975 0.006149 0.029814
0.046017 0.502478 0.398042 0.033787 0.000010 0.019666
0.019573 0.536015 0.378916 0.013865 0.010150 0.041481
0.095101 0.278803 0.549466 0.073331 0.000010 0.003289
0.060282 0.511738 0.367754 0.025816 0.022037 0.012372
0.043557 0.194635 0.671990 0.078256 0.010397 0.001166
0.071656 0.219171 0.638770 0.062786 0.000557 0.007059
0.054131 0.177260 0.677273 0.066327 0.004430 0.020578
0.050458 0.205788 0.655965 0.067378 0.015057 0.005353
0.061153 0.192272 0.630863 0.096212 0.011542 0.007957
0.054516 0.204835 0.650670 0.077325 0.012644 0.000010
0.071271 0.216926 0.646106 0.065677 0.000010 0.000010
0.075596 0.197420 0.638841 0.083753 0.000010 0.004380
0.044630 0.211381 0.657364 0.071551 0.000010 0.015064
0.070335 0.161981 0.658664 0.074317 0.018783 0.015920
0.789213 0.148784 0.061972 0.000010 0.000010 0.000010
0.488490 0.228194 0.273248 0.001319 0.002078 0.006671
0.609240 0.130756 0.223957 0.011672 0.011711 0.012665
0.752485 0.114330 0.123293 0.003619 0.000010 0.006264
0.646329 0.141408 0.181215 0.005203 0.005331 0.020515
0.542609 0.204162 0.209951 0.027834 0.000010 0.015433
0.661498 0.135166 0.176849 0.017970 0.002790 0.005727
0.871010 0.070581 0.057203 0.000010 0.000010 0.001185
0.500402 0.190929 0.247500 0.038881 0.022278 0.000010
0.551626 0.189551 0.255910 0.000010 0.002893 0.000010
0.481307 0.206112 0.290893 0.015162 0.001657 0.004869
0.460078 0.231033 0.288350 0.000060 0.005827 0.014652
0.543081 0.151625 0.238804 0.021236 0.017624 0.027629
0.526055 0.175182 0.273530 0.000010 0.000010 0.025214
0.538816 0.184001 0.252955 0.010434 0.013785 0.000010
0.544613 0.170268 0.275537 0.008258 0.001314 0.000010
0.526936 0.165809 0.283632 0.000010 0.023604 0.000010
0.525405 0.188128 0.281902 0.000010 0.000010 0.004545
0.386038 0.249257 0.309680 0.025644 0.018131 0.011250
0.310083 0.233893 0.405674 0.034130 0.000010 0.016210
0.304822 0.261059 0.388415 0.013738 0.013719 0.018247
0.347074 0.238732 0.375676 0.028047 0.000010 0.010460
0.318660 0.252198 0.346757 0.044956 0.000010 0.037419
0.289598 0.266003 0.390303 0.037319 0.000010 0.016766
0.465403 0.212766 0.305537 0.016274 0.000010 0.000010
0.719868 0.106289 0.160314 0.000010 0.006234 0.007286
0.742315 0.096278 0.161377 0.000010 0.000010 0.000010
0.439938 0.192196 0.338034 0.003503 0.026174 0.000156
0.464217 0.188114 0.327523 0.010927 0.009208 0.000010
0.768167 0.058985 0.148866 0.000010 0.017264 0.006709
0.483192 0.203942 0.289803 0.014061 0.000010 0.008991
0.631656 0.141695 0.218481 0.008149 0.000010 0.000010
0.386021 0.274017 0.321526 0.018416 0.000010 0.000010
0.437626 0.213492 0.324812 0.012817 0.011243 0.000010
0.422766 0.209508 0.339017 0.028689 0.000010 0.000010
0.377816 0.238089 0.338052 0.018782 0.016017 0.011243
0.411214 0.187745 0.347123 0.034392 0.002567 0.016959
0.393651 0.232221 0.340369 0.004951 0.000010 0.028798
0.373015 0.252738 0.331734 0.029980 0.008324 0.004209
0.179749 0.303482 0.487954 0.020805 0.000010 0.008000
0.174790 0.281038 0.464587 0.058147 0.021428 0.000010
0.174989 0.334523 0.485788 0.004680 0.000010 0.000010
0.195176 0.307916 0.452971 0.028187 0.006409 0.009341
0.176569 0.307422 0.490777 0.014634 0.007646 0.002953
0.183520 0.313496 0.454407 0.030889 0.008431 0.009257
0.190557 0.270762 0.488926 0.026367 0.000010 0.023378
0.163629 0.254930 0.525255 0.047461 0.008714 0.000010
0.210934 0.311472 0.437114 0.030499 0.009972 0.000010
0.174217 0.272047 0.477616 0.029199 0.007615 0.039306
0.009151 0.015662 0.790252 0.139183 0.007163 0.038589
0.000010 0.014006 0.847554 0.124005 0.006568 0.007857
0.000010 0.000010 0.850009 0.141804 0.008157 0.000010
0.000010 0.000010 0.829112 0.158048 0.001555 0.011264
0.005691 0.005629 0.804100 0.141869 0.018101 0.024611
0.000010 0.000010 0.852297 0.137312 0.005438 0.004933
0.009870 0.000010 0.777485 0.158230 0.008672 0.045734
0.016418 0.029106 0.791556 0.139711 0.014516 0.008694
0.010368 0.000010 0.836014 0.121348 0.010196 0.022065
0.000010 0.000333 0.815428 0.148525 0.027836 0.007868
0.005962 0.155164 0.717309 0.068932 0.021432 0.031201
0.000010 0.072279 0.809453 0.050302 0.019521 0.048435
0.000010 0.155966 0.716640 0.053032 0.033177 0.041175
0.000010 0.143649 0.734662 0.070068 0.031837 0.019774
0.000010 0.092083 0.770066 0.072166 0.039342 0.026333
0.000010 0.085915 0.777961 0.065139 0.029034 0.041940
0.011968 0.166037 0.704659 0.074884 0.023704 0.018748
0.016549 0.178610 0.724303 0.055146 0.025382 0.000010
0.049117 0.090878 0.759234 0.089382 0.011380 0.000010
0.093285 0.157095 0.649648 0.085329 0.014633 0.000010
0.123563 0.106031 0.692793 0.060607 0.002905 0.014101
0.056573 0.110775 0.751826 0.060846 0.002848 0.017132
0.045027 0.138920 0.715665 0.078977 0.021401 0.000010
0.070769 0.149318 0.683762 0.095110 0.001032 0.000010
0.085449 0.089178 0.723412 0.091395 0.000010 0.010556
0.088391 0.147121 0.659939 0.093809 0.010729 0.000010
0.064059 0.146037 0.695906 0.088129 0.005859 0.000010
0.089680 0.131533 0.682915 0.088576 0.007285 0.000010
0.109110 0.426701 0.398899 0.034435 0.013752 0.017102
0.068233 0.450316 0.403454 0.032493 0.022848 0.022657
0.058707 0.493944 0.411197 0.009029 0.015764 0.011359
0.076000 0.508083 0.346597 0.021238 0.031405 0.016676
0.067193 0.482618 0.347225 0.035595 0.019854 0.047514
0.043391 0.515722 0.404264 0.000106 0.008633 0.027884
0.080085 0.522623 0.364618 0.000010 0.005028 0.027636
0.076052 0.538170 0.340787 0.015606 0.029375 0.000010
0.066108 0.530440 0.344753 0.020077 0.010570 0.028052
0.183911 0.405149 0.333828 0.029010 0.018675 0.029426
0.142367 0.406040 0.323651 0.029280 0.051287 0.047374
0.149924 0.465177 0.287533 0.002241 0.032081 0.063045
0.193410 0.374990 0.328217 0.022896 0.033369 0.047118
0.191382 0.372394 0.368810 0.012435 0.011762 0.043218
0.163540 0.397673 0.368306 0.019910 0.024363 0.026209
0.214408 0.379992 0.332674 0.022728 0.024931 0.025267
0.135377 0.424392 0.373629 0.025390 0.021779 0.019434
0.169411 0.368086 0.345748 0.029279 0.034711 0.052766
0.183458 0.387583 0.333597 0.000010 0.035772 0.059580
0.000010 0.000010 0.000010 0.999950 0.000010 0.000010
0.000010 0.000010 0.000010 0.999948 0.000012 0.000010
0.000010 0.000010 0.543410 0.456550 0.000010 0.000010
0.190092 0.267533 0.507094 0.024085 0.000010 0.011187
0.000010 0.000010 0.000010 0.999949 0.000011 0.000010
0.000010 0.000010 0.000010 0.999950 0.000010 0.000010
0.000010 0.000010 0.494860 0.505100 0.000010 0.000010
0.335298 0.145563 0.477874 0.030558 0.010697 0.000010
0.000010 0.000010 0.000010 0.999950 0.000010 0.000010
0.000010 0.000010 0.514995 0.484965 0.000010 0.000010
0.000010 0.000010 0.522161 0.477799 0.000010 0.000010
0.324861 0.157015 0.464810 0.029048 0.013572 0.010694
0.000010 0.000010 0.540437 0.459523 0.000010 0.000010
0.000010 0.000010 0.503535 0.496425 0.000010 0.000010
0.000010 0.000010 0.000010 0.999950 0.000010 0.000010
0.000010 0.000010 0.556611 0.443349 0.000010 0.000010
0.000010 0.000010 0.000010 0.999950 0.000010 0.000010
0.000010 0.000010 0.511595 0.488365 0.000010 0.000010
0.306005 0.238731 0.419670 0.035574 0.000010 0.000010
0.000010 0.000010 0.000010 0.999950 0.000010 0.000010
0.000010 0.000010 0.549333 0.450627 0.000010 0.000010
0.317550 0.191966 0.411824 0.060145 0.000586 0.017928
0.000010 0.000010 0.000010 0.999950 0.000010 0.000010
0.000010 0.000010 0.526942 0.473018 0.000010 0.000010
0.348594 0.171607 0.441641 0.038137 0.000010 0.000010
0.018780 0.045179 0.785260 0.123434 0.020061 0.007286
0.026918 0.051999 0.795898 0.096650 0.019058 0.009477
0.031835 0.034268 0.813170 0.099101 0.021616 0.000010
0.040980 0.019502 0.770288 0.123499 0.012369 0.033361
0.043359 0.025122 0.768979 0.127205 0.015385 0.019950
0.050328 0.017058 0.765943 0.122912 0.025659 0.018100
0.036605 0.036918 0.820966 0.098702 0.004685 0.002124
0.025033 0.007064 0.794358 0.131965 0.000010 0.041570
0.046712 0.070044 0.691113 0.090827 0.067399 0.033905
0.023693 0.031623 0.780317 0.125959 0.024030 0.014377
0.000010 0.000010 0.910294 0.000010 0.053929 0.035747
0.039243 0.066187 0.671171 0.106987 0.074226 0.042186
0.069438 0.126510 0.660635 0.105982 0.023464 0.013971
0.046851 0.100277 0.664370 0.094197 0.053121 0.041183
0.070608 0.066914 0.706968 0.087038 0.048147 0.020325
0.000010 0.000010 0.903996 0.000010 0.055364 0.040609
0.000010 0.000010 0.901726 0.000010 0.051099 0.047145
0.054004 0.079068 0.669961 0.106628 0.060429 0.029911
0.815064 0.044386 0.140520 0.000010 0.000010 0.000010
0.948700 0.021448 0.023375 0.006457 0.000010 0.000010
0.999950 0.000010 0.000010 0.000010 0.000010 0.000010
0.987340 0.001198 0.000010 0.009137 0.000010 0.002305
0.992283 0.000010 0.000010 0.007677 0.000010 0.000010
0.963367 0.034433 0.000010 0.000010 0.002170 0.000010
0.988866 0.000010 0.000010 0.000010 0.000010 0.011094
0.961809 0.000556 0.036074 0.000010 0.001542 0.000010
0.999950 0.000010 0.000010 0.000010 0.000010 0.000010
0.999950 0.000010 0.000010 0.000010 0.000010 0.000010
0.999950 0.000010 0.000010 0.000010 0.000010 0.000010
0.194948 0.374532 0.362535 0.029766 0.017376 0.020843
0.198891 0.319936 0.379837 0.038681 0.033137 0.029518
0.127438 0.445375 0.365068 0.031571 0.019277 0.011271
0.165406 0.381338 0.406060 0.035562 0.011624 0.000010
0.135665 0.494888 0.295176 0.004478 0.036958 0.032836
0.020513 0.489346 0.032240 0.014798 0.078803 0.364299
0.076396 0.636909 0.089241 0.000010 0.104437 0.093006
0.000010 0.358325 0.021976 0.022269 0.065838 0.531582
0.044247 0.532552 0.048706 0.000010 0.089931 0.284554
0.061461 0.744438 0.070583 0.014752 0.051529 0.057237
0.049031 0.804356 0.084662 0.002496 0.011993 0.047462
0.072653 0.752183 0.089623 0.000010 0.038029 0.047502
0.069154 0.746878 0.070670 0.019950 0.038534 0.054813
0.047664 0.752324 0.095373 0.000010 0.049998 0.054631
0.043380 0.762358 0.064959 0.008154 0.051116 0.070033
0.072772 0.718036 0.080702 0.000010 0.043743 0.084738
0.049742 0.801525 0.091134 0.000010 0.009416 0.048173
0.059689 0.777330 0.077296 0.023028 0.023317 0.039340
0.033830 0.719774 0.084260 0.000010 0.062147 0.099979
0.083438 0.700720 0.148299 0.002345 0.029552 0.035645
0.136574 0.554183 0.211529 0.018180 0.042363 0.037170
0.068229 0.749947 0.091105 0.000010 0.027610 0.063099
0.092774 0.627186 0.149379 0.000010 0.063977 0.066674
0.190067 0.344541 0.432331 0.000361 0.022608 0.010093
0.079564 0.720306 0.111599 0.000010 0.034394 0.054126
0.117276 0.657665 0.120168 0.005444 0.049458 0.049990
0.096943 0.559721 0.208038 0.017573 0.073151 0.044574
0.019327 0.711029 0.033076 0.004446 0.138813 0.093308
0.162703 0.616657 0.101732 0.001230 0.074238 0.043440
0.038546 0.672820 0.053231 0.019837 0.118706 0.096859
0.171977 0.574157 0.154339 0.000010 0.041888 0.057628
0.046056 0.657662 0.062714 0.009351 0.096853 0.127363
0.171294 0.609299 0.109331 0.015691 0.042454 0.051930
0.057931 0.656844 0.035702 0.025079 0.138958 0.085486
0.017736 0.743728 0.198311 0.003214 0.000010 0.037001
0.052964 0.667011 0.064083 0.005481 0.122282 0.088180
0.043905 0.743291 0.211525 0.000010 0.000010 0.001259
0.051278 0.722690 0.064940 0.009374 0.077126 0.074593
0.000010 0.756868 0.233244 0.009858 0.000010 0.000010
0.192198 0.525552 0.162898 0.025782 0.032607 0.060963
0.019592 0.690975 0.035955 0.003916 0.152560 0.097001
0.054669 0.558969 0.290420 0.017532 0.041618 0.036792
0.151643 0.616217 0.136368 0.009913 0.056283 0.029576
0.015091 0.682355 0.047043 0.010585 0.141771 0.103154
0.146996 0.619770 0.122482 0.009018 0.064133 0.037602
0.053722 0.775188 0.057797 0.008806 0.044994 0.059493
0.172493 0.344313 0.401062 0.004641 0.029635 0.047857
0.090793 0.725271 0.090969 0.008039 0.042468 0.042461
0.068758 0.588512 0.272854 0.035917 0.009692 0.024267
0.073387 0.745603 0.080849 0.018511 0.025122 0.056528
0.053187 0.620786 0.276892 0.049115 0.000010 0.000010
0.024080 0.678639 0.040215 0.000010 0.134363 0.122693
0.042420 0.799771 0.121170 0.008017 0.000010 0.028613
0.071714 0.686421 0.131311 0.000010 0.045654 0.064889
0.023316 0.811107 0.125732 0.000010 0.006704 0.033131
0.040330 0.661645 0.033364 0.024762 0.143631 0.096268
0.033844 0.801757 0.142557 0.000010 0.000010 0.021823
0.043136 0.818227 0.121608 0.004289 0.000010 0.012730
0.049352 0.743022 0.045856 0.005519 0.094753 0.061498
0.153579 0.366486 0.408014 0.062346 0.009565 0.000010
0.077161 0.667760 0.202024 0.008853 0.011791 0.032412
0.053465 0.738786 0.084746 0.000010 0.041515 0.081478
0.114363 0.203359 0.621408 0.060722 0.000010 0.000138
0.042416 0.740460 0.121301 0.022751 0.034735 0.038338
0.009091 0.709438 0.057358 0.012040 0.126346 0.085726
0.027041 0.813223 0.144455 0.000010 0.000010 0.015260
0.079045 0.803124 0.084491 0.000010 0.015800 0.017529
0.041745 0.609448 0.042930 0.013382 0.183675 0.108820
0.091767 0.691490 0.194314 0.000010 0.000010 0.022408
0.061134 0.780867 0.106221 0.000010 0.008290 0.043478
0.000010 0.689660 0.037067 0.017332 0.117922 0.138009
0.062462 0.745193 0.143425 0.025464 0.023446 0.000010
0.051145 0.829368 0.043260 0.000010 0.033108 0.043110
0.068621 0.623931 0.076794 0.011923 0.114480 0.104251
0.145171 0.262591 0.535500 0.055367 0.000010 0.001362
0.062207 0.631943 0.257754 0.010255 0.000010 0.037831
0.021573 0.677264 0.032770 0.022990 0.130012 0.115391
0.090531 0.744937 0.098091 0.000010 0.037516 0.028915
0.084363 0.225140 0.604002 0.085736 0.000010 0.000748
0.000010 0.724520 0.000010 0.028653 0.144481 0.102325
0.064826 0.791559 0.099323 0.000010 0.021476 0.022806
0.120976 0.321713 0.464033 0.073549 0.000010 0.019718
0.093759 0.634551 0.090872 0.013605 0.083019 0.084195
0.088961 0.410247 0.423471 0.048574 0.000010 0.028738
0.043839 0.794548 0.106712 0.000478 0.010288 0.044136
0.039376 0.654628 0.081181 0.003387 0.130298 0.091129
0.185001 0.550266 0.154190 0.020865 0.047443 0.042235
0.087516 0.486422 0.345912 0.044305 0.011160 0.024686
0.008999 0.699624 0.000010 0.033028 0.144480 0.113859
0.155066 0.625749 0.148156 0.000010 0.029669 0.041350
0.087699 0.345201 0.499007 0.049676 0.000010 0.018407
0.016606 0.697358 0.030437 0.009712 0.143888 0.101999
0.122684 0.655418 0.114640 0.023385 0.039983 0.043890
0.092695 0.719149 0.081686 0.014282 0.034917 0.057271
0.046954 0.643261 0.039338 0.000010 0.136768 0.133669
0.097841 0.620337 0.156760 0.016125 0.060667 0.048270
0.056009 0.756918 0.180971 0.000010 0.000010 0.006081
0.018997 0.687436 0.006389 0.000010 0.156869 0.130299
0.136680 0.584217 0.218743 0.003799 0.029808 0.026753
0.106722 0.333773 0.474888 0.061733 0.022874 0.000010
0.050798 0.667488 0.031321 0.022255 0.135333 0.092805
0.164787 0.451496 0.334794 0.016133 0.013001 0.019787
0.100646 0.771022 0.071109 0.007718 0.027221 0.022284
0.043604 0.645431 0.054299 0.019756 0.133053 0.103857
0.126731 0.614843 0.144895 0.018255 0.045885 0.049390
0.055942 0.808001 0.115220 0.000010 0.000010 0.020816
0.024165 0.676316 0.049374 0.009283 0.151295 0.089567
0.116357 0.651230 0.140638 0.008483 0.056915 0.026378
0.084467 0.521071 0.353904 0.013266 0.000010 0.027282
0.001154 0.658140 0.045637 0.021599 0.156285 0.117186
0.097956 0.663342 0.151829 0.000010 0.044329 0.042534
0.088199 0.535048 0.316978 0.035424 0.000010 0.024341
0.028114 0.650760 0.035431 0.004074 0.173075 0.108547
0.113552 0.705373 0.112334 0.005269 0.034437 0.029034
0.042871 0.797772 0.116097 0.000010 0.000120 0.043130
0.043045 0.695174 0.050724 0.024701 0.104689 0.081667
0.027427 0.663318 0.076065 0.000992 0.112923 0.119274
0.067463 0.690807 0.207049 0.012899 0.000010 0.021771
0.002359 0.728516 0.013816 0.014771 0.151744 0.088794
0.128088 0.235908 0.553156 0.075772 0.000010 0.007066
0.106637 0.281955 0.568952 0.037647 0.004799 0.000010
0.126565 0.672269 0.110254 0.003228 0.048340 0.039345
0.067059 0.797673 0.074883 0.000010 0.021984 0.038392
0.168504 0.612647 0.140983 0.017265 0.043453 0.017148
0.115851 0.613779 0.184258 0.014225 0.026367 0.045520
0.001603 0.711604 0.000010 0.003613 0.226810 0.056361
0.020028 0.662234 0.044616 0.000010 0.198080 0.075032
0.017088 0.687529 0.000010 0.015077 0.211707 0.068589
0.033827 0.661070 0.000010 0.009091 0.233866 0.062136
0.028087 0.671257 0.001585 0.025641 0.182321 0.091109
0.036936 0.676358 0.037484 0.016686 0.145741 0.086796
0.022783 0.707541 0.000010 0.012134 0.166132 0.091399
0.000010 0.690311 0.000010 0.014901 0.186189 0.108580
0.023697 0.675689 0.000010 0.018124 0.170723 0.111757
0.000010 0.704660 0.000010 0.029489 0.189362 0.076469
0.000010 0.689359 0.000010 0.019889 0.180559 0.110173
0.000622 0.724716 0.000010 0.017159 0.194371 0.063122
0.000010 0.694193 0.000010 0.042899 0.183902 0.078986
0.023930 0.706698 0.034099 0.015649 0.124043 0.095581
0.000010 0.671336 0.000010 0.013445 0.201328 0.113871
0.000010 0.716693 0.000010 0.020418 0.186418 0.076450
0.000010 0.660280 0.013165 0.029774 0.195884 0.100887
0.000010 0.686947 0.000010 0.017687 0.184472 0.110874
0.000010 0.727890 0.000010 0.015664 0.190403 0.066023
0.000010 0.724488 0.000010 0.028559 0.187618 0.059316
0.000010 0.690013 0.002224 0.019572 0.198076 0.090104
0.045447 0.678270 0.025112 0.018953 0.146121 0.086097
0.000010 0.741047 0.000010 0.030507 0.155807 0.072619
0.000010 0.780375 0.000010 0.011971 0.155046 0.052588
0.000010 0.747167 0.000010 0.026448 0.143318 0.083047
0.000010 0.801720 0.000010 0.004816 0.145995 0.047449
0.000010 0.732998 0.000010 0.023493 0.161901 0.081588
0.006608 0.748136 0.000010 0.030328 0.154766 0.060153
0.009590 0.797782 0.000010 0.016884 0.127095 0.048639
0.004225 0.635663 0.000010 0.036166 0.176922 0.147014
0.019341 0.658600 0.016982 0.025444 0.182925 0.096709
0.000010 0.802892 0.000010 0.012950 0.153948 0.030191
0.000010 0.810547 0.000010 0.011315 0.158349 0.019768
0.009338 0.709052 0.014574 0.026130 0.141101 0.099805
0.038873 0.632085 0.071307 0.021969 0.142048 0.093717
0.009257 0.681281 0.053577 0.014968 0.148476 0.092439
0.053558 0.698837 0.045272 0.000010 0.109730 0.092593
0.000010 0.000010 0.000010 0.000010 0.000010 0.999950
0.000011 0.000010 0.000010 0.000010 0.000010 0.999949
0.001053 0.213755 0.000010 0.000010 0.025135 0.760037
0.000010 0.216477 0.000010 0.000010 0.007279 0.776214
0.000010 0.000010 0.000010 0.000010 0.000010 0.999950
0.000010 0.153938 0.000010 0.008399 0.000010 0.837633
0.000010 0.000010 0.000010 0.000010 0.000010 0.999950
0.000010 0.253958 0.000010 0.000010 0.041042 0.704970
0.000010 0.191059 0.000010 0.000010 0.008543 0.800368
0.000010 0.208087 0.000010 0.008434 0.049162 0.734297
0.000010 0.196763 0.000010 0.003628 0.020195 0.779394
0.000010 0.083363 0.000010 0.000010 0.000010 0.916597
0.000010 0.000010 0.000010 0.000010 0.000010 0.999950
0.000010 0.160096 0.000010 0.000010 0.000010 0.839864
0.000010 0.000010 0.000010 0.000010 0.000010 0.999950
0.000010 0.000010 0.000010 0.000010 0.000010 0.999950
0.000010 0.077438 0.000010 0.000010 0.000010 0.922522
0.000010 0.000010 0.000010 0.000010 0.000010 0.999950
0.000010 0.193610 0.000010 0.000010 0.032523 0.773837
0.000010 0.257108 0.000010 0.000010 0.035900 0.706962
0.000010 0.126834 0.019093 0.000010 0.030997 0.823056
0.000010 0.185971 0.000010 0.000010 0.058685 0.755315
