0.000010 0.000010 0.000010 0.000010 0.000010 0.000010 0.000011 0.000010 0.000010 0.999909
0.000010 0.000010 0.000010 0.000010 0.000010 0.000010 0.000010 0.000010 0.000010 0.999910
0.000010 0.000010 0.000010 0.000010 0.999910 0.000010 0.000010 0.000010 0.000010 0.000010
0.000010 0.000010 0.000010 0.000010 0.270602 0.000010 0.000010 0.000010 0.000010 0.729318
0.000010 0.000010 0.000010 0.000010 0.999909 0.000011 0.000010 0.000010 0.000010 0.000010
0.000010 0.000010 0.000010 0.000010 0.000010 0.000010 0.000010 0.000010 0.000010 0.999910
0.000010 0.000010 0.000010 0.000010 0.000010 0.000010 0.000010 0.999910 0.000010 0.000010
0.000010 0.000010 0.000010 0.000010 0.999910 0.000010 0.000010 0.000010 0.000010 0.000010
0.000010 0.000010 0.000010 0.000010 0.000010 0.000010 0.000010 0.000010 0.000010 0.999910
0.000010 0.000010 0.000010 0.000010 0.000010 0.000010 0.000010 0.000010 0.000010 0.999910
0.000010 0.000010 0.000010 0.000010 0.000010 0.000010 0.000010 0.000010 0.000010 0.999910
0.000010 0.000010 0.000010 0.000010 0.253903 0.000010 0.000010 0.000010 0.153027 0.592999
0.000010 0.000010 0.000010 0.000010 0.000010 0.000010 0.000010 0.000010 0.000010 0.999910
0.000010 0.000010 0.000010 0.000010 0.000010 0.000010 0.000010 0.000010 0.999910 0.000010
0.000010 0.000010 0.000010 0.000010 0.999910 0.000010 0.000010 0.000010 0.000010 0.000010
0.000010 0.000010 0.000010 0.000010 0.000010 0.000010 0.000010 0.000010 0.999910 0.000010
0.000010 0.000010 0.000010 0.000010 0.236831 0.000010 0.000010 0.000010 0.175992 0.587107
0.000010 0.000010 0.000010 0.000010 0.999910 0.000010 0.000010 0.000010 0.000010 0.000010
0.000010 0.000010 0.000010 0.000010 0.999906 0.000010 0.000014 0.000010 0.000010 0.000010
0.000010 0.000010 0.000010 0.000010 0.000010 0.000010 0.000010 0.000010 0.217976 0.781944
0.000010 0.000010 0.000010 0.000010 0.000010 0.000010 0.000010 0.000010 0.999910 0.000010
0.000010 0.000010 0.000010 0.000010 0.000010 0.000010 0.000010 0.000014 0.999906 0.000010
0.000010 0.000010 0.000010 0.000010 0.000010 0.000010 0.000010 0.000010 0.999910 0.000010
0.000010 0.000010 0.000010 0.000010 0.000010 0.000010 0.000010 0.999910 0.000010 0.000010
0.000010 0.000010 0.000010 0.000010 0.000010 0.000010 0.000010 0.000010 0.000010 0.999910
0.000010 0.000010 0.000010 0.000010 0.000010 0.000010 0.000010 0.000010 0.000010 0.999910
0.000013 0.000012 0.000010 0.000010 0.000010 0.000010 0.000010 0.999905 0.000010 0.000010
0.000010 0.000010 0.000010 0.000010 0.000010 0.000010 0.000010 0.000010 0.000010 0.999910
0.000010 0.000010 0.000010 0.000010 0.000010 0.000010 0.000010 0.999910 0.000010 0.000010
0.156464 0.000010 0.220670 0.096718 0.079451 0.023015 0.139690 0.024158 0.104225 0.155599
0.000010 0.000010 0.000010 0.000010 0.000010 0.999910 0.000010 0.000010 0.000010 0.000010
0.000010 0.000010 0.000010 0.000010 0.000010 0.000010 0.000010 0.000010 0.000010 0.999910
0.000010 0.000010 0.000010 0.000010 0.000010 0.999910 0.000010 0.000010 0.000010 0.000010
0.000010 0.000010 0.448279 0.000010 0.036229 0.000010 0.386719 0.128713 0.000010 0.000010
0.000010 0.000010 0.311751 0.171365 0.065830 0.137381 0.256688 0.000010 0.056945 0.000010
0.000010 0.100780 0.286972 0.206993 0.000010 0.039425 0.365779 0.000010 0.000010 0.000010
0.000010 0.000010 0.000010 0.000010 0.000010 0.000010 0.000010 0.999910 0.000010 0.000010
0.000010 0.000010 0.160900 0.000010 0.000010 0.000010 0.834868 0.004163 0.000010 0.000010
0.086873 0.190169 0.000010 0.403811 0.000010 0.000010 0.262560 0.000010 0.056537 0.000010
0.000010 0.000010 0.000010 0.000010 0.000010 0.999910 0.000010 0.000010 0.000010 0.000010
0.000010 0.000010 0.000010 0.000010 0.000010 0.000010 0.000010 0.999910 0.000010 0.000010
0.000010 0.045557 0.613254 0.279079 0.000010 0.062050 0.000010 0.000010 0.000010 0.000010
0.000010 0.000010 0.356726 0.181062 0.036091 0.030866 0.326644 0.068571 0.000010 0.000010
0.000010 0.000010 0.285646 0.398244 0.007452 0.214272 0.000010 0.094336 0.000010 0.000010
0.000010 0.000010 0.000010 0.000010 0.000010 0.000010 0.000010 0.999910 0.000010 0.000010
0.000010 0.000010 0.324152 0.006918 0.000010 0.196024 0.316722 0.156134 0.000010 0.000010
0.000010 0.000010 0.218229 0.206395 0.080956 0.000010 0.480275 0.014095 0.000010 0.000010
0.000010 0.000010 0.578609 0.200060 0.000010 0.001586 0.145120 0.063773 0.010812 0.000010
0.092463 0.000010 0.098564 0.291752 0.000010 0.000010 0.365409 0.126337 0.000010 0.025434
0.000010 0.000010 0.000010 0.000010 0.000010 0.999910 0.000010 0.000010 0.000010 0.000010
0.000010 0.000010 0.088885 0.556720 0.000010 0.000010 0.119045 0.033063 0.001704 0.200543
0.000010 0.000010 0.000010 0.000010 0.000010 0.999910 0.000010 0.000010 0.000010 0.000010
0.000010 0.000010 0.305785 0.073893 0.000010 0.000010 0.548347 0.071915 0.000010 0.000010
0.001448 0.000010 0.312432 0.094539 0.045038 0.000010 0.546492 0.000010 0.000010 0.000010
0.000010 0.000010 0.443473 0.047265 0.000019 0.000010 0.486328 0.022865 0.000010 0.000010
0.000010 0.000010 0.166913 0.168750 0.000010 0.000010 0.562912 0.000010 0.064718 0.036657
0.000010 0.000010 0.377304 0.096153 0.010388 0.000010 0.470696 0.012831 0.032588 0.000010
0.000010 0.000010 0.000010 0.000017 0.000010 0.000010 0.000011 0.000010 0.999902 0.000010
0.000010 0.000010 0.334841 0.157113 0.000010 0.000010 0.480796 0.011615 0.015586 0.000010
0.000010 0.000010 0.324644 0.079482 0.009152 0.000010 0.586661 0.000010 0.000010 0.000010
0.023351 0.000010 0.544417 0.046245 0.010315 0.015750 0.295809 0.019450 0.015646 0.029006
0.009868 0.000443 0.524124 0.068035 0.009902 0.031230 0.272662 0.011972 0.005134 0.066629
0.026961 0.000010 0.523788 0.050909 0.013395 0.025678 0.314361 0.004926 0.009832 0.030140
0.019644 0.000010 0.548691 0.044203 0.003066 0.016374 0.283180 0.010881 0.005579 0.068372
0.009469 0.000010 0.543886 0.047949 0.000467 0.000533 0.340820 0.003680 0.014568 0.038618
0.015760 0.000010 0.549521 0.055551 0.004287 0.011657 0.314066 0.001894 0.003690 0.043565
0.021395 0.000010 0.589711 0.039958 0.000120 0.007238 0.299055 0.000010 0.011822 0.030682
0.014681 0.000010 0.518101 0.058838 0.023920 0.003923 0.327205 0.010691 0.012814 0.029818
0.000010 0.003164 0.607149 0.001606 0.010911 0.006165 0.322160 0.000010 0.011021 0.037802
0.050324 0.043601 0.410934 0.064279 0.026890 0.091466 0.151731 0.024839 0.023073 0.112863
0.035789 0.000010 0.477325 0.097471 0.020389 0.062508 0.206231 0.012581 0.021198 0.066497
0.000010 0.000010 0.586964 0.025127 0.017278 0.000010 0.332394 0.008277 0.001849 0.028081
0.558957 0.000010 0.350302 0.000010 0.012576 0.000174 0.000010 0.006300 0.000010 0.071651
0.000904 0.000010 0.565975 0.065490 0.011741 0.016980 0.304487 0.010063 0.003306 0.021045
0.013735 0.004537 0.517284 0.045515 0.014517 0.006519 0.353242 0.000010 0.006579 0.038062
0.000010 0.000010 0.000010 0.999910 0.000010 0.000010 0.000010 0.000010 0.000010 0.000010
0.000010 0.000010 0.000010 0.999910 0.000010 0.000010 0.000010 0.000010 0.000010 0.000010
0.000010 0.000010 0.000010 0.999910 0.000010 0.000010 0.000010 0.000010 0.000010 0.000010
0.000010 0.000010 0.000010 0.999910 0.000010 0.000010 0.000010 0.000010 0.000010 0.000010
0.009334 0.000010 0.028955 0.883109 0.000090 0.000010 0.078463 0.000010 0.000010 0.000010
0.000010 0.000010 0.000010 0.999910 0.000010 0.000010 0.000010 0.000010 0.000010 0.000010
0.000010 0.004206 0.000010 0.995714 0.000010 0.000010 0.000010 0.000010 0.000010 0.000010
0.000010 0.000010 0.000010 0.999910 0.000010 0.000010 0.000010 0.000010 0.000010 0.000010
0.000010 0.000010 0.000010 0.999910 0.000010 0.000010 0.000010 0.000010 0.000010 0.000010
0.000010 0.008218 0.000010 0.932567 0.000010 0.000010 0.053659 0.000010 0.000010 0.005496
0.000010 0.000010 0.000010 0.996156 0.000010 0.003584 0.000010 0.000190 0.000010 0.000010
0.004635 0.009944 0.000010 0.885697 0.000010 0.000010 0.082929 0.000010 0.000010 0.016745
0.000010 0.000010 0.101274 0.798381 0.000010 0.000013 0.090916 0.000010 0.003419 0.005957
0.000010 0.000010 0.000010 0.999910 0.000010 0.000010 0.000010 0.000010 0.000010 0.000010
0.007879 0.129696 0.030842 0.000010 0.000010 0.180739 0.624177 0.000010 0.000010 0.026627
0.002067 0.134175 0.015307 0.018187 0.002220 0.131196 0.657693 0.000062 0.000010 0.039083
0.000010 0.124881 0.028359 0.000010 0.000010 0.186111 0.613357 0.004149 0.013025 0.030087
0.005860 0.105043 0.025219 0.049952 0.008385 0.114911 0.656030 0.002760 0.000010 0.031830
0.000010 0.104358 0.000010 0.000010 0.012402 0.181005 0.665821 0.006385 0.000010 0.029989
0.013381 0.115626 0.062578 0.026534 0.003228 0.134878 0.616047 0.000010 0.001248 0.026471
0.016502 0.124059 0.000010 0.010020 0.008724 0.186170 0.620849 0.000780 0.005639 0.027246
0.008658 0.127817 0.000010 0.000010 0.014122 0.189567 0.617525 0.000010 0.015155 0.027126
0.000010 0.015367 0.052154 0.360865 0.005364 0.000010 0.553329 0.000010 0.003925 0.008965
0.000010 0.004595 0.096199 0.333880 0.014577 0.000010 0.548034 0.002676 0.000010 0.000010
0.014580 0.015001 0.054342 0.378843 0.002958 0.000010 0.521060 0.000010 0.000010 0.013185
0.000010 0.018340 0.074458 0.356564 0.000010 0.000010 0.535170 0.000010 0.007323 0.008105
0.021007 0.017021 0.046968 0.342692 0.000796 0.000010 0.569755 0.000010 0.001730 0.000010
0.000010 0.022316 0.099813 0.321957 0.012254 0.000010 0.540183 0.000010 0.003437 0.000010
0.024758 0.002047 0.050115 0.367836 0.002126 0.000010 0.533704 0.005835 0.007477 0.006093
0.000010 0.021339 0.054202 0.372201 0.000465 0.004041 0.514817 0.015157 0.003781 0.013987
0.019757 0.000010 0.055909 0.347041 0.000010 0.000010 0.571899 0.000010 0.004340 0.001013
0.000010 0.018718 0.075084 0.382989 0.004763 0.000010 0.518396 0.000010 0.000010 0.000010
0.008065 0.028203 0.035118 0.373931 0.005647 0.000010 0.525320 0.005359 0.000010 0.018338
0.013507 0.033504 0.083411 0.339549 0.002216 0.000010 0.518933 0.008850 0.000010 0.000010
0.000010 0.000010 0.100289 0.334607 0.000010 0.000010 0.564559 0.000010 0.000485 0.000010
0.000010 0.000010 0.084945 0.370352 0.009549 0.000010 0.524481 0.000010 0.010623 0.000010
0.010827 0.011951 0.086460 0.333955 0.000297 0.002660 0.540834 0.009037 0.003320 0.000659
0.012724 0.024870 0.052864 0.365797 0.004068 0.000010 0.515682 0.008635 0.015339 0.000010
0.028825 0.014568 0.058770 0.338704 0.002602 0.000010 0.554461 0.002039 0.000010 0.000010
0.005600 0.008782 0.076187 0.343862 0.004274 0.000010 0.560271 0.000993 0.000010 0.000010
0.000010 0.020552 0.106870 0.346126 0.004727 0.000010 0.517230 0.003508 0.000957 0.000010
0.006287 0.030850 0.047517 0.374635 0.000010 0.000010 0.538964 0.000010 0.001707 0.000010
0.000010 0.000010 0.054163 0.372247 0.009892 0.000010 0.559995 0.000137 0.003527 0.000010
0.000010 0.000010 0.069775 0.366442 0.000010 0.000010 0.553073 0.008449 0.002211 0.000010
0.000010 0.014598 0.078621 0.333492 0.000010 0.000010 0.560857 0.000010 0.009570 0.002823
0.000010 0.005342 0.055755 0.372611 0.001802 0.000010 0.558478 0.000010 0.000010 0.005973
0.013436 0.007450 0.052981 0.331022 0.016216 0.000010 0.554916 0.000200 0.006892 0.016876
0.000010 0.041552 0.087022 0.302888 0.001841 0.000010 0.556844 0.000624 0.009032 0.000176
0.000010 0.121910 0.049673 0.070548 0.000877 0.018437 0.722224 0.010328 0.005983 0.000010
0.004293 0.065691 0.177831 0.120044 0.000010 0.000010 0.630949 0.001151 0.000010 0.000010
0.000010 0.124415 0.048670 0.036179 0.003249 0.029861 0.746403 0.011193 0.000010 0.000010
0.005300 0.032982 0.265588 0.133456 0.000010 0.000010 0.547516 0.006738 0.008193 0.000207
0.017091 0.036367 0.165176 0.128126 0.003271 0.000010 0.640549 0.000010 0.009391 0.000010
0.006287 0.095568 0.094566 0.056992 0.002498 0.030866 0.694131 0.004362 0.004786 0.009944
0.017185 0.130064 0.003095 0.030586 0.000010 0.036893 0.770156 0.007651 0.004350 0.000010
0.009304 0.035068 0.189281 0.095187 0.006630 0.002518 0.658230 0.000010 0.003762 0.000010
0.001973 0.039009 0.185604 0.144124 0.003067 0.004789 0.598660 0.010743 0.008103 0.003928
0.015442 0.081326 0.117877 0.062459 0.007404 0.036495 0.671724 0.007253 0.000010 0.000010
0.007594 0.119403 0.026375 0.056154 0.004199 0.027954 0.757966 0.000010 0.000010 0.000335
0.000010 0.098797 0.073163 0.105197 0.010459 0.014072 0.687080 0.003332 0.005797 0.002093
0.005711 0.004436 0.059519 0.363838 0.002014 0.000010 0.534704 0.001156 0.010848 0.017764
0.021821 0.000010 0.058491 0.360380 0.000010 0.005577 0.544933 0.003205 0.000925 0.004648
0.000010 0.090945 0.077398 0.092489 0.000010 0.018242 0.708738 0.000166 0.010995 0.001007
0.007827 0.123626 0.000010 0.053866 0.008354 0.047761 0.735436 0.006550 0.016560 0.000010
0.034554 0.090962 0.070865 0.049398 0.000010 0.010638 0.735553 0.000697 0.000010 0.007312
0.000010 0.060491 0.194765 0.154426 0.000010 0.000010 0.572693 0.006367 0.006667 0.004562
0.000010 0.031472 0.168698 0.130883 0.003446 0.000010 0.658001 0.004386 0.003084 0.000010
0.009923 0.111162 0.050628 0.037513 0.003744 0.042616 0.739936 0.000010 0.004458 0.000010
0.022001 0.069419 0.082635 0.102600 0.000010 0.000010 0.705206 0.017017 0.001092 0.000010
0.000010 0.116284 0.021234 0.043253 0.000010 0.037210 0.772945 0.003637 0.005407 0.000010
0.026244 0.118344 0.037834 0.061171 0.000010 0.031626 0.715506 0.005140 0.004115 0.000010
0.014893 0.115882 0.018562 0.047517 0.012388 0.047668 0.730292 0.012778 0.000010 0.000010
0.000010 0.061822 0.111841 0.095138 0.000010 0.002717 0.717534 0.005090 0.005826 0.000010
0.013200 0.029609 0.075820 0.339796 0.004403 0.000010 0.525636 0.003454 0.007088 0.000985
0.000010 0.035042 0.241094 0.106934 0.002361 0.000010 0.598101 0.003376 0.013063 0.000010
0.000010 0.112979 0.094722 0.089370 0.003533 0.025588 0.661307 0.012471 0.000010 0.000010
0.011706 0.089866 0.142206 0.078695 0.012516 0.000010 0.647469 0.000010 0.014481 0.003041
0.015024 0.117005 0.042514 0.059780 0.007155 0.022190 0.730232 0.006081 0.000010 0.000010
0.004253 0.126170 0.007910 0.044010 0.000010 0.029897 0.774785 0.004563 0.005634 0.002768
0.000010 0.057237 0.182076 0.131881 0.007551 0.000010 0.620924 0.000291 0.000010 0.000010
0.001938 0.084392 0.108205 0.069123 0.000010 0.011705 0.708964 0.012462 0.003190 0.000010
0.000010 0.089873 0.106491 0.061774 0.002459 0.002976 0.717339 0.005821 0.002591 0.010667
0.000010 0.032944 0.249199 0.141604 0.000827 0.000010 0.573147 0.000010 0.002239 0.000010
0.000010 0.065104 0.202390 0.126616 0.002563 0.005687 0.587665 0.000010 0.000010 0.009946
0.003602 0.089437 0.136510 0.063391 0.005691 0.023051 0.670504 0.001650 0.006154 0.000010
0.005174 0.075490 0.218737 0.065022 0.001497 0.012069 0.611217 0.001482 0.009301 0.000010
0.000010 0.075026 0.149937 0.057448 0.005945 0.015045 0.691920 0.002955 0.000010 0.001704
0.000010 0.071787 0.137753 0.086604 0.006625 0.038357 0.626199 0.004354 0.015906 0.012406
0.004109 0.053636 0.206470 0.091533 0.000010 0.017047 0.615944 0.000012 0.000010 0.011230
0.000010 0.089030 0.160905 0.108562 0.000014 0.000010 0.620208 0.006632 0.009230 0.005400
0.000010 0.084403 0.145891 0.089005 0.002191 0.018760 0.658437 0.001282 0.000010 0.000010
0.003894 0.054090 0.204874 0.056022 0.000010 0.013030 0.657884 0.003345 0.006840 0.000010
0.014095 0.064301 0.120185 0.059905 0.000010 0.021075 0.693377 0.020145 0.006896 0.000010
0.000010 0.058292 0.234868 0.093575 0.004223 0.000010 0.608992 0.000010 0.000010 0.000010
0.000010 0.022246 0.408989 0.069855 0.012130 0.030282 0.445407 0.000010 0.000010 0.011061
0.000010 0.036053 0.484613 0.010086 0.012911 0.003075 0.434571 0.000010 0.011563 0.007107
0.000010 0.031906 0.481104 0.027037 0.000010 0.015028 0.410163 0.007113 0.000222 0.027407
0.000012 0.000010 0.747926 0.009271 0.013540 0.000010 0.211905 0.007205 0.003074 0.007048
0.031026 0.030917 0.490762 0.052313 0.000010 0.022443 0.359177 0.004749 0.007551 0.001051
0.021808 0.026030 0.474717 0.015515 0.000010 0.019840 0.419222 0.003989 0.000315 0.018553
0.009400 0.030477 0.473495 0.023647 0.000010 0.006407 0.447089 0.009454 0.000010 0.000010
0.028948 0.011660 0.504112 0.000010 0.000237 0.024822 0.409824 0.008974 0.000010 0.011402
0.001490 0.069158 0.240926 0.066720 0.000010 0.005036 0.607603 0.003683 0.000010 0.005364
0.000010 0.024762 0.482921 0.040093 0.005393 0.029889 0.390202 0.000010 0.000010 0.026711
0.000277 0.073568 0.147529 0.019648 0.013643 0.028421 0.708199 0.008696 0.000010 0.000010
0.004241 0.057856 0.173376 0.048245 0.000011 0.034996 0.670429 0.002145 0.000010 0.008691
0.019883 0.063757 0.126790 0.029700 0.005615 0.030273 0.711532 0.006241 0.003190 0.003020
0.004850 0.064554 0.148555 0.025319 0.016204 0.022369 0.699653 0.000010 0.000204 0.018283
0.010460 0.090257 0.145405 0.035539 0.008987 0.000010 0.691916 0.008016 0.002863 0.006548
0.000010 0.072387 0.150186 0.032369 0.001970 0.040145 0.678518 0.002401 0.004379 0.017636
0.001377 0.065608 0.165629 0.046605 0.000010 0.025084 0.682961 0.010480 0.002236 0.000010
0.005138 0.080944 0.151392 0.050366 0.000010 0.013695 0.688471 0.000010 0.006497 0.003478
0.014377 0.067671 0.161743 0.020114 0.000010 0.021616 0.700820 0.000010 0.000010 0.013629
0.012192 0.072204 0.110086 0.049288 0.000963 0.046697 0.673744 0.005784 0.009598 0.019443
0.000010 0.000010 0.136196 0.776145 0.000010 0.000010 0.082968 0.000010 0.004630 0.000010
0.002314 0.000010 0.201737 0.468399 0.002601 0.003530 0.310539 0.007105 0.000010 0.003754
0.010342 0.008713 0.109404 0.593167 0.014462 0.016512 0.243965 0.000927 0.002498 0.000010
0.000082 0.002154 0.096329 0.740734 0.000010 0.017402 0.130700 0.002883 0.009697 0.000010
0.014768 0.001072 0.123480 0.632667 0.000010 0.026072 0.194141 0.005916 0.001864 0.000010
0.011475 0.025115 0.191334 0.527493 0.000010 0.007652 0.236890 0.000010 0.000010 0.000010
0.002645 0.016423 0.113251 0.649252 0.000010 0.020014 0.186411 0.003286 0.000010 0.008697
0.000101 0.000010 0.060958 0.861200 0.000010 0.001462 0.072668 0.001420 0.002160 0.000010
0.000010 0.034865 0.170372 0.481013 0.012015 0.013333 0.273466 0.009866 0.005051 0.000010
0.000010 0.000010 0.164571 0.530708 0.008424 0.002659 0.291242 0.000010 0.000010 0.002357
0.000928 0.008646 0.173155 0.462118 0.003364 0.019964 0.321213 0.000010 0.000010 0.010592
0.010862 0.000010 0.204037 0.438030 0.004578 0.018269 0.317231 0.000010 0.006963 0.000010
0.024593 0.016202 0.128881 0.524877 0.006656 0.010430 0.268876 0.004074 0.004871 0.010539
0.022423 0.000010 0.142298 0.505006 0.000010 0.026525 0.295664 0.002122 0.005931 0.000010
0.000010 0.003918 0.152269 0.520573 0.012985 0.018294 0.283603 0.008328 0.000010 0.000010
0.000010 0.004024 0.144896 0.524553 0.001182 0.003031 0.315249 0.000010 0.003032 0.004014
0.000010 0.000010 0.138980 0.504396 0.005950 0.000772 0.323578 0.006678 0.012201 0.007426
0.002546 0.000010 0.152887 0.503849 0.000010 0.014331 0.313927 0.012419 0.000010 0.000010
0.002860 0.020326 0.213388 0.367261 0.000010 0.029946 0.331597 0.008276 0.008952 0.017385
0.013010 0.027027 0.195301 0.288470 0.000010 0.029858 0.439175 0.000010 0.000426 0.006712
0.014972 0.008628 0.228246 0.282516 0.009014 0.021692 0.423771 0.000010 0.006740 0.004410
0.006488 0.020157 0.203257 0.325509 0.002978 0.015431 0.419778 0.000010 0.000010 0.006382
0.039148 0.036012 0.222885 0.293343 0.000010 0.000010 0.408561 0.000010 0.000010 0.000010
0.014332 0.029554 0.220695 0.267055 0.000010 0.007079 0.443972 0.000010 0.000010 0.017283
0.000010 0.010785 0.180819 0.445385 0.002205 0.008047 0.345936 0.000010 0.000471 0.006332
0.002722 0.000010 0.090226 0.707321 0.008267 0.017642 0.170584 0.000010 0.001708 0.001510
0.000010 0.000010 0.079693 0.730693 0.000010 0.000010 0.189544 0.000010 0.000010 0.000010
0.000010 0.000010 0.160862 0.418068 0.013300 0.022365 0.367826 0.001855 0.006627 0.009077
0.000010 0.004648 0.144003 0.445307 0.000623 0.015286 0.364942 0.012428 0.012743 0.000010
0.005074 0.000010 0.036316 0.757307 0.012707 0.007798 0.162838 0.011830 0.000010 0.006111
0.008392 0.009369 0.169939 0.464492 0.000010 0.012989 0.327294 0.000010 0.000010 0.007496
0.000010 0.004931 0.112664 0.617498 0.005977 0.022880 0.232366 0.001416 0.000010 0.002247
0.000010 0.010982 0.240443 0.364837 0.004808 0.023706 0.355184 0.000010 0.000010 0.000010
0.000010 0.006344 0.180462 0.414202 0.001459 0.001012 0.375350 0.006956 0.010800 0.003405
0.000010 0.023755 0.176526 0.399726 0.006769 0.018013 0.367409 0.000010 0.007773 0.000010
0.007771 0.012906 0.209991 0.357954 0.008854 0.029895 0.364218 0.007304 0.001098 0.000010
0.015072 0.029276 0.159358 0.390041 0.000726 0.007507 0.385072 0.001403 0.011534 0.000010
0.026107 0.000010 0.194401 0.372421 0.002457 0.013863 0.382290 0.004130 0.000339 0.003983
0.001071 0.023303 0.213854 0.350281 0.007960 0.009505 0.374226 0.012134 0.007657 0.000010
0.010261 0.011869 0.254996 0.154360 0.000010 0.009477 0.552679 0.006327 0.000010 0.000010
0.000010 0.051312 0.231054 0.151939 0.000010 0.020193 0.506194 0.005367 0.014790 0.019131
0.000010 0.000010 0.293142 0.149538 0.002230 0.001679 0.553361 0.000010 0.000010 0.000010
0.006351 0.021274 0.259340 0.172278 0.000815 0.005648 0.508789 0.008854 0.006575 0.010076
0.000010 0.008431 0.260439 0.150035 0.017958 0.000010 0.555309 0.000010 0.000010 0.007789
0.007473 0.025302 0.271279 0.159304 0.001087 0.005708 0.509699 0.003004 0.017135 0.000010
0.020787 0.019053 0.227506 0.163720 0.001210 0.015620 0.538328 0.005071 0.008695 0.000010
0.000010 0.039082 0.210673 0.135118 0.007466 0.000010 0.591397 0.009186 0.007048 0.000010
0.000010 0.025472 0.274301 0.184050 0.007809 0.005030 0.489780 0.001336 0.012202 0.000010
0.036494 0.020856 0.224760 0.148322 0.007897 0.011792 0.532833 0.000010 0.009221 0.007815
0.019218 0.140835 0.000016 0.000010 0.002253 0.083008 0.742668 0.011972 0.000010 0.000010
0.000010 0.129635 0.000010 0.000010 0.000010 0.101879 0.768395 0.000010 0.000031 0.000010
0.000010 0.142867 0.000010 0.000010 0.000010 0.060566 0.796497 0.000010 0.000010 0.000010
0.000010 0.161597 0.000010 0.000010 0.000010 0.084069 0.754264 0.000010 0.000010 0.000010
0.007761 0.142420 0.000010 0.000010 0.006270 0.073453 0.762767 0.000010 0.000010 0.007289
0.000010 0.139653 0.000010 0.000010 0.000010 0.093148 0.767129 0.000010 0.000010 0.000010
0.028163 0.162432 0.000010 0.000010 0.000010 0.086355 0.721832 0.000010 0.001169 0.000010
0.000016 0.142840 0.000010 0.000010 0.012261 0.072747 0.762772 0.000264 0.000010 0.009071
0.002942 0.125510 0.000010 0.000010 0.005506 0.086328 0.779665 0.000010 0.000010 0.000010
0.000010 0.149294 0.000010 0.000010 0.012702 0.077060 0.760758 0.000010 0.000136 0.000010
0.022990 0.071824 0.101028 0.000010 0.009723 0.078783 0.693866 0.006326 0.000010 0.015441
0.040065 0.057490 0.011132 0.000010 0.000010 0.115585 0.750298 0.002564 0.004245 0.018601
0.028882 0.058741 0.109695 0.000010 0.000116 0.105609 0.660466 0.001352 0.000010 0.035118
0.006110 0.076192 0.090522 0.000010 0.000250 0.111150 0.675795 0.002260 0.001459 0.036251
0.015220 0.078205 0.034716 0.000010 0.000010 0.105918 0.715083 0.009918 0.005722 0.035197
0.030940 0.072419 0.028832 0.000010 0.002797 0.104775 0.722993 0.007099 0.000010 0.030124
0.006328 0.080966 0.124976 0.000010 0.001605 0.101774 0.659767 0.004734 0.005472 0.014367
0.000010 0.059970 0.128300 0.000010 0.005704 0.090489 0.692607 0.021774 0.001126 0.000010
0.000010 0.085649 0.037198 0.022014 0.009690 0.009395 0.811292 0.004839 0.008185 0.011729
0.000221 0.076989 0.105841 0.064013 0.014365 0.000010 0.719543 0.017656 0.000010 0.001352
0.017848 0.057979 0.050593 0.095697 0.000010 0.008822 0.746830 0.013703 0.008507 0.000010
0.020694 0.054403 0.056459 0.027478 0.010110 0.015581 0.804066 0.000010 0.005813 0.005385
0.000010 0.072361 0.078872 0.021333 0.020317 0.000360 0.782022 0.008884 0.008475 0.007365
0.000010 0.088087 0.091433 0.045390 0.010688 0.019930 0.732384 0.000010 0.000010 0.012056
0.015282 0.086043 0.040467 0.057286 0.010291 0.009623 0.779119 0.001869 0.000010 0.000010
0.000010 0.087095 0.092819 0.061703 0.011679 0.013285 0.714274 0.004938 0.004560 0.009637
0.000010 0.083660 0.086870 0.036870 0.000010 0.019580 0.743914 0.017510 0.011566 0.000010
0.000010 0.083000 0.076640 0.063907 0.001433 0.020150 0.728021 0.012348 0.007899 0.006592
0.006904 0.033379 0.403124 0.087388 0.008656 0.015323 0.434250 0.000010 0.010006 0.000960
0.013388 0.028815 0.410296 0.046835 0.009485 0.011062 0.447916 0.008170 0.000010 0.024023
0.000010 0.005809 0.463367 0.034191 0.014180 0.021932 0.448071 0.008913 0.003518 0.000010
0.005439 0.017027 0.477501 0.052510 0.005093 0.011564 0.391746 0.010549 0.014030 0.014541
0.035006 0.035794 0.465465 0.047696 0.008540 0.025510 0.367772 0.003867 0.002765 0.007585
0.015004 0.000010 0.486242 0.022167 0.008975 0.017906 0.440270 0.004007 0.000010 0.005410
0.018147 0.000010 0.492503 0.057873 0.006701 0.007610 0.410140 0.005771 0.001234 0.000010
0.000010 0.010625 0.494749 0.052711 0.003711 0.003288 0.393858 0.017693 0.014898 0.008458
0.014681 0.019478 0.507375 0.046958 0.002676 0.019892 0.373926 0.000883 0.000761 0.013370
0.020290 0.026224 0.379786 0.164551 0.003294 0.032841 0.353818 0.006011 0.005852 0.007335
0.036187 0.025951 0.377123 0.122682 0.010404 0.020341 0.351568 0.009395 0.006797 0.039553
0.050857 0.000010 0.434646 0.131330 0.020032 0.024450 0.313638 0.000010 0.000010 0.025017
0.034656 0.021519 0.354617 0.177060 0.008824 0.055508 0.324558 0.014525 0.002959 0.005773
0.035977 0.007784 0.328316 0.170055 0.000010 0.021358 0.407131 0.002915 0.007996 0.018457
0.017020 0.015326 0.366066 0.141835 0.002514 0.023487 0.402475 0.009129 0.003606 0.018543
0.016408 0.018130 0.347243 0.195886 0.002843 0.039399 0.350587 0.014851 0.013079 0.001573
0.009154 0.020239 0.375426 0.114269 0.000010 0.018342 0.413263 0.012678 0.006725 0.029893
0.042889 0.027254 0.339731 0.152133 0.012461 0.032487 0.361807 0.000010 0.009706 0.021524
0.051647 0.000010 0.351558 0.163224 0.000010 0.032241 0.353422 0.003202 0.015773 0.028913
0.000010 0.999902 0.000018 0.000010 0.000010 0.000010 0.000010 0.000010 0.000010 0.000010
0.000010 0.999910 0.000010 0.000010 0.000010 0.000010 0.000010 0.000010 0.000010 0.000010
0.000010 0.462951 0.000010 0.000010 0.000010 0.000010 0.536969 0.000010 0.000010 0.000010
0.010166 0.013042 0.227327 0.159561 0.007474 0.000010 0.580423 0.000010 0.001978 0.000010
0.000010 0.999910 0.000010 0.000010 0.000010 0.000010 0.000010 0.000010 0.000010 0.000010
0.000010 0.999910 0.000010 0.000010 0.000010 0.000010 0.000010 0.000010 0.000010 0.000010
0.000010 0.512608 0.000010 0.000010 0.000010 0.000010 0.487312 0.000010 0.000010 0.000010
0.000010 0.013175 0.085442 0.302647 0.015124 0.000010 0.566114 0.000010 0.003481 0.013986
0.000010 0.999910 0.000010 0.000010 0.000010 0.000010 0.000010 0.000010 0.000010 0.000010
0.000010 0.495587 0.000010 0.000010 0.000010 0.000010 0.504333 0.000010 0.000010 0.000010
0.000010 0.491805 0.000010 0.000010 0.000010 0.000010 0.508115 0.000010 0.000010 0.000010
0.014063 0.016877 0.102416 0.297888 0.009907 0.000010 0.535477 0.013974 0.009379 0.000010
0.000010 0.468640 0.000010 0.000010 0.000010 0.014386 0.516904 0.000010 0.000010 0.000010
0.000010 0.507050 0.000010 0.000010 0.000010 0.000010 0.492870 0.000010 0.000010 0.000010
0.000018 0.999902 0.000010 0.000010 0.000010 0.000010 0.000010 0.000010 0.000010 0.000010
0.000010 0.452091 0.000010 0.000010 0.000010 0.000010 0.547829 0.000010 0.000010 0.000010
0.000010 0.999910 0.000010 0.000010 0.000010 0.000010 0.000010 0.000010 0.000010 0.000010
0.000010 0.494833 0.000010 0.000010 0.000010 0.000010 0.505087 0.000010 0.000010 0.000010
0.000010 0.022304 0.196265 0.275601 0.000010 0.000010 0.501677 0.000010 0.004104 0.000010
0.000010 0.999910 0.000010 0.000010 0.000010 0.000010 0.000010 0.000010 0.000010 0.000010
0.000010 0.459116 0.000010 0.000010 0.000010 0.000010 0.540804 0.000010 0.000010 0.000010
0.021782 0.046738 0.140061 0.285936 0.000010 0.000010 0.488501 0.015191 0.000873 0.000898
0.000010 0.999910 0.000010 0.000010 0.000010 0.000010 0.000010 0.000010 0.000010 0.000010
0.000010 0.479050 0.000010 0.000010 0.000010 0.000010 0.520870 0.000010 0.000010 0.000010
0.000010 0.022643 0.125743 0.316549 0.001325 0.000010 0.526277 0.005388 0.002044 0.000010
0.001691 0.124981 0.000010 0.000010 0.003088 0.081701 0.766008 0.010086 0.001552 0.010874
0.003022 0.100880 0.012495 0.004470 0.004377 0.088024 0.770587 0.007661 0.008474 0.000010
0.000010 0.099356 0.000010 0.004727 0.005061 0.087532 0.788657 0.000010 0.009587 0.005052
0.024506 0.123942 0.000010 0.013147 0.003488 0.070670 0.752345 0.000745 0.000010 0.011137
0.008380 0.129977 0.000018 0.022904 0.010016 0.088581 0.732729 0.007375 0.000010 0.000010
0.002908 0.128246 0.000015 0.025963 0.000010 0.098272 0.715126 0.003797 0.000010 0.025654
0.000010 0.100704 0.000010 0.008528 0.000010 0.088854 0.791984 0.000010 0.000010 0.009880
0.024749 0.135486 0.000010 0.000010 0.000010 0.086446 0.753030 0.000239 0.000010 0.000010
0.019064 0.099540 0.031589 0.032054 0.019988 0.148867 0.606472 0.006218 0.000876 0.035330
0.001888 0.134270 0.000011 0.006483 0.005771 0.115373 0.722967 0.013216 0.000010 0.000010
0.000010 0.000010 0.000010 0.000010 0.000010 0.999910 0.000010 0.000010 0.000010 0.000010
0.023394 0.122450 0.036658 0.018937 0.008140 0.175521 0.554182 0.004551 0.020820 0.035346
0.003686 0.109065 0.082856 0.052016 0.001316 0.095830 0.624006 0.000010 0.000010 0.031205
0.022272 0.105352 0.062573 0.030874 0.000564 0.167443 0.564465 0.008007 0.005746 0.032704
0.006997 0.093932 0.033434 0.054283 0.012758 0.139621 0.634382 0.000010 0.008097 0.016485
0.000010 0.000010 0.000010 0.000010 0.000010 0.999910 0.000010 0.000010 0.000010 0.000010
0.000010 0.000010 0.000010 0.000010 0.000010 0.999910 0.000010 0.000010 0.000010 0.000010
0.014612 0.119563 0.056606 0.038720 0.008140 0.155265 0.572712 0.011194 0.006206 0.016981
0.000010 0.000010 0.030484 0.802265 0.000010 0.000010 0.157455 0.000010 0.009736 0.000010
0.000010 0.006950 0.015100 0.943394 0.000010 0.011725 0.020688 0.000010 0.002104 0.000010
0.000010 0.000010 0.000010 0.999910 0.000010 0.000010 0.000010 0.000010 0.000010 0.000010
0.000010 0.009161 0.006098 0.984671 0.000010 0.000010 0.000010 0.000010 0.000010 0.000010
0.000010 0.008612 0.000010 0.988933 0.000010 0.000010 0.000010 0.002385 0.000010 0.000010
0.000010 0.000010 0.030156 0.958801 0.008217 0.001928 0.000010 0.000010 0.000847 0.000010
0.008009 0.000589 0.000010 0.991332 0.000010 0.000010 0.000010 0.000010 0.000010 0.000010
0.000010 0.000010 0.000010 0.947422 0.000108 0.000010 0.049931 0.000010 0.002479 0.000010
0.000010 0.000010 0.000010 0.999910 0.000010 0.000010 0.000010 0.000010 0.000010 0.000010
0.000010 0.000010 0.000010 0.999910 0.000010 0.000010 0.000010 0.000010 0.000010 0.000010
0.000010 0.000010 0.000010 0.999910 0.000010 0.000010 0.000010 0.000010 0.000010 0.000010
0.011720 0.024436 0.334320 0.176093 0.018415 0.044640 0.378309 0.000010 0.000010 0.012048
0.021564 0.034990 0.295985 0.179574 0.014985 0.051387 0.384629 0.002802 0.014074 0.000010
0.000446 0.029265 0.422065 0.108070 0.010236 0.048723 0.374562 0.001550 0.005072 0.000010
0.000010 0.031142 0.334434 0.144181 0.000010 0.043442 0.422807 0.000010 0.009600 0.014363
0.018570 0.001830 0.468823 0.118337 0.011255 0.034962 0.311682 0.009830 0.002977 0.021734
0.346124 0.013287 0.475160 0.012563 0.017171 0.009519 0.043921 0.022449 0.004419 0.055386
0.071666 0.000010 0.611189 0.063284 0.030105 0.016102 0.105766 0.028397 0.010178 0.063303
0.517661 0.021122 0.342093 0.000010 0.023229 0.000010 0.031074 0.003764 0.011669 0.049368
0.265860 0.000010 0.517817 0.035104 0.034522 0.000010 0.069838 0.013977 0.006643 0.056220
0.035884 0.013568 0.740892 0.046406 0.009994 0.005884 0.097850 0.018602 0.008529 0.022392
0.025886 0.000015 0.796110 0.030878 0.000010 0.002681 0.125627 0.000010 0.003597 0.015186
0.025359 0.000010 0.745454 0.055896 0.019325 0.021212 0.107808 0.006687 0.000010 0.018239
0.033331 0.015448 0.741802 0.049411 0.018941 0.000010 0.115543 0.003580 0.003153 0.018781
0.033162 0.000010 0.748826 0.029736 0.009254 0.000010 0.131651 0.012158 0.006807 0.028386
0.049428 0.007341 0.751302 0.029010 0.016220 0.007880 0.087995 0.000010 0.003208 0.047607
0.065561 0.000010 0.705077 0.054831 0.018150 0.000010 0.117039 0.002252 0.002442 0.034628
0.025202 0.000010 0.800555 0.029798 0.008945 0.000010 0.128320 0.007139 0.000010 0.000010
0.018351 0.014836 0.744166 0.037794 0.000010 0.000010 0.135076 0.006531 0.000010 0.043217
0.078677 0.000010 0.704452 0.019113 0.015694 0.001673 0.114109 0.007946 0.000010 0.058316
0.021668 0.000010 0.676884 0.058830 0.009794 0.000010 0.203130 0.013975 0.000010 0.015690
0.018585 0.016525 0.540994 0.122127 0.010503 0.047001 0.211592 0.015697 0.005204 0.011773
0.040474 0.000010 0.745966 0.053435 0.000947 0.002553 0.120291 0.003679 0.006442 0.026202
0.047292 0.000010 0.613031 0.077356 0.017664 0.028845 0.160335 0.013740 0.000990 0.040737
0.002764 0.000010 0.319108 0.166595 0.007962 0.037837 0.451194 0.000010 0.000010 0.014510
0.036592 0.000010 0.709426 0.060196 0.004622 0.000010 0.149504 0.006517 0.008047 0.025077
0.029770 0.001643 0.639123 0.102814 0.007016 0.024960 0.139720 0.012295 0.006964 0.035695
0.028006 0.014467 0.533364 0.081217 0.013944 0.028183 0.224814 0.019034 0.004570 0.052401
0.064667 0.003441 0.693375 0.008001 0.034446 0.025591 0.038158 0.015186 0.024177 0.092958
0.021197 0.001845 0.606849 0.149603 0.013420 0.022399 0.108726 0.019506 0.010901 0.045554
0.073515 0.016541 0.656891 0.025838 0.039476 0.016043 0.070362 0.016600 0.004284 0.080452
0.038468 0.000010 0.563276 0.158383 0.008334 0.040286 0.153853 0.007849 0.008002 0.021539
0.103966 0.007791 0.633293 0.034690 0.011812 0.024845 0.068299 0.018584 0.020160 0.076559
0.032559 0.016539 0.608818 0.158199 0.009448 0.044328 0.099670 0.011589 0.009543 0.009306
0.059723 0.024255 0.633660 0.047984 0.036826 0.010766 0.048101 0.029598 0.021417 0.087669
0.018727 0.001404 0.730467 0.000010 0.000010 0.000010 0.239910 0.009441 0.000010 0.000010
0.064455 0.002830 0.641855 0.040414 0.019466 0.025149 0.072842 0.023704 0.022119 0.087167
0.000010 0.000010 0.715517 0.024402 0.000010 0.006778 0.249821 0.003431 0.000010 0.000010
0.051219 0.006929 0.705836 0.037221 0.023185 0.006119 0.092135 0.016646 0.004125 0.056585
0.000010 0.005924 0.716907 0.000010 0.003089 0.001951 0.266799 0.005290 0.000010 0.000010
0.044496 0.025327 0.514992 0.179544 0.002087 0.037205 0.162335 0.023873 0.000010 0.010132
0.070232 0.002889 0.660277 0.010212 0.026541 0.026290 0.037374 0.031710 0.022079 0.112398
0.022245 0.014214 0.523485 0.036647 0.017308 0.027920 0.314473 0.000010 0.012385 0.031313
0.011171 0.006961 0.601655 0.135930 0.014209 0.016667 0.160739 0.009266 0.011113 0.032290
0.078705 0.009165 0.662055 0.003045 0.034685 0.021376 0.053696 0.031618 0.016734 0.088921
0.020119 0.005688 0.599858 0.131527 0.011549 0.014713 0.148511 0.009937 0.012946 0.045152
0.038107 0.004333 0.765592 0.036307 0.016003 0.000010 0.099282 0.014558 0.000295 0.025513
0.037762 0.003438 0.322066 0.152984 0.000010 0.052414 0.404023 0.005432 0.008532 0.013340
0.021222 0.002307 0.702282 0.074514 0.016638 0.000010 0.134418 0.002177 0.000010 0.046422
0.010848 0.034558 0.572400 0.048510 0.000010 0.000010 0.318538 0.002617 0.006580 0.005930
0.032683 0.017198 0.727916 0.059109 0.000010 0.004683 0.110799 0.006861 0.000010 0.040730
0.000010 0.046175 0.595118 0.033093 0.000010 0.017869 0.307694 0.000010 0.000010 0.000010
0.095343 0.000010 0.664118 0.014508 0.040718 0.033826 0.032494 0.025747 0.007025 0.086210
0.009570 0.006325 0.788082 0.023795 0.004618 0.000010 0.164485 0.003095 0.000010 0.000010
0.045605 0.000010 0.668816 0.052452 0.007767 0.000010 0.173376 0.002416 0.008399 0.041148
0.014424 0.000010 0.798718 0.003494 0.008799 0.004711 0.167073 0.000010 0.000010 0.002751
0.071175 0.024120 0.638362 0.030842 0.030175 0.014594 0.041303 0.025914 0.025535 0.097980
0.001343 0.000010 0.793126 0.010525 0.000010 0.000010 0.191417 0.000010 0.003539 0.000010
0.000010 0.001257 0.806508 0.024902 0.002435 0.007181 0.157676 0.000010 0.000010 0.000010
0.037620 0.003681 0.740291 0.036927 0.035662 0.022858 0.055815 0.012589 0.013385 0.041173
0.000010 0.056108 0.334802 0.125907 0.004865 0.000021 0.465056 0.002344 0.010876 0.000010
0.016616 0.005423 0.649243 0.058028 0.000010 0.005423 0.246536 0.000010 0.000867 0.017843
0.060657 0.000010 0.727462 0.037175 0.003417 0.010163 0.112086 0.006977 0.006206 0.035848
0.001512 0.055746 0.156445 0.089216 0.002969 0.006565 0.676609 0.003243 0.007237 0.000457
0.020495 0.020918 0.735935 0.022067 0.011076 0.007512 0.158292 0.012019 0.007038 0.004649
0.059441 0.011755 0.690081 0.000010 0.035502 0.039099 0.046039 0.034216 0.009342 0.074514
0.000010 0.000010 0.793544 0.000010 0.000010 0.000010 0.194060 0.012326 0.000010 0.000010
0.000010 0.000010 0.799691 0.054783 0.007911 0.000010 0.131984 0.000010 0.000010 0.005581
0.080868 0.013272 0.582626 0.034849 0.045152 0.026612 0.036115 0.042722 0.017159 0.120625
0.008687 0.000010 0.674853 0.064924 0.001052 0.000010 0.248055 0.002390 0.000010 0.000010
0.022726 0.000010 0.770527 0.035374 0.002163 0.000010 0.156488 0.009095 0.003597 0.000010
0.112868 0.014521 0.665117 0.000010 0.027103 0.009257 0.050184 0.010435 0.015451 0.095054
0.000010 0.021277 0.727970 0.043446 0.004826 0.012023 0.175567 0.003419 0.001514 0.009948
0.020384 0.000010 0.828385 0.034993 0.004464 0.009816 0.072388 0.012550 0.004988 0.012021
0.081487 0.011511 0.604495 0.057001 0.024661 0.018736 0.085084 0.015390 0.022202 0.079433
0.000011 0.053184 0.224993 0.119588 0.000010 0.008935 0.584046 0.004635 0.004588 0.000010
0.023343 0.008024 0.615423 0.043002 0.003950 0.000011 0.305758 0.000458 0.000010 0.000020
0.090043 0.020672 0.652568 0.010623 0.022426 0.011631 0.047958 0.019999 0.021769 0.102310
0.009273 0.000010 0.741000 0.073800 0.019564 0.013188 0.126334 0.008121 0.008701 0.000010
0.000010 0.084666 0.193526 0.057823 0.003911 0.019236 0.639335 0.001473 0.000010 0.000010
0.073769 0.028557 0.706701 0.000010 0.039513 0.005834 0.007669 0.036754 0.005715 0.095479
0.000813 0.000010 0.787615 0.046879 0.005017 0.012852 0.128596 0.000985 0.006739 0.010495
0.016539 0.070495 0.295350 0.096440 0.000098 0.003612 0.514621 0.002825 0.000011 0.000010
0.061600 0.013697 0.620130 0.080536 0.010739 0.008610 0.109229 0.011214 0.023243 0.061001
0.020423 0.043504 0.371432 0.067056 0.000010 0.016236 0.465716 0.000010 0.004529 0.011084
0.021383 0.000010 0.791691 0.025328 0.000010 0.008583 0.139575 0.000010 0.004745 0.008666
0.067038 0.000853 0.623051 0.029168 0.033266 0.021194 0.091987 0.029955 0.012777 0.090710
0.025009 0.018897 0.542383 0.171598 0.007032 0.039196 0.154060 0.013314 0.009323 0.019188
0.012382 0.041711 0.459283 0.066281 0.000010 0.014400 0.379698 0.021373 0.004851 0.000010
0.089136 0.032572 0.682689 0.000010 0.045057 0.014346 0.007338 0.031222 0.021469 0.076161
0.020413 0.000010 0.611565 0.140611 0.000010 0.033515 0.153889 0.001656 0.008167 0.030165
0.011744 0.045309 0.309732 0.062317 0.000010 0.016996 0.542947 0.010925 0.000010 0.000010
0.074002 0.008500 0.677374 0.007305 0.027971 0.025068 0.031535 0.027959 0.028924 0.091362
0.024014 0.020834 0.651017 0.104909 0.012178 0.008027 0.145791 0.019038 0.003607 0.010585
0.037512 0.011195 0.713961 0.074833 0.009463 0.000010 0.119807 0.000010 0.007894 0.025315
0.107930 0.000010 0.614661 0.037266 0.030674 0.025648 0.040454 0.016795 0.026156 0.100405
0.029821 0.012537 0.588793 0.083418 0.007419 0.019757 0.180411 0.020470 0.009424 0.047950
0.000010 0.000010 0.740275 0.029384 0.000010 0.000010 0.230271 0.000010 0.000010 0.000010
0.106029 0.000010 0.651640 0.010506 0.035144 0.010718 0.019541 0.038654 0.020087 0.107671
0.011789 0.001606 0.565818 0.119334 0.000010 0.023834 0.240177 0.008755 0.012866 0.015812
0.000015 0.058275 0.294925 0.083872 0.013457 0.016341 0.514670 0.001953 0.000010 0.016483
0.068063 0.021229 0.642882 0.040980 0.033562 0.002509 0.050338 0.030850 0.015315 0.094273
0.009766 0.012321 0.425316 0.144345 0.003977 0.019089 0.368855 0.009064 0.004611 0.002657
0.000010 0.003474 0.763020 0.082170 0.009107 0.000010 0.114309 0.005823 0.000010 0.022066
0.076938 0.022319 0.633040 0.034673 0.037560 0.034957 0.039754 0.023325 0.018351 0.079085
0.031374 0.015694 0.600049 0.111936 0.014116 0.024812 0.161307 0.003373 0.004762 0.032578
