0.524968 0.050414 0.000010 0.019391 0.000010 0.069062 0.000010 0.336135
0.519966 0.061878 0.000010 0.049924 0.000010 0.028777 0.000010 0.339425
0.000010 0.000010 0.000010 0.000010 0.000010 0.000010 0.000010 0.999930
0.000010 0.000010 0.000010 0.000010 0.000010 0.000010 0.000010 0.999930
0.339052 0.113095 0.000010 0.000010 0.039302 0.000010 0.000010 0.508511
0.000010 0.999930 0.000010 0.000010 0.000010 0.000010 0.000010 0.000010
0.659603 0.066446 0.000010 0.015738 0.000010 0.002804 0.000010 0.255380
0.000010 0.000010 0.000010 0.000010 0.000010 0.000010 0.000010 0.999930
0.367595 0.082769 0.000010 0.000010 0.033975 0.000010 0.000010 0.515620
0.392666 0.095452 0.000010 0.000010 0.000010 0.000010 0.000010 0.511831
0.350975 0.114434 0.000010 0.000010 0.000010 0.000010 0.000010 0.534541
0.279167 0.311936 0.000010 0.000010 0.000010 0.000010 0.000010 0.408847
0.322672 0.143018 0.000010 0.000010 0.000010 0.112474 0.037430 0.384377
0.334663 0.127615 0.000010 0.000010 0.000010 0.000010 0.000010 0.537673
0.000010 0.999930 0.000010 0.000010 0.000010 0.000010 0.000010 0.000010
0.370810 0.115304 0.000010 0.000010 0.000010 0.000010 0.000010 0.513837
0.336936 0.263871 0.000010 0.000010 0.011319 0.000010 0.000010 0.387834
0.000010 0.999930 0.000010 0.000010 0.000010 0.000010 0.000010 0.000010
0.000010 0.999930 0.000010 0.000010 0.000010 0.000010 0.000010 0.000010
0.470323 0.057184 0.000010 0.000010 0.000010 0.082585 0.000010 0.389868
0.000010 0.000010 0.000010 0.000010 0.000010 0.000010 0.000010 0.999930
0.000010 0.000010 0.000010 0.000010 0.000010 0.000010 0.000010 0.999930
0.000010 0.000010 0.000010 0.000010 0.000010 0.000010 0.000010 0.999930
0.000010 0.000010 0.000010 0.000010 0.000010 0.000010 0.000010 0.999930
0.368131 0.100684 0.000010 0.000010 0.000010 0.000010 0.000010 0.531135
0.000010 0.000010 0.000010 0.000010 0.000010 0.000010 0.000010 0.999930
0.000010 0.000010 0.000010 0.000010 0.000010 0.000010 0.000010 0.999930
0.000010 0.000010 0.000010 0.000010 0.000010 0.000010 0.000010 0.999930
0.000010 0.000010 0.000010 0.000010 0.000010 0.000010 0.000010 0.999930
0.190912 0.025941 0.179581 0.000010 0.177147 0.023040 0.088791 0.314578
0.660596 0.038232 0.000010 0.000010 0.000831 0.085176 0.000010 0.215135
0.434071 0.027293 0.095808 0.003825 0.000010 0.000010 0.047203 0.391780
0.463007 0.000010 0.274940 0.012388 0.000010 0.000010 0.162051 0.087585
0.377122 0.132263 0.487238 0.000010 0.000010 0.000010 0.000010 0.003336
0.342257 0.098835 0.315797 0.000014 0.000010 0.050869 0.192209 0.000010
0.217140 0.050030 0.410798 0.087863 0.000010 0.031351 0.202798 0.000010
0.000010 0.999930 0.000010 0.000010 0.000010 0.000010 0.000010 0.000010
0.099414 0.000010 0.900526 0.000010 0.000010 0.000010 0.000010 0.000010
0.000010 0.000010 0.314033 0.168836 0.077006 0.000010 0.365442 0.074653
0.239664 0.104764 0.619275 0.000010 0.036257 0.000010 0.000010 0.000010
0.000010 0.999930 0.000010 0.000010 0.000010 0.000010 0.000010 0.000010
0.569276 0.000010 0.119737 0.025293 0.000010 0.000010 0.285654 0.000010
0.331457 0.068743 0.403468 0.000010 0.000010 0.000010 0.175844 0.020458
0.335684 0.135347 0.000010 0.000010 0.000010 0.082201 0.446727 0.000010
0.000010 0.999930 0.000010 0.000010 0.000010 0.000010 0.000010 0.000010
0.355039 0.106006 0.505547 0.000010 0.000010 0.014727 0.018651 0.000010
0.161096 0.127093 0.522395 0.000010 0.000010 0.000010 0.189376 0.000010
0.566016 0.035283 0.206321 0.000010 0.000010 0.000010 0.192340 0.000010
0.086803 0.053138 0.430447 0.000010 0.104633 0.000010 0.286453 0.038507
0.218594 0.090802 0.562142 0.000010 0.008339 0.000010 0.120094 0.000010
0.230072 0.022406 0.169309 0.000010 0.000010 0.000010 0.512460 0.065723
0.289086 0.061630 0.453281 0.000010 0.063109 0.000010 0.132863 0.000010
0.297205 0.000010 0.625630 0.000010 0.000010 0.000010 0.077114 0.000010
0.264107 0.029361 0.594358 0.000010 0.016387 0.000010 0.095758 0.000010
0.406231 0.003083 0.547933 0.000010 0.000010 0.000010 0.042713 0.000010
0.207561 0.000010 0.600196 0.000010 0.000010 0.000010 0.156577 0.035626
0.322601 0.009948 0.539018 0.000010 0.000010 0.000010 0.089946 0.038456
0.324061 0.000010 0.538780 0.000010 0.000010 0.000010 0.137109 0.000010
0.286368 0.000010 0.547648 0.000010 0.000010 0.000010 0.152652 0.013292
0.269294 0.009084 0.646750 0.000010 0.000010 0.000010 0.074832 0.000010
0.530101 0.012170 0.325483 0.001241 0.022898 0.017211 0.049707 0.041190
0.533577 0.020085 0.296884 0.003600 0.010127 0.029553 0.071079 0.035094
0.512968 0.004538 0.344966 0.000010 0.026577 0.023568 0.055181 0.032192
0.551438 0.003357 0.316227 0.000010 0.020059 0.013950 0.047257 0.047702
0.526807 0.013634 0.379093 0.000010 0.010562 0.000010 0.051447 0.018436
0.531122 0.007527 0.344339 0.000010 0.018306 0.017778 0.059551 0.021368
0.569988 0.010540 0.332836 0.000741 0.023081 0.009112 0.045080 0.008622
0.503166 0.018390 0.361290 0.000010 0.015684 0.006646 0.061664 0.033149
0.593328 0.011677 0.352346 0.006308 0.000010 0.009855 0.005829 0.020647
0.461771 0.029022 0.158120 0.047241 0.049666 0.085066 0.066798 0.102316
0.490028 0.022297 0.229704 0.000010 0.035439 0.053963 0.101439 0.067120
0.571054 0.012882 0.367797 0.000010 0.000010 0.001336 0.029653 0.017259
0.382782 0.017636 0.000010 0.000010 0.560646 0.000010 0.002965 0.035941
0.553153 0.007419 0.338914 0.000010 0.001170 0.013569 0.068846 0.016918
0.503011 0.027271 0.382181 0.008291 0.015107 0.008929 0.049041 0.006170
0.000010 0.000010 0.000010 0.000010 0.000010 0.000010 0.999930 0.000010
0.000010 0.000010 0.000010 0.000010 0.000010 0.000010 0.999930 0.000010
0.000010 0.000010 0.000010 0.000010 0.000010 0.000010 0.999930 0.000010
0.000010 0.000010 0.000010 0.000010 0.000010 0.000010 0.999930 0.000010
0.022198 0.000010 0.085611 0.000010 0.009251 0.000010 0.882900 0.000010
0.000010 0.000010 0.000010 0.000010 0.000010 0.000010 0.999930 0.000010
0.000010 0.000010 0.000010 0.003785 0.000010 0.000010 0.996155 0.000010
0.000010 0.000010 0.000010 0.000010 0.000010 0.000010 0.999930 0.000010
0.000010 0.000010 0.000010 0.000010 0.000010 0.000010 0.999930 0.000010
0.000010 0.000010 0.057789 0.008530 0.000010 0.000010 0.933632 0.000010
0.000010 0.000010 0.000010 0.000010 0.000010 0.000657 0.999283 0.000010
0.000010 0.002200 0.084912 0.013924 0.009777 0.000010 0.889157 0.000010
0.093811 0.000010 0.100650 0.000010 0.000010 0.002432 0.800526 0.002550
0.000010 0.000010 0.000010 0.000010 0.000010 0.000010 0.999930 0.000010
0.063458 0.001632 0.599928 0.148624 0.008059 0.175581 0.000010 0.002708
0.037771 0.006037 0.640271 0.153460 0.002438 0.125357 0.016317 0.018349
0.057925 0.002478 0.589923 0.142142 0.000010 0.179770 0.000010 0.027741
0.041008 0.010403 0.640894 0.122781 0.006800 0.113303 0.047820 0.016991
0.012284 0.018905 0.644456 0.123472 0.000010 0.178052 0.000010 0.022812
0.074501 0.000963 0.601405 0.131729 0.013814 0.133794 0.026415 0.017378
0.012110 0.004639 0.598120 0.142370 0.018882 0.180905 0.013249 0.029726
0.016377 0.015481 0.594430 0.147264 0.010994 0.184750 0.000010 0.030694
0.042487 0.006485 0.569891 0.025498 0.000010 0.000010 0.355609 0.000010
0.076341 0.002861 0.569081 0.013207 0.002092 0.000010 0.331204 0.005205
0.035794 0.010416 0.536173 0.024462 0.016741 0.000010 0.376394 0.000010
0.059461 0.000010 0.551157 0.028144 0.000010 0.000010 0.353456 0.007752
0.024254 0.000010 0.585556 0.027071 0.023022 0.000010 0.340067 0.000010
0.074135 0.005029 0.565084 0.030378 0.000010 0.000010 0.321268 0.004085
0.034253 0.005356 0.552097 0.009970 0.026027 0.000010 0.363600 0.008687
0.039970 0.001301 0.531566 0.029324 0.000010 0.004449 0.368729 0.024651
0.037769 0.000010 0.595920 0.000010 0.020722 0.000010 0.345549 0.000010
0.053254 0.001283 0.537478 0.027567 0.000010 0.000010 0.380388 0.000010
0.019175 0.000350 0.542534 0.037320 0.010431 0.000010 0.371038 0.019142
0.069268 0.000010 0.535184 0.042962 0.015221 0.000010 0.337335 0.000010
0.073091 0.000010 0.591727 0.002300 0.000010 0.000010 0.332842 0.000010
0.063018 0.000010 0.544462 0.008124 0.000010 0.000010 0.368784 0.015581
0.065194 0.002455 0.559765 0.020258 0.012770 0.004158 0.330313 0.005089
0.029590 0.000010 0.535975 0.032144 0.013677 0.000010 0.362588 0.026005
0.030906 0.000010 0.575489 0.023224 0.032523 0.000010 0.337828 0.000010
0.052247 0.000010 0.580158 0.017595 0.008511 0.000010 0.341460 0.000010
0.081095 0.000010 0.537371 0.028885 0.000010 0.000010 0.344688 0.007931
0.029145 0.000010 0.553336 0.040401 0.006650 0.000010 0.370438 0.000010
0.034755 0.000010 0.587049 0.000010 0.000010 0.000010 0.370086 0.008070
0.048771 0.003213 0.582553 0.000010 0.000010 0.000010 0.365423 0.000010
0.066893 0.000474 0.576592 0.025048 0.000010 0.000010 0.330963 0.000010
0.039768 0.000010 0.576201 0.014878 0.000010 0.000010 0.369113 0.000010
0.040546 0.016986 0.571697 0.017561 0.014887 0.000010 0.326598 0.011716
0.071003 0.003724 0.573160 0.051417 0.000010 0.000010 0.300666 0.000010
0.020331 0.000010 0.729244 0.137507 0.000010 0.022851 0.069208 0.020840
0.148186 0.001977 0.650921 0.077460 0.004035 0.000010 0.117401 0.000010
0.032408 0.000010 0.753511 0.142385 0.001653 0.029649 0.036060 0.004324
0.241622 0.006193 0.569922 0.042527 0.006125 0.000010 0.133591 0.000010
0.138656 0.002170 0.661953 0.048362 0.019876 0.000010 0.127480 0.001492
0.086912 0.001203 0.696593 0.112251 0.007013 0.033970 0.054827 0.007231
0.000010 0.000010 0.770087 0.148960 0.017032 0.036635 0.026286 0.000981
0.155800 0.010563 0.676771 0.047034 0.010603 0.005835 0.093385 0.000010
0.170599 0.010804 0.615825 0.050581 0.003235 0.004502 0.142628 0.001826
0.103727 0.009253 0.676331 0.096373 0.016068 0.037513 0.060725 0.000010
0.010271 0.005499 0.756107 0.137318 0.006987 0.031656 0.052152 0.000010
0.058360 0.011670 0.695118 0.114012 0.000010 0.015432 0.102771 0.002628
0.043729 0.007891 0.554245 0.013130 0.008170 0.000010 0.361462 0.011363
0.046451 0.000010 0.559077 0.008936 0.022737 0.006100 0.356680 0.000010
0.068219 0.002244 0.720392 0.107521 0.000010 0.012236 0.089369 0.000010
0.000010 0.002189 0.728384 0.141837 0.005350 0.048848 0.049300 0.024082
0.054193 0.000448 0.739368 0.106865 0.034805 0.018026 0.046285 0.000010
0.175840 0.002259 0.596559 0.070541 0.000010 0.000010 0.152781 0.002000
0.141890 0.008121 0.676656 0.043909 0.000010 0.000010 0.129395 0.000010
0.037295 0.000010 0.740643 0.129069 0.011894 0.044782 0.036297 0.000010
0.068887 0.005741 0.717637 0.084624 0.023191 0.000010 0.099901 0.000010
0.013509 0.001650 0.771471 0.135305 0.000010 0.038484 0.039561 0.000010
0.024139 0.000010 0.718651 0.134427 0.027979 0.033738 0.058831 0.002225
0.012256 0.005239 0.727256 0.133942 0.017229 0.050556 0.046212 0.007311
0.090719 0.000010 0.731669 0.076423 0.000010 0.007026 0.094133 0.000010
0.051917 0.004741 0.544016 0.038123 0.014793 0.000010 0.338086 0.008314
0.215112 0.000010 0.623749 0.045576 0.000010 0.000010 0.106504 0.009029
0.077949 0.001289 0.675126 0.126699 0.000010 0.023760 0.089162 0.006005
0.130081 0.002520 0.661974 0.103941 0.012709 0.000010 0.077356 0.011409
0.029725 0.001547 0.728162 0.134377 0.017471 0.030842 0.057866 0.000010
0.000508 0.000010 0.774729 0.144719 0.004706 0.032435 0.041028 0.001864
0.156139 0.001062 0.642151 0.068742 0.000010 0.000666 0.131219 0.000010
0.094500 0.000010 0.720500 0.099416 0.003055 0.012435 0.066427 0.003656
0.091008 0.004886 0.726975 0.106119 0.000010 0.006450 0.059553 0.004999
0.215641 0.003886 0.597510 0.042213 0.000010 0.000010 0.140720 0.000010
0.182739 0.004175 0.599808 0.076023 0.000010 0.012258 0.124977 0.000010
0.117021 0.009693 0.676978 0.103776 0.004013 0.025876 0.062633 0.000010
0.194514 0.005946 0.631462 0.086727 0.006089 0.010578 0.064673 0.000010
0.131558 0.009134 0.700437 0.091547 0.000010 0.013343 0.053962 0.000010
0.130092 0.005120 0.632908 0.085548 0.000010 0.040143 0.085950 0.020230
0.188130 0.000124 0.626694 0.065834 0.005402 0.023026 0.090780 0.000010
0.136239 0.000010 0.640083 0.100954 0.000010 0.000703 0.107525 0.014476
0.122138 0.000010 0.669531 0.097762 0.000010 0.022631 0.087908 0.000010
0.184717 0.000010 0.672679 0.066895 0.004536 0.016259 0.054893 0.000010
0.115842 0.000010 0.699220 0.080541 0.015696 0.025303 0.058070 0.005318
0.206159 0.001272 0.625184 0.069454 0.000010 0.004671 0.093239 0.000010
0.398501 0.003863 0.465265 0.031699 0.000010 0.025708 0.072814 0.002141
0.451379 0.004498 0.459673 0.040726 0.000010 0.011362 0.014894 0.017457
0.462881 0.000010 0.433379 0.038249 0.000010 0.017763 0.029180 0.018528
0.718018 0.012692 0.253620 0.000010 0.000010 0.000010 0.014847 0.000794
0.466428 0.010975 0.380360 0.034594 0.029284 0.024180 0.054169 0.000010
0.455408 0.006468 0.443843 0.031812 0.022554 0.021420 0.018486 0.000010
0.443861 0.000010 0.473400 0.037647 0.010154 0.008467 0.026452 0.000010
0.477535 0.000010 0.436659 0.018047 0.030137 0.022862 0.003623 0.011127
0.210974 0.008036 0.619184 0.080298 0.001053 0.013836 0.066608 0.000010
0.463202 0.007365 0.413054 0.028991 0.001641 0.033976 0.044015 0.007757
0.127434 0.011340 0.718774 0.088977 0.001990 0.027895 0.019420 0.004170
0.153707 0.000010 0.680656 0.072759 0.004722 0.033101 0.047514 0.007531
0.116677 0.007490 0.711604 0.080209 0.019499 0.036372 0.028139 0.000010
0.132561 0.012979 0.710823 0.079295 0.005990 0.025039 0.024026 0.009286
0.125315 0.001703 0.704118 0.106651 0.011820 0.000070 0.034995 0.015328
0.144618 0.009017 0.684973 0.087944 0.000010 0.039296 0.031373 0.002768
0.153546 0.000010 0.688983 0.080805 0.001824 0.029371 0.045452 0.000010
0.135633 0.000010 0.695523 0.096771 0.005269 0.017060 0.049724 0.000010
0.143175 0.000010 0.709857 0.082689 0.017224 0.027127 0.019907 0.000010
0.109160 0.006203 0.676173 0.088414 0.012724 0.045659 0.048453 0.013213
0.124940 0.000010 0.097462 0.000010 0.000010 0.000010 0.777548 0.000010
0.182759 0.006927 0.328590 0.000070 0.004020 0.008100 0.469524 0.000010
0.097930 0.010035 0.253559 0.010093 0.011752 0.020939 0.594262 0.001431
0.091102 0.000010 0.142730 0.001724 0.000986 0.014653 0.741547 0.007247
0.116421 0.002959 0.209130 0.002890 0.016168 0.018970 0.632429 0.001034
0.170070 0.000010 0.252445 0.026932 0.012680 0.008497 0.529356 0.000010
0.105746 0.000010 0.198154 0.017228 0.004270 0.019250 0.649936 0.005405
0.049162 0.000010 0.081920 0.000010 0.000010 0.000010 0.860463 0.008415
0.153311 0.000014 0.290914 0.038293 0.000010 0.012125 0.482617 0.022715
0.144299 0.006903 0.310762 0.000010 0.000010 0.006333 0.531673 0.000010
0.161678 0.002282 0.337537 0.012509 0.002525 0.018889 0.462107 0.002472
0.193089 0.000010 0.336991 0.000010 0.011690 0.017388 0.438680 0.002141
0.119738 0.015665 0.280235 0.019318 0.025472 0.012008 0.524614 0.002950
0.130144 0.000010 0.315481 0.000010 0.025020 0.022872 0.505386 0.001078
0.143269 0.004923 0.301311 0.006959 0.000010 0.015112 0.520230 0.008186
0.128362 0.002046 0.328601 0.008519 0.000010 0.004353 0.524885 0.003223
0.124787 0.010532 0.343534 0.000010 0.000063 0.003896 0.503814 0.013364
0.139690 0.006396 0.330980 0.000010 0.003609 0.016011 0.503294 0.000010
0.203173 0.000010 0.348521 0.024066 0.004133 0.028261 0.368500 0.023335
0.176877 0.003093 0.456954 0.033002 0.014844 0.027488 0.287732 0.000010
0.212121 0.000010 0.442702 0.015480 0.014973 0.017430 0.282831 0.014455
0.188093 0.002285 0.436270 0.027495 0.007568 0.014089 0.324190 0.000010
0.198548 0.003742 0.424684 0.042849 0.037971 0.000010 0.292186 0.000010
0.211927 0.001931 0.460788 0.038030 0.015480 0.005836 0.265998 0.000010
0.163540 0.005653 0.362118 0.015238 0.000010 0.008640 0.444793 0.000010
0.086122 0.005804 0.179806 0.000011 0.003815 0.017203 0.707228 0.000010
0.067422 0.000010 0.201710 0.000010 0.000010 0.000016 0.730813 0.000010
0.147768 0.008199 0.384355 0.002495 0.000010 0.022589 0.417980 0.016605
0.139858 0.007624 0.377581 0.011582 0.000010 0.012708 0.443946 0.006690
0.034241 0.014383 0.171464 0.000010 0.007446 0.009515 0.756264 0.006677
0.163223 0.000012 0.341292 0.015044 0.007900 0.009242 0.463278 0.000010
0.110950 0.003741 0.239320 0.008688 0.000010 0.020650 0.616630 0.000010
0.222768 0.000010 0.377319 0.015238 0.000010 0.018889 0.365756 0.000010
0.159705 0.004455 0.395029 0.009851 0.000010 0.003766 0.414284 0.012900
0.161116 0.003015 0.387756 0.028171 0.000010 0.017945 0.401976 0.000010
0.196678 0.006771 0.379984 0.017788 0.008424 0.027560 0.357746 0.005049
0.140261 0.002273 0.401475 0.033596 0.016776 0.012146 0.390999 0.002473
0.181744 0.004834 0.400752 0.002847 0.026427 0.011632 0.371753 0.000010
0.196326 0.005581 0.396826 0.027604 0.004559 0.009992 0.352199 0.006912
0.232963 0.002038 0.571867 0.019803 0.009620 0.011766 0.151933 0.000010
0.222761 0.003871 0.523271 0.060345 0.000010 0.020083 0.151631 0.018028
0.261221 0.005644 0.577891 0.007393 0.000010 0.000010 0.147820 0.000010
0.242623 0.010974 0.525418 0.030649 0.006570 0.008721 0.172470 0.002574
0.239328 0.015363 0.576644 0.018644 0.000756 0.000010 0.149245 0.000010
0.249495 0.004397 0.531413 0.033845 0.008244 0.004977 0.159834 0.007794
0.203486 0.007926 0.554436 0.027546 0.021993 0.021117 0.163487 0.000010
0.185722 0.003782 0.614719 0.049934 0.000010 0.000010 0.135006 0.010817
0.247957 0.014337 0.509325 0.032207 0.000010 0.010957 0.185195 0.000010
0.206817 0.007430 0.556517 0.028013 0.038631 0.011991 0.148035 0.002566
0.000010 0.000010 0.729935 0.159261 0.021436 0.088139 0.000010 0.001199
0.000010 0.000010 0.748387 0.149340 0.000010 0.102223 0.000010 0.000010
0.000010 0.000010 0.766587 0.164556 0.000010 0.068806 0.000010 0.000010
0.000010 0.000010 0.727783 0.182789 0.000010 0.089378 0.000010 0.000010
0.000010 0.010436 0.746162 0.164057 0.005905 0.073410 0.000010 0.000010
0.000010 0.000010 0.747478 0.161296 0.000010 0.091176 0.000010 0.000010
0.000010 0.000010 0.704705 0.183502 0.028458 0.083295 0.000010 0.000010
0.000010 0.012149 0.749371 0.164457 0.000010 0.073982 0.000010 0.000010
0.000010 0.004049 0.756747 0.146194 0.000270 0.092709 0.000010 0.000010
0.000010 0.008103 0.741088 0.169429 0.000010 0.081340 0.000010 0.000010
0.108147 0.003297 0.689234 0.090127 0.023176 0.073534 0.000010 0.012475
0.029192 0.001745 0.732073 0.080044 0.039989 0.109790 0.000010 0.007157
0.117513 0.003296 0.652040 0.076719 0.028803 0.103056 0.000010 0.018562
0.103681 0.012356 0.662279 0.095149 0.006674 0.107400 0.000010 0.012451
0.055152 0.004658 0.699421 0.099185 0.015083 0.102598 0.000010 0.023893
0.047405 0.011450 0.706282 0.093447 0.031675 0.101345 0.000010 0.008386
0.127897 0.006669 0.652016 0.097491 0.006803 0.100292 0.000010 0.008822
0.126785 0.000010 0.691120 0.077370 0.000010 0.085744 0.000010 0.018951
0.021649 0.000010 0.813381 0.103835 0.000010 0.018815 0.018803 0.023497
0.081944 0.012662 0.734417 0.092624 0.001502 0.000010 0.061659 0.015182
0.027826 0.003248 0.755435 0.074325 0.018917 0.015015 0.093251 0.011982
0.033696 0.000376 0.811230 0.071927 0.022941 0.023477 0.025076 0.011276
0.064423 0.015329 0.787913 0.090745 0.000010 0.006806 0.018988 0.015785
0.080365 0.004140 0.740469 0.105730 0.000977 0.020859 0.042813 0.004648
0.014745 0.004651 0.784315 0.103758 0.016927 0.016294 0.054921 0.004388
0.079379 0.010680 0.720725 0.103058 0.000010 0.018362 0.059193 0.008593
0.067529 0.000010 0.751642 0.100055 0.000010 0.021647 0.035322 0.023785
0.063187 0.000010 0.732546 0.098870 0.000010 0.025998 0.061974 0.017406
0.375397 0.016654 0.452008 0.039108 0.005957 0.021638 0.089227 0.000010
0.394074 0.008374 0.469827 0.035672 0.014557 0.015327 0.048578 0.013591
0.441191 0.004124 0.471982 0.011508 0.001524 0.025206 0.038014 0.006452
0.453629 0.002717 0.423119 0.021412 0.006537 0.009608 0.055598 0.027381
0.437133 0.004260 0.390151 0.039509 0.035932 0.029091 0.052120 0.011804
0.462513 0.000762 0.466780 0.002813 0.015287 0.020901 0.026578 0.004366
0.463973 0.005499 0.439601 0.000010 0.017735 0.012216 0.060956 0.000010
0.469354 0.007517 0.422666 0.014356 0.000010 0.008544 0.056612 0.020941
0.482752 0.006439 0.397297 0.023597 0.015567 0.023567 0.050771 0.000010
0.358152 0.000010 0.374102 0.030413 0.018894 0.031380 0.166382 0.020666
0.365610 0.014611 0.371181 0.030928 0.037083 0.022385 0.125234 0.032968
0.419540 0.013767 0.339954 0.000782 0.052509 0.024519 0.133984 0.014944
0.342324 0.016602 0.342568 0.026055 0.035039 0.049063 0.179338 0.009012
0.322396 0.000222 0.425804 0.014705 0.036780 0.020446 0.171215 0.008433
0.348443 0.005192 0.425446 0.021244 0.017087 0.020250 0.143797 0.018540
0.335482 0.004282 0.372876 0.022666 0.016579 0.033894 0.197273 0.016948
0.369170 0.002687 0.436023 0.026838 0.011205 0.018922 0.116132 0.019023
0.325570 0.003154 0.379656 0.031950 0.043513 0.032786 0.154051 0.029320
0.347501 0.007613 0.374630 0.000010 0.052487 0.032452 0.166459 0.018849
0.000010 0.000010 0.000010 0.999930 0.000010 0.000010 0.000010 0.000010
0.000010 0.000010 0.000010 0.999930 0.000010 0.000010 0.000010 0.000010
0.000010 0.000010 0.512797 0.487143 0.000010 0.000010 0.000010 0.000010
0.194494 0.002582 0.606464 0.021707 0.011205 0.000010 0.159269 0.004268
0.000010 0.000010 0.000010 0.999930 0.000010 0.000010 0.000010 0.000010
0.000010 0.000010 0.000010 0.999927 0.000010 0.000013 0.000010 0.000010
0.000010 0.000010 0.463461 0.536479 0.000010 0.000010 0.000010 0.000010
0.073938 0.009239 0.585224 0.023696 0.000010 0.000010 0.299083 0.008800
0.000010 0.000010 0.000010 0.999930 0.000010 0.000010 0.000010 0.000010
0.000010 0.000010 0.478885 0.519572 0.000010 0.001493 0.000010 0.000010
0.000010 0.000010 0.474135 0.515556 0.000010 0.010259 0.000010 0.000010
0.078879 0.007925 0.556011 0.024878 0.016650 0.000010 0.296667 0.018980
0.000010 0.000010 0.485087 0.491118 0.000010 0.023746 0.000010 0.000010
0.000010 0.000010 0.469989 0.529951 0.000010 0.000010 0.000010 0.000010
0.000010 0.000010 0.000010 0.999930 0.000010 0.000010 0.000010 0.000010
0.000010 0.000010 0.524669 0.475117 0.000010 0.000164 0.000010 0.000010
0.000010 0.000010 0.000010 0.999930 0.000010 0.000010 0.000010 0.000010
0.000010 0.000010 0.480204 0.519736 0.000010 0.000010 0.000010 0.000010
0.170767 0.000010 0.525292 0.030035 0.000010 0.000010 0.273866 0.000010
0.000010 0.000010 0.000010 0.999930 0.000010 0.000010 0.000010 0.000010
0.000010 0.000010 0.517432 0.482508 0.000010 0.000010 0.000010 0.000010
0.120390 0.002942 0.509066 0.054490 0.022786 0.000010 0.283761 0.006556
0.000010 0.000010 0.000010 0.999930 0.000010 0.000010 0.000010 0.000010
0.000010 0.000010 0.498460 0.501480 0.000010 0.000010 0.000010 0.000010
0.102697 0.000583 0.548818 0.031549 0.000021 0.000010 0.316313 0.000010
0.000539 0.009177 0.754898 0.144615 0.001542 0.081596 0.000010 0.007622
0.003647 0.000010 0.764279 0.119334 0.003358 0.086633 0.003807 0.018932
0.000010 0.001811 0.779143 0.120067 0.000010 0.083279 0.001862 0.013818
0.000010 0.006181 0.739413 0.145083 0.024819 0.073665 0.010819 0.000010
0.000010 0.009044 0.724228 0.148824 0.009796 0.087199 0.020810 0.000089
0.000010 0.013559 0.702543 0.147157 0.007360 0.101852 0.027144 0.000375
0.000010 0.001009 0.782935 0.121205 0.000010 0.087701 0.007120 0.000010
0.000010 0.000010 0.736061 0.153909 0.021096 0.088894 0.000010 0.000010
0.048418 0.012857 0.590722 0.117262 0.018397 0.140333 0.031544 0.040468
0.003021 0.001579 0.708435 0.153136 0.003001 0.115607 0.005498 0.009724
0.000010 0.000010 0.000010 0.000010 0.000010 0.999930 0.000010 0.000010
0.066580 0.014946 0.534520 0.138820 0.020639 0.168270 0.018171 0.038052
0.096059 0.010155 0.614495 0.125063 0.004277 0.097304 0.050550 0.002097
0.091495 0.006529 0.545552 0.121087 0.020918 0.160286 0.029859 0.024274
0.044722 0.012114 0.623426 0.109498 0.006969 0.132686 0.052791 0.017794
0.000010 0.000010 0.000010 0.000010 0.000010 0.999930 0.000010 0.000010
0.000010 0.000010 0.000010 0.000010 0.000010 0.999930 0.000010 0.000010
0.068616 0.014754 0.558344 0.134138 0.013690 0.146871 0.038733 0.024854
0.024272 0.000010 0.166396 0.000010 0.000010 0.004600 0.804692 0.000010
0.012657 0.000531 0.024541 0.005544 0.000010 0.011209 0.945497 0.000010
0.000010 0.000010 0.000010 0.000010 0.000010 0.000010 0.999930 0.000010
0.001643 0.000010 0.000010 0.008090 0.000772 0.000010 0.989455 0.000010
0.000010 0.000010 0.000149 0.008044 0.000010 0.000010 0.991757 0.000010
0.030905 0.000010 0.000010 0.000010 0.000010 0.000010 0.963242 0.005803
0.000010 0.000010 0.000010 0.000346 0.006462 0.000010 0.993142 0.000010
0.000010 0.003604 0.052293 0.000010 0.000010 0.000010 0.944053 0.000010
0.000010 0.000010 0.000010 0.000010 0.000010 0.000010 0.999930 0.000010
0.000010 0.000010 0.000010 0.000010 0.000010 0.000010 0.999930 0.000010
0.000010 0.000010 0.000010 0.000010 0.000010 0.000010 0.999930 0.000010
0.328009 0.014621 0.396974 0.030303 0.012914 0.039828 0.177341 0.000010
0.282267 0.009439 0.401080 0.040128 0.021621 0.047404 0.180888 0.017172
0.403733 0.003738 0.398249 0.033400 0.000574 0.043513 0.110717 0.006077
0.327384 0.000502 0.444918 0.037243 0.000010 0.038843 0.146055 0.005045
0.452971 0.011868 0.335830 0.004140 0.018882 0.034276 0.121348 0.020686
0.488841 0.021873 0.065935 0.013470 0.345756 0.002530 0.015481 0.046114
0.618162 0.023691 0.131601 0.000010 0.071867 0.016775 0.068319 0.069576
0.350952 0.009554 0.045353 0.021476 0.518061 0.000010 0.000010 0.054584
0.524400 0.032644 0.091677 0.000010 0.265282 0.000010 0.037934 0.048042
0.714790 0.010709 0.135903 0.010809 0.036295 0.005327 0.053536 0.032631
0.764578 0.005585 0.167112 0.000010 0.026283 0.000010 0.036411 0.000010
0.722570 0.017564 0.144590 0.000010 0.026349 0.018563 0.061845 0.008508
0.712491 0.011782 0.154860 0.012053 0.034735 0.000010 0.056340 0.017728
0.719036 0.014877 0.169882 0.000010 0.033425 0.000010 0.036613 0.026146
0.735525 0.013325 0.119835 0.002899 0.050369 0.014266 0.035727 0.028054
0.684716 0.007910 0.153411 0.000010 0.065920 0.000010 0.060174 0.027848
0.758704 0.000888 0.172582 0.000010 0.027412 0.000010 0.037384 0.003009
0.725042 0.009245 0.177142 0.013185 0.020521 0.000010 0.042620 0.012234
0.689300 0.013236 0.149058 0.000010 0.079344 0.002253 0.025529 0.041270
0.649801 0.007361 0.243267 0.000010 0.021126 0.000010 0.063367 0.015058
0.528207 0.009484 0.238586 0.017391 0.018295 0.039730 0.125986 0.022319
0.722810 0.015357 0.153866 0.000010 0.041764 0.006715 0.059468 0.000010
0.598426 0.011574 0.192212 0.000010 0.047533 0.024817 0.082254 0.043174
0.295786 0.013338 0.473276 0.003597 0.003101 0.037505 0.168145 0.005252
0.686550 0.009103 0.186542 0.000010 0.036906 0.000429 0.066181 0.014279
0.632779 0.000010 0.175512 0.001675 0.029165 0.013629 0.107877 0.039353
0.526794 0.018799 0.249642 0.015969 0.028898 0.028022 0.085174 0.046701
0.706786 0.021047 0.069233 0.003550 0.063268 0.016934 0.014745 0.104435
0.598591 0.020376 0.136170 0.000010 0.021559 0.022846 0.155502 0.044947
0.659433 0.035322 0.101945 0.016102 0.073568 0.010051 0.031329 0.072250
0.550207 0.005993 0.181232 0.000010 0.038961 0.035100 0.162815 0.025681
0.645705 0.013107 0.097108 0.006964 0.103384 0.020325 0.039853 0.073553
0.591401 0.000010 0.128294 0.013725 0.032310 0.037230 0.164706 0.032323
0.654951 0.037512 0.073249 0.024641 0.058741 0.009191 0.053205 0.088509
0.686035 0.000010 0.281310 0.000010 0.021794 0.006125 0.004706 0.000010
0.661306 0.027515 0.100238 0.002797 0.063712 0.019321 0.045406 0.079705
0.675890 0.000010 0.290028 0.000010 0.000010 0.004976 0.029067 0.000010
0.701491 0.016212 0.127814 0.005885 0.051257 0.003989 0.042320 0.051032
0.679240 0.000010 0.310911 0.006976 0.000010 0.002833 0.000010 0.000010
0.504325 0.000964 0.187243 0.024152 0.045607 0.035276 0.183382 0.019050
0.687841 0.027822 0.062335 0.002646 0.068536 0.022934 0.015873 0.112013
0.517660 0.018490 0.339504 0.017727 0.023894 0.028143 0.040584 0.013998
0.590783 0.016166 0.193582 0.006648 0.011542 0.011614 0.140766 0.028899
0.678148 0.028391 0.084503 0.009010 0.077490 0.014621 0.008729 0.099107
0.592676 0.015018 0.180931 0.005655 0.020459 0.009494 0.136632 0.039134
0.741493 0.009673 0.140790 0.000922 0.037925 0.000010 0.043176 0.026013
0.309900 0.004276 0.420565 0.009323 0.038018 0.049319 0.154494 0.014106
0.696330 0.012335 0.169410 0.001348 0.022054 0.000010 0.079437 0.019076
0.537404 0.000010 0.348542 0.037026 0.010176 0.002569 0.053275 0.010997
0.717773 0.003962 0.148425 0.015061 0.036023 0.003818 0.065308 0.009630
0.558606 0.000010 0.338234 0.048949 0.000010 0.016862 0.037319 0.000010
0.681964 0.030952 0.061082 0.000010 0.094668 0.026484 0.019542 0.085298
0.752564 0.000010 0.204119 0.002775 0.008435 0.002771 0.029316 0.000010
0.649336 0.011646 0.209693 0.000010 0.045792 0.000010 0.057952 0.025561
0.767030 0.003246 0.208149 0.000010 0.012784 0.000013 0.008757 0.000010
0.656218 0.030108 0.069220 0.023303 0.070377 0.012065 0.036643 0.102066
0.746575 0.000010 0.233916 0.000010 0.002105 0.000010 0.017364 0.000010
0.760648 0.006128 0.195796 0.000018 0.000010 0.006745 0.030645 0.000010
0.728715 0.015878 0.091937 0.000943 0.036282 0.016629 0.043546 0.066071
0.310900 0.002356 0.488805 0.062888 0.000010 0.003056 0.128445 0.003540
0.627635 0.001207 0.282493 0.006707 0.016291 0.003462 0.061688 0.000518
0.709256 0.014312 0.146617 0.000010 0.060809 0.009192 0.042812 0.016993
0.130023 0.006881 0.689775 0.068751 0.002668 0.012631 0.088091 0.001180
0.697921 0.005377 0.200586 0.017690 0.019088 0.005800 0.029096 0.024443
0.704547 0.024998 0.075072 0.009884 0.059009 0.035141 0.004215 0.087135
0.747603 0.005917 0.240854 0.000010 0.000010 0.000010 0.005586 0.000010
0.757261 0.008790 0.172963 0.000010 0.000010 0.000010 0.060946 0.000010
0.613063 0.036314 0.057239 0.013680 0.080080 0.024340 0.039138 0.136146
0.629339 0.003662 0.289516 0.000010 0.008194 0.000010 0.069258 0.000010
0.733705 0.000010 0.199390 0.000010 0.024258 0.000010 0.041573 0.001044
0.676285 0.024261 0.083470 0.013943 0.113408 0.007067 0.000010 0.081556
0.699654 0.001708 0.214086 0.020351 0.000010 0.009132 0.050288 0.004771
0.792269 0.000010 0.114569 0.000010 0.019981 0.004170 0.041952 0.027039
0.614448 0.012050 0.111481 0.011082 0.080931 0.015719 0.062930 0.091360
0.202093 0.000010 0.599506 0.064219 0.000430 0.013814 0.119919 0.000010
0.579111 0.000010 0.335972 0.009899 0.023530 0.004310 0.047158 0.000010
0.676775 0.017170 0.074319 0.021433 0.088670 0.008472 0.016755 0.096405
0.705837 0.009774 0.167433 0.000010 0.010672 0.007840 0.079444 0.018990
0.169040 0.000245 0.650959 0.096177 0.000010 0.026377 0.057182 0.000010
0.729014 0.027544 0.040087 0.027948 0.071960 0.003108 0.000010 0.100329
0.757824 0.005220 0.168710 0.000010 0.002600 0.010643 0.053193 0.001799
0.271209 0.000010 0.531133 0.079934 0.015579 0.006647 0.095476 0.000010
0.622463 0.009774 0.138149 0.013193 0.061097 0.008800 0.085819 0.060705
0.354871 0.000010 0.485369 0.051523 0.021312 0.018535 0.068370 0.000010
0.753510 0.000010 0.179693 0.000010 0.022351 0.006976 0.032509 0.004940
0.649141 0.031816 0.117183 0.002252 0.065739 0.016534 0.033124 0.084210
0.529407 0.000010 0.182742 0.018592 0.024702 0.030885 0.176928 0.036733
0.430106 0.000010 0.408164 0.045073 0.013635 0.016336 0.069307 0.017369
0.696693 0.031527 0.038427 0.030482 0.088570 0.009848 0.006475 0.097978
0.600546 0.000010 0.183889 0.000010 0.021621 0.028550 0.146036 0.019337
0.288369 0.000010 0.559484 0.054339 0.011751 0.022932 0.061851 0.001263
0.703609 0.026737 0.057683 0.008636 0.072110 0.019687 0.012451 0.099088
0.623808 0.009294 0.175471 0.019100 0.024934 0.010381 0.111792 0.025220
0.688476 0.013751 0.158640 0.008945 0.039071 0.000010 0.080368 0.010738
0.643359 0.024400 0.067172 0.000010 0.106200 0.016828 0.042033 0.099998
0.590498 0.009167 0.210668 0.013825 0.029812 0.015460 0.087512 0.043058
0.693889 0.000010 0.270517 0.000010 0.000010 0.000010 0.035543 0.000010
0.686002 0.026502 0.043472 0.000010 0.103625 0.009152 0.015475 0.115763
0.548440 0.007071 0.269273 0.001925 0.012011 0.024387 0.123762 0.013130
0.276486 0.005740 0.531249 0.068174 0.000010 0.016875 0.084063 0.017403
0.665125 0.025785 0.075789 0.021472 0.066745 0.003255 0.046047 0.095783
0.405891 0.006377 0.391944 0.016742 0.010197 0.020751 0.146808 0.001290
0.737784 0.008411 0.154342 0.000478 0.001802 0.000010 0.087900 0.009273
0.654800 0.028820 0.063792 0.022500 0.075625 0.027064 0.040005 0.087394
0.582520 0.005825 0.190704 0.014290 0.032017 0.024213 0.116908 0.033523
0.753397 0.000010 0.208855 0.000010 0.000011 0.000010 0.037697 0.000010
0.671816 0.023283 0.076716 0.009100 0.062743 0.020628 0.020798 0.114916
0.622774 0.006640 0.194067 0.005775 0.007074 0.016054 0.107400 0.040217
0.462805 0.004718 0.417955 0.016079 0.015915 0.017585 0.064934 0.000010
0.660200 0.043867 0.066463 0.020688 0.090801 0.022497 0.000010 0.095473
0.636369 0.010857 0.201070 0.000010 0.021645 0.021197 0.087331 0.021521
0.478370 0.004622 0.400464 0.036733 0.012733 0.000011 0.067056 0.000010
0.649558 0.040204 0.069151 0.002276 0.081437 0.014574 0.023581 0.119218
0.678104 0.006228 0.170535 0.000219 0.007761 0.016117 0.104744 0.016291
0.743021 0.000010 0.209694 0.000010 0.023430 0.000010 0.023816 0.000010
0.687365 0.021601 0.086248 0.023011 0.054752 0.019677 0.038392 0.068954
0.661623 0.023521 0.105958 0.002576 0.094851 0.016413 0.022804 0.072254
0.634452 0.001847 0.296189 0.008995 0.007352 0.000010 0.051145 0.000010
0.725497 0.025401 0.059526 0.012525 0.058243 0.006267 0.000010 0.112531
0.167346 0.006873 0.616099 0.082037 0.007418 0.015917 0.104301 0.000010
0.204902 0.000010 0.646799 0.042050 0.000010 0.010094 0.079374 0.016762
0.642622 0.011615 0.172115 0.000010 0.021175 0.011157 0.114999 0.026307
0.763348 0.000133 0.142351 0.000010 0.016111 0.008596 0.056216 0.013235
0.585557 0.013692 0.194180 0.015515 0.000010 0.016306 0.157057 0.017682
0.579333 0.000371 0.237692 0.012167 0.027389 0.020921 0.103211 0.018916
0.734669 0.040467 0.000010 0.000010 0.013084 0.054454 0.000010 0.157296
0.670913 0.033135 0.047072 0.000010 0.046138 0.038647 0.017608 0.146477
0.711638 0.039560 0.000010 0.016371 0.034879 0.032465 0.018244 0.146833
0.682077 0.050644 0.000010 0.000010 0.020253 0.064154 0.027480 0.155371
0.678285 0.029754 0.021517 0.025649 0.061687 0.020370 0.026162 0.136576
0.676281 0.024447 0.064272 0.017210 0.058299 0.019647 0.033185 0.106659
0.719605 0.028893 0.019494 0.013216 0.060062 0.016141 0.023184 0.119405
0.708228 0.024266 0.000010 0.016946 0.076295 0.028280 0.000010 0.145965
0.681323 0.031352 0.031372 0.019221 0.083366 0.008650 0.020635 0.124082
0.721772 0.026937 0.000010 0.029607 0.043170 0.037140 0.000010 0.141355
0.711982 0.028085 0.000010 0.019699 0.073703 0.041005 0.000010 0.125505
0.768363 0.025441 0.000010 0.022672 0.021511 0.026218 0.000010 0.135774
0.716052 0.025247 0.000010 0.043038 0.040170 0.042475 0.000010 0.132998
0.714164 0.019333 0.044683 0.017481 0.066143 0.029956 0.022827 0.085413
0.695886 0.033293 0.000010 0.012796 0.075256 0.041823 0.000010 0.140926
0.748816 0.024585 0.000010 0.020477 0.036475 0.034523 0.000010 0.135104
0.689458 0.037248 0.000010 0.035308 0.063790 0.038544 0.000010 0.135633
0.710351 0.027741 0.000928 0.022419 0.078000 0.023296 0.000010 0.137254
0.778561 0.026124 0.000010 0.023225 0.024816 0.015485 0.000010 0.131768
0.752530 0.039131 0.000010 0.031288 0.023734 0.030863 0.000010 0.122434
0.712451 0.029396 0.005305 0.022354 0.054912 0.028937 0.000010 0.146635
0.677821 0.023571 0.047723 0.017509 0.060330 0.024823 0.041492 0.106732
0.779984 0.018960 0.000010 0.040472 0.035929 0.012524 0.000010 0.112110
0.830913 0.020629 0.000010 0.024705 0.009566 0.010166 0.000010 0.104001
0.782286 0.010220 0.000010 0.033587 0.045281 0.020396 0.000010 0.108210
0.854873 0.017234 0.000010 0.018837 0.002811 0.007106 0.000010 0.099119
0.768979 0.029413 0.000010 0.032821 0.045349 0.018594 0.000010 0.104823
0.782008 0.027357 0.000010 0.036236 0.022161 0.025199 0.006810 0.100219
0.819552 0.028543 0.012890 0.023400 0.014058 0.014593 0.010624 0.076340
0.644575 0.036432 0.015801 0.036861 0.118330 0.018337 0.003238 0.126426
0.671002 0.031865 0.023260 0.029700 0.066729 0.023585 0.019122 0.134736
0.832342 0.026282 0.000010 0.022646 0.000010 0.018990 0.000010 0.099711
0.838258 0.022730 0.000010 0.018854 0.000010 0.020436 0.000010 0.099691
0.705315 0.020189 0.047869 0.024901 0.073059 0.016196 0.006011 0.106461
0.628576 0.024387 0.090345 0.021905 0.067288 0.028687 0.034210 0.104602
0.679444 0.030125 0.095987 0.014127 0.064819 0.009135 0.003159 0.103204
0.679912 0.029494 0.104710 0.000010 0.071381 0.000010 0.044888 0.069594
0.000010 0.000010 0.000010 0.000010 0.999930 0.000010 0.000010 0.000010
0.000010 0.000010 0.000010 0.000010 0.999930 0.000010 0.000010 0.000010
0.205761 0.015373 0.015692 0.000010 0.749670 0.000010 0.000010 0.013474
0.221945 0.000010 0.000010 0.000010 0.765682 0.000010 0.000010 0.012323
0.000010 0.000010 0.000010 0.000010 0.999930 0.000010 0.000010 0.000010
0.168160 0.000015 0.000010 0.009114 0.822671 0.000010 0.000010 0.000010
0.000010 0.000010 0.000010 0.000010 0.999930 0.000010 0.000010 0.000010
0.270360 0.003398 0.000010 0.000010 0.691883 0.000010 0.000010 0.034319
0.205125 0.003988 0.000010 0.000010 0.787380 0.003467 0.000010 0.000010
0.225181 0.017940 0.000010 0.010357 0.720792 0.000010 0.000010 0.025699
0.206482 0.009866 0.000010 0.005164 0.769484 0.000010 0.000010 0.008974
0.079252 0.007719 0.000010 0.000010 0.912979 0.000010 0.000010 0.000010
0.000016 0.000010 0.000010 0.000010 0.999924 0.000010 0.000010 0.000010
0.171991 0.000319 0.000010 0.000010 0.827639 0.000010 0.000010 0.000010
0.000011 0.000010 0.000010 0.000010 0.999929 0.000010 0.000010 0.000010
0.000010 0.000010 0.000010 0.000010 0.999930 0.000010 0.000010 0.000010
0.082263 0.000010 0.000010 0.000010 0.914493 0.000010 0.000010 0.003194
0.000010 0.000010 0.000010 0.000010 0.999930 0.000010 0.000010 0.000010
0.202516 0.003317 0.000010 0.000010 0.763503 0.000010 0.000010 0.030623
0.251880 0.007384 0.015455 0.000010 0.695199 0.000010 0.000010 0.030052
0.127219 0.010937 0.026557 0.000010 0.815445 0.000010 0.000010 0.019812
0.185369 0.016974 0.000010 0.000010 0.749072 0.000010 0.000010 0.048545
