0.054102 0.162263 0.477083 0.014812 0.017597 0.000010 0.038745 0.000010 0.000010 0.235369
0.000010 0.999910 0.000010 0.000010 0.000010 0.000010 0.000010 0.000010 0.000010 0.000010
0.000010 0.000010 0.000010 0.000010 0.000010 0.000010 0.000010 0.000010 0.000010 0.999910
0.000010 0.000010 0.000010 0.000010 0.000010 0.000010 0.000010 0.000010 0.000010 0.999910
0.000010 0.161114 0.208571 0.046768 0.000010 0.055830 0.003356 0.000010 0.000010 0.524322
0.000010 0.999910 0.000010 0.000010 0.000010 0.000010 0.000010 0.000010 0.000010 0.000010
0.000010 0.155326 0.589657 0.024257 0.006669 0.000010 0.000010 0.000010 0.000010 0.224040
0.000010 0.000010 0.000010 0.000010 0.000010 0.000012 0.000010 0.000015 0.000010 0.999903
0.000010 0.000010 0.000010 0.000010 0.000010 0.000010 0.000010 0.000010 0.000010 0.999910
0.000010 0.000010 0.000010 0.000010 0.000010 0.000010 0.000010 0.000010 0.000010 0.999910
0.000010 0.000010 0.000010 0.000010 0.000010 0.000010 0.000010 0.000010 0.000010 0.999910
0.000010 0.156139 0.233832 0.225309 0.000010 0.000010 0.057694 0.000010 0.000010 0.326976
0.000010 0.999910 0.000010 0.000010 0.000010 0.000010 0.000010 0.000010 0.000010 0.000010
0.000010 0.999910 0.000010 0.000010 0.000010 0.000010 0.000010 0.000010 0.000010 0.000010
0.000012 0.000010 0.000010 0.999908 0.000010 0.000010 0.000010 0.000010 0.000010 0.000010
0.000010 0.000010 0.000010 0.000010 0.000010 0.000010 0.000010 0.000010 0.000010 0.999910
0.000010 0.158505 0.256303 0.166117 0.000010 0.036622 0.049265 0.000010 0.000010 0.333148
0.000012 0.000010 0.000010 0.999908 0.000010 0.000010 0.000010 0.000010 0.000010 0.000010
0.000010 0.000010 0.000010 0.999910 0.000010 0.000010 0.000010 0.000010 0.000010 0.000010
0.000010 0.999910 0.000010 0.000010 0.000010 0.000010 0.000010 0.000010 0.000010 0.000010
0.000010 0.000010 0.000010 0.000010 0.000010 0.000010 0.999910 0.000010 0.000010 0.000010
0.000010 0.000010 0.000010 0.000010 0.000010 0.000010 0.999910 0.000010 0.000010 0.000010
0.000010 0.000010 0.000010 0.000010 0.000010 0.000010 0.999910 0.000010 0.000010 0.000010
0.000010 0.000010 0.000010 0.000010 0.000010 0.000010 0.000010 0.000010 0.000010 0.999910
0.000010 0.149762 0.286695 0.047394 0.000010 0.000010 0.056306 0.000010 0.000010 0.459794
0.000010 0.183149 0.000010 0.023614 0.000010 0.054863 0.138918 0.000010 0.000010 0.599405
0.000010 0.000010 0.000010 0.000010 0.000010 0.000010 0.000010 0.000010 0.000010 0.999910
0.000010 0.469827 0.000010 0.000010 0.000010 0.000010 0.000010 0.000010 0.000010 0.530093
0.000010 0.097303 0.315472 0.033722 0.000010 0.000010 0.064834 0.000010 0.000010 0.488618
0.017232 0.168213 0.191906 0.040853 0.000010 0.175199 0.038289 0.106535 0.145673 0.116090
0.081178 0.064772 0.629681 0.020609 0.000010 0.003447 0.017289 0.000010 0.000010 0.182994
0.000010 0.000010 0.000010 0.000010 0.000010 0.000010 0.999910 0.000010 0.000010 0.000010
0.000010 0.999910 0.000010 0.000010 0.000010 0.000010 0.000010 0.000010 0.000010 0.000010
0.000010 0.000010 0.402419 0.030707 0.000010 0.000010 0.056659 0.000010 0.466515 0.043651
0.042404 0.000010 0.306705 0.038567 0.000010 0.000010 0.101070 0.186074 0.325140 0.000010
0.030235 0.042280 0.214750 0.000010 0.090347 0.000010 0.026237 0.195607 0.400514 0.000010
0.000010 0.999910 0.000010 0.000010 0.000010 0.000010 0.000010 0.000010 0.000010 0.000010
0.000010 0.000010 0.168538 0.000010 0.000010 0.000010 0.001296 0.000010 0.830097 0.000010
0.000010 0.000010 0.000010 0.000010 0.149611 0.047016 0.000010 0.343773 0.335326 0.124224
0.000010 0.000010 0.166113 0.031162 0.000010 0.021069 0.107949 0.006848 0.666818 0.000010
0.000010 0.999909 0.000010 0.000011 0.000010 0.000010 0.000010 0.000010 0.000010 0.000010
0.000010 0.011146 0.574909 0.000010 0.029699 0.000010 0.002430 0.275311 0.106466 0.000010
0.000010 0.053715 0.340243 0.031031 0.000010 0.000010 0.018997 0.167043 0.388931 0.000010
0.090001 0.000010 0.398593 0.039244 0.000010 0.000010 0.025544 0.446568 0.000010 0.000010
0.000010 0.999910 0.000010 0.000010 0.000010 0.000010 0.000010 0.000010 0.000010 0.000010
0.023176 0.033246 0.352773 0.009768 0.000010 0.000010 0.128081 0.000010 0.452916 0.000010
0.000010 0.055539 0.169637 0.056709 0.000010 0.000010 0.010183 0.186813 0.521079 0.000010
0.000010 0.140873 0.477372 0.000010 0.000010 0.000010 0.011849 0.185822 0.184034 0.000010
0.000010 0.170491 0.000010 0.000010 0.000010 0.124275 0.013697 0.289393 0.402095 0.000010
0.000010 0.109208 0.170637 0.031513 0.000010 0.023259 0.000010 0.122912 0.542431 0.000010
0.000010 0.000010 0.000010 0.000010 0.000010 0.000010 0.999910 0.000010 0.000010 0.000010
0.000010 0.142537 0.209423 0.000010 0.000010 0.084294 0.000010 0.140623 0.423073 0.000010
0.000010 0.000010 0.326852 0.000010 0.000010 0.000010 0.000010 0.074325 0.598752 0.000010
0.000010 0.020702 0.259629 0.039706 0.000010 0.009916 0.000010 0.098972 0.571035 0.000010
0.000010 0.008784 0.410631 0.006993 0.000010 0.000010 0.000010 0.045261 0.528280 0.000010
0.000010 0.012533 0.190893 0.000010 0.000010 0.000010 0.054040 0.154663 0.587822 0.000010
0.000010 0.999910 0.000010 0.000010 0.000010 0.000010 0.000010 0.000010 0.000010 0.000010
0.000010 0.000010 0.334289 0.000010 0.000010 0.000010 0.000010 0.141519 0.524122 0.000010
0.000010 0.009486 0.292596 0.000010 0.000010 0.000010 0.021968 0.150385 0.525514 0.000010
0.000010 0.009579 0.278839 0.005259 0.000010 0.000010 0.000010 0.077059 0.629215 0.000010
0.016248 0.018673 0.530694 0.007102 0.000390 0.021800 0.016295 0.047684 0.314106 0.027008
0.028078 0.022736 0.524476 0.011320 0.001643 0.008891 0.008012 0.069801 0.288822 0.036223
0.022870 0.007462 0.513717 0.003966 0.000010 0.025852 0.008659 0.053337 0.334327 0.029799
0.013014 0.006993 0.549658 0.001980 0.000010 0.018752 0.014419 0.045762 0.305687 0.043725
0.000010 0.011783 0.533148 0.005402 0.000010 0.009327 0.013514 0.048810 0.365935 0.012061
0.015720 0.020850 0.535198 0.005020 0.000010 0.017005 0.008703 0.057640 0.332855 0.006999
0.007637 0.009261 0.577110 0.010380 0.000012 0.021380 0.012625 0.042026 0.319559 0.000010
0.005607 0.030061 0.500263 0.012800 0.000010 0.014335 0.006585 0.060614 0.348641 0.021084
0.008199 0.024691 0.592969 0.006737 0.004828 0.000010 0.006719 0.004520 0.340427 0.010900
0.083704 0.046976 0.440752 0.018793 0.045120 0.049947 0.014249 0.065630 0.153206 0.081622
0.052638 0.036150 0.483236 0.012287 0.000010 0.035325 0.015431 0.099246 0.220323 0.045353
0.000010 0.018247 0.570350 0.011224 0.000010 0.000010 0.005222 0.027560 0.354726 0.012641
0.000010 0.019860 0.372331 0.004706 0.000010 0.559135 0.000010 0.001163 0.000010 0.042766
0.012436 0.008614 0.555708 0.007452 0.000010 0.000010 0.003840 0.067239 0.327534 0.017157
0.007704 0.024187 0.507909 0.017084 0.007242 0.012631 0.008553 0.045755 0.368924 0.000010
0.000010 0.000010 0.000010 0.002344 0.000010 0.000010 0.000010 0.997576 0.000010 0.000010
0.000010 0.000010 0.000010 0.000010 0.000010 0.000010 0.000010 0.999910 0.000010 0.000010
0.000010 0.000010 0.000010 0.000010 0.000010 0.000010 0.000010 0.999910 0.000010 0.000010
0.000010 0.000010 0.000010 0.000010 0.000010 0.000010 0.000010 0.999910 0.000010 0.000010
0.000010 0.002132 0.019446 0.003307 0.000010 0.009076 0.000010 0.882913 0.083086 0.000010
0.000010 0.000010 0.000010 0.000010 0.000010 0.000010 0.000010 0.999910 0.000010 0.000010
0.000010 0.000010 0.000010 0.002767 0.003747 0.000010 0.000010 0.993416 0.000010 0.000010
0.000010 0.000010 0.000010 0.000010 0.000010 0.000010 0.000010 0.999910 0.000010 0.000010
0.000010 0.000010 0.000010 0.000010 0.000010 0.000010 0.000010 0.999910 0.000010 0.000010
0.000010 0.011296 0.000010 0.000010 0.007800 0.000010 0.000010 0.928931 0.051913 0.000010
0.000658 0.000010 0.000010 0.000010 0.000010 0.000010 0.000010 0.999262 0.000010 0.000010
0.000010 0.007909 0.000010 0.000378 0.012187 0.007984 0.000010 0.886650 0.084851 0.000010
0.001814 0.004201 0.090236 0.000867 0.000010 0.000010 0.000010 0.799742 0.098743 0.004367
0.000010 0.000010 0.000010 0.000010 0.000010 0.000010 0.000010 0.999910 0.000010 0.000010
0.171797 0.020227 0.054795 0.000010 0.140239 0.007594 0.000010 0.000010 0.605308 0.000010
0.122849 0.011692 0.030728 0.000010 0.145282 0.002038 0.000010 0.016622 0.646457 0.024312
0.175490 0.024908 0.048624 0.000010 0.134484 0.000010 0.005905 0.000010 0.595534 0.015025
0.111046 0.018798 0.039287 0.005120 0.115150 0.006981 0.005654 0.047528 0.644251 0.006184
0.174216 0.023247 0.000010 0.008729 0.114890 0.000010 0.000010 0.000010 0.651744 0.027134
0.130679 0.006670 0.070515 0.000285 0.124744 0.014044 0.007743 0.026142 0.605755 0.013424
0.178279 0.017068 0.003438 0.003737 0.133857 0.019459 0.001136 0.013937 0.604949 0.024140
0.181320 0.018511 0.007967 0.013605 0.138999 0.011960 0.010032 0.000010 0.601362 0.016234
0.000010 0.000010 0.039364 0.008352 0.020256 0.000010 0.002906 0.356390 0.568995 0.003707
0.000010 0.000010 0.078827 0.003347 0.008974 0.001042 0.004574 0.331223 0.564826 0.007167
0.000010 0.003541 0.033535 0.012616 0.019796 0.016154 0.004432 0.376483 0.533423 0.000010
0.000010 0.000010 0.058502 0.000010 0.023559 0.000405 0.009773 0.353988 0.549304 0.004439
0.000010 0.008443 0.019131 0.000010 0.022063 0.022236 0.004613 0.340026 0.583458 0.000010
0.000010 0.001649 0.081866 0.004577 0.026940 0.000010 0.006011 0.320693 0.558234 0.000010
0.000010 0.006159 0.036317 0.006169 0.006281 0.026066 0.006521 0.364007 0.548110 0.000362
0.004210 0.007244 0.041891 0.001418 0.025621 0.000010 0.002587 0.368840 0.528305 0.019875
0.000010 0.000010 0.039207 0.000010 0.000017 0.020744 0.005501 0.344827 0.589665 0.000010
0.000010 0.000010 0.054565 0.003241 0.023518 0.000010 0.003849 0.380657 0.534130 0.000010
0.000010 0.000372 0.021110 0.003491 0.032928 0.010565 0.001620 0.371378 0.540890 0.017635
0.000010 0.000855 0.070156 0.001541 0.038437 0.015481 0.002469 0.338117 0.532924 0.000010
0.000010 0.000010 0.075610 0.000010 0.000010 0.000010 0.004943 0.332836 0.586551 0.000010
0.000010 0.002024 0.063526 0.000010 0.003962 0.000010 0.006600 0.369748 0.541713 0.012397
0.003782 0.002701 0.064573 0.004325 0.016194 0.012888 0.009296 0.330575 0.555655 0.000010
0.000010 0.000010 0.029322 0.001433 0.028346 0.013128 0.007959 0.363303 0.533075 0.023413
0.000010 0.000010 0.034932 0.000010 0.019046 0.031717 0.003694 0.337776 0.572461 0.000344
0.000010 0.000010 0.052373 0.003552 0.013541 0.006355 0.008077 0.340879 0.575193 0.000010
0.000010 0.000010 0.081817 0.001485 0.025094 0.000010 0.005517 0.343592 0.531934 0.010530
0.000010 0.000468 0.031599 0.000010 0.036132 0.007654 0.000010 0.371643 0.552464 0.000010
0.000010 0.000010 0.032902 0.002037 0.000016 0.000010 0.007268 0.369427 0.580311 0.008010
0.000010 0.005002 0.050975 0.002419 0.000010 0.000010 0.001889 0.364955 0.574720 0.000010
0.000010 0.007556 0.060568 0.001644 0.019788 0.000010 0.005168 0.331168 0.574079 0.000010
0.000010 0.003955 0.038116 0.000010 0.009961 0.000010 0.000010 0.370114 0.575526 0.002287
0.000010 0.021023 0.029540 0.012748 0.012097 0.015369 0.004930 0.327686 0.570126 0.006470
0.000010 0.001882 0.068647 0.003750 0.046470 0.000010 0.003698 0.300903 0.571754 0.002876
0.021554 0.000010 0.024925 0.000010 0.130942 0.000010 0.012068 0.068990 0.728657 0.012834
0.000010 0.000012 0.153767 0.003891 0.072553 0.002385 0.005997 0.116356 0.645020 0.000010
0.027875 0.000010 0.036668 0.001616 0.134530 0.000857 0.000010 0.035923 0.755272 0.007239
0.000010 0.011067 0.240385 0.004674 0.038219 0.003049 0.009618 0.131233 0.561735 0.000010
0.000010 0.000010 0.139542 0.003161 0.042968 0.019357 0.008686 0.127418 0.657833 0.001015
0.032248 0.007596 0.085318 0.000010 0.105252 0.006247 0.004535 0.054899 0.696989 0.006907
0.035403 0.000010 0.000010 0.000010 0.140679 0.018226 0.004089 0.027642 0.773921 0.000010
0.005097 0.000692 0.160489 0.008940 0.041826 0.009405 0.009188 0.092860 0.671494 0.000010
0.003257 0.002807 0.173290 0.009940 0.045542 0.001802 0.010254 0.141319 0.611778 0.000010
0.035969 0.001285 0.108283 0.007625 0.089884 0.015935 0.000010 0.061031 0.677184 0.002794
0.031004 0.006592 0.009666 0.001262 0.129383 0.008413 0.000010 0.053487 0.760172 0.000010
0.015178 0.000010 0.058153 0.009138 0.107284 0.000010 0.007057 0.102600 0.694224 0.006345
0.000010 0.014377 0.035490 0.005029 0.008472 0.008327 0.012099 0.361610 0.551586 0.003000
0.004893 0.008719 0.036614 0.000010 0.003835 0.022478 0.000010 0.358042 0.560070 0.005329
0.010928 0.010872 0.062832 0.002654 0.100512 0.000010 0.002193 0.089831 0.720159 0.000010
0.046915 0.011875 0.000010 0.000010 0.133399 0.003503 0.001941 0.048324 0.731499 0.022523
0.017334 0.000729 0.054325 0.000688 0.099211 0.036635 0.000010 0.048078 0.742980 0.000010
0.000010 0.009363 0.173118 0.000010 0.065888 0.000010 0.004559 0.152544 0.591631 0.002867
0.000010 0.007097 0.146045 0.006080 0.038402 0.000010 0.000010 0.129511 0.672825 0.000010
0.042911 0.000010 0.035121 0.001542 0.120842 0.011192 0.000010 0.036835 0.744350 0.007187
0.000010 0.000010 0.067193 0.007106 0.077862 0.022716 0.000010 0.100544 0.717588 0.006960
0.036940 0.006413 0.011950 0.000444 0.127540 0.000010 0.002527 0.040113 0.774053 0.000010
0.032060 0.001983 0.020365 0.000010 0.127374 0.027772 0.010311 0.059329 0.720787 0.000010
0.048435 0.004244 0.011811 0.002406 0.125969 0.016610 0.000010 0.046330 0.730797 0.013387
0.006398 0.000010 0.097080 0.000010 0.070178 0.000010 0.003620 0.093670 0.729013 0.000010
0.000010 0.000425 0.056936 0.006739 0.034245 0.014719 0.008901 0.337898 0.540117 0.000010
0.000010 0.001379 0.223315 0.000010 0.041233 0.000010 0.005137 0.105900 0.617816 0.005191
0.023406 0.000010 0.081584 0.000010 0.120988 0.000010 0.008712 0.088553 0.672347 0.004381
0.000010 0.008135 0.123061 0.004344 0.097309 0.012487 0.006234 0.077820 0.660937 0.009665
0.029141 0.000010 0.031013 0.004667 0.126729 0.015982 0.005192 0.057615 0.729642 0.000010
0.030869 0.003753 0.000010 0.000010 0.136836 0.005226 0.001926 0.041666 0.777900 0.001803
0.000185 0.000010 0.161417 0.004619 0.063181 0.000010 0.000010 0.131176 0.639381 0.000010
0.011088 0.000010 0.096277 0.000010 0.093195 0.002542 0.007951 0.066547 0.719515 0.002864
0.004701 0.004978 0.090506 0.004003 0.099419 0.000010 0.012099 0.059293 0.724980 0.000010
0.000010 0.000010 0.221303 0.006021 0.038358 0.000010 0.005516 0.139484 0.589278 0.000010
0.010966 0.005179 0.180973 0.007555 0.070654 0.000010 0.000010 0.125763 0.598880 0.000010
0.024007 0.008825 0.122298 0.002521 0.097864 0.003392 0.003122 0.062000 0.675961 0.000010
0.009426 0.000010 0.195650 0.008248 0.081777 0.003807 0.012154 0.063094 0.625825 0.000010
0.012045 0.006556 0.130676 0.007224 0.083731 0.000010 0.000010 0.055462 0.704276 0.000010
0.039059 0.000487 0.129151 0.002653 0.079656 0.000010 0.017913 0.085628 0.631353 0.014090
0.022083 0.006144 0.189281 0.000010 0.059918 0.004242 0.000010 0.090586 0.624684 0.003043
0.000010 0.000841 0.140167 0.000010 0.095875 0.000010 0.008310 0.107356 0.636699 0.010722
0.021868 0.000010 0.127770 0.003721 0.091557 0.000010 0.000010 0.087655 0.667389 0.000010
0.014553 0.007078 0.184155 0.000010 0.061174 0.003766 0.004193 0.055086 0.669975 0.000010
0.024021 0.008724 0.114193 0.000010 0.073674 0.015087 0.003142 0.058403 0.698992 0.003754
0.004154 0.000010 0.209574 0.003483 0.064044 0.000010 0.000785 0.094255 0.623676 0.000010
0.024086 0.007619 0.398157 0.004162 0.027727 0.000010 0.001075 0.071437 0.460583 0.005145
0.011028 0.004153 0.460737 0.004671 0.038297 0.000010 0.005622 0.013189 0.448645 0.013647
0.016665 0.004002 0.464434 0.000010 0.035212 0.000010 0.005736 0.028419 0.425702 0.019811
0.000010 0.000010 0.733738 0.011216 0.000010 0.000010 0.004371 0.011496 0.237633 0.001507
0.023376 0.004916 0.472422 0.010009 0.032642 0.027966 0.005272 0.052483 0.370904 0.000010
0.020742 0.002616 0.462736 0.002770 0.029256 0.022045 0.000632 0.017921 0.435710 0.005572
0.007971 0.000010 0.457008 0.000010 0.034643 0.009659 0.000010 0.025830 0.464850 0.000010
0.021658 0.014480 0.480244 0.000010 0.014801 0.027858 0.000010 0.002050 0.428044 0.010845
0.012512 0.001758 0.215259 0.008341 0.074921 0.000760 0.003948 0.066471 0.616020 0.000010
0.032380 0.006749 0.468596 0.005164 0.026643 0.000274 0.001209 0.042815 0.405325 0.010845
0.027004 0.000010 0.136116 0.010388 0.082574 0.000029 0.003940 0.017882 0.715443 0.006613
0.031356 0.007223 0.155420 0.000010 0.066342 0.004502 0.004653 0.047315 0.679888 0.003292
0.034141 0.005318 0.114443 0.005046 0.072722 0.019448 0.000010 0.028611 0.713755 0.006506
0.024291 0.007437 0.129215 0.005729 0.072702 0.005029 0.001788 0.024619 0.709610 0.019579
0.000010 0.000010 0.130838 0.002087 0.099884 0.010559 0.006125 0.034235 0.702290 0.013962
0.037767 0.013569 0.142893 0.005230 0.081228 0.000010 0.002929 0.031450 0.684585 0.000339
0.027887 0.000010 0.157992 0.000010 0.074271 0.002023 0.000010 0.045960 0.689195 0.002642
0.015792 0.002329 0.138340 0.000010 0.090192 0.004530 0.005249 0.049269 0.694279 0.000010
0.025889 0.000088 0.147091 0.000010 0.076176 0.016419 0.006426 0.019390 0.708501 0.000010
0.044474 0.005910 0.105620 0.003552 0.081303 0.012809 0.007436 0.048477 0.677427 0.012992
0.000010 0.000010 0.123142 0.000673 0.000010 0.000010 0.006514 0.776904 0.092718 0.000010
0.007605 0.000010 0.191286 0.005144 0.000010 0.002222 0.004978 0.467537 0.321197 0.000010
0.020629 0.000010 0.094323 0.010780 0.008482 0.011264 0.005984 0.594052 0.250679 0.003797
0.014421 0.000010 0.089791 0.000010 0.001521 0.001446 0.006925 0.741558 0.140666 0.003653
0.018737 0.002149 0.119142 0.004978 0.002129 0.015802 0.000010 0.632086 0.204957 0.000010
0.008144 0.000010 0.173878 0.003763 0.025807 0.011623 0.000668 0.528532 0.247564 0.000010
0.019220 0.000959 0.106502 0.000010 0.016047 0.003985 0.003136 0.649461 0.195286 0.005394
0.000010 0.000010 0.051467 0.000010 0.000010 0.000010 0.002677 0.860042 0.080143 0.005621
0.012230 0.000019 0.156941 0.003287 0.036289 0.000010 0.000997 0.482104 0.286799 0.021324
0.005540 0.000010 0.147692 0.005803 0.000010 0.000010 0.002127 0.531263 0.305472 0.002073
0.018229 0.001435 0.164333 0.005035 0.010496 0.001551 0.004262 0.461493 0.333155 0.000010
0.016851 0.000010 0.189785 0.002190 0.000010 0.009279 0.001119 0.437725 0.330368 0.012663
0.012115 0.004112 0.120540 0.010555 0.017587 0.025049 0.005796 0.524320 0.276484 0.003444
0.022711 0.003125 0.130270 0.000010 0.000010 0.024136 0.005538 0.504579 0.309590 0.000030
0.014294 0.000353 0.144582 0.005562 0.005466 0.000010 0.002439 0.520006 0.297075 0.010213
0.003634 0.000010 0.126814 0.001738 0.006392 0.000010 0.003017 0.524589 0.326062 0.007734
0.003222 0.000010 0.123970 0.009791 0.000010 0.000010 0.005891 0.503688 0.337771 0.015638
0.015355 0.000177 0.141823 0.007258 0.000010 0.003493 0.002503 0.503055 0.326316 0.000010
0.027202 0.013596 0.202501 0.000010 0.022010 0.003014 0.007131 0.367507 0.343200 0.013830
0.026609 0.007050 0.176718 0.002736 0.029732 0.014667 0.000010 0.288081 0.454387 0.000010
0.017119 0.002994 0.216702 0.000010 0.012672 0.014651 0.007325 0.282148 0.437317 0.009063
0.013458 0.000010 0.191129 0.003795 0.024206 0.007967 0.000281 0.324963 0.433741 0.000451
0.000010 0.000010 0.202234 0.005590 0.039445 0.038321 0.000010 0.292604 0.421766 0.000010
0.004729 0.015643 0.206140 0.001274 0.033830 0.014404 0.000010 0.266305 0.457655 0.000010
0.008442 0.000010 0.169518 0.003759 0.013299 0.000010 0.004687 0.443871 0.356395 0.000010
0.017020 0.000010 0.082134 0.006765 0.000010 0.003175 0.000010 0.707852 0.177123 0.005900
0.000010 0.000010 0.069986 0.000010 0.000010 0.000010 0.000010 0.730546 0.199398 0.000010
0.022295 0.000010 0.150717 0.005565 0.000620 0.000010 0.010479 0.417524 0.378723 0.014057
0.011346 0.013867 0.138197 0.005352 0.008560 0.000010 0.002625 0.443780 0.374757 0.001506
0.009888 0.000010 0.038321 0.010554 0.000010 0.005889 0.000010 0.756388 0.167461 0.011468
0.008900 0.000010 0.164606 0.000010 0.012465 0.009359 0.000010 0.464200 0.340430 0.000010
0.019923 0.007102 0.106557 0.003438 0.006338 0.000010 0.000010 0.616942 0.239536 0.000144
0.018423 0.000010 0.226576 0.002484 0.012764 0.000010 0.000010 0.365819 0.373894 0.000010
0.003765 0.000022 0.163347 0.003735 0.008070 0.000010 0.013203 0.413635 0.389149 0.005064
0.017419 0.000013 0.164080 0.006464 0.025886 0.000010 0.002976 0.400998 0.382144 0.000010
0.026616 0.005090 0.196096 0.008442 0.015279 0.008336 0.007633 0.357332 0.375167 0.000010
0.011604 0.000010 0.141726 0.004572 0.030994 0.016477 0.007486 0.390120 0.397002 0.000010
0.011277 0.000010 0.180224 0.002883 0.000010 0.026849 0.005033 0.372060 0.398433 0.003221
0.009859 0.000010 0.203079 0.007445 0.025496 0.003528 0.010315 0.350863 0.389394 0.000010
0.010196 0.004157 0.233144 0.004799 0.015983 0.009844 0.001621 0.152581 0.567664 0.000010
0.018876 0.014320 0.221278 0.002753 0.056172 0.000010 0.008434 0.151436 0.518900 0.007820
0.000010 0.003541 0.266639 0.006320 0.002898 0.000010 0.000010 0.147807 0.572754 0.000010
0.007648 0.010259 0.245759 0.003922 0.026587 0.005847 0.007664 0.171595 0.520710 0.000010
0.000018 0.006534 0.240132 0.012946 0.014116 0.001332 0.000010 0.149778 0.572785 0.002350
0.004782 0.009014 0.254708 0.002915 0.030189 0.006737 0.009608 0.158370 0.523668 0.000010
0.019924 0.000010 0.207746 0.009430 0.023628 0.020222 0.007673 0.162862 0.548493 0.000010
0.000010 0.009992 0.186432 0.004611 0.044743 0.000010 0.000592 0.135079 0.610275 0.008255
0.010008 0.004808 0.250918 0.011176 0.028557 0.000010 0.007925 0.184164 0.502424 0.000010
0.011883 0.001662 0.207072 0.003216 0.024678 0.038125 0.016955 0.146898 0.549500 0.000010
0.085549 0.000010 0.000010 0.000010 0.150981 0.016236 0.000010 0.000010 0.730432 0.016751
0.100220 0.000010 0.000010 0.000010 0.140880 0.000010 0.000674 0.000010 0.758166 0.000010
0.067160 0.000010 0.000010 0.000358 0.155439 0.000010 0.001789 0.000010 0.775205 0.000010
0.086987 0.000010 0.000010 0.000010 0.174144 0.000010 0.000010 0.000010 0.738799 0.000010
0.071313 0.005092 0.000010 0.008784 0.155442 0.007220 0.000202 0.000010 0.751917 0.000010
0.089110 0.000010 0.000010 0.000010 0.152111 0.000010 0.000010 0.000010 0.758709 0.000010
0.080483 0.005656 0.000010 0.000010 0.175162 0.028158 0.000479 0.000010 0.710021 0.000010
0.069704 0.007627 0.000010 0.009310 0.154932 0.000010 0.000010 0.000010 0.752396 0.005992
0.090456 0.000010 0.000010 0.006146 0.137058 0.001305 0.000010 0.000010 0.764986 0.000010
0.079098 0.005280 0.000010 0.006522 0.160054 0.000010 0.000010 0.000010 0.744764 0.004243
0.071255 0.004475 0.101184 0.006241 0.082378 0.023222 0.002559 0.000010 0.693113 0.015564
0.107602 0.013463 0.019743 0.002707 0.070546 0.040415 0.001812 0.000010 0.738103 0.005599
0.100804 0.005784 0.112968 0.000932 0.069427 0.028551 0.008715 0.000010 0.654630 0.018179
0.104680 0.012308 0.100846 0.004732 0.087683 0.006797 0.007210 0.000010 0.665208 0.010526
0.099945 0.017120 0.043063 0.000010 0.089820 0.015509 0.008265 0.000010 0.705838 0.020421
0.098424 0.016289 0.040499 0.007471 0.084868 0.031421 0.000010 0.000010 0.711755 0.009252
0.097857 0.004606 0.128354 0.005738 0.090484 0.006519 0.004917 0.000010 0.653755 0.007760
0.083708 0.000010 0.128502 0.002342 0.070305 0.000010 0.005840 0.000010 0.692880 0.016392
0.017471 0.011273 0.020003 0.000010 0.095762 0.000010 0.012099 0.019359 0.813880 0.010133
0.000010 0.000010 0.086660 0.009905 0.086260 0.000259 0.015802 0.060818 0.730891 0.009384
0.013722 0.000010 0.026206 0.005799 0.067042 0.018398 0.009856 0.093794 0.755744 0.009429
0.021867 0.006654 0.031318 0.001803 0.064012 0.023268 0.011542 0.025424 0.812148 0.001964
0.005363 0.009999 0.063889 0.012269 0.083123 0.000010 0.005392 0.019213 0.788727 0.012014
0.019347 0.008544 0.079710 0.000978 0.098065 0.000674 0.002733 0.043305 0.741536 0.005109
0.015354 0.002103 0.019310 0.001821 0.096006 0.015834 0.000010 0.055061 0.785190 0.009311
0.017336 0.005557 0.082182 0.009073 0.096442 0.000010 0.009700 0.059291 0.719765 0.000644
0.020732 0.000797 0.073244 0.000010 0.092988 0.000042 0.012496 0.035976 0.751312 0.012403
0.025140 0.008713 0.062419 0.000010 0.091620 0.000010 0.013418 0.061717 0.731951 0.005002
0.020413 0.008144 0.382136 0.012148 0.036201 0.005468 0.001821 0.088610 0.445049 0.000010
0.014014 0.014684 0.395393 0.006844 0.032450 0.013594 0.000010 0.047938 0.462540 0.012533
0.024567 0.000010 0.448381 0.007819 0.008543 0.000010 0.003570 0.036105 0.463422 0.007571
0.009293 0.000010 0.465185 0.003114 0.019675 0.005269 0.014940 0.053695 0.411715 0.017103
0.028094 0.004013 0.449206 0.002005 0.037701 0.034560 0.006735 0.050050 0.380851 0.006784
0.019371 0.004515 0.468314 0.003126 0.000010 0.012867 0.000010 0.024991 0.458352 0.008443
0.011398 0.007891 0.471858 0.004968 0.000014 0.016348 0.000650 0.059503 0.427359 0.000010
0.007770 0.013242 0.477230 0.002675 0.012734 0.000010 0.012117 0.054499 0.410594 0.009130
0.022226 0.000010 0.487989 0.007742 0.021337 0.014321 0.005073 0.049822 0.389338 0.002142
0.030495 0.000010 0.365533 0.000010 0.028238 0.019048 0.003816 0.165702 0.368667 0.018480
0.021761 0.007991 0.371065 0.010583 0.028938 0.036475 0.012523 0.123659 0.363063 0.023942
0.023578 0.005017 0.419685 0.008991 0.000010 0.051116 0.001299 0.133366 0.331653 0.025285
0.048629 0.005852 0.349090 0.013233 0.023676 0.033500 0.000010 0.178608 0.335670 0.011732
0.019381 0.014495 0.318987 0.000010 0.011374 0.036367 0.008675 0.170459 0.419350 0.000902
0.018847 0.002565 0.353317 0.006852 0.018571 0.016511 0.003805 0.142930 0.419534 0.017069
0.033345 0.010641 0.337250 0.003713 0.020257 0.015941 0.009838 0.196069 0.365438 0.007507
0.017895 0.023345 0.368684 0.000010 0.023590 0.009717 0.000010 0.115207 0.429040 0.012503
0.031917 0.010589 0.328952 0.006170 0.029803 0.043129 0.011395 0.152585 0.372433 0.013028
0.031312 0.010290 0.347367 0.007610 0.000010 0.052472 0.015413 0.164575 0.366131 0.004820
0.000010 0.000010 0.000010 0.000010 0.999910 0.000010 0.000010 0.000010 0.000010 0.000010
0.000010 0.000010 0.000010 0.000010 0.999910 0.000010 0.000010 0.000010 0.000010 0.000010
0.000010 0.000010 0.000010 0.000010 0.478255 0.000010 0.000010 0.000010 0.521665 0.000010
0.000010 0.000736 0.200013 0.003591 0.017779 0.010356 0.006031 0.158923 0.599857 0.002704
0.000010 0.000010 0.000010 0.000010 0.999910 0.000010 0.000010 0.000010 0.000010 0.000010
0.000010 0.000010 0.000010 0.000010 0.999910 0.000010 0.000010 0.000010 0.000010 0.000010
0.000010 0.000010 0.000010 0.000010 0.528560 0.000010 0.000010 0.000010 0.471360 0.000010
0.000010 0.000576 0.069754 0.008588 0.018625 0.000010 0.006857 0.300215 0.583240 0.012125
0.000010 0.000010 0.000012 0.000010 0.999907 0.000010 0.000010 0.000010 0.000010 0.000010
0.001340 0.000010 0.000010 0.000010 0.511044 0.000010 0.000010 0.000010 0.487546 0.000010
0.009088 0.000010 0.000010 0.000010 0.506314 0.000010 0.000010 0.000010 0.484528 0.000010
0.000010 0.005658 0.080445 0.005872 0.021151 0.015777 0.009515 0.296600 0.551508 0.013464
0.022212 0.000010 0.000010 0.000010 0.482836 0.000010 0.000010 0.000010 0.494882 0.000010
0.000010 0.000010 0.000010 0.000010 0.521747 0.000010 0.000010 0.000010 0.478173 0.000010
0.000010 0.000010 0.000010 0.000010 0.999910 0.000010 0.000010 0.000010 0.000010 0.000010
0.000010 0.000010 0.000010 0.000010 0.466306 0.000010 0.000010 0.000010 0.533614 0.000010
0.000010 0.000010 0.000010 0.000010 0.999909 0.000010 0.000010 0.000011 0.000010 0.000010
0.000010 0.000010 0.000010 0.000010 0.511586 0.000010 0.000010 0.000010 0.488334 0.000010
0.000010 0.000260 0.173511 0.000040 0.026357 0.000010 0.006472 0.273419 0.519911 0.000010
0.000010 0.000010 0.000010 0.000010 0.999910 0.000010 0.000010 0.000010 0.000010 0.000010
0.000010 0.000010 0.000010 0.000010 0.474365 0.000010 0.000010 0.000010 0.525555 0.000010
0.000010 0.003586 0.126451 0.004900 0.050849 0.022272 0.004398 0.283260 0.504264 0.000010
0.000010 0.000010 0.000010 0.000010 0.999910 0.000010 0.000010 0.000010 0.000010 0.000010
0.000010 0.000010 0.000010 0.000010 0.493217 0.000010 0.000010 0.000010 0.506703 0.000010
0.000010 0.000010 0.105100 0.002904 0.027503 0.000010 0.004826 0.315889 0.543737 0.000010
0.079592 0.002272 0.000010 0.005800 0.136339 0.000493 0.000010 0.000010 0.759313 0.016161
0.084827 0.002924 0.007007 0.000565 0.111732 0.003671 0.013586 0.003386 0.766374 0.005928
0.080671 0.014724 0.000010 0.000010 0.111055 0.000010 0.004074 0.000839 0.781389 0.007219
0.071661 0.008310 0.000010 0.000294 0.136009 0.023839 0.001074 0.010281 0.743986 0.004537
0.084924 0.009256 0.000010 0.003095 0.140524 0.009053 0.000010 0.021155 0.728083 0.003890
0.098629 0.021193 0.000010 0.003563 0.138355 0.004939 0.000010 0.025278 0.706024 0.001998
0.085596 0.000441 0.000010 0.000010 0.112452 0.000010 0.000010 0.009201 0.790671 0.001599
0.086774 0.000010 0.000010 0.000010 0.146261 0.023183 0.001339 0.000010 0.742393 0.000010
0.137489 0.015486 0.044876 0.007167 0.109671 0.018527 0.006575 0.031671 0.594802 0.033736
0.113591 0.000010 0.002240 0.007436 0.144688 0.002968 0.000360 0.005898 0.713457 0.009352
0.999910 0.000010 0.000010 0.000010 0.000010 0.000010 0.000010 0.000010 0.000010 0.000010
0.165131 0.034939 0.056992 0.007996 0.131588 0.021519 0.006680 0.017823 0.539174 0.018159
0.094591 0.014421 0.086785 0.005232 0.117224 0.003892 0.000010 0.050972 0.618786 0.008089
0.156985 0.024439 0.084530 0.003469 0.113759 0.020983 0.000010 0.029954 0.549990 0.015882
0.129986 0.018220 0.043362 0.009913 0.102732 0.008048 0.002479 0.052730 0.625998 0.006533
0.999910 0.000010 0.000010 0.000010 0.000010 0.000010 0.000010 0.000010 0.000010 0.000010
0.999910 0.000010 0.000010 0.000010 0.000010 0.000010 0.000010 0.000010 0.000010 0.000010
0.144005 0.010432 0.066171 0.010488 0.127371 0.013528 0.000010 0.038489 0.562915 0.026591
0.004427 0.000010 0.025537 0.000010 0.000010 0.000010 0.002037 0.803936 0.163814 0.000210
0.011053 0.000010 0.017420 0.000010 0.006192 0.000010 0.000010 0.943371 0.021914 0.000010
0.000010 0.000010 0.000010 0.000010 0.000010 0.000010 0.000010 0.999910 0.000010 0.000010
0.000010 0.000010 0.005262 0.000010 0.008405 0.000010 0.000010 0.986263 0.000010 0.000010
0.000010 0.000010 0.000010 0.000010 0.008807 0.000010 0.000010 0.991112 0.000010 0.000010
0.000010 0.000010 0.035375 0.000010 0.000010 0.000010 0.000010 0.961435 0.000010 0.003120
0.000010 0.001507 0.000010 0.000010 0.000069 0.006348 0.000010 0.992016 0.000010 0.000010
0.000010 0.000010 0.000010 0.003607 0.000010 0.000010 0.000010 0.944401 0.051922 0.000010
0.000010 0.000010 0.000010 0.000010 0.000010 0.000010 0.000010 0.999910 0.000010 0.000010
0.000010 0.000010 0.000010 0.000010 0.000010 0.000010 0.000010 0.999910 0.000010 0.000010
0.000010 0.000010 0.000010 0.000010 0.000010 0.000010 0.000010 0.999910 0.000010 0.000010
0.038632 0.010948 0.330142 0.012401 0.027829 0.011925 0.002166 0.175976 0.389970 0.000010
0.046619 0.003942 0.284973 0.010350 0.037553 0.021057 0.007439 0.180554 0.395107 0.012407
0.043361 0.009507 0.408965 0.004959 0.031369 0.000010 0.000010 0.109800 0.389291 0.002728
0.037204 0.010727 0.325747 0.000010 0.034289 0.000010 0.009763 0.144171 0.438068 0.000010
0.033497 0.011875 0.461048 0.006583 0.002978 0.017222 0.005324 0.119563 0.325512 0.016397
0.002457 0.008758 0.491454 0.015474 0.013713 0.344854 0.005327 0.014265 0.058126 0.045572
0.016104 0.030999 0.614926 0.014411 0.000010 0.070075 0.004220 0.066609 0.120385 0.062261
0.000010 0.015165 0.342903 0.003785 0.021402 0.517046 0.010110 0.000010 0.040284 0.049285
0.000010 0.029318 0.520194 0.018379 0.000010 0.264122 0.000010 0.036469 0.083240 0.048249
0.005164 0.000010 0.729227 0.006689 0.011831 0.033610 0.006681 0.050631 0.120966 0.035191
0.000010 0.002657 0.776000 0.002037 0.000010 0.025103 0.004262 0.034462 0.152073 0.003385
0.018445 0.007522 0.733228 0.013377 0.000010 0.023516 0.001363 0.059826 0.129358 0.013355
0.000010 0.003866 0.725205 0.012888 0.013580 0.032930 0.001897 0.054919 0.138719 0.015986
0.000010 0.008527 0.729306 0.009864 0.000010 0.031849 0.005944 0.033869 0.155487 0.025133
0.013763 0.020174 0.740239 0.005045 0.004192 0.048513 0.002480 0.033582 0.105372 0.026641
0.000010 0.009355 0.689756 0.007419 0.000010 0.064459 0.002348 0.058734 0.139620 0.028289
0.000010 0.000010 0.776512 0.002243 0.000010 0.024452 0.000010 0.035124 0.155863 0.005766
0.000010 0.016298 0.735399 0.000730 0.013795 0.018860 0.003344 0.039816 0.161416 0.010332
0.002354 0.006174 0.696853 0.005924 0.000010 0.077369 0.006306 0.023114 0.135525 0.046370
0.000010 0.004016 0.658337 0.004009 0.000010 0.020331 0.009956 0.061737 0.228837 0.012758
0.038856 0.013556 0.529081 0.001861 0.016428 0.015846 0.000010 0.124396 0.229069 0.030899
0.005773 0.029794 0.724178 0.006539 0.000010 0.038523 0.000010 0.057022 0.138140 0.000010
0.023933 0.013700 0.607117 0.009048 0.000010 0.046206 0.005260 0.080250 0.179932 0.034544
0.036599 0.006416 0.302716 0.011066 0.000677 0.003124 0.000309 0.167810 0.466474 0.004808
0.000214 0.018307 0.687105 0.005142 0.000010 0.035268 0.000573 0.064477 0.172710 0.016195
0.012592 0.017137 0.634817 0.000010 0.001327 0.027331 0.000010 0.106420 0.164883 0.035473
0.026774 0.023693 0.526268 0.007662 0.015207 0.027050 0.006094 0.083602 0.239992 0.043659
0.016261 0.023857 0.707925 0.008181 0.003972 0.061520 0.009111 0.012745 0.058223 0.098205
0.022387 0.028142 0.598803 0.009918 0.000184 0.020094 0.005847 0.153344 0.123980 0.037301
0.008682 0.025454 0.658293 0.019095 0.016141 0.071653 0.000010 0.029638 0.091974 0.079060
0.034726 0.002644 0.556786 0.003541 0.000010 0.037315 0.009507 0.161256 0.170528 0.023687
0.020295 0.021070 0.640008 0.002087 0.007282 0.102227 0.008303 0.038704 0.086625 0.073398
0.036737 0.012609 0.592731 0.000010 0.014099 0.030267 0.000341 0.163038 0.118140 0.032028
0.008870 0.026263 0.651809 0.021102 0.024749 0.058003 0.009604 0.051627 0.062445 0.085526
0.006758 0.000010 0.706078 0.000097 0.000010 0.019404 0.000010 0.002615 0.265008 0.000010
0.018317 0.038836 0.656063 0.011997 0.002894 0.062905 0.006958 0.043693 0.089749 0.068588
0.003585 0.000802 0.689799 0.000010 0.000010 0.000010 0.000010 0.027718 0.278046 0.000010
0.003557 0.014208 0.701034 0.008080 0.006304 0.049104 0.000010 0.040838 0.115213 0.061653
0.002321 0.000015 0.695857 0.000010 0.006092 0.000010 0.000010 0.000010 0.295664 0.000010
0.035373 0.000010 0.506726 0.002325 0.023986 0.042784 0.000010 0.182183 0.177515 0.029089
0.021457 0.036225 0.680427 0.009854 0.003164 0.067064 0.006526 0.014479 0.052517 0.108287
0.026609 0.017014 0.517468 0.016033 0.016094 0.023102 0.012187 0.038685 0.329647 0.003162
0.011411 0.011302 0.597454 0.009230 0.006846 0.010054 0.009313 0.138573 0.180916 0.024899
0.014531 0.030231 0.673481 0.016920 0.009467 0.076363 0.003207 0.006973 0.072843 0.095985
0.008878 0.015184 0.597575 0.009581 0.005817 0.019100 0.010962 0.134474 0.168773 0.029655
0.000010 0.011424 0.753033 0.005262 0.002170 0.036149 0.002667 0.040739 0.124229 0.024318
0.048395 0.000010 0.316676 0.006485 0.006667 0.036091 0.014706 0.152302 0.413279 0.005390
0.000010 0.013433 0.699243 0.004755 0.001767 0.020626 0.007549 0.077463 0.154963 0.020191
0.001888 0.005984 0.538574 0.000010 0.035265 0.008209 0.004374 0.052109 0.337811 0.015776
0.003628 0.008127 0.725661 0.001260 0.016030 0.033439 0.000165 0.062998 0.134144 0.014548
0.016468 0.000010 0.569643 0.000010 0.047340 0.000010 0.001886 0.036216 0.328407 0.000010
0.026049 0.021508 0.679029 0.018344 0.000010 0.092842 0.002663 0.017781 0.050572 0.091203
0.002046 0.000010 0.765280 0.000010 0.003346 0.008499 0.000010 0.028579 0.190858 0.001362
0.000010 0.022216 0.651288 0.002705 0.000010 0.043697 0.002242 0.055712 0.196447 0.025674
0.000010 0.003398 0.780541 0.003546 0.000010 0.011827 0.000010 0.006851 0.193796 0.000010
0.011581 0.029097 0.657297 0.017683 0.024321 0.069642 0.016695 0.034238 0.056507 0.082938
0.000010 0.000010 0.759491 0.000121 0.000010 0.000811 0.006197 0.015054 0.218285 0.000010
0.006717 0.005432 0.772733 0.003452 0.000010 0.000010 0.000010 0.029159 0.182466 0.000010
0.016924 0.004696 0.736442 0.012720 0.002339 0.035294 0.008147 0.041127 0.077435 0.064876
0.002520 0.000010 0.316160 0.004116 0.059785 0.000010 0.000010 0.127497 0.481797 0.008096
0.002652 0.011109 0.629316 0.000010 0.005482 0.014776 0.005861 0.059752 0.271032 0.000010
0.008836 0.012778 0.713990 0.003934 0.000010 0.058119 0.002273 0.041452 0.133077 0.025531
0.011987 0.000145 0.133123 0.005790 0.063058 0.001620 0.011384 0.087748 0.685135 0.000010
0.005905 0.000010 0.711881 0.008194 0.018993 0.016764 0.002500 0.026300 0.183885 0.025567
0.034631 0.029701 0.697529 0.012642 0.010421 0.057362 0.005226 0.002689 0.063503 0.086296
0.000010 0.000010 0.769812 0.005025 0.000010 0.000010 0.000762 0.002591 0.221760 0.000010
0.000010 0.000010 0.774938 0.005396 0.000010 0.000010 0.002415 0.059170 0.156324 0.001717
0.023852 0.040517 0.608537 0.020040 0.013828 0.078678 0.010906 0.037784 0.046628 0.119230
0.000010 0.000010 0.645322 0.007035 0.000010 0.006836 0.000010 0.067006 0.273752 0.000010
0.000010 0.004539 0.747288 0.000010 0.000010 0.021893 0.004403 0.039167 0.182670 0.000010
0.006985 0.030642 0.671347 0.013639 0.013909 0.111911 0.007157 0.000010 0.071317 0.073085
0.008630 0.000010 0.705114 0.004862 0.020221 0.000010 0.004368 0.047835 0.200755 0.008194
0.003567 0.006883 0.803210 0.000010 0.000010 0.017846 0.000010 0.039632 0.099836 0.028997
0.015511 0.024328 0.609111 0.005047 0.011013 0.079834 0.012053 0.061066 0.101849 0.080189
0.013215 0.000010 0.207586 0.000010 0.059250 0.000424 0.003524 0.119568 0.596404 0.000010
0.003917 0.000010 0.588038 0.000010 0.008387 0.020839 0.000010 0.045321 0.325186 0.008280
0.007345 0.034658 0.666508 0.004199 0.021427 0.088300 0.020145 0.014249 0.065103 0.078067
0.007929 0.000010 0.719635 0.008320 0.000010 0.007854 0.001571 0.077437 0.152422 0.024813
0.025760 0.000010 0.175912 0.002514 0.090862 0.000010 0.000010 0.057262 0.647650 0.000010
0.002772 0.028450 0.714889 0.013695 0.027411 0.069194 0.000010 0.000010 0.030091 0.113477
0.010342 0.008307 0.763917 0.002800 0.000010 0.000472 0.005489 0.051497 0.152736 0.004430
0.006314 0.000014 0.277290 0.002356 0.075807 0.015264 0.001114 0.095413 0.526419 0.000010
0.008426 0.013369 0.622325 0.005443 0.013248 0.060130 0.012364 0.083994 0.127756 0.052944
0.017687 0.000010 0.356284 0.000673 0.047799 0.020258 0.011339 0.067020 0.478920 0.000010
0.007155 0.000010 0.767077 0.000010 0.000010 0.018865 0.000340 0.029852 0.163776 0.012905
0.016010 0.030171 0.643866 0.017959 0.001840 0.064819 0.010201 0.030918 0.107076 0.077140
0.030643 0.007833 0.531654 0.000199 0.018688 0.023515 0.009627 0.175175 0.172449 0.030217
0.016148 0.000010 0.439703 0.000010 0.043464 0.011317 0.012622 0.066919 0.397002 0.012805
0.009541 0.014059 0.701758 0.021137 0.032087 0.087120 0.011973 0.003562 0.025605 0.093157
0.027684 0.012707 0.603634 0.000010 0.000010 0.019557 0.006573 0.143885 0.171936 0.014004
0.022207 0.000010 0.295597 0.000263 0.050210 0.011042 0.005694 0.061078 0.553889 0.000010
0.018348 0.033176 0.695558 0.014071 0.008719 0.071150 0.018164 0.010706 0.047616 0.082491
0.009907 0.012997 0.630968 0.005965 0.019570 0.022396 0.000010 0.109533 0.162849 0.025805
0.000010 0.000010 0.698917 0.012076 0.009483 0.036902 0.008162 0.078846 0.143840 0.011754
0.015868 0.044399 0.624391 0.007461 0.000010 0.104969 0.005240 0.041059 0.059089 0.097515
0.014782 0.030408 0.587376 0.003077 0.013037 0.028589 0.006249 0.085489 0.199483 0.031510
0.000010 0.003006 0.707740 0.000010 0.000010 0.000010 0.000010 0.033470 0.255724 0.000010
0.007987 0.052987 0.669739 0.011803 0.000010 0.102283 0.000010 0.013980 0.034957 0.106244
0.023137 0.018995 0.551624 0.004628 0.001184 0.011055 0.008796 0.121562 0.258003 0.001016
0.016004 0.000010 0.279080 0.008294 0.063768 0.000010 0.002684 0.084177 0.527166 0.018807
0.002051 0.027971 0.654273 0.013641 0.021365 0.065495 0.011371 0.044660 0.066757 0.092416
0.020362 0.000010 0.414116 0.005186 0.014914 0.008925 0.005402 0.145330 0.382943 0.002813
0.000010 0.003445 0.746976 0.000224 0.001795 0.000010 0.001677 0.086242 0.138771 0.020849
0.025898 0.028455 0.643830 0.015213 0.022220 0.074519 0.008184 0.038729 0.056081 0.086872
0.023972 0.007475 0.587016 0.003254 0.014606 0.031297 0.010818 0.114864 0.179306 0.027390
