0.000010 0.030647 0.032809 0.452948 0.458910 0.024676
0.000010 0.000010 0.000010 0.461961 0.489655 0.048354
0.000010 0.000010 0.000010 0.999950 0.000010 0.000010
0.000010 0.000010 0.194056 0.805904 0.000010 0.000010
0.000010 0.000010 0.085409 0.684523 0.230038 0.000010
0.000010 0.000010 0.072361 0.644572 0.283037 0.000010
0.000010 0.000010 0.014770 0.380368 0.604832 0.000010
0.000010 0.000010 0.000010 0.999950 0.000010 0.000010
0.000010 0.000010 0.078612 0.646580 0.274778 0.000010
0.000010 0.000010 0.025674 0.687610 0.286686 0.000010
0.000010 0.000010 0.008192 0.745726 0.246052 0.000010
0.000010 0.000010 0.000010 0.999950 0.000010 0.000010
0.103039 0.000010 0.049475 0.656216 0.188636 0.002623
0.000010 0.000010 0.000010 0.999950 0.000010 0.000010
0.000010 0.000010 0.000010 0.999950 0.000010 0.000010
0.000010 0.000010 0.000010 0.999950 0.000010 0.000010
0.000010 0.000010 0.000010 0.999950 0.000010 0.000010
0.000010 0.000010 0.000010 0.999950 0.000010 0.000010
0.000010 0.000010 0.000010 0.999950 0.000010 0.000010
0.000010 0.057828 0.010607 0.519453 0.412092 0.000010
0.000010 0.000010 0.000010 0.999950 0.000010 0.000010
0.000010 0.000010 0.000010 0.999950 0.000010 0.000010
0.000010 0.000010 0.000010 0.999950 0.000010 0.000010
0.000010 0.000010 0.000010 0.999950 0.000010 0.000010
0.000010 0.000010 0.000010 0.706728 0.293232 0.000010
0.000010 0.000010 0.000010 0.999950 0.000010 0.000010
0.000010 0.000010 0.000010 0.999950 0.000010 0.000010
0.000010 0.086808 0.000010 0.775309 0.137852 0.000010
0.000010 0.000010 0.026573 0.687334 0.286064 0.000010
0.124240 0.135195 0.168542 0.365152 0.206861 0.000010
0.000010 0.000010 0.055882 0.318151 0.607033 0.018914
0.061989 0.010003 0.000010 0.441244 0.459168 0.027587
0.207277 0.055634 0.000010 0.000010 0.664210 0.072859
0.014637 0.310455 0.000010 0.041588 0.633301 0.000010
0.197598 0.309397 0.000010 0.083805 0.409180 0.000010
0.215457 0.318238 0.000010 0.000010 0.349476 0.116809
0.319230 0.000010 0.000010 0.000010 0.680730 0.000010
0.000010 0.767270 0.000010 0.000010 0.232690 0.000010
0.520881 0.137099 0.117478 0.002124 0.000010 0.222409
0.037339 0.480401 0.050309 0.000010 0.431931 0.000010
0.338332 0.000010 0.000010 0.000010 0.661628 0.000010
0.284143 0.000010 0.000010 0.000010 0.666591 0.049236
0.207974 0.288065 0.000010 0.051462 0.452479 0.000010
0.465421 0.000010 0.000010 0.000010 0.534539 0.000010
0.183843 0.000010 0.000010 0.000010 0.716371 0.099755
0.056263 0.353622 0.000010 0.000010 0.590086 0.000010
0.240697 0.383641 0.000010 0.014051 0.361591 0.000010
0.215630 0.041530 0.000010 0.000010 0.719300 0.023521
0.331011 0.290377 0.069014 0.014439 0.295149 0.000010
0.194363 0.387538 0.000010 0.005855 0.412224 0.000010
0.546641 0.081966 0.000010 0.085095 0.286278 0.000010
0.186327 0.271718 0.028225 0.000010 0.513710 0.000010
0.164079 0.181314 0.000010 0.000010 0.654576 0.000010
0.191909 0.182392 0.000010 0.000010 0.625669 0.000010
0.161604 0.167578 0.000010 0.026484 0.644314 0.000010
0.198828 0.167456 0.000010 0.000010 0.633686 0.000010
0.161117 0.203812 0.000010 0.000010 0.635041 0.000010
0.344058 0.258461 0.000010 0.032346 0.365115 0.000010
0.168129 0.133908 0.000010 0.000010 0.697932 0.000010
0.160709 0.378904 0.000010 0.000010 0.460356 0.000010
0.137770 0.429843 0.002773 0.000010 0.429594 0.000010
0.096683 0.359509 0.000010 0.000010 0.543779 0.000010
0.198080 0.455408 0.000010 0.000010 0.346482 0.000010
0.144545 0.360406 0.000010 0.009652 0.485377 0.000010
0.193393 0.364375 0.000010 0.000010 0.442201 0.000010
0.198179 0.372622 0.000010 0.000010 0.429169 0.000010
0.129922 0.459913 0.000010 0.000010 0.410136 0.000010
0.063797 0.251041 0.037092 0.058351 0.585338 0.004381
0.083588 0.244231 0.026969 0.066678 0.574125 0.004411
0.068119 0.282175 0.041362 0.047342 0.560991 0.000010
0.061538 0.241238 0.037308 0.060363 0.599544 0.000010
0.067435 0.280622 0.020612 0.034461 0.596858 0.000010
0.075469 0.269202 0.031633 0.036129 0.587558 0.000010
0.060306 0.249654 0.036887 0.026936 0.625797 0.000420
0.079037 0.272344 0.024262 0.055472 0.568875 0.000010
0.021898 0.269076 0.000010 0.044306 0.658641 0.006069
0.072647 0.203164 0.072910 0.161232 0.449025 0.041023
0.111113 0.216818 0.056674 0.108161 0.507224 0.000010
0.047360 0.272092 0.007425 0.038212 0.634901 0.000010
0.000010 0.000010 0.576712 0.065482 0.357776 0.000010
0.083950 0.260787 0.014680 0.034377 0.606196 0.000010
0.065664 0.298238 0.026063 0.039886 0.561722 0.008426
0.999950 0.000010 0.000010 0.000010 0.000010 0.000010
0.999950 0.000010 0.000010 0.000010 0.000010 0.000010
0.999950 0.000010 0.000010 0.000010 0.000010 0.000010
0.999950 0.000010 0.000010 0.000010 0.000010 0.000010
0.892301 0.055920 0.008173 0.000010 0.041785 0.001812
0.999950 0.000010 0.000010 0.000010 0.000010 0.000010
0.998805 0.000010 0.000010 0.000010 0.000010 0.001155
0.999950 0.000010 0.000010 0.000010 0.000010 0.000010
0.999950 0.000010 0.000010 0.000010 0.000010 0.000010
0.946575 0.033655 0.000010 0.000010 0.006109 0.013641
0.999950 0.000010 0.000010 0.000010 0.000010 0.000010
0.899937 0.074730 0.012535 0.000010 0.000010 0.012777
0.809938 0.074223 0.000010 0.002561 0.113257 0.000010
0.999950 0.000010 0.000010 0.000010 0.000010 0.000010
0.013535 0.744683 0.028698 0.032347 0.071341 0.109397
0.031836 0.727339 0.017248 0.038795 0.059252 0.125530
0.005629 0.736812 0.024350 0.055635 0.069007 0.108567
0.065210 0.712185 0.019425 0.038278 0.067638 0.097263
0.000010 0.799620 0.025720 0.066945 0.021581 0.086123
0.045086 0.688625 0.031419 0.033093 0.095362 0.106415
0.024980 0.749270 0.041926 0.055511 0.021256 0.107057
0.000010 0.754161 0.037984 0.073395 0.022203 0.112247
0.391440 0.469219 0.000010 0.000010 0.108994 0.030327
0.364930 0.460866 0.000010 0.000010 0.153132 0.021053
0.406337 0.447249 0.009691 0.000010 0.108834 0.027880
0.387065 0.455981 0.000010 0.000010 0.124836 0.032098
0.371998 0.496239 0.013014 0.000010 0.089238 0.029501
0.352725 0.457036 0.000010 0.000010 0.152836 0.037382
0.399383 0.453833 0.019194 0.004592 0.106868 0.016129
0.397678 0.451456 0.000010 0.012985 0.105930 0.031941
0.378965 0.488823 0.009249 0.000010 0.118196 0.004756
0.412711 0.436419 0.000010 0.000010 0.117686 0.033165
0.403428 0.445996 0.003030 0.007796 0.094783 0.044967
0.366304 0.440408 0.007199 0.000010 0.137217 0.048861
0.364756 0.478046 0.000010 0.000010 0.146236 0.010941
0.401811 0.444260 0.000010 0.001572 0.137530 0.014817
0.361195 0.467721 0.006082 0.000010 0.139804 0.025189
0.400141 0.433973 0.006374 0.016232 0.103243 0.040037
0.371131 0.466699 0.023743 0.000010 0.105489 0.032928
0.374962 0.476734 0.000010 0.000010 0.124893 0.023391
0.376686 0.443690 0.000010 0.000223 0.146092 0.033299
0.402173 0.463688 0.000010 0.000010 0.091333 0.042786
0.404111 0.483262 0.000010 0.000010 0.107963 0.004644
0.399302 0.476380 0.000010 0.000010 0.124288 0.000010
0.362328 0.478639 0.000010 0.000010 0.130145 0.028868
0.405377 0.460449 0.000010 0.000010 0.110047 0.024107
0.363657 0.468896 0.007995 0.018586 0.115866 0.025000
0.331638 0.482587 0.000010 0.000010 0.132005 0.053750
0.095579 0.682162 0.000010 0.003102 0.093463 0.125685
0.147810 0.546703 0.000010 0.000010 0.231354 0.074114
0.059814 0.715450 0.000010 0.000010 0.098275 0.126441
0.163033 0.466570 0.005688 0.000010 0.321508 0.043192
0.158734 0.562815 0.012767 0.000010 0.220537 0.045136
0.081012 0.659424 0.008559 0.004207 0.148370 0.098429
0.054312 0.744908 0.016197 0.000010 0.052394 0.132178
0.120956 0.586014 0.008049 0.000010 0.240900 0.044071
0.170095 0.530432 0.001520 0.007706 0.243241 0.047006
0.084175 0.642847 0.018223 0.001642 0.169622 0.083491
0.076465 0.722971 0.003670 0.000010 0.074536 0.122348
0.131424 0.637348 0.000010 0.007173 0.121683 0.102362
0.394686 0.451057 0.001224 0.007400 0.124657 0.020976
0.383569 0.475773 0.014746 0.000010 0.113855 0.012047
0.117249 0.649839 0.000010 0.000010 0.134395 0.098497
0.085369 0.735527 0.015343 0.033604 0.005953 0.124205
0.071611 0.673735 0.027972 0.000010 0.129069 0.097604
0.184395 0.492596 0.000010 0.000010 0.252547 0.070441
0.155630 0.576219 0.000010 0.000010 0.225414 0.042718
0.061407 0.719989 0.011390 0.000010 0.094268 0.112935
0.128471 0.637446 0.018032 0.001183 0.138583 0.076285
0.066025 0.743367 0.000010 0.000010 0.073897 0.116691
0.084418 0.684406 0.022621 0.000010 0.087141 0.121404
0.067198 0.721585 0.015628 0.009093 0.070277 0.116219
0.123031 0.648322 0.000010 0.000010 0.161330 0.067297
0.370533 0.449296 0.007673 0.003414 0.126246 0.042838
0.138171 0.518750 0.000010 0.000010 0.298175 0.044885
0.112786 0.618581 0.000010 0.000010 0.150408 0.118205
0.103034 0.580953 0.009718 0.010805 0.198109 0.097382
0.084426 0.687388 0.013407 0.000010 0.093680 0.121089
0.069296 0.739455 0.001787 0.000010 0.060773 0.128680
0.159568 0.546858 0.000010 0.000010 0.228855 0.064700
0.093758 0.649716 0.000010 0.000010 0.165730 0.090777
0.087730 0.650675 0.000010 0.001989 0.162946 0.096650
0.167527 0.491246 0.000010 0.000010 0.297109 0.044098
0.153365 0.525118 0.000010 0.000010 0.250072 0.071425
0.088738 0.631951 0.003962 0.002373 0.181645 0.091332
0.090711 0.554375 0.005868 0.000010 0.267626 0.081411
0.080778 0.635139 0.000010 0.000010 0.204010 0.080053
0.109500 0.597941 0.000010 0.025860 0.190966 0.075724
0.117417 0.563310 0.006806 0.000010 0.253881 0.058576
0.135801 0.550591 0.000010 0.001874 0.215293 0.096431
0.112239 0.609960 0.000010 0.000010 0.188625 0.089156
0.079408 0.598276 0.002410 0.000010 0.258925 0.060971
0.083243 0.649484 0.014724 0.001412 0.182699 0.068438
0.115464 0.542480 0.000010 0.000010 0.278465 0.063570
0.088936 0.413774 0.000010 0.012335 0.460877 0.024068
0.033284 0.380570 0.000010 0.028855 0.520276 0.037005
0.045689 0.369508 0.010132 0.020432 0.521263 0.032976
0.035154 0.146804 0.005875 0.026565 0.785593 0.000010
0.069362 0.324289 0.043393 0.007581 0.522440 0.032935
0.035001 0.381437 0.030769 0.009531 0.516725 0.026538
0.045058 0.392267 0.021201 0.000010 0.508004 0.033459
0.018084 0.372460 0.043145 0.009364 0.543211 0.013736
0.094379 0.545888 0.003512 0.000010 0.283504 0.072707
0.059020 0.361689 0.013509 0.022947 0.517198 0.025637
0.042996 0.669097 0.001110 0.009016 0.200224 0.077558
0.070975 0.635831 0.007111 0.000010 0.224081 0.061992
0.054031 0.675700 0.020450 0.005746 0.178867 0.065205
0.050026 0.653201 0.005089 0.015608 0.209468 0.066609
0.060785 0.628716 0.007993 0.011485 0.195756 0.095265
0.054190 0.648596 0.000010 0.013136 0.207789 0.076279
0.071341 0.644240 0.000151 0.000010 0.219623 0.064635
0.075390 0.636775 0.004491 0.000010 0.200537 0.082798
0.043479 0.653681 0.014609 0.000010 0.217390 0.070831
0.070335 0.657632 0.015876 0.020768 0.162346 0.073042
0.788864 0.059668 0.000010 0.000010 0.151438 0.000010
0.487827 0.269800 0.007139 0.000831 0.233156 0.001246
0.608963 0.221658 0.012499 0.011834 0.133335 0.011711
0.752446 0.121432 0.006344 0.000010 0.116044 0.003724
0.646137 0.179459 0.020640 0.006470 0.142270 0.005025
0.541953 0.206790 0.015594 0.000010 0.207804 0.027848
0.661133 0.174518 0.005710 0.001920 0.138649 0.018070
0.870817 0.056226 0.001158 0.000010 0.071778 0.000010
0.499760 0.244624 0.000010 0.022490 0.194282 0.038834
0.550974 0.252617 0.000010 0.002000 0.194389 0.000010
0.480811 0.288087 0.005163 0.001488 0.209484 0.014967
0.459699 0.285387 0.014788 0.007177 0.232938 0.000010
0.542788 0.236820 0.027681 0.018469 0.153230 0.021014
0.525759 0.271159 0.025569 0.000010 0.177492 0.000010
0.538284 0.250060 0.000010 0.013683 0.187550 0.010413
0.544351 0.273257 0.000010 0.001697 0.172640 0.008045
0.526669 0.280972 0.000010 0.025351 0.166988 0.000010
0.525165 0.279205 0.004716 0.000058 0.190846 0.000010
0.385535 0.306766 0.011724 0.018981 0.251632 0.025362
0.309949 0.402839 0.016654 0.000010 0.236743 0.033804
0.304193 0.384888 0.018563 0.013660 0.265230 0.013467
0.346687 0.372809 0.010833 0.000010 0.242055 0.027606
0.318621 0.344145 0.038166 0.000010 0.254476 0.044582
0.289021 0.386736 0.017254 0.000010 0.269894 0.037085
0.464857 0.302355 0.000010 0.000010 0.216618 0.016150
0.719679 0.158559 0.007230 0.006776 0.107746 0.000010
0.742159 0.159620 0.000010 0.000010 0.098191 0.000010
0.439630 0.335574 0.000309 0.027279 0.194062 0.003144
0.464221 0.325699 0.000010 0.011803 0.187842 0.010425
0.767958 0.147307 0.006530 0.016543 0.061651 0.000010
0.482915 0.287309 0.009359 0.000010 0.206601 0.013806
0.631671 0.217077 0.000010 0.000232 0.143177 0.007833
0.385696 0.318207 0.000010 0.000010 0.277788 0.018289
0.437181 0.321405 0.000010 0.011648 0.216918 0.012838
0.422206 0.335812 0.000010 0.000010 0.213434 0.028529
0.377236 0.334796 0.011808 0.015604 0.242068 0.018489
0.410881 0.344522 0.016978 0.003284 0.190101 0.034234
0.393406 0.337389 0.029248 0.000010 0.235217 0.004731
0.372525 0.328269 0.004330 0.009278 0.255759 0.029838
0.179197 0.483798 0.008516 0.000010 0.307842 0.020638
0.174512 0.461420 0.000010 0.023812 0.282580 0.057667
0.174361 0.481360 0.000010 0.000010 0.339945 0.004313
0.194688 0.449219 0.009769 0.007284 0.311244 0.027795
0.175792 0.486391 0.003252 0.007081 0.313170 0.014313
0.183044 0.450451 0.009622 0.009420 0.316934 0.030529
0.190222 0.485633 0.023764 0.000010 0.274445 0.025926
0.163099 0.521564 0.000010 0.008475 0.259789 0.047064
0.210123 0.432957 0.000010 0.010153 0.316591 0.030165
0.173727 0.473680 0.039428 0.008500 0.275644 0.029021
0.009282 0.790547 0.038178 0.006932 0.017264 0.137796
0.000010 0.847797 0.007498 0.004739 0.017642 0.122314
0.000010 0.851791 0.000010 0.007911 0.000010 0.140268
0.000010 0.831476 0.011250 0.000965 0.000010 0.156288
0.005413 0.803870 0.024225 0.015399 0.010719 0.140374
0.000010 0.854037 0.004782 0.005427 0.000010 0.135734
0.010107 0.778768 0.045307 0.009140 0.000010 0.156668
0.016450 0.792124 0.008048 0.014468 0.030912 0.137998
0.011267 0.837628 0.022460 0.009004 0.000010 0.119631
0.000010 0.816264 0.006895 0.029825 0.000021 0.146985
0.005707 0.715743 0.031140 0.021699 0.157949 0.067762
0.000010 0.810025 0.048180 0.020493 0.072860 0.048432
0.000010 0.715737 0.041230 0.034467 0.157036 0.051521
0.000010 0.734188 0.019736 0.032961 0.144686 0.068419
0.000010 0.770655 0.026164 0.041422 0.091471 0.070278
0.000010 0.778292 0.041696 0.030460 0.086140 0.063402
0.011805 0.703668 0.018736 0.025435 0.166824 0.073532
0.016173 0.722268 0.000010 0.025356 0.182232 0.053962
0.048796 0.757526 0.000010 0.009852 0.095371 0.088445
0.092872 0.646861 0.000010 0.013493 0.161962 0.084802
0.123505 0.691246 0.013568 0.002772 0.109275 0.059634
0.056194 0.749497 0.016863 0.000526 0.116776 0.060143
0.044875 0.714190 0.000010 0.023049 0.139979 0.077898
0.070511 0.682116 0.000010 0.000564 0.152737 0.094062
0.085339 0.722071 0.009878 0.000010 0.092344 0.090358
0.088169 0.657976 0.000010 0.011025 0.149856 0.092964
0.063985 0.694562 0.000010 0.006697 0.147716 0.087029
0.089529 0.681404 0.000010 0.007710 0.133761 0.087586
0.108543 0.394825 0.017961 0.016647 0.428195 0.033829
0.067370 0.398049 0.023783 0.024015 0.454545 0.032239
0.057649 0.405606 0.012622 0.016997 0.498362 0.008764
0.074898 0.340538 0.017869 0.033351 0.512262 0.021081
0.065899 0.341355 0.048920 0.019519 0.488844 0.035463
0.042196 0.398358 0.029339 0.009678 0.520419 0.000010
0.079210 0.358627 0.028984 0.006861 0.526308 0.000010
0.075181 0.334853 0.000010 0.032532 0.541947 0.015477
0.064985 0.338742 0.029506 0.011484 0.535398 0.019886
0.183086 0.329572 0.030425 0.020161 0.408144 0.028611
0.141369 0.319064 0.048325 0.053446 0.408911 0.028886
0.149057 0.282302 0.064090 0.034698 0.467786 0.002067
0.192734 0.324325 0.048027 0.035584 0.376861 0.022469
0.190815 0.364615 0.044071 0.013692 0.374678 0.012129
0.162513 0.363656 0.027243 0.024427 0.402599 0.019562
0.213839 0.328702 0.026100 0.027388 0.381588 0.022384
0.134738 0.369515 0.020261 0.025498 0.425116 0.024871
0.168671 0.341769 0.053538 0.036700 0.370396 0.028924
0.182793 0.329389 0.060388 0.039458 0.387962 0.000010
0.000010 0.000010 0.000010 0.000010 0.000010 0.999950
0.000010 0.000010 0.000010 0.000010 0.000010 0.999950
0.000010 0.545348 0.000010 0.000010 0.000010 0.454612
0.189341 0.502671 0.011223 0.000010 0.272765 0.023990
0.000010 0.000010 0.000010 0.000010 0.000010 0.999950
0.000010 0.000010 0.000010 0.000010 0.000010 0.999950
0.000010 0.496900 0.000010 0.000010 0.000010 0.503060
0.334953 0.475042 0.000010 0.010732 0.148967 0.030296
0.000010 0.000010 0.000010 0.000010 0.000010 0.999950
0.000010 0.516997 0.000010 0.000010 0.000010 0.482963
0.000010 0.524420 0.000010 0.000010 0.000010 0.475540
0.324434 0.461746 0.010360 0.013584 0.160878 0.028997
0.000010 0.542440 0.000010 0.000010 0.000010 0.457520
0.000010 0.505499 0.000010 0.000010 0.000010 0.494461
0.000010 0.000010 0.000010 0.000010 0.000010 0.999950
0.000010 0.558533 0.000010 0.000010 0.000010 0.441427
0.000010 0.000010 0.000010 0.000010 0.000010 0.999950
0.000010 0.513543 0.000010 0.000010 0.000010 0.486417
0.305407 0.415939 0.000010 0.000010 0.243327 0.035307
0.000010 0.000010 0.000010 0.000010 0.000010 0.999950
0.000010 0.551292 0.000010 0.000010 0.000010 0.448668
0.317155 0.408801 0.017997 0.000026 0.196126 0.059895
0.000010 0.000010 0.000010 0.000010 0.000010 0.999950
0.000010 0.528734 0.000010 0.000010 0.000010 0.471226
0.348191 0.438675 0.000010 0.000010 0.175253 0.037861
0.018904 0.785783 0.006645 0.021781 0.045037 0.121849
0.026677 0.795172 0.009078 0.017946 0.055776 0.095351
0.032017 0.813981 0.000010 0.023739 0.032819 0.097434
0.041178 0.770807 0.032826 0.013032 0.020179 0.121979
0.043318 0.768981 0.019492 0.015104 0.027260 0.125846
0.050479 0.766581 0.017667 0.026681 0.017189 0.121403
0.036902 0.821523 0.001713 0.005571 0.037202 0.097088
0.024725 0.793869 0.040511 0.000010 0.010235 0.130652
0.046185 0.690847 0.033687 0.067811 0.072122 0.089348
0.023681 0.780721 0.014169 0.024003 0.033059 0.124367
0.000010 0.910830 0.036533 0.052607 0.000010 0.000010
0.039212 0.672345 0.042178 0.077703 0.063377 0.105184
0.069383 0.660170 0.014033 0.024812 0.126997 0.104605
0.046869 0.665029 0.041216 0.056064 0.098332 0.092490
0.070535 0.706826 0.020196 0.049613 0.067109 0.085721
0.000010 0.905128 0.041483 0.053358 0.000010 0.000010
0.000010 0.902248 0.047537 0.050185 0.000010 0.000010
0.053970 0.670373 0.029757 0.062708 0.078160 0.105032
0.815067 0.139696 0.000010 0.000010 0.045207 0.000010
0.948819 0.023137 0.000010 0.000010 0.021719 0.006306
0.999950 0.000010 0.000010 0.000010 0.000010 0.000010
0.987152 0.000010 0.002310 0.000010 0.001343 0.009174
0.992320 0.000010 0.000010 0.000010 0.000010 0.007640
0.963668 0.000010 0.000010 0.004088 0.032214 0.000010
0.989068 0.000010 0.010892 0.000010 0.000010 0.000010
0.961876 0.035659 0.000010 0.002001 0.000444 0.000010
0.999950 0.000010 0.000010 0.000010 0.000010 0.000010
0.999946 0.000010 0.000014 0.000010 0.000010 0.000010
0.999950 0.000010 0.000010 0.000010 0.000010 0.000010
0.193893 0.357650 0.021931 0.016407 0.380563 0.029556
0.198317 0.376206 0.030024 0.034719 0.322392 0.038341
0.126652 0.360507 0.012357 0.021440 0.447937 0.031106
0.164736 0.401490 0.000010 0.012445 0.386004 0.035315
0.134550 0.289441 0.034208 0.038444 0.498956 0.004400
0.019720 0.028782 0.365820 0.085150 0.486009 0.014519
0.074894 0.083191 0.094639 0.111395 0.635871 0.000010
0.000010 0.019445 0.532503 0.071519 0.354547 0.021977
0.043518 0.044450 0.286017 0.097386 0.528619 0.000010
0.060000 0.063129 0.059642 0.055658 0.746916 0.014655
0.047788 0.076714 0.050273 0.015701 0.806958 0.002566
0.071296 0.081457 0.049702 0.042043 0.755491 0.000010
0.067728 0.062113 0.057357 0.040798 0.751750 0.020253
0.046105 0.087250 0.056988 0.053856 0.755791 0.000010
0.042105 0.057589 0.072189 0.056297 0.763522 0.008297
0.071657 0.073465 0.086930 0.048688 0.719250 0.000010
0.048115 0.082370 0.050724 0.010934 0.807846 0.000010
0.058225 0.069278 0.041698 0.026651 0.781150 0.022997
0.032336 0.076893 0.102005 0.067785 0.720971 0.000010
0.082002 0.140120 0.037876 0.032013 0.705309 0.002680
0.135582 0.206373 0.038779 0.045810 0.555725 0.017730
0.067124 0.083205 0.065486 0.032640 0.751535 0.000010
0.091184 0.142296 0.068583 0.066254 0.631673 0.000010
0.189382 0.428014 0.010742 0.023170 0.348683 0.000010
0.078177 0.104135 0.056518 0.038725 0.722433 0.000010
0.116313 0.113931 0.051960 0.055289 0.657227 0.005280
0.095905 0.202478 0.046051 0.077648 0.560530 0.017388
0.018369 0.027856 0.095113 0.151416 0.703403 0.003844
0.161410 0.095748 0.045218 0.079161 0.617307 0.001155
0.037224 0.047307 0.098614 0.127259 0.669925 0.019671
0.170964 0.148203 0.059238 0.044891 0.576694 0.000010
0.045403 0.058137 0.129238 0.107911 0.650449 0.008862
0.170071 0.103339 0.053608 0.046431 0.610920 0.015631
0.057162 0.031362 0.087157 0.151761 0.648106 0.024451
0.016175 0.189940 0.039654 0.000010 0.750725 0.003496
0.052283 0.059583 0.089949 0.134805 0.658527 0.004855
0.042599 0.203323 0.003504 0.000010 0.750553 0.000010
0.050282 0.058813 0.076651 0.086360 0.718863 0.009031
0.000010 0.224302 0.000497 0.000010 0.765425 0.009756
0.191033 0.157531 0.062482 0.035439 0.527820 0.025695
0.018509 0.031039 0.098855 0.164749 0.683503 0.003345
0.053808 0.284695 0.038166 0.045877 0.560196 0.017258
0.150532 0.129699 0.031355 0.060575 0.617905 0.009934
0.014018 0.041895 0.104898 0.153376 0.675705 0.010109
0.145832 0.116199 0.039247 0.069242 0.620467 0.009014
0.052015 0.049520 0.062015 0.048898 0.778405 0.009147
0.171714 0.397340 0.048886 0.029631 0.348277 0.004153
0.089424 0.083215 0.044843 0.045245 0.729152 0.008121
0.067669 0.266493 0.026027 0.011653 0.592397 0.035761
0.071965 0.073315 0.058780 0.029000 0.748305 0.018635
0.052326 0.270228 0.000010 0.000010 0.628362 0.049063
0.022906 0.034369 0.124617 0.144022 0.674075 0.000010
0.041332 0.111960 0.031650 0.000010 0.806654 0.008393
0.070607 0.124653 0.066752 0.052145 0.685833 0.000010
0.021934 0.117308 0.035896 0.009350 0.815502 0.000010
0.039307 0.028451 0.097898 0.155073 0.654957 0.024314
0.032601 0.133552 0.024448 0.000010 0.809379 0.000010
0.041886 0.112435 0.015729 0.000010 0.825195 0.004744
0.048060 0.038850 0.063742 0.101230 0.742589 0.005530
0.153043 0.403726 0.000010 0.011043 0.370083 0.062095
0.076175 0.194700 0.034565 0.013808 0.671861 0.008890
0.052293 0.077262 0.083953 0.046195 0.740287 0.000010
0.113869 0.618381 0.000017 0.000010 0.207661 0.060063
0.040971 0.113409 0.040646 0.037754 0.744364 0.022857
0.007882 0.051446 0.087796 0.136390 0.704591 0.011895
0.025418 0.135318 0.017909 0.000010 0.821336 0.000010
0.077374 0.075299 0.020091 0.016875 0.810351 0.000010
0.040816 0.039110 0.110231 0.196527 0.600539 0.012778
0.090328 0.186628 0.025019 0.000010 0.698005 0.000010
0.059444 0.097505 0.046181 0.009607 0.787253 0.000010
0.000010 0.030824 0.139741 0.127945 0.684582 0.016898
0.060896 0.135582 0.002341 0.025866 0.749833 0.025481
0.049620 0.034283 0.045669 0.036878 0.833540 0.000010
0.067498 0.071867 0.105985 0.123560 0.619595 0.011495
0.144553 0.531791 0.001565 0.000010 0.267239 0.054842
0.061060 0.250820 0.039983 0.000010 0.637896 0.010231
0.020405 0.027685 0.117536 0.140467 0.671430 0.022477
0.088959 0.089788 0.031222 0.040716 0.749306 0.000010
0.083590 0.600522 0.000656 0.000010 0.230095 0.085127
0.000010 0.000010 0.103892 0.156791 0.712941 0.026356
0.063505 0.090924 0.025329 0.024610 0.795621 0.000010
0.120652 0.460467 0.020436 0.000010 0.325438 0.072997
0.092785 0.085776 0.086037 0.092016 0.630178 0.013209
0.088564 0.419058 0.029986 0.000010 0.414246 0.048136
0.041995 0.097933 0.046453 0.013272 0.799759 0.000588
0.038610 0.076719 0.092968 0.141138 0.647813 0.002752
0.183765 0.148599 0.043965 0.050413 0.552509 0.020749
0.086582 0.339938 0.025936 0.011647 0.491661 0.044236
0.006649 0.000010 0.115360 0.156029 0.690814 0.031138
0.154182 0.141889 0.043322 0.034073 0.626524 0.000010
0.087168 0.495332 0.019266 0.000010 0.349177 0.049047
0.015628 0.025199 0.103954 0.155617 0.690492 0.009111
0.121398 0.108161 0.045719 0.044169 0.657152 0.023401
0.091288 0.073955 0.059518 0.037989 0.722808 0.014442
0.046347 0.034902 0.135386 0.149774 0.633581 0.000010
0.096756 0.151293 0.050143 0.066864 0.619178 0.015765
0.054588 0.173150 0.009044 0.000010 0.763198 0.000010
0.017908 0.001450 0.132096 0.170873 0.677663 0.000010
0.135644 0.212904 0.028458 0.033047 0.586314 0.003633
0.106251 0.471113 0.000010 0.023791 0.337584 0.061251
0.049606 0.026110 0.094736 0.145226 0.662411 0.021911
0.163875 0.329790 0.021162 0.013913 0.455447 0.015813
0.099459 0.062850 0.024754 0.030563 0.774493 0.007881
0.042872 0.050407 0.105571 0.145547 0.636582 0.019022
0.125445 0.138044 0.051195 0.048589 0.618346 0.018381
0.053991 0.106317 0.023700 0.000010 0.815971 0.000010
0.023042 0.044178 0.091395 0.162657 0.669932 0.008797
0.115368 0.134605 0.028147 0.062704 0.650987 0.008189
0.083673 0.347946 0.028915 0.000010 0.526391 0.013066
0.000216 0.041468 0.118824 0.170164 0.648352 0.020976
0.096918 0.145112 0.044508 0.049520 0.663932 0.000010
0.087371 0.311220 0.026285 0.000010 0.539813 0.035300
0.026883 0.030566 0.110120 0.184769 0.644098 0.003564
0.112315 0.105565 0.031234 0.039668 0.705964 0.005254
0.041360 0.107001 0.045724 0.002141 0.803764 0.000010
0.041982 0.045025 0.083832 0.113815 0.690965 0.024381
0.026503 0.071518 0.121113 0.124469 0.656054 0.000343
0.066163 0.199155 0.024168 0.000010 0.697344 0.013161
0.001460 0.009404 0.090780 0.166208 0.718136 0.014012
0.127870 0.550290 0.007354 0.000010 0.239325 0.075151
0.106169 0.565135 0.000010 0.004951 0.286593 0.037142
0.124938 0.103049 0.041520 0.051273 0.675889 0.003331
0.065155 0.066249 0.041038 0.023589 0.803959 0.000010
0.167553 0.135013 0.018935 0.048727 0.612708 0.017063
0.114525 0.177599 0.047394 0.028414 0.617885 0.014183
0.000674 0.000010 0.058573 0.245155 0.694410 0.001178
0.019153 0.041368 0.076547 0.216284 0.646638 0.000010
0.016144 0.000010 0.070242 0.230791 0.669895 0.012918
0.033298 0.000010 0.064258 0.252752 0.642796 0.006885
0.026405 0.000010 0.092567 0.194881 0.662103 0.024035
0.035590 0.032946 0.088812 0.155889 0.670913 0.015849
0.021167 0.000010 0.093092 0.181673 0.693958 0.010101
0.000010 0.000010 0.110216 0.200513 0.676806 0.012446
0.022172 0.000010 0.113336 0.185475 0.663020 0.015989
0.000010 0.000010 0.078423 0.207429 0.687019 0.027108
0.000010 0.000010 0.111967 0.197249 0.673320 0.017444
0.000410 0.000010 0.066068 0.213058 0.705868 0.014585
0.000010 0.000010 0.080950 0.197749 0.680857 0.040425
0.022982 0.030387 0.097687 0.135329 0.699138 0.014477
0.000010 0.000010 0.115734 0.219304 0.653987 0.010955
0.000010 0.000010 0.078773 0.203371 0.699808 0.018028
0.000010 0.011174 0.103119 0.211261 0.646445 0.027992
0.000010 0.000010 0.112721 0.201295 0.670684 0.015280
0.000010 0.000010 0.069240 0.208157 0.709515 0.013067
0.000010 0.000010 0.061463 0.200705 0.711854 0.025959
0.000010 0.000010 0.092222 0.213265 0.676747 0.017747
0.044632 0.020752 0.087767 0.159435 0.669183 0.018230
0.000010 0.000010 0.075077 0.168278 0.728896 0.027728
0.000010 0.000010 0.055644 0.171794 0.763597 0.008945
0.000010 0.000010 0.085717 0.157086 0.733351 0.023826
0.000010 0.000010 0.050771 0.161067 0.786495 0.001647
0.000010 0.000010 0.084219 0.175137 0.719986 0.020638
0.005373 0.000010 0.062769 0.169553 0.734354 0.027942
0.008130 0.000010 0.051378 0.141654 0.784719 0.014109
0.002894 0.000010 0.148427 0.191234 0.623182 0.034253
0.018674 0.014615 0.098485 0.198612 0.645565 0.024049
0.000010 0.000010 0.033390 0.167554 0.789313 0.009723
0.000010 0.000010 0.023246 0.170554 0.798179 0.008001
0.007871 0.009279 0.101878 0.151373 0.704085 0.025514
0.038023 0.066840 0.095413 0.153514 0.624844 0.021365
0.008328 0.049156 0.094163 0.161222 0.672898 0.014233
0.052473 0.039892 0.094271 0.120539 0.692815 0.000010
0.000010 0.000010 0.999950 0.000010 0.000010 0.000010
0.000010 0.000010 0.999950 0.000010 0.000010 0.000010
0.000339 0.000010 0.760552 0.026892 0.212196 0.000010
0.000010 0.000010 0.776650 0.011423 0.211897 0.000010
0.000010 0.000010 0.999950 0.000010 0.000010 0.000010
0.000010 0.000010 0.838408 0.004649 0.148507 0.008417
0.000010 0.000010 0.999950 0.000010 0.000010 0.000010
0.000010 0.000010 0.705677 0.046807 0.247486 0.000010
0.000010 0.000010 0.800933 0.013368 0.185669 0.000010
0.000010 0.000010 0.735014 0.054923 0.202020 0.008023
0.000010 0.000010 0.780071 0.021611 0.195011 0.003287
0.000010 0.000010 0.916251 0.000010 0.083709 0.000010
0.000010 0.000010 0.999950 0.000010 0.000010 0.000010
0.000010 0.000010 0.840538 0.004654 0.154777 0.000010
0.000010 0.000010 0.999950 0.000010 0.000010 0.000010
0.000010 0.000013 0.999947 0.000010 0.000010 0.000010
0.000010 0.000010 0.924215 0.000010 0.075745 0.000010
0.000010 0.000010 0.999950 0.000010 0.000010 0.000010
0.000010 0.000010 0.774263 0.036196 0.189510 0.000010
0.000010 0.000010 0.707606 0.040398 0.251966 0.000010
0.000010 0.018491 0.823352 0.033330 0.124807 0.000010
0.000010 0.000010 0.755524 0.063219 0.181227 0.000010
