0.000010 0.000010 0.000010 0.000010 0.000010 0.999920 0.000010 0.000010 0.000010
0.000010 0.253639 0.000010 0.201214 0.406679 0.060391 0.044146 0.033902 0.000010
0.000010 0.000010 0.000010 0.000010 0.000010 0.000010 0.000010 0.999920 0.000010
0.000010 0.999917 0.000010 0.000013 0.000010 0.000010 0.000010 0.000010 0.000010
0.000010 0.999920 0.000010 0.000010 0.000010 0.000010 0.000010 0.000010 0.000010
0.000010 0.999920 0.000010 0.000010 0.000010 0.000010 0.000010 0.000010 0.000010
0.000010 0.000010 0.000010 0.000010 0.000010 0.999920 0.000010 0.000010 0.000010
0.000010 0.000010 0.000010 0.000010 0.000010 0.000010 0.000010 0.999920 0.000010
0.000010 0.999920 0.000010 0.000010 0.000010 0.000010 0.000010 0.000010 0.000010
0.000010 0.999920 0.000010 0.000010 0.000010 0.000010 0.000010 0.000010 0.000010
0.000010 0.654189 0.000010 0.345741 0.000010 0.000010 0.000010 0.000010 0.000010
0.000010 0.000010 0.000010 0.000010 0.000010 0.000010 0.000010 0.999920 0.000010
0.000010 0.999915 0.000015 0.000010 0.000010 0.000010 0.000010 0.000010 0.000010
0.000010 0.999920 0.000010 0.000010 0.000010 0.000010 0.000010 0.000010 0.000010
0.000010 0.000010 0.000010 0.000010 0.000010 0.000010 0.000010 0.999920 0.000010
0.000010 0.999920 0.000010 0.000010 0.000010 0.000010 0.000010 0.000010 0.000010
0.000011 0.999919 0.000010 0.000010 0.000010 0.000010 0.000010 0.000010 0.000010
0.000010 0.000010 0.000010 0.000010 0.000010 0.000010 0.000010 0.999920 0.000010
0.000010 0.000010 0.000010 0.000010 0.000010 0.000010 0.000010 0.999920 0.000010
0.000010 0.000010 0.000010 0.999920 0.000010 0.000010 0.000010 0.000010 0.000010
0.000010 0.000010 0.000010 0.999920 0.000010 0.000010 0.000010 0.000010 0.000010
0.000010 0.000010 0.000010 0.999920 0.000010 0.000010 0.000010 0.000010 0.000010
0.000012 0.000010 0.000010 0.999918 0.000010 0.000010 0.000010 0.000010 0.000010
0.000010 0.000010 0.000010 0.999920 0.000010 0.000010 0.000010 0.000010 0.000010
0.000010 0.000010 0.000010 0.999920 0.000010 0.000010 0.000010 0.000010 0.000010
0.000010 0.000010 0.000010 0.999911 0.000010 0.000019 0.000010 0.000010 0.000010
0.000010 0.000010 0.000010 0.999920 0.000010 0.000010 0.000010 0.000010 0.000010
0.000010 0.000010 0.000010 0.999920 0.000010 0.000010 0.000010 0.000010 0.000010
0.000010 0.000010 0.000010 0.000010 0.000010 0.999920 0.000010 0.000010 0.000010
0.087998 0.000010 0.116108 0.281819 0.232980 0.000010 0.000010 0.089667 0.191398
0.000010 0.266595 0.000010 0.087299 0.549800 0.048704 0.012343 0.012758 0.022482
0.000010 0.000010 0.000010 0.999920 0.000010 0.000010 0.000010 0.000010 0.000010
0.189522 0.000010 0.049159 0.058983 0.626679 0.004957 0.070669 0.000010 0.000010
0.000012 0.029778 0.301553 0.000010 0.605242 0.000010 0.000010 0.063375 0.000010
0.193703 0.012610 0.300572 0.067650 0.396781 0.000010 0.000010 0.028655 0.000010
0.201628 0.000010 0.328511 0.000010 0.360919 0.000010 0.106672 0.002230 0.000010
0.000010 0.999920 0.000010 0.000010 0.000010 0.000010 0.000010 0.000010 0.000010
0.000010 0.078881 0.758392 0.000010 0.162667 0.000010 0.000010 0.000010 0.000010
0.450609 0.078528 0.126042 0.000010 0.000010 0.019105 0.235854 0.000010 0.089833
0.002080 0.000010 0.505025 0.000010 0.333933 0.000010 0.000010 0.093327 0.065595
0.000010 0.999920 0.000010 0.000010 0.000010 0.000010 0.000010 0.000010 0.000010
0.000010 0.000010 0.000010 0.000010 0.000010 0.999920 0.000010 0.000010 0.000010
0.185423 0.000010 0.297602 0.012581 0.355048 0.115406 0.000010 0.033910 0.000010
0.461407 0.000809 0.017857 0.025771 0.434064 0.060062 0.000010 0.000010 0.000010
0.000010 0.999920 0.000010 0.000010 0.000010 0.000010 0.000010 0.000010 0.000010
0.048132 0.000010 0.379970 0.021711 0.466855 0.083292 0.000010 0.000010 0.000010
0.230949 0.005621 0.399737 0.000010 0.251557 0.065637 0.000010 0.046469 0.000010
0.220511 0.000010 0.050710 0.040277 0.675641 0.000010 0.012821 0.000010 0.000010
0.322312 0.000010 0.296320 0.079390 0.199206 0.030622 0.000010 0.000010 0.072120
0.187022 0.000010 0.378991 0.000010 0.381046 0.000010 0.000010 0.052892 0.000010
0.548550 0.124664 0.078899 0.000010 0.126866 0.120981 0.000010 0.000010 0.000010
0.187399 0.000010 0.303000 0.000010 0.353340 0.118947 0.000010 0.000010 0.037274
0.148419 0.000010 0.357209 0.021601 0.472721 0.000010 0.000010 0.000010 0.000010
0.120854 0.000010 0.390129 0.000010 0.395680 0.069647 0.000010 0.023651 0.000010
0.086058 0.000010 0.339695 0.000010 0.543399 0.027654 0.000010 0.003155 0.000010
0.197230 0.007341 0.454363 0.022373 0.295928 0.022735 0.000010 0.000010 0.000010
0.132451 0.000010 0.347148 0.042520 0.477332 0.000010 0.000010 0.000509 0.000010
0.185591 0.000010 0.348876 0.000010 0.462202 0.003281 0.000010 0.000010 0.000010
0.186472 0.000010 0.350637 0.027764 0.435077 0.000010 0.000010 0.000010 0.000010
0.121601 0.000010 0.441188 0.000010 0.429577 0.000010 0.000010 0.007584 0.000010
0.057117 0.018660 0.238011 0.028790 0.594976 0.016842 0.001966 0.015102 0.028535
0.078881 0.050365 0.232517 0.021121 0.571490 0.015955 0.001730 0.012298 0.015643
0.061241 0.032315 0.267242 0.011992 0.569762 0.012155 0.000010 0.013291 0.031992
0.055412 0.043068 0.228027 0.031573 0.598372 0.016062 0.000010 0.001650 0.025827
0.060589 0.015010 0.264416 0.020482 0.605076 0.013800 0.000010 0.007777 0.012840
0.068067 0.003189 0.252310 0.033078 0.602373 0.007382 0.000010 0.010128 0.023464
0.052781 0.015606 0.232663 0.013886 0.640620 0.012406 0.000010 0.004556 0.027473
0.072689 0.017028 0.255958 0.027926 0.576185 0.009246 0.000010 0.022824 0.018133
0.015206 0.025348 0.254433 0.015136 0.665454 0.009415 0.002867 0.012131 0.000010
0.068961 0.112916 0.197077 0.048465 0.425614 0.032581 0.037414 0.018435 0.058537
0.106083 0.075994 0.203135 0.040530 0.506851 0.010719 0.000010 0.012437 0.044241
0.039769 0.007496 0.254385 0.008294 0.649974 0.016899 0.000010 0.023162 0.000010
0.000010 0.064445 0.000010 0.006156 0.346608 0.010631 0.000010 0.007660 0.564471
0.077149 0.017245 0.244229 0.008523 0.620215 0.013787 0.000010 0.013194 0.005649
0.058672 0.005650 0.283335 0.012808 0.575750 0.018828 0.005491 0.020869 0.018599
0.999920 0.000010 0.000010 0.000010 0.000010 0.000010 0.000010 0.000010 0.000010
0.999920 0.000010 0.000010 0.000010 0.000010 0.000010 0.000010 0.000010 0.000010
0.999920 0.000010 0.000010 0.000010 0.000010 0.000010 0.000010 0.000010 0.000010
0.999920 0.000010 0.000010 0.000010 0.000010 0.000010 0.000010 0.000010 0.000010
0.888986 0.000010 0.053366 0.000010 0.042519 0.004487 0.001088 0.001898 0.007636
0.999920 0.000010 0.000010 0.000010 0.000010 0.000010 0.000010 0.000010 0.000010
0.998348 0.000010 0.000010 0.000010 0.000010 0.000010 0.001582 0.000010 0.000010
0.999920 0.000010 0.000010 0.000010 0.000010 0.000010 0.000010 0.000010 0.000010
0.999920 0.000010 0.000010 0.000010 0.000010 0.000010 0.000010 0.000010 0.000010
0.943244 0.000010 0.031459 0.004571 0.007452 0.000010 0.013235 0.000010 0.000010
0.994236 0.000010 0.000010 0.000010 0.000010 0.005694 0.000010 0.000010 0.000010
0.895334 0.007635 0.073744 0.000010 0.000010 0.003826 0.010165 0.000010 0.009266
0.804022 0.000010 0.066109 0.012586 0.117233 0.000010 0.000010 0.000010 0.000010
0.999920 0.000010 0.000010 0.000010 0.000010 0.000010 0.000010 0.000010 0.000010
0.010787 0.060803 0.742606 0.000010 0.054524 0.008457 0.101716 0.000010 0.021086
0.030901 0.060964 0.727564 0.002806 0.043312 0.007318 0.116744 0.000010 0.010383
0.004360 0.073388 0.737362 0.013519 0.048082 0.009225 0.100823 0.000010 0.013232
0.063440 0.040437 0.709415 0.010205 0.057262 0.010827 0.089389 0.006251 0.012773
0.000010 0.085766 0.800146 0.000010 0.003343 0.010105 0.078087 0.009243 0.013289
0.042536 0.048075 0.685276 0.009724 0.088950 0.003123 0.099220 0.000010 0.023085
0.024955 0.070972 0.748520 0.007351 0.001071 0.014733 0.098972 0.000010 0.033415
0.000010 0.075100 0.752306 0.022011 0.006315 0.003369 0.103853 0.008862 0.028173
0.386781 0.000010 0.464189 0.000010 0.112941 0.004814 0.025957 0.005288 0.000010
0.357197 0.000010 0.451631 0.000010 0.157066 0.005009 0.016644 0.012423 0.000010
0.398094 0.000010 0.437452 0.006056 0.116348 0.000010 0.023449 0.013138 0.005444
0.382378 0.004637 0.449824 0.003801 0.131514 0.000010 0.027817 0.000010 0.000010
0.367946 0.000010 0.490025 0.002197 0.101239 0.000010 0.025362 0.000010 0.013201
0.344885 0.000010 0.445626 0.000010 0.159946 0.003752 0.033245 0.012515 0.000010
0.393897 0.000010 0.445422 0.010966 0.108320 0.008704 0.012117 0.003963 0.016601
0.393706 0.000767 0.444747 0.016306 0.105191 0.010566 0.028696 0.000010 0.000010
0.374520 0.000010 0.483571 0.000010 0.123479 0.007117 0.000161 0.000010 0.011122
0.407347 0.000010 0.429850 0.000010 0.130739 0.000010 0.029070 0.002954 0.000010
0.398134 0.000010 0.438817 0.008425 0.099346 0.005152 0.041335 0.006500 0.002282
0.360878 0.000010 0.433143 0.002399 0.146121 0.006739 0.044581 0.000010 0.006118
0.359138 0.000010 0.470205 0.000010 0.163727 0.000010 0.006881 0.000010 0.000010
0.395625 0.000010 0.435293 0.000010 0.148663 0.000010 0.011160 0.009220 0.000010
0.354634 0.000010 0.456770 0.007564 0.147979 0.008198 0.021646 0.001141 0.002058
0.393094 0.000010 0.423339 0.020570 0.112179 0.000010 0.036934 0.009761 0.004103
0.366303 0.000010 0.459786 0.000010 0.120991 0.000021 0.029039 0.000013 0.023827
0.367866 0.000010 0.466868 0.000010 0.135920 0.001779 0.020022 0.007515 0.000010
0.370309 0.000010 0.435339 0.003800 0.158626 0.000332 0.029326 0.002247 0.000010
0.399131 0.000010 0.458906 0.000010 0.100121 0.002618 0.038662 0.000010 0.000532
0.397754 0.000010 0.474231 0.008477 0.111254 0.000010 0.000102 0.008152 0.000010
0.393859 0.000010 0.465479 0.000010 0.136193 0.004417 0.000013 0.000010 0.000010
0.357298 0.000010 0.471651 0.003832 0.142232 0.000010 0.024946 0.000010 0.000010
0.402052 0.000010 0.455303 0.000010 0.112786 0.006403 0.019805 0.003622 0.000010
0.358960 0.009389 0.463414 0.011283 0.115365 0.000010 0.020616 0.013872 0.007090
0.326021 0.000010 0.474745 0.000010 0.141051 0.001686 0.049262 0.007204 0.000010
0.087583 0.000010 0.671468 0.020792 0.098806 0.000010 0.119059 0.002263 0.000010
0.141254 0.000010 0.538194 0.000010 0.244300 0.006945 0.069267 0.000010 0.000010
0.055159 0.000010 0.707363 0.003709 0.109243 0.000010 0.119723 0.004773 0.000010
0.154354 0.000010 0.455426 0.008601 0.326031 0.009839 0.038626 0.006289 0.000823
0.151489 0.000010 0.551393 0.009006 0.231823 0.000010 0.040344 0.005808 0.010116
0.076459 0.007613 0.652775 0.006851 0.149636 0.007818 0.091811 0.000690 0.006347
0.052646 0.003478 0.740730 0.001518 0.058302 0.001515 0.124508 0.000010 0.017293
0.114609 0.000010 0.575759 0.004753 0.253836 0.000010 0.038589 0.006938 0.005497
0.164668 0.000010 0.521646 0.008896 0.242924 0.015830 0.041365 0.004652 0.000010
0.080917 0.008018 0.636664 0.000010 0.163428 0.013851 0.076888 0.005065 0.015160
0.074425 0.001662 0.718213 0.000010 0.077580 0.004240 0.115294 0.004626 0.003951
0.127503 0.000010 0.630426 0.001688 0.126105 0.002109 0.096063 0.016086 0.000010
0.388744 0.000010 0.440706 0.019758 0.129870 0.000011 0.017416 0.003474 0.000010
0.380284 0.002407 0.470931 0.000010 0.120515 0.002823 0.007917 0.000010 0.015104
0.114334 0.009602 0.644189 0.003191 0.136212 0.000018 0.092434 0.000010 0.000010
0.081718 0.025149 0.730319 0.011014 0.010339 0.000010 0.117087 0.011342 0.013021
0.069018 0.000017 0.669005 0.000010 0.139699 0.000555 0.091153 0.000010 0.030532
0.179263 0.007141 0.484472 0.008391 0.254958 0.000010 0.065744 0.000010 0.000010
0.149937 0.000010 0.566221 0.000010 0.232144 0.007933 0.038079 0.005655 0.000010
0.058162 0.008124 0.713832 0.000010 0.100811 0.002728 0.105520 0.001581 0.009231
0.123003 0.000010 0.629087 0.011610 0.142437 0.002278 0.070649 0.002934 0.017991
0.062979 0.000010 0.738640 0.000010 0.078061 0.010757 0.109523 0.000010 0.000010
0.079894 0.000010 0.675903 0.009300 0.096065 0.000010 0.115142 0.000795 0.022882
0.063986 0.012429 0.716450 0.000010 0.070071 0.007314 0.109169 0.006561 0.014009
0.118610 0.000010 0.640856 0.000010 0.170329 0.007764 0.061336 0.001075 0.000010
0.364033 0.000010 0.439088 0.012330 0.132479 0.000848 0.039341 0.006542 0.005330
0.131583 0.000010 0.506086 0.000010 0.304920 0.012140 0.040156 0.005084 0.000010
0.108844 0.000010 0.612368 0.002120 0.154568 0.005449 0.112229 0.004402 0.000010
0.097939 0.002086 0.572412 0.000992 0.208195 0.003653 0.092096 0.014630 0.007997
0.080977 0.000010 0.681503 0.000010 0.094316 0.010133 0.114257 0.005749 0.013046
0.065800 0.000010 0.732576 0.003460 0.068845 0.002958 0.121809 0.002289 0.002253
0.151797 0.000010 0.536430 0.000010 0.239166 0.000020 0.059729 0.012829 0.000010
0.089159 0.000010 0.641115 0.006160 0.168720 0.010296 0.084521 0.000010 0.000010
0.082699 0.000010 0.641674 0.003984 0.164985 0.008903 0.090249 0.007486 0.000010
0.162433 0.000010 0.482477 0.000010 0.315109 0.000010 0.039653 0.000288 0.000010
0.148848 0.000010 0.516224 0.000010 0.258894 0.004100 0.066759 0.005146 0.000010
0.083399 0.000010 0.622927 0.001921 0.189363 0.002582 0.085504 0.011591 0.002703
0.083727 0.000010 0.540885 0.009842 0.281428 0.000010 0.076602 0.005975 0.001521
0.075884 0.000010 0.626663 0.000010 0.211545 0.000665 0.073793 0.011421 0.000010
0.105391 0.006932 0.589367 0.021480 0.193301 0.003752 0.070116 0.009651 0.000010
0.112968 0.008457 0.556168 0.000010 0.259816 0.004957 0.052454 0.001948 0.003222
0.129039 0.000010 0.539390 0.019486 0.220453 0.000010 0.091592 0.000010 0.000010
0.106433 0.000010 0.601045 0.000010 0.204060 0.000010 0.083441 0.004981 0.000010
0.074861 0.000010 0.588888 0.000010 0.268630 0.011565 0.055151 0.000010 0.000875
0.079274 0.000010 0.642455 0.001542 0.178856 0.023614 0.061419 0.000010 0.012820
0.109288 0.000010 0.532977 0.000010 0.294220 0.000010 0.058410 0.005065 0.000010
0.082589 0.013688 0.402860 0.000010 0.462694 0.008723 0.018898 0.010528 0.000010
0.026342 0.020868 0.364129 0.000010 0.532876 0.006769 0.034204 0.014792 0.000010
0.038893 0.023418 0.354843 0.014628 0.533800 0.004784 0.029615 0.000010 0.000010
0.025794 0.004512 0.124891 0.001233 0.811656 0.018623 0.000010 0.013271 0.000010
0.062651 0.008307 0.312426 0.003214 0.537800 0.006881 0.029721 0.002406 0.036593
0.028478 0.018487 0.367880 0.000010 0.524931 0.012501 0.023069 0.000010 0.024635
0.039204 0.002088 0.379626 0.000010 0.528224 0.006541 0.029416 0.000010 0.014882
0.011923 0.015406 0.358692 0.003998 0.561764 0.000010 0.010129 0.003802 0.034276
0.087884 0.000011 0.536456 0.007911 0.297616 0.000010 0.067481 0.001668 0.000963
0.051143 0.008424 0.348096 0.014589 0.537928 0.000010 0.022213 0.011164 0.006432
0.037126 0.000010 0.659534 0.002767 0.203066 0.010880 0.071214 0.015393 0.000010
0.065440 0.000010 0.627358 0.012895 0.228561 0.000010 0.055653 0.005968 0.004105
0.049537 0.015189 0.668673 0.000010 0.181417 0.002306 0.058795 0.005707 0.018365
0.045529 0.010912 0.645879 0.000010 0.209745 0.007209 0.060170 0.018300 0.002246
0.054523 0.000010 0.619472 0.007267 0.199920 0.009375 0.088618 0.015470 0.005345
0.050333 0.010182 0.639848 0.002914 0.207722 0.010752 0.069465 0.008774 0.000010
0.067406 0.002073 0.638055 0.000010 0.221797 0.012602 0.058038 0.000010 0.000010
0.071624 0.000010 0.631714 0.000010 0.205944 0.009097 0.076350 0.000010 0.005242
0.038592 0.000010 0.645812 0.010505 0.226603 0.000010 0.064422 0.000010 0.014035
0.066927 0.023134 0.652015 0.010697 0.157342 0.010798 0.066045 0.000775 0.012268
0.783983 0.000010 0.053121 0.000010 0.157800 0.000010 0.000010 0.005046 0.000010
0.482785 0.000010 0.260767 0.002720 0.233728 0.012582 0.000010 0.004766 0.002632
0.605337 0.001715 0.215680 0.003061 0.138333 0.000010 0.010348 0.014437 0.011078
0.748185 0.000011 0.114536 0.006491 0.122109 0.002572 0.002940 0.000010 0.003147
0.642487 0.011563 0.173396 0.001077 0.147588 0.003169 0.003679 0.000010 0.017031
0.536172 0.000010 0.198764 0.000845 0.222573 0.000010 0.026566 0.002336 0.012724
0.657671 0.000017 0.166810 0.015719 0.138118 0.000010 0.017287 0.000010 0.004358
0.867394 0.000010 0.051921 0.000010 0.073574 0.007061 0.000010 0.000010 0.000010
0.494514 0.017964 0.236842 0.008966 0.198433 0.000010 0.036806 0.006456 0.000010
0.545172 0.000011 0.240696 0.000010 0.200342 0.000010 0.000010 0.013739 0.000010
0.475988 0.005492 0.280507 0.000010 0.213034 0.012239 0.011561 0.000775 0.000394
0.454786 0.005631 0.275875 0.000010 0.239828 0.003994 0.000010 0.007830 0.012034
0.539068 0.013810 0.231301 0.005575 0.157592 0.004026 0.018436 0.005650 0.024541
0.521126 0.012364 0.264126 0.000010 0.179944 0.000010 0.000010 0.000010 0.022401
0.533956 0.006351 0.245067 0.004309 0.188443 0.003016 0.007951 0.010897 0.000010
0.539551 0.004988 0.266531 0.009732 0.173418 0.000010 0.005750 0.000010 0.000010
0.520869 0.000010 0.269902 0.010613 0.178243 0.001015 0.000010 0.019328 0.000010
0.519973 0.000010 0.270462 0.003038 0.192122 0.006579 0.000010 0.005670 0.002136
0.380830 0.024834 0.299660 0.011798 0.249007 0.007830 0.022173 0.000010 0.003858
0.305790 0.007728 0.394585 0.000010 0.247681 0.000010 0.030368 0.000010 0.013819
0.299680 0.006271 0.374935 0.002971 0.272103 0.004274 0.010270 0.013033 0.016462
0.342254 0.015167 0.365184 0.000010 0.246699 0.000010 0.023661 0.001932 0.005083
0.314066 0.000010 0.336434 0.000010 0.270525 0.000010 0.041381 0.000286 0.037277
0.284329 0.007906 0.378700 0.000010 0.267168 0.011748 0.033230 0.005236 0.011674
0.460254 0.000010 0.294324 0.001847 0.219791 0.005617 0.013511 0.004637 0.000010
0.716619 0.003685 0.152937 0.000010 0.108179 0.000010 0.000010 0.013518 0.005031
0.737963 0.000010 0.154469 0.000010 0.107509 0.000010 0.000010 0.000010 0.000010
0.435193 0.014405 0.327342 0.015066 0.196347 0.000010 0.000261 0.011365 0.000010
0.460566 0.011156 0.319961 0.003835 0.181772 0.015715 0.006975 0.000010 0.000010
0.765678 0.000010 0.143199 0.000323 0.057375 0.015013 0.000010 0.012734 0.005658
0.480450 0.000010 0.283081 0.000010 0.215423 0.000010 0.011171 0.000010 0.009835
0.627329 0.002174 0.212716 0.000010 0.140552 0.001418 0.005100 0.010691 0.000010
0.380947 0.000010 0.309997 0.000010 0.289408 0.002865 0.015672 0.001081 0.000010
0.431113 0.000011 0.311313 0.016297 0.221691 0.005064 0.010286 0.004214 0.000010
0.415492 0.000010 0.325833 0.000010 0.220028 0.000010 0.025672 0.012935 0.000010
0.372405 0.000010 0.324969 0.011900 0.248512 0.002438 0.015587 0.015282 0.008897
0.405625 0.000010 0.335174 0.010889 0.200202 0.000010 0.031653 0.001835 0.014602
0.388841 0.012804 0.330692 0.000427 0.239910 0.000010 0.001630 0.000010 0.025675
0.366356 0.000010 0.317625 0.008135 0.259607 0.011023 0.027226 0.009521 0.000497
0.175020 0.000010 0.474885 0.000680 0.319259 0.006625 0.016644 0.000010 0.006867
0.169128 0.016586 0.450924 0.016013 0.282479 0.011783 0.053066 0.000010 0.000010
0.169678 0.000010 0.471838 0.000010 0.353278 0.002492 0.000010 0.002673 0.000010
0.189766 0.014127 0.441082 0.003842 0.308794 0.012864 0.023400 0.000010 0.006115
0.169517 0.000010 0.475214 0.000010 0.323353 0.000010 0.009593 0.022283 0.000010
0.177857 0.007345 0.439755 0.000220 0.327394 0.011956 0.026359 0.003810 0.005305
0.185530 0.000010 0.476425 0.000010 0.282383 0.009762 0.021620 0.003301 0.020959
0.157169 0.000010 0.511180 0.003439 0.271805 0.000010 0.042252 0.014124 0.000010
0.204303 0.000762 0.422472 0.004201 0.327790 0.006372 0.026282 0.007807 0.000010
0.168209 0.003167 0.462849 0.012954 0.285645 0.002954 0.025348 0.001815 0.037059
0.007376 0.015297 0.786304 0.000010 0.013398 0.006037 0.130117 0.005539 0.035921
0.000010 0.012900 0.838613 0.008518 0.020364 0.000010 0.113135 0.003359 0.003091
0.000010 0.011972 0.844349 0.005672 0.000010 0.002832 0.131410 0.003734 0.000010
0.000010 0.006088 0.825371 0.000010 0.000010 0.000010 0.147082 0.013287 0.008131
0.003089 0.006262 0.796714 0.006480 0.013696 0.007563 0.132493 0.011616 0.022087
0.000010 0.006158 0.845219 0.000010 0.000010 0.000010 0.127239 0.018783 0.002561
0.007908 0.023301 0.775184 0.001795 0.000010 0.000246 0.149027 0.000010 0.042518
0.014641 0.021805 0.789081 0.000681 0.027815 0.003412 0.129370 0.009686 0.003510
0.009190 0.009269 0.833352 0.000010 0.000010 0.003398 0.110997 0.014077 0.019696
0.000010 0.024580 0.809683 0.000010 0.000177 0.004056 0.138949 0.018568 0.003968
0.002724 0.014896 0.708647 0.018975 0.156350 0.000941 0.060564 0.009030 0.027873
0.000010 0.032171 0.805661 0.007978 0.064106 0.004955 0.039087 0.001129 0.044904
0.000010 0.040680 0.708790 0.019845 0.152480 0.000010 0.043577 0.000338 0.034271
0.000010 0.046391 0.730415 0.012418 0.132264 0.007064 0.059315 0.000010 0.012113
0.000010 0.043885 0.764870 0.027005 0.082853 0.000010 0.060970 0.000010 0.020388
0.000010 0.027018 0.771878 0.011347 0.076817 0.015083 0.054789 0.006454 0.036606
0.009171 0.027668 0.695099 0.005032 0.165762 0.015647 0.066489 0.002441 0.012692
0.011261 0.000010 0.714034 0.023205 0.182179 0.012223 0.046674 0.010404 0.000010
0.043325 0.000010 0.749545 0.009841 0.091534 0.015332 0.081481 0.008922 0.000010
0.085601 0.000010 0.635926 0.014910 0.163543 0.004702 0.078863 0.016435 0.000010
0.118003 0.000010 0.682558 0.012682 0.115904 0.000482 0.053539 0.004059 0.012764
0.049755 0.000010 0.739299 0.016288 0.118036 0.000010 0.053653 0.008573 0.014377
0.041374 0.002239 0.705835 0.003488 0.140858 0.017255 0.070927 0.018013 0.000010
0.066619 0.003609 0.674608 0.000010 0.153732 0.006120 0.087256 0.008036 0.000010
0.080497 0.005884 0.715249 0.000010 0.096277 0.001310 0.083242 0.010193 0.007338
0.084341 0.000431 0.650484 0.005102 0.152272 0.007883 0.086455 0.013022 0.000010
0.058197 0.000010 0.687075 0.019821 0.140881 0.013657 0.080340 0.000010 0.000010
0.085290 0.000311 0.674812 0.017491 0.130317 0.010831 0.080928 0.000010 0.000010
0.102161 0.017647 0.382967 0.000010 0.443386 0.004579 0.029806 0.009436 0.010009
0.062054 0.000655 0.383926 0.011241 0.468461 0.011558 0.028778 0.015016 0.018310
0.050534 0.000010 0.390836 0.000010 0.517140 0.014353 0.005489 0.018462 0.003166
0.067341 0.014977 0.325907 0.019494 0.527283 0.014767 0.018108 0.002861 0.009262
0.059016 0.012666 0.327246 0.011409 0.509169 0.003154 0.032603 0.004522 0.040215
0.035013 0.005175 0.379339 0.000010 0.538490 0.018519 0.000010 0.006700 0.016745
0.071366 0.000010 0.340869 0.001288 0.544295 0.011293 0.000010 0.008920 0.021948
0.067696 0.012847 0.321046 0.017293 0.548282 0.015032 0.012234 0.005560 0.000010
0.058220 0.005774 0.324647 0.011757 0.555284 0.002091 0.016787 0.004283 0.021156
0.176947 0.006093 0.316546 0.021302 0.424755 0.000010 0.026140 0.004053 0.024155
0.134899 0.026613 0.308136 0.023062 0.419238 0.010163 0.025239 0.011967 0.040683
0.143156 0.024533 0.270588 0.003164 0.479577 0.000010 0.000010 0.023209 0.055755
0.188651 0.032247 0.312959 0.000479 0.385180 0.010472 0.019576 0.010655 0.039780
0.185769 0.017745 0.355924 0.010370 0.376490 0.006890 0.008429 0.000010 0.038373
0.156950 0.015989 0.352575 0.015989 0.409579 0.006944 0.016259 0.005342 0.020374
0.209145 0.021646 0.317947 0.014691 0.387840 0.009175 0.019131 0.001474 0.018952
0.129361 0.026988 0.357641 0.009832 0.427800 0.015467 0.021094 0.000010 0.011808
0.163678 0.027616 0.329594 0.016812 0.380989 0.001863 0.026080 0.007608 0.045760
0.177342 0.021732 0.315611 0.029795 0.396533 0.003056 0.000010 0.000609 0.055311
0.000010 0.000010 0.000010 0.000010 0.000010 0.000010 0.999920 0.000010 0.000010
0.000010 0.000010 0.000010 0.000010 0.000010 0.000010 0.999920 0.000010 0.000010
0.000010 0.000010 0.552837 0.000010 0.000010 0.000010 0.447093 0.000010 0.000010
0.182866 0.000010 0.488783 0.007426 0.290085 0.000010 0.020421 0.002851 0.007548
0.000010 0.000010 0.000010 0.000010 0.000010 0.000010 0.999920 0.000010 0.000010
0.000010 0.000010 0.000010 0.000010 0.000010 0.000010 0.999920 0.000010 0.000010
0.000010 0.000010 0.504834 0.000010 0.000010 0.000010 0.495096 0.000010 0.000010
0.329893 0.000010 0.468050 0.000010 0.153844 0.000690 0.025730 0.021762 0.000010
0.000010 0.000010 0.000010 0.000010 0.000010 0.000010 0.999920 0.000010 0.000010
0.000010 0.000010 0.524698 0.000010 0.000010 0.000010 0.475232 0.000010 0.000010
0.000010 0.000010 0.532327 0.000010 0.000010 0.000010 0.467603 0.000010 0.000010
0.318454 0.000010 0.453053 0.012614 0.162775 0.008494 0.025315 0.010994 0.008291
0.000010 0.000010 0.549842 0.000010 0.000010 0.000010 0.450088 0.000010 0.000010
0.000010 0.000010 0.512048 0.000010 0.000010 0.000010 0.487882 0.000010 0.000010
0.000010 0.000010 0.000010 0.000010 0.000010 0.000010 0.999920 0.000010 0.000010
0.000010 0.000010 0.565771 0.000010 0.000010 0.000010 0.434159 0.000010 0.000010
0.000010 0.000010 0.000010 0.000010 0.000010 0.000010 0.999920 0.000010 0.000010
0.000010 0.000010 0.520877 0.000010 0.000010 0.000010 0.479045 0.000017 0.000010
0.299779 0.000010 0.406759 0.000010 0.261556 0.000010 0.031856 0.000010 0.000010
0.000010 0.000010 0.000010 0.000010 0.000010 0.000010 0.999920 0.000010 0.000010
0.000010 0.000010 0.558686 0.000010 0.000010 0.000010 0.441244 0.000010 0.000010
0.307979 0.000010 0.398187 0.006651 0.199106 0.012628 0.056210 0.005096 0.014134
0.000010 0.000010 0.000010 0.000010 0.000010 0.000010 0.999920 0.000010 0.000010
0.000010 0.000010 0.536134 0.000010 0.000010 0.000010 0.463796 0.000010 0.000010
0.341911 0.000010 0.431111 0.000010 0.187117 0.003618 0.033726 0.002487 0.000010
0.015851 0.027046 0.780278 0.001079 0.040189 0.012478 0.113965 0.006539 0.002575
0.022894 0.010897 0.787686 0.017108 0.056101 0.005774 0.087953 0.004996 0.006591
0.028744 0.033776 0.810132 0.000010 0.025803 0.007721 0.088842 0.004962 0.000010
0.038428 0.018485 0.768355 0.000010 0.009022 0.013367 0.113347 0.007606 0.031382
0.041306 0.029711 0.765197 0.000010 0.015032 0.006798 0.118472 0.009667 0.013809
0.048433 0.036475 0.763238 0.016350 0.007171 0.000010 0.114134 0.000951 0.013237
0.033810 0.017565 0.815658 0.008122 0.036550 0.000010 0.088265 0.000010 0.000010
0.022812 0.004103 0.787719 0.008597 0.012946 0.001490 0.123055 0.000010 0.039269
0.043271 0.061105 0.687413 0.025614 0.063368 0.000010 0.082802 0.011461 0.024955
0.021918 0.014519 0.775338 0.014894 0.030598 0.005466 0.116594 0.009531 0.011141
0.000010 0.122739 0.877191 0.000010 0.000010 0.000010 0.000010 0.000010 0.000010
0.035485 0.075568 0.668180 0.025454 0.054497 0.006905 0.099202 0.001279 0.033430
0.066416 0.033628 0.655704 0.000010 0.125000 0.004804 0.097272 0.006125 0.011042
0.044296 0.071521 0.663893 0.004519 0.083132 0.014833 0.085149 0.000010 0.032647
0.068474 0.045807 0.701244 0.012647 0.061947 0.003652 0.079487 0.011769 0.014972
0.000010 0.127627 0.872300 0.000010 0.000010 0.000014 0.000010 0.000010 0.000010
0.000010 0.126423 0.871444 0.000010 0.000010 0.000010 0.000010 0.000010 0.002073
0.051732 0.059397 0.664211 0.014965 0.077222 0.002135 0.098916 0.008896 0.022526
0.810106 0.000010 0.133900 0.005646 0.050298 0.000010 0.000010 0.000010 0.000010
0.945941 0.007368 0.021792 0.000010 0.019332 0.000019 0.005517 0.000010 0.000010
0.999920 0.000010 0.000010 0.000010 0.000010 0.000010 0.000010 0.000010 0.000010
0.982589 0.000010 0.000010 0.000010 0.006857 0.000013 0.008510 0.000010 0.001991
0.992190 0.000010 0.000010 0.000010 0.000010 0.000010 0.007740 0.000010 0.000010
0.958747 0.004506 0.000010 0.000010 0.025339 0.010038 0.000010 0.001331 0.000010
0.981298 0.014409 0.000010 0.000010 0.000010 0.001734 0.000010 0.000010 0.002509
0.957281 0.000010 0.031923 0.003383 0.001682 0.000010 0.000010 0.005692 0.000010
0.999920 0.000010 0.000010 0.000010 0.000010 0.000010 0.000010 0.000010 0.000010
0.999920 0.000010 0.000010 0.000010 0.000010 0.000010 0.000010 0.000010 0.000010
0.999920 0.000010 0.000010 0.000010 0.000010 0.000010 0.000010 0.000010 0.000010
0.189649 0.005451 0.347067 0.000010 0.380969 0.014301 0.025684 0.020577 0.016292
0.193436 0.020205 0.364176 0.007967 0.335548 0.002109 0.035335 0.017005 0.024219
0.121028 0.028741 0.348235 0.000010 0.460599 0.004081 0.028059 0.005026 0.004223
0.159590 0.022553 0.389460 0.005810 0.387850 0.003148 0.031569 0.000010 0.000010
0.129354 0.024029 0.276709 0.005800 0.508067 0.014066 0.001636 0.015482 0.024858
0.015464 0.048761 0.019106 0.012523 0.492969 0.027572 0.013455 0.016685 0.353465
0.068285 0.064826 0.070906 0.026099 0.639883 0.021530 0.000010 0.028472 0.079990
0.000010 0.043514 0.012389 0.021027 0.356971 0.006340 0.021206 0.015534 0.523010
0.038969 0.069686 0.033774 0.008572 0.535419 0.015376 0.000010 0.026245 0.271950
0.051455 0.035526 0.047703 0.014751 0.770490 0.010848 0.013364 0.010061 0.045803
0.040631 0.028009 0.058527 0.000010 0.832440 0.004925 0.000488 0.000010 0.034960
0.062916 0.029920 0.063257 0.000028 0.780971 0.010716 0.000010 0.017075 0.035107
0.059931 0.016854 0.043995 0.008330 0.779976 0.006307 0.020292 0.020051 0.044264
0.038097 0.032536 0.067974 0.025617 0.784516 0.000010 0.000010 0.009103 0.042137
0.034929 0.049856 0.041363 0.001871 0.781610 0.014652 0.007317 0.011020 0.057382
0.063733 0.037525 0.056714 0.010714 0.739432 0.006080 0.000010 0.012431 0.073361
0.039102 0.018913 0.062329 0.000010 0.841619 0.000978 0.000010 0.000387 0.036653
0.050366 0.030909 0.055377 0.003755 0.792568 0.019264 0.021197 0.000010 0.026555
0.024986 0.056955 0.061243 0.017242 0.733614 0.013074 0.000010 0.006369 0.086508
0.073693 0.005736 0.123632 0.015545 0.727241 0.012905 0.001028 0.011277 0.028943
0.130105 0.060287 0.195334 0.000010 0.567560 0.005886 0.015419 0.000263 0.025135
0.059285 0.049052 0.064573 0.000010 0.774597 0.002971 0.000010 0.000010 0.049491
0.084588 0.034115 0.124981 0.021470 0.651995 0.008961 0.000010 0.018155 0.055726
0.183022 0.016683 0.413048 0.008432 0.361454 0.000010 0.000010 0.012001 0.005341
0.069756 0.045937 0.087939 0.007763 0.745214 0.000010 0.000010 0.000010 0.043360
0.110039 0.055897 0.099654 0.004178 0.670936 0.019375 0.003614 0.000010 0.036297
0.091019 0.055433 0.189453 0.021242 0.564332 0.012224 0.015282 0.016675 0.034340
0.010877 0.126553 0.016990 0.017854 0.711594 0.020256 0.002020 0.020197 0.073658
0.155064 0.062578 0.081685 0.029299 0.632861 0.001449 0.000296 0.006789 0.029979
0.030643 0.083194 0.034243 0.019275 0.685237 0.012192 0.018405 0.034460 0.082351
0.164560 0.042333 0.133518 0.012539 0.588918 0.005643 0.000010 0.007124 0.045354
0.039208 0.110317 0.047676 0.018755 0.650617 0.015323 0.007036 0.000010 0.111057
0.163712 0.051332 0.089922 0.000010 0.628729 0.007020 0.014661 0.005181 0.039433
0.051447 0.113924 0.021619 0.028710 0.647366 0.028817 0.022071 0.018769 0.067277
0.006428 0.000010 0.169136 0.000010 0.784368 0.008968 0.002984 0.000010 0.028086
0.045575 0.102484 0.049585 0.039176 0.661898 0.015783 0.002464 0.010140 0.072895
0.036388 0.005721 0.182401 0.000010 0.770105 0.005345 0.000010 0.000010 0.000010
0.044083 0.071168 0.047086 0.013624 0.728969 0.014072 0.006817 0.014369 0.059812
0.000010 0.000010 0.200992 0.000010 0.784952 0.007192 0.006814 0.000010 0.000010
0.185146 0.030655 0.145573 0.002401 0.539600 0.013640 0.023790 0.007463 0.051731
0.013402 0.123218 0.020797 0.025706 0.673585 0.038183 0.001669 0.024345 0.079098
0.048090 0.030569 0.270922 0.014706 0.570289 0.006102 0.014696 0.016312 0.028313
0.143743 0.035882 0.115181 0.010154 0.637375 0.011228 0.008208 0.018998 0.019232
0.007219 0.100703 0.029115 0.040575 0.681598 0.018864 0.009026 0.025754 0.087146
0.139318 0.035284 0.102247 0.018044 0.635421 0.018174 0.007508 0.016140 0.027863
0.044782 0.038922 0.033863 0.000010 0.799092 0.017967 0.007454 0.011117 0.046793
0.166396 0.025744 0.386150 0.017049 0.355093 0.007474 0.000209 0.000025 0.041859
0.083176 0.037300 0.069508 0.012447 0.741463 0.013674 0.005309 0.006826 0.030297
0.060027 0.029613 0.250756 0.000107 0.612242 0.000010 0.033520 0.000010 0.013715
0.065041 0.028150 0.055885 0.013878 0.768325 0.006152 0.018864 0.000010 0.043695
0.044664 0.009878 0.254584 0.000010 0.645093 0.000010 0.045741 0.000010 0.000010
0.016858 0.097936 0.020512 0.025124 0.683051 0.015379 0.000010 0.035241 0.105889
0.033529 0.007947 0.094510 0.000010 0.829232 0.008823 0.006771 0.000010 0.019167
0.062776 0.055876 0.108505 0.005746 0.709955 0.000010 0.000010 0.005889 0.051233
0.012420 0.018497 0.098034 0.000010 0.834102 0.007751 0.000010 0.007360 0.021816
0.033518 0.102612 0.017873 0.036130 0.651942 0.031406 0.022891 0.023632 0.079996
0.023833 0.008134 0.113393 0.000010 0.843430 0.000010 0.000010 0.000010 0.011171
0.034890 0.012949 0.092095 0.000010 0.853608 0.000010 0.004102 0.001122 0.001214
0.041294 0.070736 0.023173 0.015800 0.764174 0.007943 0.004067 0.026116 0.046697
0.147018 0.001325 0.390033 0.000010 0.386447 0.004815 0.058633 0.011709 0.000010
0.068286 0.021928 0.179469 0.010928 0.691038 0.000010 0.006814 0.000010 0.021518
0.045101 0.049435 0.061817 0.008892 0.760648 0.000010 0.000010 0.004427 0.069660
0.106884 0.000010 0.607120 0.012811 0.215075 0.000760 0.054400 0.002929 0.000010
0.032222 0.007213 0.094108 0.008125 0.775211 0.014410 0.022564 0.016714 0.029433
0.000741 0.091838 0.039928 0.038937 0.709342 0.014693 0.010441 0.024407 0.069672
0.014907 0.000010 0.113312 0.005528 0.856047 0.005955 0.000010 0.000010 0.004220
0.069249 0.015599 0.055296 0.000010 0.845135 0.002989 0.000010 0.006520 0.005193
0.035601 0.118562 0.028013 0.058493 0.598127 0.030067 0.011157 0.029631 0.090351
0.078670 0.000010 0.166115 0.000010 0.734015 0.000010 0.000010 0.006303 0.014857
0.050111 0.000010 0.076175 0.007847 0.823945 0.006807 0.000010 0.002203 0.032893
0.000010 0.091707 0.016164 0.030332 0.690637 0.013933 0.014910 0.020790 0.121516
0.051032 0.017116 0.116715 0.001507 0.776130 0.001590 0.023703 0.012197 0.000010
0.040577 0.044012 0.014960 0.003489 0.863692 0.005736 0.000010 0.000010 0.027515
0.061068 0.091781 0.061575 0.041183 0.625771 0.006160 0.009673 0.012711 0.090079
0.140394 0.002186 0.524580 0.000010 0.278092 0.004696 0.049780 0.000010 0.000251
0.054334 0.014220 0.236354 0.000010 0.658275 0.000668 0.007512 0.000010 0.028617
0.014015 0.088550 0.017227 0.055911 0.674183 0.012852 0.020332 0.015485 0.101445
0.080173 0.011914 0.069054 0.013738 0.780231 0.005057 0.001291 0.020719 0.017822
0.079053 0.000010 0.592031 0.000010 0.243314 0.000010 0.079489 0.006073 0.000010
0.000010 0.128526 0.000010 0.018178 0.703624 0.021130 0.020857 0.025490 0.082174
0.055767 0.036383 0.072320 0.000384 0.823843 0.000010 0.000010 0.001894 0.009389
0.114852 0.000010 0.450081 0.000010 0.338768 0.005327 0.068714 0.005831 0.016408
0.086198 0.078622 0.074409 0.021599 0.638796 0.016066 0.011314 0.003198 0.069799
0.083549 0.000469 0.406794 0.002142 0.427298 0.011517 0.044129 0.000010 0.024092
0.032118 0.032735 0.079311 0.000010 0.826874 0.000012 0.000010 0.000010 0.028920
0.033740 0.108300 0.067309 0.021696 0.641853 0.029198 0.000010 0.022867 0.075028
0.176962 0.038944 0.135221 0.027350 0.569415 0.000010 0.019277 0.001144 0.031676
0.078450 0.000010 0.323049 0.018528 0.506232 0.014716 0.041575 0.000010 0.017431
0.000010 0.092450 0.000010 0.028544 0.687215 0.030061 0.026243 0.038346 0.097121
0.147856 0.044011 0.127298 0.008248 0.639289 0.003577 0.000010 0.000010 0.029701
0.079174 0.000010 0.484208 0.008788 0.362227 0.008101 0.044176 0.000010 0.013306
0.009282 0.112731 0.013920 0.042072 0.691177 0.024955 0.007308 0.015078 0.083477
0.114545 0.047091 0.094398 0.006859 0.671973 0.008478 0.022240 0.003092 0.031324
0.083491 0.024069 0.055465 0.008802 0.752929 0.000826 0.013613 0.013626 0.047179
0.039925 0.136048 0.024959 0.026791 0.628842 0.016797 0.000010 0.012662 0.113966
0.090854 0.052361 0.140302 0.013348 0.620996 0.027366 0.013131 0.004673 0.036970
0.044718 0.016337 0.154923 0.000010 0.783963 0.000018 0.000010 0.000010 0.000010
0.009926 0.122306 0.000014 0.036044 0.664397 0.027756 0.000010 0.026539 0.113009
0.129573 0.031200 0.197083 0.011629 0.600957 0.009395 0.001794 0.000093 0.018277
0.101169 0.000010 0.459974 0.017438 0.346560 0.003543 0.056953 0.014344 0.000010
0.043269 0.088763 0.015095 0.033349 0.665297 0.025384 0.020274 0.030938 0.077631
0.157853 0.010657 0.317946 0.003001 0.466572 0.016137 0.011917 0.002312 0.013604
0.091684 0.030260 0.043986 0.000883 0.802970 0.008001 0.007469 0.005581 0.009166
0.037552 0.113979 0.040564 0.030678 0.642284 0.010951 0.016780 0.019614 0.087599
0.118864 0.034041 0.123652 0.013580 0.633037 0.010600 0.016981 0.009902 0.039343
0.043158 0.000010 0.086643 0.000010 0.861242 0.000010 0.000010 0.000010 0.008906
0.017237 0.113081 0.033506 0.047326 0.666786 0.021425 0.007088 0.020882 0.072668
0.109016 0.054528 0.121018 0.007814 0.666080 0.010435 0.006390 0.010440 0.014279
0.076552 0.004044 0.334237 0.000010 0.553737 0.000010 0.009522 0.000010 0.021879
0.000010 0.119411 0.030924 0.027515 0.643191 0.026236 0.017884 0.035068 0.099761
0.090006 0.046273 0.129439 0.009481 0.677429 0.016878 0.000010 0.000010 0.030474
0.079475 0.002243 0.297543 0.006614 0.564149 0.000010 0.032148 0.000010 0.017808
0.021596 0.113850 0.021900 0.033096 0.641158 0.026049 0.000539 0.050231 0.091582
0.105161 0.038903 0.089906 0.000842 0.730130 0.006699 0.004279 0.007030 0.017051
0.033099 0.004313 0.087519 0.000010 0.829325 0.009768 0.000010 0.003826 0.032131
0.035927 0.097316 0.033818 0.029596 0.695678 0.012127 0.023128 0.007175 0.065237
0.020116 0.101896 0.058443 0.005310 0.670605 0.013101 0.000010 0.026410 0.104109
0.057067 0.000010 0.181801 0.000010 0.725258 0.005555 0.011710 0.004165 0.014424
0.000010 0.137870 0.000010 0.027488 0.708671 0.029528 0.011202 0.017156 0.068064
0.124987 0.005063 0.544497 0.001825 0.242909 0.004021 0.069743 0.000010 0.006945
0.099815 0.000010 0.554062 0.000010 0.291656 0.010203 0.031878 0.012357 0.000010
0.117260 0.033942 0.089049 0.012916 0.693350 0.014999 0.001464 0.008588 0.028432
0.057120 0.026708 0.047824 0.000913 0.828651 0.008417 0.000010 0.004819 0.025538
0.160829 0.048716 0.122214 0.001018 0.629983 0.007815 0.015492 0.008219 0.005714
0.107459 0.038662 0.161602 0.005364 0.638013 0.002384 0.012834 0.000010 0.033672
0.000010 0.245036 0.000010 0.032861 0.656219 0.021797 0.000010 0.015203 0.028855
0.013511 0.192529 0.032863 0.043773 0.623405 0.023533 0.000010 0.014941 0.055434
0.010139 0.172939 0.000010 0.052359 0.646382 0.033791 0.007728 0.028190 0.048462
0.030350 0.252465 0.000010 0.033691 0.604608 0.021780 0.001162 0.018946 0.036988
0.019018 0.130204 0.000010 0.038988 0.659229 0.020213 0.019467 0.040230 0.072640
0.030031 0.128740 0.026114 0.028490 0.667508 0.013801 0.012907 0.023333 0.069075
0.014124 0.153542 0.000010 0.026937 0.681759 0.022833 0.004684 0.024966 0.071145
0.000010 0.144128 0.000010 0.052470 0.660089 0.031588 0.005873 0.017801 0.088031
0.016076 0.145073 0.000010 0.034905 0.646452 0.027631 0.010697 0.026463 0.092694
0.000010 0.190235 0.000010 0.035661 0.662574 0.016537 0.020970 0.017517 0.056485
0.000010 0.182535 0.000010 0.018378 0.655029 0.025549 0.011453 0.020174 0.086863
0.000011 0.208963 0.000010 0.018602 0.679654 0.031568 0.007625 0.012291 0.041276
0.000018 0.159136 0.000010 0.033707 0.660658 0.029539 0.034340 0.025443 0.057148
0.017712 0.125333 0.023947 0.017128 0.699269 0.010860 0.011031 0.016654 0.078066
0.000010 0.209195 0.000010 0.034576 0.632073 0.022680 0.003824 0.008635 0.088996
0.000010 0.196581 0.000010 0.031473 0.678620 0.019036 0.010575 0.010284 0.053410
0.000010 0.182498 0.005903 0.040306 0.631047 0.021413 0.023284 0.016135 0.079404
0.000010 0.167696 0.000010 0.035091 0.652000 0.028438 0.007717 0.019860 0.089178
0.000010 0.196896 0.000010 0.025255 0.689315 0.026369 0.005291 0.011799 0.045054
0.000010 0.158099 0.000010 0.042745 0.696596 0.024143 0.019072 0.021843 0.037483
0.000010 0.179812 0.000010 0.044363 0.667122 0.008959 0.011096 0.020686 0.067942
0.038737 0.132277 0.010567 0.031519 0.666693 0.020098 0.016623 0.015997 0.067488
0.000010 0.157625 0.000010 0.003956 0.726530 0.015744 0.020557 0.025219 0.050351
0.000010 0.178518 0.000010 0.004514 0.760131 0.018519 0.002084 0.010642 0.025573
0.000010 0.153904 0.000010 0.023304 0.720155 0.022377 0.016957 0.000070 0.063213
0.000010 0.172560 0.000010 0.004895 0.773265 0.027389 0.000010 0.001579 0.020282
0.000010 0.154413 0.000010 0.012595 0.709335 0.020508 0.013080 0.028249 0.061801
0.000010 0.171389 0.000010 0.004313 0.724917 0.023669 0.021676 0.015676 0.038341
0.001900 0.146205 0.000010 0.001620 0.784574 0.016223 0.006976 0.014480 0.028011
