0.027094 0.519948 0.395693 0.000010 0.010892 0.000010 0.032671 0.013682
0.000010 0.999930 0.000010 0.000010 0.000010 0.000010 0.000010 0.000010
0.000010 0.000010 0.000010 0.000010 0.000010 0.000010 0.000010 0.999930
0.000010 0.825146 0.000010 0.000010 0.000010 0.000010 0.000010 0.174794
0.000010 0.999930 0.000010 0.000010 0.000010 0.000010 0.000010 0.000010
0.000010 0.999930 0.000010 0.000010 0.000010 0.000010 0.000010 0.000010
0.000010 0.421262 0.520577 0.000010 0.000010 0.000010 0.014443 0.043677
0.000010 0.000010 0.000010 0.000010 0.000010 0.000010 0.000010 0.999930
0.000010 0.898181 0.000010 0.000010 0.000010 0.000010 0.000010 0.101759
0.000010 0.000010 0.000010 0.000010 0.000012 0.000010 0.999928 0.000010
0.000010 0.000010 0.000010 0.000010 0.000010 0.000010 0.999930 0.000010
0.000010 0.818076 0.000010 0.000010 0.000010 0.000010 0.000010 0.181864
0.000010 0.999930 0.000010 0.000010 0.000010 0.000010 0.000010 0.000010
0.000010 0.999930 0.000010 0.000010 0.000010 0.000010 0.000010 0.000010
0.000010 0.000017 0.000010 0.000010 0.000010 0.000010 0.000010 0.999923
0.000010 0.999930 0.000010 0.000010 0.000010 0.000010 0.000010 0.000010
0.000010 0.842046 0.000010 0.000010 0.000010 0.000010 0.000010 0.157894
0.000011 0.000010 0.000010 0.000010 0.000010 0.000010 0.000010 0.999929
0.000010 0.000010 0.000010 0.000010 0.000010 0.000010 0.000010 0.999930
0.000010 0.999930 0.000010 0.000010 0.000010 0.000010 0.000010 0.000010
0.000010 0.999930 0.000010 0.000010 0.000010 0.000010 0.000010 0.000010
0.000010 0.999930 0.000010 0.000010 0.000010 0.000010 0.000010 0.000010
0.000010 0.999930 0.000010 0.000010 0.000010 0.000010 0.000010 0.000010
0.000010 0.000010 0.000010 0.000010 0.000010 0.000010 0.999930 0.000010
0.000010 0.750783 0.000010 0.000010 0.000010 0.000010 0.249157 0.000010
0.000010 0.658300 0.000010 0.000010 0.000010 0.000010 0.341640 0.000010
0.000010 0.000011 0.000014 0.000010 0.000010 0.000010 0.999926 0.000010
0.000010 0.000010 0.000010 0.000010 0.000010 0.000010 0.999930 0.000010
0.000010 0.830527 0.000010 0.000010 0.000010 0.000010 0.169413 0.000010
0.131757 0.234135 0.176521 0.112287 0.000010 0.179048 0.119949 0.046294
0.000010 0.394686 0.534907 0.000010 0.012573 0.022350 0.035454 0.000010
0.000010 0.000010 0.000010 0.000010 0.000010 0.000010 0.999930 0.000010
0.134282 0.110289 0.520802 0.198437 0.036161 0.000010 0.000010 0.000010
0.000010 0.000010 0.000010 0.000010 0.000010 0.000010 0.999930 0.000010
0.293131 0.000010 0.392125 0.185943 0.000010 0.000010 0.078445 0.050326
0.323352 0.000010 0.343444 0.222429 0.110734 0.000010 0.000010 0.000010
0.000010 0.000010 0.603136 0.329210 0.000010 0.000010 0.067604 0.000010
0.775907 0.000010 0.224033 0.000010 0.000010 0.000010 0.000010 0.000010
0.153389 0.037450 0.000010 0.480850 0.217469 0.110812 0.000010 0.000010
0.506409 0.000010 0.351471 0.012445 0.000010 0.062672 0.000010 0.066972
0.000010 0.000010 0.574485 0.348753 0.000010 0.000010 0.076712 0.000010
0.000010 0.000010 0.654491 0.283145 0.043341 0.000010 0.018982 0.000010
0.276603 0.000010 0.424739 0.210796 0.000010 0.000010 0.071056 0.016776
0.000010 0.000010 0.515655 0.456988 0.000010 0.000010 0.021556 0.005761
0.000010 0.000010 0.722884 0.184705 0.092362 0.000010 0.000010 0.000010
0.337285 0.000010 0.485267 0.017081 0.000010 0.000010 0.160327 0.000010
0.374595 0.000010 0.295395 0.236690 0.000010 0.000010 0.052848 0.040442
0.000010 0.000010 0.000010 0.000010 0.000010 0.000010 0.999930 0.000010
0.274772 0.000010 0.130045 0.334575 0.000010 0.070552 0.190026 0.000010
0.364802 0.000010 0.309397 0.191949 0.000010 0.000010 0.107382 0.026441
0.085974 0.162898 0.158255 0.562187 0.000010 0.000010 0.030656 0.000010
0.270955 0.000010 0.455516 0.184520 0.000010 0.030502 0.049380 0.009108
0.361812 0.000010 0.466404 0.153970 0.000010 0.000010 0.017773 0.000010
0.418131 0.000010 0.416989 0.130391 0.000010 0.000010 0.000010 0.034449
0.347654 0.000010 0.548084 0.092310 0.000010 0.000010 0.000010 0.011912
0.457419 0.078517 0.263288 0.200736 0.000010 0.000010 0.000010 0.000010
0.000010 0.000010 0.000010 0.000010 0.000010 0.000011 0.999929 0.000010
0.356722 0.000010 0.447687 0.188283 0.000010 0.000010 0.007267 0.000010
0.360982 0.000010 0.418219 0.195181 0.000010 0.000010 0.025578 0.000010
0.447941 0.000010 0.411419 0.125302 0.000013 0.000010 0.008247 0.007058
0.243408 0.048148 0.592343 0.059974 0.001777 0.028428 0.012792 0.013130
0.237442 0.065634 0.570102 0.080569 0.001568 0.016025 0.017317 0.011344
0.272110 0.047376 0.571042 0.063278 0.000010 0.031587 0.003611 0.010986
0.232783 0.062798 0.598811 0.057004 0.000010 0.025982 0.019555 0.003056
0.270791 0.048484 0.599999 0.063645 0.000010 0.011695 0.000010 0.005366
0.257894 0.036065 0.599337 0.070870 0.000010 0.021387 0.008901 0.005537
0.239541 0.038893 0.633374 0.055868 0.000013 0.026375 0.000010 0.005926
0.262030 0.037338 0.572168 0.075241 0.000010 0.017486 0.014657 0.021070
0.260480 0.045247 0.661692 0.017033 0.002882 0.000010 0.005212 0.007443
0.198672 0.154637 0.433763 0.069699 0.037508 0.059326 0.026204 0.020192
0.207540 0.109396 0.502336 0.107882 0.000010 0.044247 0.014506 0.014083
0.261452 0.024539 0.643447 0.042980 0.000010 0.000010 0.008766 0.018797
0.000010 0.075747 0.346932 0.000010 0.000010 0.565242 0.005265 0.006785
0.250491 0.030974 0.617919 0.079663 0.000010 0.005042 0.005302 0.010599
0.290080 0.040790 0.570219 0.061841 0.005225 0.017256 0.000010 0.014579
0.000010 0.000010 0.000010 0.999930 0.000010 0.000010 0.000010 0.000010
0.000010 0.000010 0.000010 0.999930 0.000010 0.000010 0.000010 0.000010
0.000010 0.000010 0.000010 0.999930 0.000010 0.000010 0.000010 0.000010
0.000010 0.000010 0.000010 0.999930 0.000010 0.000010 0.000010 0.000010
0.054981 0.000010 0.043666 0.890678 0.001154 0.008219 0.000010 0.001282
0.000010 0.000010 0.000010 0.999930 0.000010 0.000010 0.000010 0.000010
0.000010 0.000010 0.000010 0.998440 0.001500 0.000010 0.000010 0.000010
0.000010 0.000010 0.000010 0.999930 0.000010 0.000010 0.000010 0.000010
0.000010 0.000010 0.000010 0.999930 0.000010 0.000010 0.000010 0.000010
0.033605 0.000010 0.003056 0.945945 0.012699 0.000010 0.004665 0.000010
0.000010 0.001173 0.000010 0.998767 0.000010 0.000010 0.000010 0.000010
0.073693 0.009686 0.000010 0.896501 0.010433 0.009657 0.000010 0.000010
0.070824 0.004337 0.116013 0.807451 0.000010 0.000010 0.001158 0.000196
0.000010 0.000010 0.000010 0.999930 0.000010 0.000010 0.000010 0.000010
0.743157 0.071774 0.050465 0.011549 0.101759 0.021276 0.000010 0.000010
0.726382 0.063832 0.047265 0.030700 0.118383 0.010724 0.002320 0.000394
0.738034 0.094791 0.046987 0.004518 0.100561 0.015069 0.000031 0.000010
0.710990 0.058013 0.058390 0.064206 0.089829 0.013621 0.000010 0.004941
0.799517 0.091733 0.003611 0.000010 0.078520 0.016515 0.000010 0.010084
0.686701 0.057348 0.086611 0.043004 0.099769 0.024283 0.000010 0.002274
0.750274 0.086844 0.001335 0.024214 0.099057 0.033811 0.000010 0.004456
0.753172 0.107435 0.000010 0.000010 0.104405 0.028262 0.000010 0.006697
0.467619 0.000082 0.111453 0.389065 0.026040 0.000010 0.000010 0.005722
0.454082 0.000010 0.151106 0.358552 0.017099 0.000010 0.006504 0.012638
0.440577 0.000010 0.109570 0.400403 0.023631 0.006017 0.009831 0.009962
0.452361 0.000010 0.131550 0.384450 0.028090 0.000010 0.003519 0.000010
0.492409 0.000010 0.096096 0.369490 0.025664 0.013137 0.003185 0.000010
0.450298 0.000010 0.156255 0.347653 0.033217 0.000010 0.000010 0.012548
0.448273 0.000010 0.112867 0.395800 0.012736 0.017732 0.005497 0.007085
0.446917 0.006503 0.106135 0.394766 0.028941 0.000010 0.015355 0.001373
0.487127 0.000010 0.120698 0.376755 0.000455 0.011879 0.003065 0.000010
0.431862 0.000018 0.124559 0.408373 0.029275 0.000010 0.001822 0.004081
0.442758 0.000010 0.094858 0.400008 0.041173 0.003009 0.010145 0.008038
0.436647 0.000010 0.139445 0.362313 0.044482 0.006531 0.009188 0.001383
0.474859 0.000010 0.156501 0.362014 0.006586 0.000010 0.000010 0.000010
0.439786 0.000010 0.141875 0.398444 0.010887 0.000010 0.000010 0.008977
0.462399 0.000010 0.143052 0.358150 0.021161 0.004368 0.008188 0.002671
0.428062 0.000517 0.110943 0.396747 0.037196 0.007118 0.011339 0.008078
0.460781 0.000010 0.118081 0.366114 0.029137 0.021968 0.000010 0.003899
0.471224 0.000010 0.131429 0.370880 0.020086 0.000010 0.001520 0.004840
0.435640 0.000010 0.153192 0.370519 0.029848 0.000010 0.006565 0.004216
0.460454 0.000010 0.099585 0.400334 0.039381 0.000215 0.000010 0.000010
0.476942 0.000010 0.109175 0.399411 0.000365 0.000010 0.006945 0.007143
0.469707 0.000010 0.132960 0.396176 0.000010 0.000010 0.001117 0.000010
0.476731 0.000010 0.138254 0.360293 0.024682 0.000010 0.000010 0.000010
0.458575 0.000010 0.116774 0.403292 0.020107 0.000010 0.000010 0.001222
0.465120 0.002844 0.115945 0.360951 0.021141 0.008006 0.012829 0.013165
0.477156 0.000010 0.138882 0.327709 0.049683 0.000010 0.002004 0.004546
0.676140 0.000010 0.094789 0.090690 0.119473 0.000010 0.016251 0.002636
0.543254 0.000010 0.240737 0.145388 0.069625 0.000010 0.000010 0.000965
0.709213 0.000010 0.098770 0.055648 0.120020 0.000010 0.009992 0.006337
0.461634 0.000010 0.327617 0.158631 0.038822 0.003495 0.005215 0.004576
0.556747 0.000010 0.224419 0.154815 0.040508 0.011754 0.005822 0.005925
0.655919 0.011760 0.148633 0.077832 0.092273 0.006714 0.005152 0.001716
0.742182 0.000010 0.056710 0.053149 0.125392 0.017383 0.005165 0.000010
0.580837 0.000010 0.245513 0.117506 0.038619 0.006042 0.005192 0.006281
0.525329 0.000010 0.249110 0.166297 0.041813 0.000010 0.009231 0.008199
0.639853 0.006679 0.168498 0.082093 0.077455 0.016370 0.002805 0.006247
0.719591 0.000010 0.081016 0.074074 0.115785 0.003670 0.000010 0.005845
0.631930 0.000010 0.122746 0.127960 0.096453 0.000010 0.007245 0.013646
0.445975 0.000010 0.123493 0.392001 0.016948 0.000560 0.013486 0.007527
0.472629 0.000010 0.117313 0.381201 0.008101 0.014833 0.005904 0.000010
0.646759 0.007162 0.133700 0.115917 0.092958 0.000010 0.003484 0.000010
0.732130 0.027382 0.006434 0.082711 0.117773 0.014119 0.009013 0.010438
0.671775 0.000010 0.130649 0.069332 0.091170 0.028984 0.008071 0.000010
0.488291 0.000010 0.255118 0.181687 0.066049 0.000010 0.008825 0.000010
0.570101 0.000010 0.231759 0.151681 0.038212 0.000010 0.000010 0.008219
0.716736 0.000010 0.101245 0.059578 0.105983 0.010025 0.000010 0.006413
0.631897 0.000010 0.139811 0.124483 0.070888 0.017659 0.013926 0.001325
0.742360 0.000010 0.080266 0.065258 0.110135 0.000010 0.000536 0.001425
0.681167 0.000010 0.088234 0.082553 0.115421 0.024068 0.008537 0.000010
0.718271 0.011489 0.069038 0.064666 0.110055 0.014325 0.007432 0.004723
0.644879 0.000010 0.171580 0.121164 0.061788 0.000010 0.000010 0.000559
0.444014 0.000010 0.129597 0.367595 0.039393 0.007393 0.004128 0.007870
0.512158 0.004415 0.303512 0.134840 0.040129 0.000010 0.000010 0.004927
0.613167 0.000010 0.147579 0.107679 0.112681 0.000010 0.012451 0.006423
0.576169 0.003200 0.202340 0.099671 0.092216 0.008235 0.005498 0.012671
0.685240 0.000010 0.096559 0.082712 0.114577 0.013851 0.000010 0.007041
0.736007 0.003041 0.061851 0.066951 0.122285 0.002436 0.007421 0.000010
0.540726 0.000010 0.233554 0.153705 0.059785 0.000010 0.000010 0.012200
0.645203 0.000010 0.166622 0.090720 0.084868 0.000010 0.012557 0.000010
0.646755 0.000010 0.161415 0.085557 0.090398 0.000010 0.010261 0.005594
0.486469 0.000010 0.309265 0.164184 0.040041 0.000010 0.000010 0.000010
0.520141 0.000010 0.255623 0.150461 0.066893 0.000010 0.003326 0.003536
0.627285 0.000010 0.185639 0.086196 0.085846 0.003674 0.003357 0.007993
0.546290 0.000010 0.275205 0.086545 0.076723 0.003257 0.009235 0.002734
0.631256 0.000010 0.207879 0.077542 0.073778 0.000010 0.001579 0.007947
0.593013 0.017260 0.191835 0.106724 0.070249 0.000010 0.013416 0.007493
0.559617 0.006495 0.261523 0.115027 0.053090 0.004228 0.000010 0.000010
0.543632 0.000010 0.218139 0.131210 0.091789 0.000010 0.015199 0.000010
0.605506 0.000010 0.198577 0.108318 0.083525 0.000010 0.000010 0.004043
0.594042 0.000010 0.265462 0.076935 0.055471 0.001163 0.006907 0.000010
0.645882 0.005903 0.181886 0.080358 0.062046 0.013856 0.010058 0.000010
0.536245 0.000010 0.286866 0.110820 0.058556 0.000010 0.002667 0.004825
0.408789 0.018718 0.459439 0.084876 0.018917 0.000010 0.000010 0.009242
0.371033 0.023148 0.530186 0.028581 0.033854 0.000010 0.000010 0.013178
0.361416 0.031971 0.528051 0.041884 0.029093 0.000010 0.007565 0.000010
0.133003 0.020507 0.807739 0.029125 0.000010 0.000010 0.000010 0.009596
0.318160 0.014376 0.529703 0.066448 0.029545 0.036325 0.004902 0.000541
0.371974 0.008123 0.529693 0.030867 0.023334 0.025429 0.010395 0.000185
0.385425 0.001658 0.527067 0.041358 0.029462 0.015011 0.000010 0.000010
0.364982 0.022219 0.548958 0.014664 0.009888 0.034411 0.004869 0.000010
0.540699 0.000010 0.289650 0.090188 0.067423 0.000621 0.007394 0.004016
0.353545 0.023029 0.529525 0.054552 0.022232 0.005495 0.008474 0.003148
0.662772 0.000010 0.205130 0.038570 0.071715 0.000010 0.008082 0.013711
0.632249 0.000010 0.222655 0.068200 0.055887 0.005335 0.010613 0.005051
0.672645 0.011235 0.177498 0.051132 0.058830 0.019023 0.002861 0.006776
0.649674 0.007817 0.208066 0.047699 0.060497 0.003616 0.005214 0.017416
0.623232 0.000010 0.202008 0.056004 0.089083 0.006286 0.008886 0.014490
0.644261 0.019687 0.206518 0.051804 0.069927 0.000010 0.002252 0.005541
0.641968 0.000010 0.226062 0.069207 0.058670 0.001627 0.002447 0.000010
0.635379 0.004174 0.204801 0.073463 0.076851 0.005312 0.000010 0.000010
0.650420 0.000010 0.224727 0.041799 0.064906 0.015569 0.002558 0.000010
0.653950 0.021659 0.160947 0.067729 0.066779 0.013105 0.012093 0.003737
0.056756 0.000010 0.154515 0.787426 0.000010 0.000010 0.000010 0.001263
0.263640 0.000010 0.237589 0.483455 0.000010 0.002563 0.007455 0.005278
0.218543 0.000010 0.132830 0.606501 0.009969 0.011324 0.005518 0.015305
0.117722 0.006562 0.114684 0.750501 0.002487 0.003323 0.004711 0.000010
0.175985 0.010449 0.145111 0.643851 0.003482 0.017912 0.003199 0.000010
0.203171 0.000010 0.217582 0.538674 0.026288 0.013681 0.000583 0.000010
0.171254 0.007727 0.134524 0.659574 0.016867 0.004760 0.005285 0.000010
0.054002 0.004925 0.070459 0.869201 0.000010 0.000010 0.001382 0.000010
0.239458 0.015000 0.196446 0.496416 0.036823 0.000010 0.005819 0.010028
0.243421 0.000010 0.195152 0.546546 0.000010 0.000010 0.004786 0.010065
0.283916 0.004615 0.213333 0.478010 0.012241 0.001994 0.000048 0.005843
0.278539 0.001832 0.241241 0.456448 0.000010 0.012314 0.003747 0.005869
0.233973 0.014990 0.154303 0.540620 0.018444 0.025292 0.007035 0.005343
0.266726 0.008706 0.177872 0.522620 0.000010 0.022764 0.001292 0.000010
0.247171 0.005967 0.186339 0.535836 0.008163 0.000010 0.009868 0.006646
0.270475 0.000535 0.172835 0.541948 0.005626 0.000010 0.005924 0.002648
0.273455 0.000455 0.176043 0.523155 0.000010 0.000010 0.012319 0.014552
0.272894 0.000010 0.190729 0.521673 0.000010 0.002041 0.011419 0.001224
0.301887 0.034473 0.246625 0.383298 0.022590 0.004466 0.006651 0.000010
0.398487 0.000010 0.243577 0.308176 0.030588 0.015245 0.001630 0.002287
0.378641 0.012458 0.270690 0.300701 0.010511 0.015901 0.000010 0.011087
0.369423 0.000891 0.247709 0.344655 0.023777 0.007694 0.000010 0.005842
0.339684 0.000010 0.265888 0.315059 0.041422 0.036788 0.000010 0.001139
0.384261 0.009828 0.269461 0.286597 0.033126 0.013867 0.000010 0.002850
0.298310 0.006808 0.216226 0.462197 0.013594 0.000010 0.000010 0.002845
0.155400 0.001988 0.106092 0.718368 0.000011 0.005784 0.000010 0.012348
0.156827 0.000010 0.100316 0.739654 0.000010 0.000010 0.003163 0.000010
0.330439 0.012358 0.195448 0.437052 0.000410 0.000010 0.012584 0.011698
0.323279 0.024358 0.181670 0.462402 0.007104 0.000010 0.000010 0.001167
0.144338 0.003089 0.060985 0.766404 0.000010 0.006459 0.008195 0.010519
0.285741 0.000010 0.212067 0.481018 0.011101 0.008774 0.001280 0.000010
0.214478 0.000010 0.142889 0.628634 0.005388 0.000010 0.001591 0.007001
0.311600 0.000010 0.286166 0.381152 0.015849 0.000010 0.000010 0.005204
0.316428 0.003688 0.221794 0.434487 0.010289 0.000010 0.007124 0.006179
0.329156 0.000010 0.215924 0.417438 0.025976 0.000010 0.000010 0.011477
0.329654 0.004103 0.244168 0.374947 0.015408 0.009633 0.012260 0.009828
0.337449 0.000010 0.199900 0.406587 0.031766 0.014037 0.007202 0.003048
0.331749 0.000010 0.237971 0.389529 0.001878 0.024943 0.011864 0.002056
0.323114 0.000010 0.262448 0.368860 0.027022 0.002301 0.005353 0.010892
0.478250 0.000010 0.316286 0.175701 0.016926 0.006015 0.006801 0.000010
0.455283 0.030539 0.281987 0.171010 0.053252 0.000010 0.007910 0.000010
0.475297 0.000010 0.350587 0.170533 0.000016 0.000010 0.000010 0.003538
0.445682 0.018812 0.308975 0.191613 0.023576 0.006600 0.004733 0.000010
0.479498 0.000010 0.320200 0.171419 0.009999 0.000010 0.000010 0.018853
0.445140 0.019726 0.323338 0.179773 0.026400 0.004912 0.000010 0.000700
0.480529 0.000010 0.281074 0.187497 0.022012 0.021848 0.004027 0.003003
0.514427 0.000012 0.268000 0.159130 0.042541 0.000010 0.005607 0.010274
0.426721 0.006435 0.324111 0.206471 0.026273 0.000010 0.000010 0.009968
0.466829 0.002766 0.283416 0.169913 0.025414 0.037164 0.009206 0.005291
0.785272 0.000010 0.016772 0.006220 0.131189 0.035391 0.017760 0.007386
0.841708 0.003336 0.019166 0.000010 0.114377 0.005225 0.009268 0.006910
0.846029 0.014377 0.000010 0.000010 0.131886 0.000010 0.004509 0.003168
0.827388 0.002597 0.000010 0.000010 0.148048 0.008543 0.000010 0.013394
0.801361 0.019192 0.006332 0.003846 0.132667 0.022329 0.003481 0.010792
0.849919 0.001037 0.000010 0.000010 0.127782 0.005154 0.000010 0.016078
0.774905 0.020484 0.000010 0.007599 0.149496 0.042474 0.005023 0.000010
0.789870 0.011957 0.027785 0.015267 0.130433 0.005314 0.005829 0.013544
0.834291 0.011220 0.000010 0.009277 0.111696 0.019731 0.001904 0.011871
0.811590 0.024926 0.000010 0.000010 0.139064 0.004874 0.002788 0.016739
0.711936 0.016749 0.149809 0.004024 0.060736 0.027961 0.016912 0.011873
0.808839 0.043269 0.057743 0.000010 0.039207 0.045308 0.003255 0.002367
0.713430 0.049957 0.144564 0.000010 0.043728 0.035944 0.011512 0.000855
0.732645 0.061237 0.131604 0.000010 0.060817 0.012551 0.000010 0.001126
0.769340 0.059025 0.076145 0.000010 0.061036 0.021774 0.012661 0.000010
0.774842 0.044034 0.077883 0.000010 0.055404 0.036963 0.002621 0.008244
0.698661 0.038205 0.167293 0.009784 0.067024 0.012703 0.000010 0.006320
0.717883 0.017913 0.179872 0.012708 0.046969 0.000010 0.017863 0.006782
0.754791 0.011180 0.092059 0.046290 0.081681 0.000010 0.005309 0.008681
0.639474 0.000010 0.157031 0.087528 0.078848 0.000010 0.022696 0.014403
0.684019 0.000010 0.107010 0.118830 0.053957 0.012196 0.020192 0.003787
0.744350 0.000010 0.116315 0.052786 0.053650 0.016054 0.006580 0.010255
0.710629 0.009539 0.142155 0.042626 0.071197 0.000010 0.004001 0.019843
0.678067 0.005186 0.151062 0.068200 0.087600 0.000010 0.000010 0.009865
0.716978 0.000010 0.098614 0.080876 0.084134 0.007726 0.002448 0.009215
0.654493 0.011994 0.149658 0.085756 0.086738 0.000010 0.001394 0.009958
0.691007 0.008218 0.141496 0.061112 0.080801 0.000010 0.017346 0.000010
0.678143 0.015055 0.127650 0.086309 0.081283 0.000010 0.011539 0.000010
0.387386 0.014051 0.443876 0.104431 0.029953 0.011040 0.000010 0.009253
0.390629 0.011031 0.462684 0.063978 0.028400 0.018013 0.011573 0.013691
0.396553 0.009200 0.516573 0.053329 0.005543 0.005874 0.001771 0.011157
0.332031 0.030079 0.526684 0.070059 0.017730 0.009341 0.010195 0.003880
0.333004 0.023988 0.502187 0.061556 0.032481 0.040308 0.001775 0.004702
0.385841 0.014017 0.536867 0.037284 0.000010 0.018740 0.000010 0.007232
0.347319 0.005964 0.542246 0.074253 0.000010 0.022252 0.000546 0.007410
0.326678 0.035510 0.544525 0.070147 0.012047 0.000010 0.009210 0.001872
0.330201 0.004416 0.551267 0.061273 0.016541 0.021604 0.008901 0.005797
0.321572 0.005958 0.423381 0.179040 0.025778 0.024617 0.011609 0.008043
0.312063 0.043444 0.416919 0.137092 0.025799 0.040745 0.011601 0.012337
0.274765 0.018047 0.481256 0.145260 0.000010 0.056810 0.001952 0.021901
0.317186 0.031500 0.384662 0.189927 0.019402 0.040439 0.006710 0.010174
0.360754 0.032583 0.370871 0.187387 0.008179 0.037448 0.002768 0.000010
0.357558 0.024619 0.406826 0.159004 0.016125 0.020443 0.009918 0.005509
0.322158 0.035541 0.387069 0.210677 0.019132 0.019090 0.004339 0.001994
0.363139 0.042754 0.423242 0.131244 0.020726 0.011592 0.007293 0.000010
0.335239 0.045473 0.372767 0.165829 0.025750 0.045849 0.000257 0.008837
0.320823 0.046328 0.389936 0.179571 0.000011 0.055117 0.008204 0.000010
0.000010 0.000010 0.000010 0.000010 0.999930 0.000010 0.000010 0.000010
0.000010 0.000010 0.000010 0.000010 0.999930 0.000010 0.000010 0.000010
0.551989 0.000010 0.000010 0.000010 0.447951 0.000010 0.000010 0.000010
0.492908 0.000010 0.281043 0.183691 0.020321 0.006241 0.011799 0.003988
0.000010 0.000010 0.000010 0.000010 0.999930 0.000010 0.000010 0.000010
0.000010 0.000010 0.000010 0.000010 0.999930 0.000010 0.000010 0.000010
0.503882 0.000010 0.000010 0.000011 0.496057 0.000010 0.000010 0.000010
0.471017 0.000010 0.151919 0.331557 0.025804 0.000010 0.003937 0.015747
0.000010 0.000010 0.000010 0.000010 0.999930 0.000010 0.000010 0.000010
0.523718 0.000010 0.000010 0.000010 0.476222 0.000010 0.000010 0.000010
0.531117 0.000010 0.000010 0.000010 0.468823 0.000010 0.000010 0.000010
0.456121 0.000010 0.162067 0.320979 0.025461 0.009780 0.012175 0.013407
0.549352 0.000010 0.000010 0.000010 0.450588 0.000010 0.000010 0.000010
0.511342 0.000010 0.000010 0.000010 0.488598 0.000010 0.000010 0.000010
0.000010 0.000010 0.000010 0.000010 0.999930 0.000010 0.000010 0.000010
0.565077 0.000010 0.000010 0.000010 0.434863 0.000010 0.000010 0.000010
0.000010 0.000010 0.000010 0.000010 0.999924 0.000010 0.000016 0.000010
0.520486 0.000010 0.000010 0.000010 0.479454 0.000010 0.000010 0.000010
0.411812 0.000010 0.253228 0.303199 0.031711 0.000010 0.000020 0.000010
0.000010 0.000010 0.000010 0.000010 0.999930 0.000010 0.000010 0.000010
0.558011 0.000010 0.000010 0.000010 0.441929 0.000010 0.000010 0.000010
0.403643 0.000010 0.198375 0.312941 0.056215 0.017010 0.007537 0.004269
0.000010 0.000010 0.000010 0.000010 0.999930 0.000010 0.000010 0.000010
0.535253 0.000010 0.000010 0.000010 0.464687 0.000010 0.000010 0.000010
0.434535 0.000010 0.182115 0.343996 0.033827 0.000010 0.000010 0.005497
0.781983 0.027118 0.043259 0.016361 0.114858 0.004028 0.007284 0.005110
0.791186 0.026280 0.050962 0.024185 0.088401 0.006367 0.007609 0.005009
0.812925 0.037898 0.023257 0.029278 0.089592 0.000010 0.000010 0.007029
0.770179 0.017831 0.013284 0.039391 0.113895 0.033289 0.003988 0.008143
0.766033 0.024351 0.021544 0.041749 0.119096 0.016515 0.000010 0.010702
0.764653 0.040450 0.005864 0.048953 0.114372 0.015002 0.010191 0.000515
0.818562 0.019479 0.035912 0.035062 0.089055 0.000010 0.001910 0.000010
0.791076 0.010698 0.008169 0.023571 0.123587 0.040015 0.002874 0.000010
0.687555 0.069672 0.061161 0.043883 0.083051 0.027104 0.014741 0.012832
0.777395 0.025133 0.030082 0.021924 0.117385 0.012275 0.008732 0.007075
0.879383 0.120557 0.000010 0.000010 0.000010 0.000010 0.000010 0.000010
0.669229 0.103248 0.050564 0.036362 0.099377 0.034989 0.003509 0.002722
0.658705 0.035126 0.119785 0.067822 0.097470 0.011522 0.002715 0.006856
0.664368 0.091120 0.082589 0.044291 0.085456 0.032155 0.000010 0.000010
0.702670 0.063799 0.060738 0.068904 0.079799 0.015091 0.000010 0.008988
0.876733 0.122408 0.000010 0.000010 0.000010 0.000809 0.000010 0.000010
0.872119 0.120589 0.000010 0.000010 0.000010 0.007242 0.000010 0.000010
0.665274 0.070443 0.077192 0.051794 0.099100 0.023455 0.005739 0.007003
0.136086 0.000010 0.047076 0.812062 0.000010 0.000010 0.004737 0.000010
0.022578 0.009622 0.014635 0.947651 0.005484 0.000010 0.000010 0.000010
0.000010 0.000011 0.000010 0.999929 0.000010 0.000010 0.000010 0.000010
0.000010 0.000010 0.004538 0.984815 0.008678 0.001930 0.000010 0.000010
0.000010 0.000010 0.000010 0.992471 0.007464 0.000010 0.000015 0.000010
0.000010 0.014660 0.022341 0.961358 0.000010 0.000010 0.000010 0.001601
0.000010 0.004460 0.000010 0.987330 0.000010 0.008160 0.000010 0.000010
0.033083 0.000010 0.000010 0.959050 0.000010 0.000010 0.004746 0.003081
0.000010 0.000010 0.000010 0.999930 0.000010 0.000010 0.000010 0.000010
0.000010 0.000012 0.000010 0.999928 0.000010 0.000010 0.000010 0.000010
0.000010 0.000010 0.000010 0.999930 0.000010 0.000010 0.000010 0.000010
0.352477 0.015697 0.381452 0.191966 0.025682 0.016683 0.000010 0.016034
0.368186 0.023503 0.334397 0.195104 0.035508 0.024564 0.003040 0.015697
0.352796 0.028174 0.458068 0.122733 0.028156 0.004805 0.000010 0.005257
0.394666 0.031610 0.381089 0.161227 0.031378 0.000010 0.000010 0.000010
0.282045 0.044859 0.504063 0.131727 0.001875 0.024812 0.001139 0.009481
0.022192 0.075318 0.492352 0.016669 0.013152 0.353477 0.011908 0.014933
0.073984 0.090904 0.642136 0.069962 0.000010 0.080185 0.020282 0.022537
0.014984 0.059903 0.352982 0.000010 0.020980 0.523292 0.009717 0.018133
0.036458 0.086071 0.535131 0.040840 0.000010 0.272463 0.002707 0.026321
0.052561 0.043710 0.769475 0.054670 0.013552 0.045757 0.010154 0.010122
0.064256 0.027728 0.827745 0.044038 0.000954 0.034404 0.000010 0.000865
0.068924 0.030001 0.779584 0.065874 0.000010 0.035483 0.004531 0.015592
0.051304 0.026884 0.772849 0.063389 0.019667 0.043769 0.005376 0.016763
0.075933 0.052591 0.774903 0.040595 0.000010 0.042100 0.006236 0.007632
0.046864 0.054027 0.781878 0.037287 0.007354 0.057988 0.002548 0.012053
0.062166 0.042511 0.736888 0.066036 0.000010 0.073185 0.007351 0.011854
0.067867 0.002987 0.837571 0.043427 0.000010 0.037061 0.004112 0.006966
0.060074 0.036123 0.791960 0.053198 0.021856 0.028498 0.008281 0.000010
0.065895 0.067659 0.732459 0.027298 0.000010 0.086897 0.009850 0.009932
0.129398 0.018466 0.724421 0.076399 0.000926 0.028269 0.015048 0.007072
0.197102 0.051351 0.568336 0.131933 0.015788 0.026393 0.003504 0.005593
0.070944 0.050186 0.767571 0.061766 0.000010 0.049503 0.000010 0.000010
0.132067 0.065276 0.642523 0.087069 0.000010 0.054793 0.003744 0.014518
0.417648 0.003950 0.361380 0.185923 0.000010 0.007524 0.008334 0.015232
0.092739 0.042587 0.740346 0.072633 0.000010 0.044004 0.007549 0.000133
0.104803 0.071862 0.668388 0.112311 0.003456 0.037108 0.000010 0.002062
0.193852 0.076605 0.560580 0.092830 0.015404 0.034834 0.015148 0.010747
0.020103 0.161117 0.707121 0.012935 0.002261 0.074568 0.003112 0.018783
0.086024 0.074676 0.626281 0.157083 0.000010 0.030486 0.018890 0.006550
0.038075 0.100584 0.682619 0.033169 0.018094 0.083216 0.011467 0.032776
0.137511 0.049699 0.589758 0.166438 0.000010 0.045771 0.005111 0.005701
0.050065 0.124037 0.651618 0.041646 0.006756 0.112084 0.011810 0.001984
0.093870 0.046656 0.625265 0.165845 0.014549 0.040436 0.007111 0.006268
0.023209 0.136810 0.653657 0.053137 0.022522 0.068663 0.019226 0.022776
0.174604 0.000010 0.780373 0.008645 0.003304 0.026770 0.006122 0.000172
0.051523 0.137933 0.662079 0.047573 0.002895 0.073242 0.015804 0.008952
0.190595 0.000010 0.770983 0.038371 0.000010 0.000010 0.000010 0.000010
0.049543 0.079796 0.730646 0.045560 0.007455 0.060797 0.012918 0.013285
0.207952 0.000010 0.779680 0.000010 0.006820 0.000010 0.002719 0.002800
0.147638 0.023508 0.542217 0.186839 0.024445 0.052609 0.016233 0.006511
0.022932 0.157213 0.680907 0.014213 0.001481 0.080169 0.022728 0.020356
0.277408 0.052212 0.564492 0.050301 0.014364 0.028268 0.000343 0.012610
0.120049 0.054062 0.633832 0.146123 0.008220 0.018829 0.008304 0.010581
0.031309 0.129838 0.683277 0.008961 0.009061 0.087939 0.027615 0.022000
0.107172 0.063362 0.635302 0.141589 0.007566 0.027239 0.005357 0.012414
0.039790 0.049316 0.795860 0.047613 0.007434 0.046745 0.004380 0.008863
0.389241 0.030380 0.357855 0.167883 0.000675 0.042205 0.009573 0.002189
0.074835 0.045424 0.743998 0.085297 0.005372 0.030465 0.005318 0.009291
0.255404 0.016208 0.609747 0.062522 0.033807 0.015217 0.007085 0.000010
0.062751 0.040307 0.762825 0.068232 0.018007 0.043913 0.003956 0.000010
0.260862 0.000016 0.644704 0.048158 0.045946 0.000010 0.000294 0.000010
0.022691 0.117430 0.684221 0.018858 0.000010 0.106802 0.018524 0.031464
0.101189 0.000010 0.832164 0.036903 0.006777 0.019593 0.000010 0.003354
0.113902 0.057165 0.701982 0.065444 0.000010 0.052522 0.005327 0.003648
0.104479 0.013360 0.835945 0.016285 0.000010 0.022182 0.000010 0.007730
0.020257 0.146521 0.657444 0.035200 0.023120 0.080078 0.015965 0.021414
0.121005 0.000010 0.839604 0.027862 0.000010 0.011489 0.000010 0.000010
0.098109 0.000010 0.853677 0.037111 0.003929 0.002123 0.003667 0.001373
0.027664 0.077233 0.759212 0.044354 0.003951 0.047586 0.013653 0.026347
0.394867 0.007450 0.384183 0.148956 0.058809 0.000010 0.000010 0.005716
0.186327 0.019799 0.685636 0.071572 0.006225 0.022671 0.007761 0.000010
0.066498 0.041087 0.757306 0.047925 0.000010 0.070004 0.012674 0.004497
0.611913 0.000010 0.212144 0.109067 0.054424 0.000010 0.006960 0.005471
0.099150 0.005626 0.778287 0.035162 0.022843 0.029664 0.013958 0.015309
0.042537 0.108600 0.709181 0.003347 0.010228 0.070834 0.031340 0.023933
0.119600 0.000010 0.851349 0.017998 0.000010 0.002841 0.008181 0.000010
0.062283 0.017057 0.839366 0.071802 0.000010 0.005481 0.000010 0.003992
0.030242 0.162119 0.598357 0.037360 0.011171 0.091757 0.037998 0.030997
0.171851 0.000010 0.724655 0.082483 0.000010 0.013442 0.004084 0.003464
0.083535 0.000020 0.819102 0.053627 0.000010 0.032883 0.009414 0.001408
0.020938 0.122958 0.687649 0.000010 0.015014 0.122067 0.011375 0.019990
0.123305 0.020905 0.768293 0.054887 0.023437 0.000010 0.002656 0.006506
0.021833 0.049159 0.855759 0.043518 0.000010 0.028223 0.001488 0.000010
0.065040 0.122658 0.619397 0.063768 0.009460 0.090603 0.016114 0.012960
0.527297 0.000010 0.274785 0.141090 0.050029 0.000010 0.006523 0.000256
0.242006 0.000188 0.663048 0.057288 0.007542 0.029908 0.000010 0.000010
0.020330 0.132635 0.670609 0.016542 0.020056 0.100524 0.027442 0.011862
0.076183 0.019416 0.778230 0.083422 0.000917 0.017433 0.007060 0.017339
0.594062 0.000010 0.237878 0.079241 0.079884 0.000010 0.001221 0.007695
0.000010 0.133670 0.709956 0.000010 0.021414 0.083536 0.025116 0.026288
0.078533 0.035628 0.816668 0.058381 0.000010 0.009295 0.000010 0.001474
0.454146 0.000010 0.340199 0.116915 0.069043 0.016848 0.000010 0.002829
0.077757 0.105377 0.635485 0.088585 0.011492 0.070107 0.006470 0.004726
0.412490 0.001245 0.424202 0.085841 0.043925 0.024872 0.005487 0.001940
0.085691 0.028959 0.820561 0.035400 0.000010 0.029359 0.000010 0.000010
0.069073 0.139118 0.644286 0.034931 0.000547 0.075775 0.018325 0.017945
0.139462 0.052182 0.561016 0.179476 0.018913 0.031705 0.017127 0.000118
0.328647 0.000293 0.507848 0.082945 0.041722 0.018932 0.019602 0.000010
0.000010 0.134279 0.691368 0.000650 0.027367 0.097761 0.017976 0.030589
0.131731 0.058741 0.630989 0.149936 0.000010 0.028573 0.000010 0.000010
0.489764 0.000010 0.359913 0.081958 0.044373 0.014248 0.009284 0.000450
0.017523 0.163999 0.692022 0.011069 0.007220 0.083816 0.009618 0.014732
0.098137 0.041913 0.674410 0.116482 0.022391 0.031675 0.008574 0.006418
0.061772 0.028122 0.747513 0.086676 0.013221 0.046648 0.004483 0.011565
0.025891 0.150536 0.629161 0.042301 0.000010 0.116525 0.018402 0.017173
0.145415 0.079961 0.618771 0.093070 0.012996 0.037281 0.009360 0.003146
0.161932 0.003311 0.785976 0.048740 0.000010 0.000010 0.000010 0.000010
0.000010 0.168336 0.662912 0.012297 0.000010 0.113716 0.020112 0.022607
0.203237 0.051004 0.594243 0.131933 0.001406 0.017614 0.000552 0.000010
0.464225 0.000010 0.344539 0.103071 0.056939 0.000010 0.013540 0.017666
0.017889 0.120441 0.665658 0.045306 0.020088 0.078235 0.026547 0.025835
0.321817 0.014184 0.469513 0.159647 0.012611 0.013731 0.004628 0.003869
0.051112 0.033910 0.798903 0.094286 0.007014 0.009298 0.000010 0.005468
0.042802 0.128047 0.639604 0.039306 0.016582 0.088675 0.022102 0.022883
0.129353 0.038959 0.632048 0.121291 0.016732 0.039823 0.006619 0.015174
0.092761 0.000010 0.853308 0.046482 0.000010 0.007409 0.000010 0.000010
0.035297 0.142882 0.672839 0.018804 0.006987 0.073293 0.027461 0.022437
0.126205 0.067533 0.661128 0.111254 0.005919 0.014429 0.005737 0.007795
0.340153 0.000010 0.548329 0.079519 0.009493 0.022476 0.000010 0.000010
0.033639 0.166601 0.644342 0.000010 0.018573 0.100153 0.009287 0.027395
0.134819 0.067096 0.675747 0.091928 0.000010 0.030257 0.000133 0.000010
0.303690 0.000820 0.560755 0.083253 0.032052 0.018608 0.000010 0.000812
0.024144 0.138140 0.641388 0.023309 0.000640 0.092828 0.033878 0.045674
0.094619 0.045953 0.725823 0.107602 0.004624 0.017593 0.000010 0.003776
0.093999 0.001029 0.827723 0.036234 0.000010 0.032373 0.005840 0.002793
0.036632 0.110746 0.694732 0.037453 0.023154 0.066113 0.022805 0.008365
0.061333 0.111516 0.667184 0.021983 0.000010 0.105297 0.008036 0.024641
0.189225 0.000012 0.721059 0.061821 0.011701 0.015225 0.000010 0.000948
0.000746 0.162633 0.713663 0.000010 0.011747 0.069729 0.023405 0.018066
0.547540 0.000010 0.238554 0.126484 0.070148 0.007073 0.008938 0.001253
0.558198 0.000010 0.293774 0.101541 0.032439 0.000010 0.006909 0.007120
0.095123 0.054417 0.690028 0.120081 0.001043 0.028428 0.005575 0.005305
0.054377 0.028251 0.825010 0.060147 0.000010 0.026193 0.000010 0.006003
0.126865 0.063063 0.621596 0.163386 0.015258 0.005593 0.000010 0.004229
0.167715 0.044145 0.628060 0.110227 0.012595 0.034047 0.003201 0.000010
0.000010 0.283892 0.652027 0.000010 0.000010 0.032762 0.004953 0.026336
0.033772 0.234387 0.623326 0.015210 0.000010 0.057134 0.017143 0.019018
0.000010 0.235554 0.650584 0.011212 0.008114 0.048973 0.015772 0.029781
0.000010 0.296080 0.601385 0.032128 0.001237 0.040489 0.001368 0.027303
0.000010 0.162727 0.660226 0.021195 0.019751 0.073631 0.020685 0.041775
0.028822 0.153169 0.665636 0.032008 0.012857 0.070425 0.009304 0.027778
0.000010 0.180694 0.686774 0.015765 0.005302 0.071773 0.012621 0.027061
0.000019 0.193654 0.664604 0.000010 0.006811 0.089063 0.025199 0.020640
0.000010 0.184568 0.648627 0.017904 0.012076 0.093672 0.008970 0.034172
0.000010 0.229695 0.660677 0.000010 0.022023 0.058386 0.007726 0.021474
0.000010 0.212687 0.654926 0.000010 0.011801 0.088620 0.009917 0.022028
0.000010 0.252196 0.680660 0.000010 0.008601 0.042824 0.004610 0.011088
0.000010 0.195603 0.663420 0.000010 0.035006 0.058836 0.018261 0.028854
0.026680 0.144880 0.691362 0.020572 0.010914 0.078801 0.009435 0.017356
0.000011 0.264192 0.623077 0.000010 0.004946 0.091503 0.005656 0.010604
0.000010 0.225706 0.677582 0.000010 0.011677 0.055331 0.011490 0.018194
0.007621 0.237070 0.624283 0.000010 0.023672 0.080661 0.012537 0.014147
0.000010 0.211655 0.652239 0.000010 0.008767 0.091313 0.012367 0.023639
0.000010 0.241244 0.688229 0.000010 0.006196 0.046283 0.005343 0.012684
0.000010 0.208598 0.692704 0.000010 0.020548 0.038104 0.022538 0.017488
0.000010 0.231493 0.656174 0.000010 0.012344 0.068873 0.010513 0.020583
0.012819 0.172284 0.664176 0.040837 0.016596 0.068179 0.008263 0.016846
0.000010 0.165211 0.731029 0.000010 0.021174 0.052143 0.001964 0.028459
0.000010 0.196949 0.758399 0.000010 0.002773 0.030684 0.000010 0.011164
0.000010 0.170712 0.723176 0.000010 0.017647 0.064200 0.016038 0.008206
0.000010 0.189720 0.775741 0.000010 0.000010 0.024800 0.003289 0.006421
0.000010 0.163347 0.715451 0.000010 0.014517 0.064006 0.011586 0.031073
0.000010 0.188268 0.726611 0.001377 0.022450 0.041182 0.000010 0.020092
0.000010 0.145087 0.785811 0.003710 0.007735 0.030277 0.004677 0.022694
0.000010 0.171635 0.610714 0.000010 0.029541 0.129067 0.030789 0.028234
0.009363 0.198852 0.634008 0.015354 0.021224 0.079556 0.013731 0.027913
0.000010 0.189364 0.781239 0.000010 0.002788 0.008368 0.003165 0.015055
0.000010 0.179007 0.788644 0.000010 0.000732 0.000010 0.013195 0.018393
0.004311 0.155474 0.699365 0.003926 0.022842 0.083611 0.014175 0.016297
0.060935 0.160877 0.614828 0.034572 0.019009 0.078248 0.018913 0.012618
0.040659 0.124438 0.682013 0.003741 0.011328 0.078033 0.024327 0.035462
0.031560 0.123900 0.695330 0.048931 0.000010 0.078769 0.006359 0.015142
0.000010 0.000010 0.000010 0.000010 0.000010 0.999930 0.000010 0.000010
0.000010 0.000010 0.000010 0.000010 0.000010 0.999930 0.000010 0.000010
0.000010 0.023068 0.208269 0.000010 0.000010 0.753309 0.000010 0.015314
0.000010 0.034468 0.197636 0.000010 0.000010 0.767846 0.000010 0.000010
0.000010 0.000010 0.000010 0.000010 0.000010 0.999930 0.000010 0.000010
0.000010 0.019069 0.142170 0.000010 0.007738 0.828932 0.002061 0.000010
0.000010 0.000010 0.000010 0.000010 0.000010 0.999930 0.000010 0.000010
0.000010 0.052629 0.238785 0.000010 0.000010 0.697452 0.004481 0.006623
0.000010 0.037648 0.170417 0.000010 0.000010 0.791885 0.000010 0.000010
0.000010 0.067729 0.193943 0.000010 0.006457 0.725334 0.000010 0.006507
0.000010 0.025073 0.194230 0.000010 0.002465 0.773095 0.000010 0.005107
0.000010 0.000010 0.077973 0.000010 0.000010 0.908078 0.004696 0.009213
0.000010 0.000012 0.000010 0.000010 0.000010 0.999928 0.000010 0.000010
0.000010 0.008917 0.153949 0.000010 0.000010 0.834212 0.000010 0.002882
0.000010 0.000010 0.000011 0.000010 0.000010 0.999929 0.000010 0.000010
0.000010 0.000010 0.000010 0.000010 0.000010 0.999930 0.000010 0.000010
0.000010 0.012333 0.067241 0.000010 0.000010 0.919737 0.000649 0.000010
0.000010 0.000010 0.000010 0.000010 0.000010 0.999930 0.000010 0.000010
0.000010 0.044473 0.177940 0.000010 0.000010 0.767320 0.007655 0.002582
0.000010 0.046155 0.239808 0.000010 0.000010 0.699894 0.001772 0.012341
0.015139 0.020745 0.124675 0.000010 0.000010 0.819090 0.006772 0.013558
0.000010 0.043680 0.173128 0.000010 0.000010 0.750732 0.013401 0.019028
