0.038529 0.248512 0.184951 0.013395 0.064922 0.449659 0.000013 0.000010 0.000010
0.000010 0.999920 0.000010 0.000010 0.000010 0.000010 0.000010 0.000010 0.000010
0.999920 0.000010 0.000010 0.000010 0.000010 0.000010 0.000010 0.000010 0.000010
0.237679 0.762251 0.000010 0.000010 0.000010 0.000010 0.000010 0.000010 0.000010
0.000010 0.999920 0.000010 0.000010 0.000010 0.000010 0.000010 0.000010 0.000010
0.000010 0.999920 0.000010 0.000010 0.000010 0.000010 0.000010 0.000010 0.000010
0.063549 0.230345 0.104559 0.011088 0.000010 0.590419 0.000010 0.000010 0.000010
0.999915 0.000013 0.000012 0.000010 0.000010 0.000010 0.000010 0.000010 0.000010
0.155088 0.314730 0.175295 0.000010 0.000010 0.311126 0.000010 0.000010 0.043721
0.000010 0.000010 0.999920 0.000010 0.000010 0.000010 0.000010 0.000010 0.000010
0.000010 0.000010 0.999920 0.000010 0.000010 0.000010 0.000010 0.000010 0.000010
0.254178 0.284970 0.247030 0.000010 0.000010 0.213772 0.000010 0.000010 0.000010
0.126323 0.219897 0.387260 0.000010 0.076701 0.089123 0.074763 0.000010 0.025914
0.000010 0.000010 0.999920 0.000010 0.000010 0.000010 0.000010 0.000010 0.000010
0.999920 0.000010 0.000010 0.000010 0.000010 0.000010 0.000010 0.000010 0.000010
0.089702 0.604184 0.306052 0.000010 0.000013 0.000010 0.000010 0.000010 0.000010
0.000010 0.000010 0.999920 0.000010 0.000010 0.000010 0.000010 0.000010 0.000010
0.999920 0.000010 0.000010 0.000010 0.000010 0.000010 0.000010 0.000010 0.000010
0.999917 0.000013 0.000010 0.000010 0.000010 0.000010 0.000010 0.000010 0.000010
0.037123 0.404962 0.127808 0.000010 0.056012 0.374055 0.000010 0.000010 0.000010
0.000010 0.999920 0.000010 0.000010 0.000010 0.000010 0.000010 0.000010 0.000010
0.000010 0.999920 0.000010 0.000010 0.000010 0.000010 0.000010 0.000010 0.000010
0.000010 0.999920 0.000010 0.000010 0.000010 0.000010 0.000010 0.000010 0.000010
0.000010 0.000010 0.999920 0.000010 0.000010 0.000010 0.000010 0.000010 0.000010
0.000010 0.000010 0.999920 0.000010 0.000010 0.000010 0.000010 0.000010 0.000010
0.000010 0.437815 0.562108 0.000010 0.000017 0.000010 0.000010 0.000010 0.000010
0.000010 0.000010 0.999920 0.000010 0.000010 0.000010 0.000010 0.000010 0.000010
0.000010 0.000010 0.999920 0.000010 0.000010 0.000010 0.000010 0.000010 0.000010
0.000010 0.429107 0.570823 0.000010 0.000010 0.000010 0.000010 0.000010 0.000010
0.029123 0.076135 0.283583 0.000010 0.013622 0.146838 0.082398 0.169590 0.198700
0.021988 0.105884 0.183384 0.000010 0.075216 0.609546 0.000010 0.000010 0.003952
0.000010 0.999920 0.000010 0.000010 0.000010 0.000010 0.000010 0.000010 0.000010
0.000010 0.068599 0.000010 0.012361 0.000010 0.494510 0.159675 0.264816 0.000010
0.064482 0.000010 0.000010 0.000010 0.000010 0.483396 0.000010 0.452062 0.000010
0.040323 0.134841 0.000010 0.000010 0.038102 0.281061 0.185939 0.319704 0.000010
0.000010 0.000010 0.000010 0.088404 0.037418 0.262246 0.209993 0.401899 0.000010
0.000010 0.000010 0.000010 0.000010 0.004357 0.585143 0.331479 0.078970 0.000010
0.000010 0.000010 0.000010 0.000010 0.000010 0.121206 0.000010 0.878724 0.000010
0.000010 0.000010 0.072965 0.169531 0.000010 0.000010 0.375320 0.308627 0.073517
0.054934 0.099146 0.000010 0.000010 0.000010 0.187471 0.000010 0.620835 0.037574
0.000010 0.000010 0.000010 0.000010 0.000010 0.588417 0.357770 0.053753 0.000010
0.000010 0.000010 0.022636 0.024848 0.000010 0.558203 0.283400 0.110873 0.000010
0.029708 0.008383 0.009040 0.000015 0.000010 0.381488 0.183822 0.387524 0.000010
0.005751 0.000010 0.000010 0.000010 0.084337 0.457351 0.452512 0.000010 0.000010
0.000010 0.000010 0.000010 0.109699 0.000010 0.685697 0.204544 0.000010 0.000010
0.000010 0.000010 0.000010 0.000010 0.032686 0.490855 0.050246 0.426163 0.000010
0.058158 0.035445 0.000010 0.000010 0.000010 0.168885 0.197864 0.539607 0.000010
0.000010 0.000010 0.000010 0.000010 0.000010 0.628607 0.197636 0.173696 0.000010
0.000010 0.080142 0.014894 0.000010 0.000010 0.094017 0.297890 0.412755 0.100272
0.039871 0.000010 0.000010 0.000010 0.000010 0.280720 0.133148 0.546211 0.000010
0.000010 0.062621 0.077184 0.000010 0.000010 0.178142 0.532737 0.149275 0.000010
0.015273 0.000010 0.000010 0.000010 0.000010 0.365657 0.138628 0.427516 0.052886
0.000010 0.000010 0.049599 0.000010 0.000010 0.273385 0.074157 0.602809 0.000010
0.028792 0.000010 0.000010 0.000010 0.000010 0.268858 0.096832 0.589190 0.016288
0.012761 0.000010 0.000010 0.000010 0.000010 0.415463 0.042378 0.529348 0.000010
0.000010 0.116695 0.000010 0.000010 0.000010 0.124326 0.165487 0.593442 0.000010
0.002202 0.073109 0.000010 0.000010 0.000010 0.316009 0.086995 0.521645 0.000010
0.000010 0.000010 0.010636 0.000010 0.000010 0.320383 0.140680 0.528251 0.000010
0.000010 0.000010 0.014653 0.000010 0.000010 0.298678 0.155287 0.531332 0.000010
0.009293 0.000010 0.000010 0.000010 0.000010 0.284156 0.075596 0.630905 0.000010
0.013702 0.035699 0.010780 0.000813 0.016522 0.538917 0.047570 0.313686 0.022310
0.013591 0.034345 0.022704 0.002428 0.028250 0.530760 0.069864 0.287716 0.010342
0.011702 0.023352 0.009409 0.000010 0.022427 0.519512 0.053293 0.333717 0.026578
0.004818 0.041860 0.020537 0.000010 0.012665 0.549974 0.045620 0.304513 0.020002
0.005374 0.030277 0.007366 0.000010 0.000010 0.530496 0.049606 0.367051 0.009810
0.005550 0.020630 0.011812 0.000010 0.016510 0.538257 0.058015 0.332221 0.016995
0.007251 0.020533 0.000010 0.000311 0.008036 0.578908 0.042851 0.320429 0.021671
0.019750 0.022539 0.025119 0.000010 0.005870 0.501287 0.061145 0.349139 0.015141
0.007884 0.026642 0.009368 0.005345 0.008570 0.597099 0.004169 0.340914 0.000010
0.024684 0.064653 0.070813 0.045485 0.083707 0.441403 0.065956 0.152808 0.050491
0.017248 0.054571 0.037280 0.000010 0.052505 0.482569 0.099896 0.220530 0.035392
0.018965 0.018916 0.000644 0.000010 0.000116 0.577977 0.028094 0.355268 0.000010
0.009107 0.028379 0.033821 0.000010 0.000010 0.367925 0.001006 0.000010 0.559731
0.010817 0.008348 0.014941 0.000010 0.012736 0.557491 0.067436 0.327412 0.000809
0.015768 0.026536 0.000574 0.007229 0.007992 0.507907 0.047580 0.371410 0.015004
0.000010 0.000010 0.000010 0.000010 0.000010 0.000010 0.999920 0.000010 0.000010
0.000010 0.000010 0.000010 0.000010 0.000010 0.000010 0.999920 0.000010 0.000010
0.000010 0.000010 0.000010 0.000010 0.000010 0.000010 0.999920 0.000010 0.000010
0.000010 0.000010 0.000010 0.000010 0.000010 0.000010 0.999920 0.000010 0.000010
0.001132 0.000010 0.000010 0.000020 0.000010 0.022705 0.882824 0.083816 0.009473
0.000010 0.000010 0.000010 0.000010 0.000010 0.000010 0.999920 0.000010 0.000010
0.000010 0.000010 0.000010 0.004323 0.000010 0.000010 0.995607 0.000010 0.000010
0.000010 0.000010 0.000010 0.000010 0.000010 0.000010 0.999920 0.000010 0.000010
0.000010 0.000010 0.000010 0.000010 0.000010 0.000010 0.999920 0.000010 0.000010
0.000010 0.000010 0.004890 0.007507 0.000010 0.000010 0.931269 0.056285 0.000010
0.000010 0.000010 0.000010 0.000010 0.000617 0.000010 0.999313 0.000010 0.000010
0.000010 0.004370 0.000010 0.012482 0.000010 0.000010 0.887664 0.086131 0.009313
0.000247 0.000010 0.004030 0.000010 0.002181 0.095572 0.800223 0.097716 0.000010
0.000010 0.000010 0.000010 0.000010 0.000010 0.000010 0.999920 0.000010 0.000010
0.000010 0.016530 0.000010 0.142225 0.173413 0.057160 0.000010 0.603514 0.007128
0.001904 0.020642 0.011163 0.147114 0.123583 0.032727 0.016473 0.644114 0.002280
0.000010 0.032071 0.012236 0.136018 0.177253 0.048671 0.000010 0.593722 0.000010
0.005810 0.025002 0.002954 0.116711 0.111899 0.039311 0.047538 0.643960 0.006815
0.013719 0.012788 0.020064 0.116967 0.176273 0.010502 0.000010 0.649666 0.000010
0.004430 0.021875 0.000010 0.126653 0.131910 0.074007 0.025312 0.602502 0.013302
0.007813 0.024953 0.014070 0.135488 0.179234 0.001596 0.013645 0.604038 0.019163
0.010892 0.043920 0.002801 0.140919 0.182631 0.006830 0.000010 0.600379 0.011618
0.005339 0.006859 0.000595 0.021482 0.000010 0.039163 0.356648 0.569894 0.000010
0.013247 0.000010 0.000010 0.010027 0.000010 0.078261 0.331263 0.565569 0.001603
0.009924 0.000010 0.008627 0.020731 0.000010 0.033512 0.377022 0.534432 0.015732
0.000010 0.014730 0.000010 0.024561 0.000010 0.058364 0.353739 0.548565 0.000010
0.000010 0.002634 0.000010 0.023516 0.000010 0.026140 0.340718 0.584112 0.022850
0.012479 0.000010 0.000010 0.027510 0.000010 0.078418 0.321341 0.560212 0.000010
0.004577 0.000010 0.013045 0.007265 0.000010 0.036815 0.363960 0.548850 0.025466
0.000106 0.007842 0.023335 0.026633 0.004051 0.039634 0.369595 0.528794 0.000010
0.000010 0.000010 0.007039 0.000010 0.000010 0.034652 0.345834 0.591841 0.020594
0.003619 0.000844 0.000010 0.024404 0.000010 0.054747 0.381121 0.535235 0.000010
0.006512 0.002424 0.012545 0.034091 0.000010 0.021788 0.371351 0.540681 0.010599
0.000010 0.000010 0.003214 0.039090 0.000010 0.069099 0.338149 0.534676 0.015743
0.000010 0.000010 0.000010 0.000010 0.000010 0.076698 0.333958 0.589284 0.000010
0.007792 0.008980 0.000015 0.005039 0.000010 0.066558 0.369657 0.541939 0.000010
0.002121 0.007620 0.000010 0.017198 0.004263 0.069147 0.330894 0.556365 0.012382
0.006719 0.002423 0.017940 0.029056 0.000010 0.032559 0.363801 0.533370 0.014122
0.003285 0.000010 0.000010 0.020240 0.000010 0.036839 0.337321 0.571123 0.031163
0.005047 0.000010 0.000010 0.014593 0.000010 0.054979 0.341659 0.576468 0.007223
0.004174 0.000010 0.002056 0.026059 0.000010 0.088975 0.344957 0.533751 0.000010
0.000010 0.000010 0.000010 0.037042 0.000010 0.031889 0.371233 0.552784 0.007012
0.007572 0.000010 0.003851 0.000010 0.000010 0.036053 0.370287 0.582197 0.000010
0.000010 0.005850 0.000010 0.000010 0.000010 0.051865 0.365142 0.577092 0.000010
0.000010 0.002360 0.000010 0.021224 0.000010 0.068450 0.331899 0.576027 0.000010
0.001325 0.000010 0.000016 0.011373 0.000010 0.041243 0.370344 0.575669 0.000010
0.012638 0.017994 0.006438 0.013552 0.000010 0.035400 0.327890 0.571083 0.014995
0.004118 0.000010 0.006699 0.047725 0.000010 0.068993 0.301131 0.571304 0.000010
0.001398 0.001712 0.010353 0.132182 0.023104 0.032135 0.070599 0.728507 0.000010
0.000010 0.000010 0.000010 0.073820 0.000010 0.159222 0.117316 0.646088 0.003514
0.004225 0.000010 0.004099 0.136439 0.028465 0.035974 0.036162 0.753857 0.000769
0.003974 0.004888 0.000010 0.039300 0.000010 0.248306 0.133162 0.564482 0.005868
0.005790 0.000715 0.000010 0.044447 0.000010 0.143882 0.127553 0.658165 0.019428
0.000039 0.011633 0.004584 0.106472 0.033559 0.084693 0.055253 0.697014 0.006753
0.000010 0.005231 0.000010 0.142714 0.035818 0.000010 0.026936 0.772372 0.016899
0.004928 0.007214 0.000010 0.042607 0.005742 0.160893 0.093879 0.674087 0.010640
0.005636 0.000895 0.012087 0.046612 0.003851 0.172042 0.142799 0.613796 0.002281
0.005021 0.002616 0.002238 0.091205 0.036984 0.107449 0.060952 0.677113 0.016422
0.004815 0.000010 0.000010 0.131277 0.031725 0.013473 0.052807 0.757997 0.007885
0.013854 0.002842 0.000010 0.108818 0.015628 0.061603 0.103059 0.694176 0.000010
0.005597 0.017786 0.003848 0.009563 0.000010 0.040734 0.361701 0.552660 0.008101
0.000119 0.000010 0.004732 0.004872 0.005979 0.044271 0.357802 0.558969 0.023248
0.000010 0.003292 0.011795 0.101946 0.011442 0.059850 0.090211 0.721445 0.000010
0.006284 0.014516 0.009049 0.135695 0.048086 0.000010 0.049888 0.731087 0.005384
0.000010 0.000010 0.003275 0.100665 0.017484 0.051565 0.047977 0.743046 0.035969
0.000010 0.005124 0.011644 0.066692 0.000010 0.171495 0.152948 0.592067 0.000010
0.007347 0.000010 0.000010 0.039774 0.000010 0.149645 0.129831 0.673362 0.000010
0.003431 0.000010 0.004240 0.122739 0.043770 0.035482 0.036852 0.742495 0.010981
0.000010 0.000010 0.022017 0.078982 0.000010 0.058665 0.100198 0.718491 0.021615
0.000010 0.006104 0.000010 0.128618 0.037727 0.011222 0.040830 0.775470 0.000010
0.000010 0.005363 0.003339 0.128889 0.033077 0.021496 0.060096 0.720202 0.027529
0.003526 0.004830 0.008520 0.127718 0.049717 0.012653 0.046253 0.730091 0.016692
0.000010 0.000010 0.001265 0.071511 0.006753 0.096264 0.094247 0.729930 0.000010
0.006517 0.000421 0.007110 0.035050 0.000010 0.056369 0.338600 0.541283 0.014640
0.004704 0.003187 0.000010 0.042029 0.000010 0.224803 0.106534 0.618713 0.000010
0.006054 0.000010 0.000653 0.122433 0.023814 0.086262 0.088982 0.671783 0.000010
0.009616 0.015361 0.002068 0.098632 0.000010 0.122529 0.078411 0.661243 0.012128
0.005574 0.002763 0.000010 0.128285 0.030135 0.029893 0.057725 0.729477 0.016138
0.000010 0.000010 0.010012 0.138253 0.031554 0.000010 0.040953 0.776127 0.003071
0.011494 0.000010 0.000010 0.064611 0.000191 0.156946 0.130182 0.636546 0.000010
0.000010 0.002893 0.007263 0.094215 0.011752 0.093914 0.066847 0.720163 0.002943
0.002843 0.012513 0.004554 0.100433 0.005777 0.086680 0.060074 0.727115 0.000010
0.000010 0.000010 0.000010 0.038921 0.000010 0.224887 0.141616 0.594526 0.000010
0.001619 0.000010 0.005942 0.072065 0.011915 0.185055 0.125805 0.597578 0.000010
0.006427 0.001628 0.002543 0.098843 0.024571 0.120711 0.063053 0.677810 0.004413
0.001727 0.004792 0.000010 0.082786 0.009935 0.199282 0.065262 0.629233 0.006972
0.007059 0.001466 0.000011 0.085641 0.012808 0.133701 0.055722 0.703582 0.000010
0.005756 0.023962 0.004828 0.080617 0.039604 0.127244 0.085883 0.632095 0.000010
0.000010 0.000010 0.003636 0.061591 0.022571 0.193591 0.090717 0.623306 0.004569
0.000010 0.000027 0.016039 0.097034 0.000160 0.142318 0.108178 0.636225 0.000010
0.003069 0.000010 0.000010 0.092789 0.022269 0.125162 0.088200 0.668483 0.000010
0.000010 0.000010 0.004046 0.062312 0.015364 0.186323 0.055553 0.671223 0.005160
0.000010 0.004659 0.010739 0.074775 0.024423 0.112482 0.058583 0.699327 0.015002
0.002915 0.000010 0.000010 0.065296 0.004397 0.210897 0.093774 0.622690 0.000010
0.007740 0.012237 0.000010 0.028540 0.024415 0.397379 0.070929 0.458741 0.000010
0.013199 0.005685 0.005504 0.039057 0.010761 0.462457 0.013578 0.449749 0.000010
0.000010 0.021631 0.004924 0.036193 0.016817 0.467386 0.028290 0.424739 0.000010
0.008084 0.011241 0.001775 0.000010 0.000010 0.728024 0.012715 0.238131 0.000010
0.000010 0.005289 0.003615 0.033297 0.023387 0.474878 0.054175 0.374353 0.030997
0.000010 0.000010 0.013625 0.029732 0.020515 0.460865 0.017808 0.435272 0.022163
0.000010 0.000010 0.000010 0.035498 0.007787 0.457481 0.025477 0.463912 0.009815
0.000010 0.006284 0.006145 0.016150 0.021872 0.489973 0.002308 0.427347 0.029910
0.002464 0.000010 0.002561 0.076209 0.012919 0.219212 0.067140 0.617295 0.002190
0.002818 0.010329 0.008132 0.027422 0.032533 0.470717 0.042706 0.404481 0.000862
0.010651 0.000010 0.008403 0.084143 0.027598 0.134516 0.018780 0.715441 0.000460
0.003439 0.000010 0.003148 0.067897 0.032307 0.161267 0.047729 0.678894 0.005309
0.003868 0.000010 0.010023 0.074281 0.035077 0.114973 0.028611 0.713269 0.019889
0.014901 0.020003 0.000010 0.074168 0.024250 0.131032 0.023476 0.707922 0.004239
0.012458 0.000010 0.005136 0.101800 0.000010 0.133315 0.034639 0.701251 0.011381
0.005117 0.007580 0.006212 0.082647 0.038205 0.143967 0.031467 0.684794 0.000010
0.000010 0.000010 0.008862 0.075316 0.028721 0.151241 0.045847 0.688783 0.001210
0.000010 0.002578 0.000010 0.091698 0.016181 0.140230 0.049526 0.694480 0.005288
0.000010 0.000012 0.000010 0.078106 0.026581 0.152911 0.019277 0.706607 0.016486
0.002460 0.012589 0.013291 0.082863 0.045470 0.105996 0.048566 0.676417 0.012347
0.002394 0.000028 0.000010 0.000010 0.000010 0.126899 0.777291 0.093348 0.000010
0.005021 0.000010 0.000221 0.000010 0.007439 0.192665 0.468598 0.322617 0.003417
0.014490 0.004773 0.000010 0.009074 0.021119 0.095946 0.593559 0.249812 0.011217
0.000010 0.004910 0.002202 0.001854 0.014514 0.092559 0.741780 0.140307 0.001864
0.000010 0.000010 0.007579 0.002281 0.018944 0.117902 0.632183 0.205362 0.015728
0.000019 0.000010 0.000010 0.026583 0.008247 0.178034 0.528436 0.246705 0.011955
0.000010 0.004644 0.004612 0.016635 0.019260 0.106809 0.649434 0.194541 0.004056
0.000010 0.002686 0.003296 0.000010 0.000010 0.052527 0.860723 0.080707 0.000030
0.011442 0.003304 0.004653 0.037073 0.012312 0.163638 0.481891 0.285678 0.000010
0.011009 0.000010 0.000010 0.000010 0.005811 0.148573 0.530902 0.303665 0.000010
0.004967 0.005253 0.000010 0.011046 0.018213 0.163122 0.461737 0.333662 0.001990
0.005875 0.000010 0.002465 0.000010 0.017197 0.194969 0.438058 0.330449 0.010967
0.005582 0.014462 0.003998 0.017662 0.011964 0.118210 0.524691 0.278027 0.025405
0.000010 0.013918 0.000010 0.000010 0.022211 0.126792 0.504431 0.309799 0.022818
0.007492 0.008473 0.002018 0.005804 0.014934 0.143645 0.520188 0.297437 0.000010
0.002119 0.000010 0.006122 0.007221 0.004072 0.131228 0.524493 0.324724 0.000010
0.013743 0.000010 0.014628 0.000010 0.003546 0.126784 0.503595 0.337674 0.000010
0.002449 0.001187 0.002793 0.000010 0.015518 0.143234 0.503639 0.326941 0.004230
0.000010 0.022571 0.009027 0.022364 0.027429 0.203468 0.367729 0.343942 0.003460
0.000845 0.000010 0.000355 0.030752 0.026842 0.183394 0.288135 0.453887 0.015781
0.010843 0.005900 0.000010 0.013581 0.017362 0.220076 0.281668 0.435755 0.014804
0.004730 0.000010 0.000010 0.024899 0.013000 0.191227 0.324754 0.433235 0.008135
0.000010 0.000010 0.000010 0.040188 0.000010 0.204783 0.292676 0.422979 0.039335
0.003002 0.000010 0.000809 0.035397 0.005095 0.217367 0.265764 0.457052 0.015505
0.002716 0.002941 0.000010 0.013796 0.008666 0.170130 0.444417 0.357315 0.000010
0.012652 0.000010 0.000010 0.000010 0.017022 0.083979 0.707450 0.175993 0.002874
0.000010 0.000010 0.000849 0.000010 0.000010 0.069323 0.730622 0.199155 0.000010
0.011252 0.007614 0.010742 0.000824 0.021949 0.149134 0.418036 0.380439 0.000010
0.000490 0.017896 0.003877 0.009264 0.011509 0.137344 0.444037 0.375573 0.000010
0.009328 0.008314 0.006479 0.000010 0.009465 0.034506 0.756282 0.168977 0.006638
0.000010 0.000010 0.000010 0.013370 0.008991 0.166320 0.463501 0.338868 0.008919
0.005262 0.000010 0.003956 0.007182 0.020182 0.109168 0.616508 0.237721 0.000010
0.003621 0.000010 0.000010 0.013783 0.018371 0.227820 0.365262 0.371113 0.000010
0.004443 0.013217 0.003858 0.008602 0.003754 0.163042 0.413825 0.389250 0.000010
0.010707 0.000010 0.000010 0.026566 0.017802 0.163869 0.400337 0.380690 0.000010
0.010029 0.000010 0.005653 0.015933 0.026791 0.200022 0.357752 0.375712 0.008098
0.001719 0.000010 0.006020 0.031833 0.012101 0.144380 0.390659 0.397012 0.016266
0.000894 0.009149 0.000010 0.000843 0.010867 0.182762 0.371591 0.397560 0.026324
0.010412 0.003574 0.001555 0.025837 0.009980 0.200760 0.352006 0.391473 0.004403
0.000010 0.000010 0.000010 0.016929 0.011064 0.238582 0.153041 0.569220 0.011133
0.000010 0.016867 0.014814 0.057081 0.019184 0.221080 0.151497 0.519457 0.000010
0.002139 0.000010 0.000010 0.004152 0.000010 0.271836 0.148228 0.573606 0.000010
0.000010 0.021840 0.002427 0.027374 0.007731 0.241380 0.171962 0.521441 0.005834
0.016735 0.000099 0.000010 0.015676 0.000010 0.247860 0.148956 0.570162 0.000493
0.000010 0.016421 0.003068 0.030950 0.004592 0.252702 0.159183 0.525907 0.007167
0.001768 0.002058 0.000010 0.024283 0.020734 0.211565 0.164450 0.551801 0.023332
0.008268 0.000010 0.008240 0.046202 0.000010 0.192877 0.135025 0.609357 0.000010
0.008487 0.008563 0.000010 0.029564 0.010282 0.254824 0.184558 0.503703 0.000010
0.002205 0.022064 0.000010 0.025377 0.011845 0.205753 0.147227 0.549623 0.035897
0.002100 0.000010 0.010355 0.153296 0.086595 0.000010 0.000010 0.729394 0.018231
0.000010 0.000010 0.000010 0.142733 0.101204 0.000010 0.000010 0.756003 0.000010
0.000010 0.000010 0.000010 0.157149 0.067699 0.000010 0.000010 0.775092 0.000010
0.003321 0.000010 0.000010 0.176101 0.088285 0.000010 0.000010 0.732243 0.000010
0.005744 0.009030 0.000010 0.156821 0.072353 0.000010 0.000010 0.750318 0.005705
0.002574 0.000010 0.000010 0.153930 0.090139 0.000010 0.000010 0.753307 0.000010
0.000010 0.000010 0.007597 0.176459 0.081640 0.000010 0.000010 0.708006 0.026258
0.010412 0.000010 0.007566 0.157310 0.071976 0.000010 0.000010 0.752696 0.000010
0.005679 0.000010 0.000010 0.138953 0.091835 0.000010 0.000010 0.762562 0.000931
0.012276 0.000010 0.000010 0.162267 0.080414 0.000010 0.000010 0.744993 0.000010
0.010644 0.000928 0.013274 0.083873 0.072596 0.103741 0.000010 0.691386 0.023548
0.002522 0.012472 0.006685 0.072047 0.108666 0.019279 0.000010 0.737993 0.040326
0.000458 0.020608 0.013350 0.070561 0.102088 0.110180 0.000010 0.653905 0.028841
0.002249 0.028823 0.002365 0.089174 0.106069 0.100835 0.000010 0.664023 0.006450
0.000010 0.029113 0.016234 0.091318 0.101388 0.041434 0.000010 0.704926 0.015567
0.007977 0.006081 0.010488 0.086810 0.100001 0.047524 0.000010 0.709613 0.031496
0.005777 0.009655 0.004856 0.092045 0.098916 0.129021 0.000010 0.652789 0.006932
0.006507 0.001236 0.014843 0.071440 0.084743 0.129385 0.000010 0.691826 0.000010
0.006417 0.023427 0.000010 0.097243 0.018352 0.021317 0.019651 0.813573 0.000010
0.012530 0.011675 0.008047 0.087479 0.000010 0.084186 0.062088 0.732631 0.001353
0.002509 0.006920 0.008657 0.068816 0.014568 0.030785 0.093740 0.755038 0.018967
0.007495 0.012365 0.000010 0.065755 0.023080 0.034443 0.025155 0.810205 0.021490
0.017247 0.013013 0.008852 0.084502 0.006051 0.061555 0.020046 0.788723 0.000010
0.007750 0.008341 0.000010 0.099672 0.020166 0.079981 0.042961 0.740619 0.000499
0.007420 0.000242 0.001576 0.097883 0.016127 0.020180 0.055332 0.784494 0.016746
0.008120 0.015006 0.003313 0.097734 0.017735 0.078269 0.059912 0.719900 0.000010
0.000010 0.008253 0.020257 0.094250 0.021577 0.067957 0.035915 0.751484 0.000297
0.000010 0.025403 0.005843 0.092881 0.025700 0.055647 0.061977 0.732529 0.000010
0.008037 0.001844 0.005169 0.036950 0.020534 0.384368 0.089296 0.446718 0.007083
0.011952 0.003400 0.014399 0.033191 0.014539 0.397031 0.048632 0.462310 0.014545
0.010698 0.002165 0.000010 0.009612 0.024765 0.451587 0.037109 0.463169 0.000885
0.002260 0.021298 0.013853 0.019964 0.008717 0.460962 0.054358 0.412976 0.005610
0.003922 0.015492 0.000010 0.038315 0.028312 0.448731 0.049899 0.380247 0.035073
0.007119 0.000010 0.000010 0.000855 0.019985 0.474882 0.024817 0.457482 0.014841
0.005454 0.000010 0.003434 0.000010 0.011532 0.473066 0.060044 0.428886 0.017564
0.000804 0.021991 0.014949 0.012961 0.007796 0.474151 0.055282 0.412056 0.000010
0.004977 0.003707 0.000010 0.022322 0.022524 0.493276 0.049918 0.387710 0.015554
0.005945 0.000010 0.015492 0.029072 0.030951 0.366315 0.166148 0.366452 0.019615
0.012731 0.024445 0.016862 0.029293 0.021705 0.370738 0.124042 0.363251 0.036934
0.022470 0.009564 0.000049 0.000010 0.023807 0.426796 0.133660 0.330754 0.052888
0.011123 0.003390 0.012145 0.024645 0.048489 0.351309 0.178608 0.335628 0.034664
0.000010 0.019580 0.003054 0.012416 0.019254 0.319909 0.170243 0.419710 0.035824
0.007334 0.001800 0.015084 0.019540 0.019295 0.358644 0.142698 0.418086 0.017520
0.002024 0.013983 0.012833 0.020836 0.033326 0.338151 0.196722 0.365887 0.016237
0.000010 0.018766 0.023059 0.024031 0.017819 0.362088 0.115202 0.429463 0.009563
0.009269 0.026657 0.004512 0.030223 0.031817 0.327889 0.153157 0.373262 0.043213
0.000010 0.013582 0.024236 0.000010 0.031042 0.345571 0.165747 0.367576 0.052226
0.000010 0.000010 0.000010 0.999920 0.000010 0.000010 0.000010 0.000010 0.000010
0.000010 0.000010 0.000010 0.999920 0.000010 0.000010 0.000010 0.000010 0.000010
0.000010 0.000010 0.000010 0.480252 0.000010 0.000010 0.000010 0.519678 0.000010
0.002650 0.000015 0.006504 0.018730 0.000010 0.201712 0.158978 0.600777 0.010623
0.000010 0.000010 0.000010 0.999920 0.000010 0.000010 0.000010 0.000010 0.000010
0.000010 0.000010 0.000010 0.999920 0.000010 0.000010 0.000010 0.000010 0.000010
0.000010 0.000010 0.000010 0.529777 0.000010 0.000010 0.000010 0.470153 0.000010
0.015306 0.009677 0.000010 0.019680 0.000010 0.072235 0.299960 0.583112 0.000010
0.000010 0.000010 0.000010 0.999920 0.000010 0.000010 0.000010 0.000010 0.000010
0.000010 0.000010 0.000010 0.512965 0.001551 0.000010 0.000010 0.485423 0.000010
0.000010 0.000010 0.000010 0.508175 0.009426 0.000010 0.000010 0.482339 0.000010
0.012862 0.010132 0.006004 0.022237 0.000010 0.083698 0.296852 0.551410 0.016793
0.000010 0.000010 0.000010 0.483968 0.023059 0.000010 0.000010 0.492913 0.000010
0.000010 0.000010 0.000010 0.523596 0.000010 0.000010 0.000010 0.476334 0.000010
0.000010 0.000010 0.000010 0.999920 0.000010 0.000010 0.000010 0.000010 0.000010
0.000010 0.000010 0.000010 0.468087 0.000010 0.000010 0.000010 0.531843 0.000010
0.000010 0.000010 0.000010 0.999920 0.000010 0.000010 0.000010 0.000010 0.000010
0.000010 0.000010 0.000010 0.512838 0.000014 0.000010 0.000010 0.487089 0.000010
0.000010 0.003782 0.000010 0.027186 0.000010 0.175395 0.273768 0.519829 0.000010
0.000010 0.000010 0.000010 0.999920 0.000010 0.000010 0.000010 0.000010 0.000010
0.000010 0.000010 0.000010 0.475761 0.000011 0.000010 0.000010 0.524168 0.000010
0.001519 0.000019 0.012201 0.051383 0.000010 0.122959 0.283945 0.505571 0.022393
0.000010 0.000010 0.000010 0.999920 0.000010 0.000010 0.000010 0.000010 0.000010
0.000010 0.000010 0.000010 0.494997 0.000010 0.000010 0.000010 0.504933 0.000010
0.005132 0.000010 0.000010 0.028322 0.000010 0.105919 0.316109 0.544479 0.000010
0.003867 0.000010 0.017177 0.138262 0.080695 0.000010 0.000010 0.758384 0.001585
0.003138 0.015096 0.004109 0.113459 0.085945 0.005397 0.003659 0.765838 0.003359
0.005065 0.014675 0.000430 0.112953 0.082028 0.000010 0.002120 0.782709 0.000010
0.004733 0.004314 0.000758 0.137673 0.072478 0.000010 0.010947 0.744190 0.024897
0.009263 0.003824 0.000010 0.142419 0.086052 0.000010 0.021599 0.727398 0.009426
0.000010 0.002701 0.018545 0.140358 0.100046 0.000010 0.026368 0.706218 0.005744
0.000010 0.000010 0.008433 0.114202 0.086079 0.000010 0.006299 0.784948 0.000010
0.000010 0.000010 0.000010 0.147508 0.088112 0.000010 0.000010 0.741669 0.022661
0.013636 0.029406 0.021368 0.110932 0.138715 0.042092 0.031302 0.594032 0.018516
0.005997 0.000010 0.014350 0.146407 0.114453 0.000010 0.005496 0.711359 0.001919
0.000010 0.000010 0.000010 0.000010 0.999920 0.000010 0.000010 0.000010 0.000010
0.006157 0.032432 0.028793 0.132869 0.166246 0.055310 0.018019 0.539552 0.020622
0.008925 0.010161 0.003253 0.118882 0.095656 0.089022 0.051517 0.617843 0.004739
0.003343 0.024493 0.010592 0.115860 0.158440 0.088587 0.029547 0.548133 0.021006
0.010289 0.009934 0.014440 0.104424 0.131350 0.044987 0.052719 0.625006 0.006852
0.000010 0.000010 0.000010 0.000010 0.999920 0.000010 0.000010 0.000010 0.000010
0.000010 0.000010 0.000010 0.000010 0.999920 0.000010 0.000010 0.000010 0.000010
0.010229 0.009414 0.023401 0.128959 0.145362 0.069798 0.038517 0.560678 0.013642
0.000010 0.000010 0.012551 0.000010 0.004295 0.018377 0.802920 0.161817 0.000010
0.000010 0.000010 0.000060 0.006134 0.011138 0.015245 0.944566 0.022826 0.000010
0.000010 0.000010 0.000010 0.000010 0.000010 0.000010 0.999920 0.000010 0.000010
0.000010 0.000010 0.000010 0.008518 0.000010 0.004386 0.987036 0.000010 0.000010
0.000010 0.000010 0.000010 0.008737 0.000010 0.000010 0.991184 0.000019 0.000010
0.003482 0.003837 0.000010 0.000010 0.000010 0.030764 0.961867 0.000010 0.000010
0.000010 0.000014 0.000010 0.000305 0.000010 0.000010 0.992773 0.000010 0.006858
0.003184 0.000010 0.000010 0.000010 0.000010 0.000010 0.944572 0.052184 0.000010
0.000010 0.000010 0.000010 0.000010 0.000010 0.000010 0.999920 0.000010 0.000010
0.000010 0.000010 0.000010 0.000010 0.000010 0.000010 0.999920 0.000010 0.000010
0.000010 0.000010 0.000010 0.000010 0.000010 0.000010 0.999920 0.000010 0.000010
0.015619 0.009038 0.000010 0.028462 0.038639 0.331132 0.176073 0.389475 0.011550
0.016263 0.003931 0.007882 0.038324 0.046951 0.288991 0.180896 0.394947 0.021815
0.005641 0.000010 0.007582 0.031721 0.043026 0.411191 0.110251 0.390218 0.000360
0.000010 0.019522 0.000010 0.035120 0.037334 0.325877 0.144620 0.437498 0.000010
0.011577 0.015095 0.010374 0.003507 0.033562 0.462062 0.120132 0.325356 0.018334
0.017197 0.029546 0.032534 0.013715 0.001657 0.487530 0.014299 0.057826 0.345696
0.026438 0.033556 0.045955 0.000010 0.016298 0.620008 0.066426 0.119611 0.071698
0.018722 0.035483 0.023685 0.020930 0.000010 0.342667 0.000010 0.040027 0.518465
0.029093 0.032104 0.030023 0.000010 0.000010 0.523405 0.036776 0.082986 0.265593
0.009840 0.012853 0.024678 0.011954 0.004667 0.729325 0.051155 0.119825 0.035703
0.002215 0.003841 0.000010 0.000010 0.000010 0.783149 0.034489 0.150712 0.025564
0.017570 0.008760 0.004180 0.000010 0.018207 0.736542 0.060121 0.129269 0.025341
0.016165 0.003752 0.013700 0.013261 0.000010 0.725581 0.054724 0.138790 0.034016
0.009010 0.022354 0.016731 0.000010 0.000010 0.731059 0.033618 0.154613 0.032594
0.014283 0.021549 0.012870 0.004418 0.013448 0.744773 0.033591 0.105039 0.050030
0.013131 0.012514 0.016421 0.000010 0.000010 0.695180 0.058732 0.138406 0.065595
0.004797 0.000010 0.000010 0.000010 0.000010 0.779853 0.034766 0.154696 0.025847
0.000010 0.023184 0.012520 0.012981 0.000010 0.731394 0.039911 0.162133 0.017859
0.011527 0.034957 0.020025 0.000010 0.001605 0.696257 0.022891 0.134192 0.078535
0.006540 0.012472 0.010494 0.000010 0.000010 0.660103 0.061495 0.228123 0.020753
0.007490 0.007539 0.019242 0.017352 0.039034 0.539337 0.124511 0.227327 0.018168
0.000010 0.014964 0.011519 0.000010 0.006025 0.729506 0.057402 0.140132 0.040431
0.016167 0.027266 0.018426 0.000010 0.023648 0.607668 0.079943 0.179470 0.047403
0.012399 0.000010 0.011285 0.001257 0.036818 0.302701 0.167356 0.465406 0.002769
0.000010 0.011881 0.025356 0.000010 0.000010 0.689780 0.064620 0.172263 0.036070
0.004469 0.020559 0.023354 0.001977 0.012455 0.639147 0.106099 0.162789 0.029152
0.014468 0.036193 0.025018 0.015728 0.026936 0.530777 0.083425 0.238978 0.028477
0.024057 0.067222 0.053858 0.003899 0.016214 0.703282 0.012140 0.055742 0.063586
0.008115 0.040706 0.031139 0.000215 0.021902 0.599125 0.153326 0.124641 0.020830
0.036768 0.039341 0.041606 0.016528 0.008933 0.663527 0.029284 0.090207 0.073805
0.008282 0.020151 0.009838 0.000010 0.034253 0.557515 0.161503 0.169939 0.038508
0.005390 0.054053 0.048173 0.007181 0.019473 0.638414 0.038490 0.085419 0.103407
0.008379 0.009861 0.015661 0.014579 0.036737 0.602882 0.162733 0.116633 0.032534
0.025574 0.063811 0.060456 0.024582 0.008097 0.644654 0.051633 0.062502 0.058690
0.000010 0.000010 0.001940 0.000010 0.005808 0.706238 0.002162 0.263972 0.019849
0.011530 0.044990 0.072324 0.002888 0.018236 0.652895 0.044645 0.089210 0.063281
0.000010 0.000010 0.000010 0.000010 0.003253 0.693673 0.027009 0.276015 0.000010
0.015739 0.027020 0.037922 0.006577 0.003417 0.704344 0.040225 0.113405 0.051350
0.000010 0.000010 0.000010 0.006795 0.001651 0.696161 0.000010 0.295342 0.000010
0.007081 0.000010 0.020161 0.024568 0.034957 0.512922 0.181662 0.174699 0.043941
0.027379 0.066654 0.062146 0.003589 0.021732 0.687186 0.013261 0.049016 0.069035
0.013070 0.022895 0.010540 0.016335 0.026856 0.516852 0.039259 0.330952 0.023242
0.012504 0.026453 0.017091 0.006931 0.010764 0.594966 0.139323 0.181154 0.010815
0.026109 0.051685 0.070544 0.009216 0.013944 0.671883 0.007477 0.071395 0.077746
0.013397 0.030011 0.020701 0.006011 0.008509 0.598330 0.134714 0.168422 0.019905
0.010196 0.020034 0.011355 0.002175 0.000010 0.754261 0.040306 0.124426 0.037236
0.003028 0.001580 0.014833 0.007452 0.048800 0.318654 0.153718 0.413908 0.038027
0.010146 0.025146 0.007735 0.001865 0.000010 0.702570 0.077476 0.153746 0.021305
0.000010 0.011448 0.000758 0.036335 0.001959 0.550849 0.051739 0.337203 0.009699
0.000010 0.006735 0.014415 0.016348 0.003098 0.728479 0.062992 0.133206 0.034718
0.000010 0.000010 0.000010 0.048253 0.016155 0.572882 0.035948 0.326722 0.000010
0.036012 0.032732 0.062928 0.000010 0.025464 0.680921 0.017677 0.048956 0.095299
0.001350 0.000010 0.000010 0.003790 0.001687 0.769226 0.027911 0.187466 0.008549
0.004862 0.022664 0.021922 0.000010 0.000010 0.652918 0.055961 0.196447 0.045207
0.007699 0.000010 0.000010 0.000010 0.000010 0.781774 0.006550 0.191514 0.012423
0.025831 0.061413 0.063447 0.023894 0.011354 0.652477 0.034457 0.056664 0.070462
0.000010 0.001503 0.000010 0.000010 0.000010 0.763106 0.015549 0.217998 0.001804
0.000010 0.000010 0.000010 0.000010 0.005808 0.781437 0.030382 0.182324 0.000010
0.029027 0.027948 0.033003 0.002151 0.015997 0.736814 0.041363 0.076910 0.036786
0.005413 0.000010 0.006521 0.060544 0.002265 0.315941 0.127410 0.481886 0.000010
0.000010 0.009711 0.007259 0.005687 0.002288 0.628057 0.060556 0.271104 0.015328
0.005469 0.009507 0.025493 0.000010 0.008263 0.716475 0.041453 0.133195 0.060134
0.004665 0.009288 0.000010 0.064308 0.012074 0.132085 0.088340 0.686999 0.002230
0.014502 0.000010 0.013900 0.019375 0.005285 0.718820 0.026391 0.182599 0.019118
0.025801 0.043089 0.063186 0.010505 0.034402 0.699363 0.002856 0.061708 0.059089
0.000010 0.000010 0.003753 0.000010 0.000010 0.769252 0.003404 0.223541 0.000010
0.003932 0.003077 0.000010 0.000010 0.000010 0.777700 0.058500 0.156751 0.000010
0.033698 0.070253 0.094806 0.013510 0.023534 0.598901 0.037702 0.047263 0.080333
0.001857 0.000010 0.002299 0.000010 0.000010 0.642627 0.068526 0.276055 0.008605
0.000010 0.000010 0.003419 0.000010 0.000010 0.749763 0.039770 0.183382 0.023626
0.023584 0.051297 0.050611 0.014022 0.006620 0.670569 0.000010 0.070128 0.113160
0.007120 0.000010 0.005788 0.020691 0.008439 0.710842 0.048141 0.198959 0.000010
0.000010 0.011263 0.016149 0.000010 0.003307 0.811009 0.039535 0.098826 0.019892
0.015461 0.055151 0.052386 0.011445 0.015246 0.608490 0.060702 0.100321 0.080797
0.000019 0.001668 0.000010 0.060539 0.013120 0.208632 0.119957 0.595667 0.000387
0.000010 0.000010 0.000010 0.009283 0.004205 0.594326 0.045673 0.323585 0.022899
0.016307 0.069442 0.054619 0.021149 0.007205 0.663969 0.014183 0.064007 0.089119
0.017334 0.000010 0.012960 0.000010 0.007497 0.724001 0.078074 0.150695 0.009419
0.005679 0.000010 0.000010 0.092297 0.025994 0.174678 0.056081 0.645241 0.000010
0.031335 0.047300 0.068863 0.028505 0.001975 0.723361 0.000010 0.026360 0.072290
0.003603 0.007275 0.001982 0.000010 0.010051 0.772561 0.051364 0.152248 0.000905
0.000957 0.000010 0.000010 0.076833 0.006312 0.278862 0.095400 0.525808 0.015807
0.008709 0.047070 0.031934 0.013358 0.007710 0.620100 0.083862 0.126189 0.061070
0.000010 0.011312 0.000010 0.048541 0.017632 0.355114 0.067722 0.479201 0.020460
0.000010 0.007903 0.002101 0.000010 0.006347 0.769409 0.029753 0.163506 0.020960
0.022756 0.064675 0.053738 0.001898 0.015094 0.637592 0.031414 0.106987 0.065847
0.002110 0.023183 0.020667 0.018577 0.029923 0.533916 0.175074 0.172288 0.024262
0.000010 0.000010 0.016161 0.044026 0.016008 0.443639 0.068508 0.398102 0.013535
0.035840 0.059052 0.054969 0.031370 0.008710 0.692631 0.003950 0.024935 0.088544
0.000010 0.018093 0.012091 0.000010 0.027290 0.605927 0.144372 0.171567 0.020639
0.000010 0.002064 0.003159 0.051034 0.022187 0.293828 0.062015 0.554023 0.011681
0.020549 0.076636 0.051724 0.008953 0.018429 0.696018 0.010099 0.045485 0.072107
0.007285 0.006420 0.023068 0.020067 0.009466 0.638644 0.109610 0.161715 0.023725
0.012601 0.010704 0.006429 0.009230 0.000010 0.699481 0.079117 0.143987 0.038441
0.022218 0.064174 0.062412 0.000010 0.015615 0.630405 0.040619 0.057292 0.107254
0.004496 0.038417 0.026746 0.013274 0.014671 0.587445 0.085881 0.199598 0.029473
0.000010 0.000010 0.000010 0.000016 0.000010 0.711703 0.033071 0.255160 0.000010
0.028365 0.061020 0.079168 0.000010 0.007866 0.672382 0.013839 0.033302 0.104047
0.000010 0.019740 0.011452 0.001455 0.023159 0.552288 0.122308 0.258237 0.011350
0.014743 0.000010 0.013340 0.064963 0.016339 0.280822 0.083993 0.525780 0.000010
0.030191 0.059996 0.051599 0.021643 0.002013 0.658183 0.044283 0.064507 0.067585
0.003594 0.007005 0.001053 0.015325 0.020307 0.413806 0.145735 0.383114 0.010062
0.006321 0.016052 0.002159 0.001559 0.000010 0.749143 0.085842 0.137940 0.000973
0.026433 0.055221 0.059027 0.022442 0.025751 0.642635 0.038571 0.054157 0.075762
0.016416 0.026362 0.000010 0.014960 0.023349 0.593937 0.114975 0.177931 0.032059
0.000010 0.000010 0.000010 0.000010 0.000010 0.772395 0.035570 0.191976 0.000010
0.025087 0.061702 0.073741 0.008743 0.020045 0.664568 0.018660 0.065153 0.062301
0.009018 0.023464 0.025250 0.005815 0.014796 0.626588 0.105780 0.182587 0.006701
0.000010 0.000010 0.000010 0.014652 0.017130 0.477679 0.064500 0.409132 0.016876
0.032394 0.069639 0.062357 0.020686 0.020934 0.647377 0.000010 0.055806 0.090798
0.000851 0.014437 0.027718 0.000010 0.019845 0.642640 0.085609 0.188394 0.020495
0.000010 0.003035 0.000010 0.035543 0.000010 0.490425 0.066775 0.391074 0.013118
0.051390 0.063300 0.064147 0.002080 0.013966 0.643442 0.021334 0.057867 0.082474
0.005861 0.000722 0.016991 0.002199 0.014957 0.692709 0.102547 0.155534 0.008480
0.001191 0.000010 0.000010 0.000010 0.000010 0.758506 0.022603 0.194384 0.023276
0.011186 0.048238 0.052957 0.023501 0.018939 0.680638 0.036338 0.073845 0.054360
0.028515 0.032324 0.048868 0.002893 0.015338 0.661348 0.020561 0.095207 0.094945
0.000010 0.000010 0.000010 0.009193 0.000010 0.650425 0.049830 0.282580 0.007932
0.024077 0.076393 0.064929 0.012829 0.004606 0.711904 0.000010 0.046644 0.058607
0.000127 0.000010 0.004421 0.078042 0.015271 0.173047 0.105179 0.615069 0.008834
0.007674 0.000010 0.004533 0.038705 0.009755 0.217445 0.080115 0.641753 0.000010
0.006694 0.021248 0.018144 0.000010 0.010153 0.651052 0.112648 0.159314 0.020737
0.006423 0.009019 0.000010 0.000010 0.008442 0.781399 0.053320 0.125867 0.015509
0.006892 0.022959 0.011782 0.015562 0.014989 0.588965 0.155625 0.183216 0.000010
0.000109 0.017853 0.004545 0.012473 0.019994 0.592344 0.100892 0.225131 0.026657
0.040698 0.103868 0.087378 0.000010 0.049793 0.702145 0.000010 0.000010 0.016089
0.028833 0.088744 0.093157 0.000010 0.036453 0.651762 0.015485 0.038696 0.046859
0.038028 0.089251 0.098445 0.014042 0.029117 0.680072 0.015011 0.000010 0.036023
0.041466 0.117921 0.084771 0.000010 0.059989 0.648589 0.024371 0.000010 0.022873
0.047455 0.065471 0.069603 0.025993 0.019008 0.675181 0.024309 0.009686 0.063295
0.034274 0.074522 0.038025 0.017463 0.017783 0.675113 0.030020 0.053183 0.059616
0.034678 0.079883 0.060991 0.013090 0.014914 0.705396 0.021181 0.008720 0.061147
0.027638 0.078947 0.083423 0.013632 0.025558 0.694092 0.000010 0.000010 0.076690
0.039647 0.070826 0.071116 0.018710 0.007493 0.667992 0.019234 0.020944 0.084037
0.032094 0.089055 0.077211 0.026004 0.033869 0.696826 0.000010 0.000010 0.044921
0.030498 0.075301 0.077569 0.016157 0.038385 0.687167 0.000010 0.000010 0.074903
0.023835 0.077942 0.089427 0.018383 0.023543 0.742717 0.000010 0.000010 0.024134
0.037688 0.065166 0.076785 0.039167 0.040299 0.699128 0.000010 0.000010 0.041746
0.024125 0.051309 0.049906 0.016349 0.028612 0.705000 0.020558 0.036682 0.067459
0.021046 0.110070 0.082899 0.009115 0.038664 0.662186 0.000010 0.000010 0.076000
0.028031 0.078006 0.084555 0.017083 0.031372 0.722964 0.000010 0.000010 0.037970
0.023504 0.090655 0.086261 0.031625 0.035597 0.667315 0.000010 0.000010 0.065021
0.032475 0.081996 0.078658 0.018561 0.021161 0.688645 0.000010 0.000010 0.078483
0.024425 0.069224 0.091713 0.019000 0.012645 0.755480 0.000010 0.000010 0.027494
0.026318 0.088461 0.073430 0.027410 0.028333 0.732256 0.000010 0.000010 0.023771
0.029764 0.090444 0.082572 0.019554 0.026625 0.695042 0.000010 0.000010 0.055979
0.023793 0.077314 0.054946 0.017585 0.023256 0.666681 0.039388 0.036423 0.060614
0.036098 0.060513 0.050944 0.036267 0.010095 0.768970 0.000010 0.000010 0.037094
0.019312 0.057279 0.069095 0.020329 0.006092 0.816815 0.000010 0.000010 0.011057
0.015694 0.057904 0.068303 0.029757 0.017420 0.764479 0.000010 0.000010 0.046422
0.015678 0.056067 0.061555 0.014321 0.003094 0.844048 0.000010 0.000010 0.005217
0.037666 0.051396 0.063583 0.029383 0.015750 0.755479 0.000010 0.000010 0.046723
0.028263 0.067912 0.054387 0.033467 0.022282 0.768400 0.002497 0.000010 0.022781
0.029246 0.029212 0.063014 0.022736 0.012636 0.816993 0.007892 0.003051 0.015220
