0.282534 0.103307 0.066604 0.547554
0.262571 0.102118 0.071214 0.564097
0.000010 0.000010 0.000010 0.999970
0.212337 0.000010 0.000010 0.787643
0.224545 0.000010 0.001281 0.774164
0.286539 0.000010 0.000010 0.713441
0.380035 0.037803 0.088282 0.493880
0.000010 0.000010 0.000010 0.999970
0.288180 0.000010 0.000010 0.711800
0.214384 0.000010 0.000010 0.785596
0.172764 0.000010 0.000010 0.827216
0.000010 0.000010 0.000010 0.999970
0.000010 0.000010 0.049345 0.950635
0.000010 0.000010 0.000010 0.999970
0.000010 0.000010 0.000010 0.999970
0.000010 0.000010 0.000010 0.999970
0.000010 0.000010 0.000010 0.999970
0.000010 0.000010 0.000010 0.999970
0.000010 0.000010 0.000010 0.999970
0.250630 0.043387 0.107663 0.598320
0.000010 0.000010 0.000010 0.999970
0.000010 0.000010 0.000010 0.999970
0.000010 0.000010 0.000010 0.999970
0.000010 0.000010 0.000010 0.999970
0.000010 0.000010 0.000010 0.999970
0.000010 0.000010 0.000010 0.999970
0.000010 0.000010 0.000010 0.999970
0.000010 0.054021 0.037603 0.908366
0.143362 0.000010 0.000010 0.856618
0.313631 0.060157 0.213690 0.412521
0.396846 0.056982 0.096147 0.450024
0.258305 0.053231 0.167871 0.520592
0.333787 0.155180 0.422163 0.088870
0.334270 0.148871 0.432875 0.083984
0.315560 0.146533 0.382508 0.155399
0.340172 0.152926 0.436819 0.070083
0.343752 0.174826 0.411185 0.070236
0.187312 0.192050 0.535890 0.084749
0.355755 0.147411 0.424810 0.072025
0.307404 0.278121 0.414465 0.000010
0.288955 0.323655 0.353112 0.034278
0.306736 0.267450 0.352324 0.073489
0.163149 0.328458 0.436497 0.071896
0.286693 0.267859 0.369219 0.076228
0.287319 0.292381 0.404225 0.016075
0.241685 0.296249 0.415374 0.046692
0.241293 0.371662 0.349802 0.037243
0.384630 0.223722 0.240854 0.150795
0.370910 0.219959 0.250595 0.158537
0.384144 0.243875 0.238317 0.133663
0.395588 0.209204 0.238554 0.156653
0.372442 0.232433 0.261566 0.133559
0.382860 0.235068 0.254770 0.127302
0.407152 0.221922 0.249350 0.121576
0.371260 0.226676 0.262825 0.139239
0.379087 0.248926 0.218290 0.153697
0.346316 0.220276 0.189777 0.243631
0.360328 0.186547 0.257931 0.195194
0.383343 0.242263 0.238368 0.136026
0.805819 0.000010 0.062389 0.131782
0.373657 0.225702 0.268770 0.131871
0.366698 0.265050 0.242679 0.125573
0.000010 0.000010 0.999970 0.000010
0.000010 0.000010 0.999970 0.000010
0.000010 0.000010 0.999970 0.000010
0.000010 0.000010 0.999970 0.000010
0.032867 0.036575 0.930548 0.000010
0.000010 0.000010 0.999970 0.000010
0.000010 0.000010 0.999970 0.000010
0.000010 0.000010 0.999970 0.000010
0.000010 0.000010 0.999970 0.000010
0.000010 0.032559 0.967421 0.000010
0.000010 0.000010 0.999970 0.000010
0.007606 0.068378 0.924006 0.000010
0.061003 0.054836 0.864055 0.020106
0.000010 0.000010 0.999970 0.000010
0.140017 0.698033 0.121171 0.040778
0.121726 0.693825 0.145547 0.038903
0.140569 0.687012 0.113869 0.058550
0.131269 0.657684 0.172824 0.038223
0.125156 0.712514 0.090898 0.071433
0.159834 0.644820 0.158630 0.036716
0.137440 0.689987 0.126461 0.046112
0.129493 0.701885 0.095476 0.073146
0.097156 0.388684 0.508730 0.005430
0.122783 0.375192 0.496452 0.005573
0.110590 0.368050 0.520783 0.000577
0.102507 0.380426 0.509143 0.007924
0.114509 0.403464 0.482017 0.000010
0.113263 0.389088 0.486899 0.010750
0.117099 0.357638 0.514017 0.011246
0.091016 0.373625 0.518374 0.016986
0.127203 0.373592 0.499195 0.000010
0.104200 0.366292 0.529497 0.000010
0.096512 0.383662 0.513808 0.006018
0.127935 0.385169 0.486886 0.000010
0.121565 0.376162 0.502263 0.000010
0.108231 0.356788 0.524582 0.010399
0.133559 0.381856 0.484575 0.000010
0.101065 0.368598 0.508170 0.022167
0.128831 0.387244 0.483915 0.000010
0.118230 0.382862 0.498898 0.000010
0.109836 0.377000 0.500793 0.012372
0.099508 0.390679 0.509803 0.000010
0.101999 0.369246 0.528744 0.000010
0.104991 0.360432 0.534567 0.000010
0.111667 0.396298 0.492024 0.000010
0.096432 0.375132 0.528426 0.000010
0.121901 0.379472 0.482235 0.016392
0.110920 0.423380 0.453891 0.011809
0.110922 0.663608 0.225460 0.000010
0.191018 0.506313 0.302649 0.000020
0.119435 0.687619 0.191665 0.001281
0.223776 0.418084 0.319004 0.039136
0.198287 0.482410 0.307819 0.011484
0.151999 0.611404 0.218867 0.017730
0.114614 0.709016 0.176360 0.000010
0.199868 0.502994 0.282701 0.014436
0.179796 0.464453 0.322111 0.033640
0.169610 0.586399 0.226748 0.017242
0.110134 0.684569 0.205287 0.000010
0.119337 0.602042 0.265556 0.013065
0.113901 0.360143 0.515873 0.010083
0.127417 0.372704 0.499869 0.000010
0.129111 0.603086 0.264373 0.003430
0.090809 0.690062 0.198686 0.020443
0.170044 0.621881 0.208064 0.000010
0.184275 0.461192 0.335907 0.018625
0.176949 0.493113 0.317962 0.011976
0.134875 0.671784 0.193332 0.000010
0.143889 0.570009 0.268461 0.017642
0.101980 0.693030 0.204980 0.000010
0.135095 0.655044 0.209851 0.000010
0.125732 0.682592 0.185000 0.006676
0.149048 0.572007 0.278935 0.000010
0.120746 0.385348 0.487983 0.005922
0.203733 0.451504 0.306539 0.038224
0.124759 0.607228 0.255056 0.012957
0.177463 0.554942 0.242352 0.025243
0.133036 0.656907 0.210047 0.000010
0.104726 0.698590 0.196675 0.000010
0.173404 0.499336 0.314430 0.012830
0.155275 0.599645 0.239134 0.005946
0.136637 0.607538 0.234743 0.021081
0.204760 0.435434 0.341399 0.018407
0.186351 0.485695 0.307385 0.020569
0.161951 0.587545 0.226924 0.023580
0.211239 0.519591 0.243272 0.025898
0.159964 0.583402 0.234886 0.021748
0.154353 0.544780 0.254551 0.046316
0.200775 0.502158 0.276505 0.020561
0.148085 0.536875 0.286352 0.028688
0.169135 0.572746 0.258109 0.000010
0.214809 0.534991 0.240812 0.009388
0.177150 0.582119 0.225324 0.015407
0.204956 0.496573 0.279688 0.018783
0.290169 0.371716 0.259455 0.078660
0.323669 0.355889 0.218320 0.102121
0.334146 0.346601 0.218833 0.100420
0.457293 0.147848 0.247390 0.147469
0.365767 0.311441 0.240006 0.082787
0.347991 0.347772 0.217038 0.087199
0.345858 0.369540 0.226988 0.057613
0.382426 0.328969 0.201986 0.086619
0.213385 0.506321 0.256051 0.024243
0.330915 0.335836 0.236749 0.096500
0.174398 0.602219 0.192754 0.030629
0.190195 0.561196 0.225507 0.023102
0.187922 0.587410 0.200694 0.023974
0.184516 0.574441 0.205819 0.035224
0.184763 0.589354 0.201783 0.024101
0.164326 0.591173 0.206170 0.038330
0.192136 0.572713 0.226690 0.008460
0.183766 0.583534 0.226846 0.005854
0.207458 0.584810 0.202565 0.005167
0.177795 0.589027 0.205251 0.027926
0.080163 0.035599 0.869459 0.014780
0.156799 0.213444 0.600517 0.029240
0.101675 0.181013 0.689115 0.028197
0.076049 0.094672 0.816776 0.012503
0.110902 0.139465 0.722562 0.027070
0.147753 0.196269 0.637831 0.018147
0.081809 0.154817 0.738208 0.025166
0.042707 0.031890 0.923648 0.001754
0.121297 0.233223 0.595100 0.050381
0.125937 0.194049 0.657632 0.022382
0.140963 0.240302 0.589494 0.029241
0.167604 0.223067 0.575716 0.033614
0.128045 0.203446 0.631082 0.037427
0.151985 0.208101 0.624474 0.015440
0.103754 0.206086 0.645283 0.044877
0.115373 0.219911 0.647431 0.017285
0.119266 0.208313 0.631038 0.041383
0.132896 0.213329 0.633616 0.020158
0.173918 0.266257 0.504170 0.055655
0.188188 0.351101 0.442287 0.018424
0.197471 0.315926 0.438536 0.048067
0.181724 0.318607 0.477429 0.022240
0.221664 0.321037 0.447882 0.009417
0.204188 0.345999 0.421904 0.027908
0.139599 0.251425 0.583319 0.025657
0.077359 0.118843 0.788992 0.014805
0.069593 0.120467 0.809929 0.000010
0.136437 0.261246 0.552913 0.049403
0.127708 0.263865 0.571327 0.037100
0.058569 0.087973 0.835434 0.018024
0.163019 0.241326 0.595645 0.000010
0.095017 0.175970 0.712524 0.016490
0.183475 0.273592 0.521517 0.021416
0.141907 0.263533 0.559825 0.034734
0.135840 0.293261 0.545408 0.025491
0.175896 0.279310 0.500511 0.044282
0.155287 0.304816 0.521604 0.018293
0.190890 0.269798 0.513829 0.025483
0.173384 0.289084 0.495860 0.041672
0.224984 0.403607 0.342349 0.029060
0.189411 0.426605 0.323464 0.060519
0.243421 0.386980 0.345935 0.023665
0.224442 0.384495 0.347476 0.043586
0.224267 0.398187 0.335886 0.041660
0.231274 0.388311 0.333718 0.046697
0.227030 0.405830 0.340864 0.026276
0.189506 0.458357 0.314816 0.037321
0.202200 0.377749 0.368759 0.051292
0.246666 0.398301 0.328238 0.026795
0.120607 0.751096 0.128286 0.000010
0.103653 0.776472 0.119865 0.000010
0.084742 0.809064 0.106184 0.000010
0.089932 0.819009 0.091050 0.000010
0.104649 0.763505 0.124591 0.007255
0.081833 0.807332 0.110640 0.000195
0.117214 0.775186 0.107590 0.000010
0.102968 0.751110 0.140363 0.005558
0.102323 0.767433 0.130234 0.000010
0.092755 0.779124 0.115871 0.012249
0.201702 0.628622 0.140495 0.029182
0.187406 0.674126 0.119777 0.018691
0.208549 0.612774 0.126358 0.052319
0.185300 0.648466 0.115059 0.051175
0.160197 0.675182 0.115207 0.049414
0.189607 0.679290 0.092854 0.038248
0.182244 0.619579 0.153405 0.044772
0.175241 0.620250 0.165147 0.039361
0.114328 0.673309 0.202294 0.010069
0.147460 0.590601 0.238554 0.023384
0.139461 0.591071 0.265515 0.003953
0.156440 0.632020 0.211530 0.000010
0.132765 0.636103 0.196849 0.034284
0.149605 0.625070 0.214877 0.010448
0.132026 0.648572 0.219392 0.000010
0.126380 0.607870 0.238133 0.027617
0.145585 0.626827 0.211240 0.016348
0.135422 0.616880 0.232627 0.015071
0.291527 0.357588 0.275771 0.075114
0.314011 0.360009 0.238219 0.087761
0.327255 0.346349 0.246416 0.079980
0.332935 0.310841 0.252530 0.103694
0.351230 0.325100 0.230750 0.092921
0.355472 0.335824 0.224054 0.084651
0.355932 0.304517 0.261583 0.077968
0.323507 0.301692 0.260094 0.114706
0.365963 0.307563 0.240356 0.086118
0.291553 0.303020 0.334465 0.070963
0.302912 0.295495 0.286727 0.114865
0.355325 0.240214 0.303796 0.100664
0.287106 0.292351 0.327239 0.093305
0.290690 0.308943 0.341059 0.059308
0.282322 0.317335 0.318656 0.081687
0.271264 0.292992 0.357472 0.078272
0.285166 0.331433 0.295433 0.087968
0.290834 0.309734 0.306758 0.092674
0.311055 0.267551 0.330381 0.091013
0.000010 0.999970 0.000010 0.000010
0.000010 0.999970 0.000010 0.000010
0.000010 0.996728 0.003252 0.000010
0.213149 0.414678 0.349309 0.022864
0.000010 0.999970 0.000010 0.000010
0.000010 0.999970 0.000010 0.000010
0.000010 0.977629 0.022351 0.000010
0.117710 0.392734 0.466798 0.022758
0.000010 0.999970 0.000010 0.000010
0.000010 0.991101 0.008879 0.000010
0.000010 0.991718 0.008262 0.000010
0.145309 0.383020 0.451858 0.019812
0.005141 0.955852 0.038998 0.000010
0.000010 0.980676 0.019304 0.000010
0.000010 0.999970 0.000010 0.000010
0.000010 0.949059 0.050921 0.000010
0.000010 0.999970 0.000010 0.000010
0.000010 0.998860 0.001120 0.000010
0.168264 0.366796 0.452876 0.012064
0.000010 0.999970 0.000010 0.000010
0.000010 0.963030 0.036950 0.000010
0.164558 0.376512 0.441670 0.017260
0.000010 0.999970 0.000010 0.000010
0.000334 0.971176 0.028480 0.000010
0.137956 0.380644 0.481390 0.000010
0.107590 0.726343 0.147001 0.019066
0.112655 0.710386 0.159634 0.017326
0.090819 0.728913 0.161669 0.018599
0.116303 0.721112 0.158711 0.003874
0.107411 0.725017 0.160271 0.007301
0.103639 0.713417 0.167281 0.015663
0.100781 0.731490 0.165596 0.002132
0.122027 0.741407 0.136556 0.000010
0.141430 0.631349 0.152602 0.074619
0.102752 0.733925 0.143373 0.019949
0.142918 0.698689 0.097831 0.060562
0.143090 0.634554 0.133396 0.088960
0.152398 0.627625 0.186038 0.033938
0.164235 0.619273 0.151914 0.064578
0.128422 0.635761 0.182598 0.053219
0.143798 0.718595 0.070243 0.067364
0.157479 0.705764 0.073265 0.063492
0.141945 0.629710 0.158226 0.070119
0.030540 0.095440 0.871250 0.002771
0.004491 0.022104 0.973394 0.000010
0.000010 0.000010 0.999970 0.000010
0.007144 0.000010 0.992836 0.000010
0.000010 0.000010 0.999970 0.000010
0.013306 0.000010 0.982511 0.004173
0.000010 0.000010 0.999970 0.000010
0.000010 0.010848 0.989132 0.000010
0.000010 0.000010 0.999970 0.000010
0.000010 0.000010 0.999970 0.000010
0.000010 0.000010 0.999970 0.000010
0.269455 0.322131 0.342958 0.065456
0.249404 0.339822 0.335292 0.075482
0.301520 0.332236 0.285975 0.080270
0.247966 0.362825 0.327561 0.061647
0.345505 0.253920 0.294169 0.106406
0.377370 0.175998 0.250160 0.196471
0.383618 0.197246 0.187176 0.231960
0.348042 0.187514 0.242875 0.221569
0.390055 0.158546 0.213903 0.237496
0.376976 0.206127 0.208884 0.208013
0.364133 0.190327 0.236376 0.209163
0.348522 0.194802 0.208635 0.248041
0.339217 0.205784 0.241592 0.213408
0.405587 0.135210 0.204901 0.254302
0.353589 0.155243 0.234917 0.256251
0.352648 0.209858 0.205756 0.231738
0.387735 0.181547 0.194505 0.236213
0.660594 0.062769 0.114237 0.162401
0.461655 0.099486 0.229694 0.209165
0.760977 0.055020 0.057144 0.126859
0.603601 0.056414 0.158152 0.181833
0.477096 0.108567 0.237749 0.176588
0.500451 0.111406 0.243266 0.144877
0.480779 0.095931 0.265289 0.158000
0.479390 0.114928 0.246287 0.159395
0.478960 0.108707 0.234940 0.177393
0.502715 0.097956 0.219858 0.179471
0.494118 0.099824 0.251413 0.154644
0.511116 0.104875 0.245349 0.138660
0.471782 0.125757 0.253079 0.149382
0.516149 0.096479 0.209269 0.178103
0.443945 0.150178 0.270341 0.135536
0.372508 0.210181 0.291357 0.125954
0.485689 0.103660 0.254181 0.156469
0.436423 0.143148 0.256011 0.164419
0.246736 0.343924 0.346657 0.062684
0.463106 0.114308 0.265856 0.156731
0.425394 0.134285 0.284074 0.156247
0.379331 0.207873 0.246491 0.166306
0.484881 0.071038 0.173166 0.270915
0.397063 0.110886 0.315718 0.176334
0.477969 0.096359 0.188065 0.237607
0.391128 0.142418 0.327722 0.138732
0.499572 0.092872 0.190800 0.216756
0.406478 0.127919 0.327501 0.138101
0.455362 0.091059 0.193861 0.259718
0.472840 0.199272 0.217791 0.110097
0.460788 0.088671 0.201945 0.248596
0.440296 0.202469 0.247026 0.110210
0.481022 0.104167 0.216232 0.198580
0.447902 0.235992 0.203890 0.112215
0.363329 0.179188 0.334028 0.123455
0.482112 0.068146 0.166583 0.283159
0.375876 0.265339 0.229950 0.128835
0.379226 0.148360 0.315927 0.156487
0.487067 0.084641 0.159316 0.268976
0.396667 0.138954 0.301915 0.162465
0.488822 0.101092 0.235611 0.174476
0.289120 0.322921 0.313393 0.074565
0.455590 0.113855 0.268100 0.162454
0.388964 0.275039 0.246943 0.089054
0.481177 0.118647 0.253644 0.146532
0.374985 0.300456 0.242484 0.082075
0.505082 0.068343 0.168543 0.258031
0.494245 0.144092 0.245439 0.116224
0.465936 0.134638 0.244129 0.155297
0.501037 0.133249 0.227951 0.137763
0.470137 0.085051 0.182448 0.262364
0.488383 0.155186 0.247586 0.108844
0.489007 0.144526 0.240175 0.126292
0.487441 0.081066 0.212182 0.219310
0.238128 0.395219 0.308353 0.058301
0.433507 0.201181 0.255047 0.110265
0.510178 0.098339 0.230023 0.161460
0.173601 0.545877 0.262933 0.017590
0.471491 0.153954 0.226403 0.148152
0.482415 0.093913 0.162910 0.260761
0.485282 0.143683 0.241732 0.129303
0.471321 0.102801 0.280601 0.145277
0.452718 0.079021 0.171894 0.296367
0.433520 0.177773 0.293819 0.094888
0.490013 0.122531 0.257965 0.129492
0.533088 0.087758 0.138597 0.240557
0.420697 0.174841 0.260341 0.144121
0.516671 0.080768 0.238760 0.163801
0.454650 0.101637 0.212508 0.231205
0.201029 0.479421 0.295842 0.023708
0.422186 0.237852 0.248839 0.091123
0.497005 0.085124 0.167803 0.250068
0.456218 0.111557 0.277081 0.155143
0.199686 0.563908 0.232193 0.004213
0.501116 0.072878 0.146926 0.279079
0.471596 0.119779 0.263296 0.145329
0.249877 0.445032 0.273985 0.031107
0.445690 0.118701 0.239862 0.195747
0.305026 0.393741 0.250103 0.051131
0.506545 0.124095 0.239326 0.130034
0.461629 0.096540 0.185764 0.256067
0.365671 0.163600 0.335237 0.135492
0.335697 0.333969 0.253385 0.076949
0.498724 0.072344 0.155774 0.273158
0.404555 0.143115 0.319846 0.132484
0.265157 0.452007 0.248426 0.034409
0.494939 0.071037 0.165253 0.268771
0.421991 0.145474 0.289744 0.142791
0.469750 0.113858 0.269469 0.146923
0.495143 0.064503 0.180251 0.260102
0.408067 0.169867 0.259059 0.163007
0.442342 0.182939 0.265502 0.109217
0.511280 0.040463 0.159955 0.288303
0.376638 0.200287 0.303403 0.119672
0.232804 0.442559 0.258529 0.066108
0.461448 0.084072 0.195562 0.258918
0.302898 0.292726 0.325002 0.079374
0.465401 0.102828 0.287297 0.144474
0.469512 0.095397 0.182969 0.252122
0.400519 0.161744 0.289401 0.148336
0.497998 0.130783 0.270096 0.101123
0.468843 0.084206 0.165692 0.281260
0.400157 0.154783 0.281815 0.163246
0.363624 0.309997 0.265630 0.060749
0.488034 0.091379 0.138763 0.281824
0.424656 0.146630 0.273008 0.155705
0.363391 0.306129 0.261125 0.069354
0.471819 0.068631 0.164816 0.294734
0.425350 0.127047 0.294363 0.153241
0.498423 0.131442 0.242034 0.128102
0.468672 0.103230 0.196853 0.231244
0.497427 0.093576 0.171796 0.237201
0.435679 0.207426 0.260542 0.096353
0.491114 0.067816 0.155004 0.286066
0.196142 0.511834 0.275866 0.016157
0.201845 0.485818 0.270788 0.041549
0.425092 0.125615 0.292805 0.156489
0.487662 0.098303 0.261919 0.152116
0.370624 0.155288 0.330737 0.143352
0.403174 0.183821 0.285013 0.127992
0.440233 0.027671 0.152457 0.379639
0.437984 0.066975 0.166286 0.328754
0.437450 0.053579 0.155701 0.353270
0.413078 0.032469 0.170231 0.384222
0.460597 0.067102 0.162261 0.310040
0.462910 0.086084 0.176414 0.274591
0.477951 0.053454 0.164003 0.304592
0.495196 0.048629 0.131756 0.324419
0.480319 0.057300 0.158207 0.304174
0.467877 0.081040 0.119748 0.331336
0.485099 0.063302 0.125270 0.326328
0.458947 0.049234 0.141926 0.349894
0.464277 0.081700 0.131066 0.322957
0.488435 0.082924 0.169439 0.259202
0.485669 0.064234 0.106341 0.343756
0.485173 0.060696 0.113895 0.340236
0.480889 0.103055 0.077262 0.338794
0.488019 0.059526 0.125405 0.327050
0.476904 0.049187 0.114255 0.359654
0.462805 0.078491 0.123550 0.335154
0.476993 0.079062 0.103145 0.340801
0.466228 0.075277 0.186522 0.271973
0.471306 0.068058 0.152398 0.308238
0.497414 0.060744 0.123214 0.318627
0.498858 0.072436 0.135966 0.292740
0.502417 0.045880 0.134792 0.316912
0.509864 0.059981 0.120686 0.309468
0.467122 0.063288 0.162663 0.306927
0.477238 0.065203 0.169716 0.287843
0.497083 0.073779 0.130111 0.299027
0.455557 0.078824 0.153488 0.312132
0.483913 0.046994 0.148718 0.320376
0.470980 0.034476 0.172537 0.322007
0.497836 0.081515 0.151998 0.268650
0.448831 0.114303 0.176896 0.259970
0.472740 0.093750 0.159602 0.273908
0.486352 0.069075 0.206884 0.237690
0.999970 0.000010 0.000010 0.000010
0.999970 0.000010 0.000010 0.000010
0.913943 0.001526 0.025658 0.058873
0.936975 0.000010 0.018313 0.044703
0.999970 0.000010 0.000010 0.000010
0.968864 0.000013 0.000010 0.031113
0.999970 0.000010 0.000010 0.000010
0.899560 0.000010 0.007179 0.093251
0.955775 0.000010 0.000010 0.044205
0.881120 0.011288 0.022283 0.085309
0.931910 0.002020 0.017604 0.048466
0.989352 0.000010 0.000010 0.010628
0.999970 0.000010 0.000010 0.000010
0.974775 0.000010 0.000010 0.025205
0.999970 0.000010 0.000010 0.000010
0.999970 0.000010 0.000010 0.000010
0.996555 0.000010 0.000010 0.003425
0.999970 0.000010 0.000010 0.000010
0.923635 0.000010 0.016653 0.059702
0.881689 0.001285 0.033850 0.083176
0.944239 0.000095 0.000010 0.055656
0.903486 0.000010 0.000010 0.096494
