0.155692 0.009603 0.309551 0.249066 0.000010 0.017780 0.226101 0.018415 0.000010 0.013771
0.073595 0.000010 0.275351 0.324834 0.000010 0.000010 0.303487 0.007908 0.000010 0.014784
0.115695 0.000010 0.356476 0.246830 0.000010 0.000010 0.231549 0.021990 0.000010 0.027420
0.090207 0.001046 0.292552 0.287212 0.023602 0.000010 0.305342 0.000010 0.000010 0.000010
0.136715 0.031985 0.331195 0.234148 0.000010 0.000010 0.247419 0.000010 0.000010 0.018498
0.108937 0.004285 0.317756 0.259330 0.000010 0.000010 0.263558 0.037111 0.000010 0.008995
0.115133 0.000010 0.278253 0.297712 0.005308 0.000010 0.263512 0.006399 0.000010 0.033653
0.000010 0.000010 0.058984 0.538232 0.000010 0.000010 0.402713 0.000010 0.000010 0.000010
0.000010 0.000010 0.065817 0.537165 0.000010 0.000010 0.396947 0.000010 0.000010 0.000010
0.000010 0.000010 0.000010 0.025340 0.000010 0.006703 0.967887 0.000010 0.000010 0.000010
0.000010 0.008891 0.100811 0.488377 0.000010 0.000010 0.363624 0.000010 0.000010 0.038247
0.000010 0.010241 0.110562 0.537158 0.000010 0.000010 0.326666 0.000010 0.000010 0.015322
0.757522 0.011060 0.071404 0.000010 0.100503 0.028636 0.000010 0.000010 0.020963 0.009881
0.575381 0.070217 0.155360 0.000010 0.109003 0.000010 0.000010 0.016350 0.042453 0.031206
0.886214 0.006997 0.054293 0.015538 0.015697 0.000010 0.000010 0.004297 0.002540 0.014404
0.584633 0.052490 0.154579 0.000010 0.083259 0.022404 0.011400 0.048284 0.016904 0.026036
0.102180 0.013801 0.343288 0.240409 0.001848 0.019364 0.240538 0.016189 0.000010 0.022374
0.123739 0.003687 0.307937 0.242918 0.000010 0.031924 0.267525 0.005199 0.000010 0.017051
0.000010 0.000010 0.049633 0.533471 0.000011 0.000010 0.416825 0.000010 0.000010 0.000010
0.000010 0.000010 0.069427 0.603518 0.000010 0.000010 0.320721 0.000010 0.006274 0.000010
0.000010 0.000010 0.075438 0.555472 0.000010 0.000010 0.369020 0.000010 0.000010 0.000010
0.000010 0.000010 0.000010 0.000010 0.000010 0.000010 0.999910 0.000010 0.000010 0.000010
0.000010 0.001901 0.072290 0.531147 0.000010 0.004398 0.334189 0.003231 0.000010 0.052815
0.000010 0.005909 0.100325 0.497564 0.016861 0.000010 0.364271 0.001285 0.000010 0.013755
0.841055 0.000010 0.050490 0.000010 0.066880 0.011657 0.000010 0.008101 0.007122 0.014665
0.789898 0.012521 0.113666 0.000651 0.035705 0.000010 0.000228 0.017416 0.016915 0.012990
0.898681 0.003697 0.024341 0.025822 0.000010 0.018120 0.000010 0.000010 0.005534 0.023774
0.562859 0.042816 0.143728 0.000010 0.124603 0.014479 0.000010 0.009066 0.043105 0.059324
0.087377 0.009536 0.354868 0.250223 0.000010 0.005047 0.243078 0.014769 0.000010 0.035081
0.114230 0.000016 0.316665 0.254722 0.035182 0.014089 0.231989 0.015897 0.000010 0.017199
0.000010 0.000010 0.096180 0.479368 0.000010 0.000010 0.424381 0.000010 0.000010 0.000010
0.000010 0.000010 0.050842 0.640342 0.000010 0.000010 0.293045 0.000010 0.005329 0.010392
0.000010 0.001707 0.000010 0.061393 0.000010 0.000010 0.936830 0.000010 0.000010 0.000010
0.000010 0.000010 0.000010 0.000010 0.000010 0.000010 0.999910 0.000010 0.000010 0.000010
0.000010 0.021369 0.076292 0.496518 0.000010 0.000010 0.370826 0.019856 0.000010 0.015098
0.000010 0.016294 0.077680 0.492955 0.015052 0.000010 0.370374 0.018195 0.000010 0.009421
0.727807 0.000010 0.105957 0.000010 0.080005 0.000010 0.000010 0.027049 0.024942 0.034199
0.830258 0.002111 0.074818 0.017019 0.017705 0.027876 0.004521 0.000010 0.012618 0.013064
0.775958 0.000010 0.109675 0.000010 0.071735 0.009438 0.000010 0.000010 0.002502 0.030652
0.580241 0.022453 0.167302 0.000010 0.087932 0.028309 0.005323 0.044011 0.030387 0.034031
0.119199 0.002826 0.286970 0.261368 0.016406 0.000010 0.269376 0.043825 0.000010 0.000010
0.093495 0.023554 0.327465 0.236209 0.041774 0.012354 0.251597 0.000010 0.000010 0.013531
0.000010 0.000010 0.062890 0.565313 0.000010 0.000010 0.371728 0.000010 0.000010 0.000010
0.000010 0.000010 0.045859 0.557927 0.000010 0.000010 0.396144 0.000010 0.000010 0.000010
0.000010 0.000010 0.000010 0.000010 0.000010 0.000010 0.999910 0.000010 0.000010 0.000010
0.003705 0.000010 0.000010 0.051358 0.000010 0.000010 0.943735 0.000010 0.001141 0.000010
0.000010 0.000010 0.000010 0.000010 0.000010 0.000010 0.999910 0.000010 0.000010 0.000010
0.000010 0.022694 0.108723 0.499594 0.000010 0.000010 0.345057 0.000010 0.000010 0.023882
0.000010 0.035447 0.082813 0.483257 0.000010 0.000010 0.375953 0.022479 0.000010 0.000010
0.702983 0.000010 0.133268 0.000010 0.077217 0.002027 0.000010 0.026927 0.031169 0.026379
0.917260 0.000010 0.019663 0.028415 0.000010 0.000010 0.000138 0.024221 0.010263 0.000010
0.843675 0.000010 0.083800 0.000010 0.016391 0.009782 0.000010 0.025108 0.000010 0.021204
0.637899 0.053635 0.133385 0.000010 0.066164 0.015310 0.015096 0.026848 0.037700 0.013955
0.801292 0.000010 0.080442 0.000010 0.038252 0.000010 0.000010 0.021893 0.016107 0.041975
0.458669 0.141623 0.035278 0.000010 0.109667 0.018243 0.000010 0.071607 0.056269 0.108624
0.805058 0.014343 0.038475 0.008595 0.059312 0.015193 0.000010 0.031095 0.011340 0.016579
0.373168 0.016981 0.502510 0.000010 0.066196 0.000010 0.000010 0.000010 0.019834 0.021271
0.523784 0.041520 0.277443 0.000010 0.089436 0.014343 0.019793 0.011933 0.012321 0.009416
0.335155 0.000010 0.628991 0.000010 0.026746 0.000010 0.000010 0.004349 0.004709 0.000010
0.475363 0.037112 0.338751 0.000198 0.065820 0.000010 0.018012 0.013652 0.023604 0.027477
0.188725 0.051827 0.298570 0.215209 0.000010 0.003707 0.227230 0.011665 0.002247 0.000811
0.722624 0.045321 0.076135 0.000010 0.073640 0.012079 0.000010 0.022867 0.046684 0.000631
0.700219 0.058933 0.088131 0.000013 0.112091 0.000010 0.000010 0.000010 0.000824 0.039760
0.384414 0.009666 0.458200 0.015704 0.057874 0.000010 0.023809 0.016695 0.020406 0.013223
0.200848 0.065100 0.585083 0.034861 0.001379 0.000010 0.069090 0.009067 0.025760 0.008801
0.418715 0.057091 0.417929 0.000010 0.020537 0.032152 0.012344 0.000335 0.019711 0.021177
0.435729 0.046959 0.359502 0.011762 0.058768 0.000010 0.028384 0.010736 0.000010 0.048139
0.144734 0.034572 0.280123 0.250631 0.006926 0.000010 0.235560 0.000353 0.007669 0.039421
0.117899 0.040249 0.318719 0.243243 0.000010 0.000010 0.246450 0.000010 0.000010 0.033400
0.729480 0.040998 0.095428 0.000010 0.074668 0.000010 0.000010 0.006134 0.038778 0.014483
0.490061 0.100045 0.073350 0.000010 0.105809 0.037864 0.000010 0.047826 0.049151 0.095873
0.786113 0.000010 0.060702 0.000010 0.044214 0.000010 0.000010 0.041714 0.031255 0.035962
0.371757 0.035098 0.470933 0.019732 0.051294 0.000010 0.000010 0.017838 0.022744 0.010583
0.463314 0.035329 0.293062 0.000309 0.102468 0.003384 0.022849 0.026042 0.021062 0.032181
0.482117 0.032427 0.362747 0.000010 0.069320 0.008892 0.000010 0.002369 0.017681 0.024427
0.415340 0.012014 0.356089 0.017829 0.066859 0.000010 0.036523 0.041776 0.024245 0.029315
0.175120 0.000010 0.277503 0.201155 0.017301 0.022026 0.228688 0.035389 0.000010 0.042799
0.114920 0.055822 0.348160 0.222660 0.016614 0.000010 0.211237 0.000010 0.000010 0.030556
0.125152 0.019775 0.299664 0.247276 0.018502 0.000010 0.241372 0.034460 0.002216 0.011573
0.000010 0.000010 0.073151 0.535860 0.000010 0.000010 0.390919 0.000010 0.000010 0.000010
0.000010 0.000010 0.000010 0.000010 0.000010 0.000010 0.999910 0.000010 0.000010 0.000010
0.000010 0.000010 0.001976 0.131578 0.001351 0.000010 0.858310 0.006736 0.000010 0.000010
0.000010 0.000010 0.000010 0.000010 0.000010 0.000010 0.999910 0.000010 0.000010 0.000010
0.009333 0.036774 0.062669 0.557849 0.000816 0.008559 0.290701 0.000010 0.019743 0.013545
0.000010 0.021597 0.066034 0.505103 0.000010 0.000010 0.363238 0.019479 0.000010 0.024509
0.721566 0.031839 0.112617 0.000010 0.069351 0.000010 0.000010 0.000047 0.013316 0.051234
0.914005 0.000010 0.047535 0.018818 0.000010 0.000010 0.000010 0.003405 0.016187 0.000010
0.733402 0.026219 0.126952 0.000010 0.051839 0.000010 0.000010 0.040446 0.008256 0.012855
0.562197 0.011465 0.141139 0.000010 0.085987 0.000010 0.025727 0.063290 0.046700 0.063475
0.094083 0.012740 0.351488 0.245375 0.026543 0.000010 0.237664 0.000010 0.000010 0.032076
0.042009 0.014303 0.215713 0.352241 0.000010 0.000010 0.369884 0.000010 0.000010 0.005810
0.000010 0.000010 0.067728 0.567652 0.000010 0.000010 0.364550 0.000010 0.000010 0.000010
0.000010 0.000010 0.064520 0.524524 0.000010 0.000010 0.410885 0.000010 0.000010 0.000010
0.000010 0.000010 0.000010 0.037424 0.000010 0.000010 0.962496 0.000010 0.000010 0.000010
0.000010 0.000010 0.000010 0.000010 0.000010 0.000010 0.999910 0.000010 0.000010 0.000010
0.000010 0.009619 0.110057 0.505964 0.007226 0.000010 0.348989 0.010987 0.000010 0.007127
0.000010 0.011917 0.081864 0.520369 0.007065 0.010889 0.341031 0.005532 0.000010 0.021312
0.706825 0.000656 0.122071 0.000010 0.087374 0.000010 0.000010 0.028178 0.036339 0.018527
0.841727 0.000010 0.057375 0.000010 0.046376 0.013621 0.000010 0.033681 0.000010 0.007181
0.595521 0.049310 0.148969 0.000010 0.090033 0.043115 0.013714 0.013992 0.012771 0.032566
0.764518 0.007933 0.073840 0.000199 0.054557 0.028201 0.000010 0.009254 0.027934 0.033553
0.220425 0.224263 0.070943 0.000010 0.159766 0.025839 0.000010 0.085863 0.062285 0.150596
0.824217 0.020516 0.023831 0.009634 0.043573 0.018863 0.003871 0.017215 0.012506 0.025775
0.313552 0.000010 0.620176 0.000010 0.033301 0.000186 0.000010 0.000010 0.004892 0.027853
0.370575 0.029630 0.492759 0.000010 0.041111 0.014078 0.000010 0.022141 0.029675 0.000010
0.445770 0.066046 0.377961 0.000010 0.072568 0.000010 0.004569 0.000010 0.007128 0.025927
0.127377 0.027287 0.251462 0.239198 0.038998 0.002521 0.262463 0.008190 0.000010 0.042493
0.135092 0.000353 0.323436 0.244304 0.000010 0.000010 0.237766 0.025049 0.000010 0.033970
0.000010 0.000010 0.061440 0.582208 0.000010 0.000010 0.356282 0.000010 0.000010 0.000010
0.000010 0.000010 0.074889 0.577452 0.000010 0.000010 0.347589 0.000010 0.000010 0.000010
0.000010 0.000013 0.000010 0.000010 0.000013 0.000010 0.999904 0.000010 0.000010 0.000010
0.000010 0.000010 0.000010 0.102307 0.000010 0.000010 0.886195 0.000010 0.011427 0.000010
0.000010 0.030094 0.105151 0.500826 0.001196 0.000010 0.345880 0.000010 0.003721 0.013102
0.684305 0.015157 0.142945 0.000010 0.087860 0.018408 0.000010 0.003237 0.016052 0.032016
0.870589 0.008682 0.075661 0.007439 0.014844 0.000010 0.000010 0.009534 0.000010 0.013221
0.900736 0.000010 0.055767 0.010712 0.000010 0.020258 0.010814 0.000010 0.001673 0.000010
0.568949 0.067678 0.161825 0.000010 0.097504 0.000010 0.004678 0.014836 0.057658 0.026851
0.766514 0.042687 0.077160 0.000010 0.043713 0.000010 0.006869 0.010000 0.029364 0.023673
0.412855 0.163159 0.056221 0.000010 0.154579 0.000010 0.000010 0.068955 0.062101 0.082100
0.785385 0.001814 0.053316 0.000010 0.074355 0.014251 0.006344 0.005479 0.031486 0.027559
0.398382 0.000010 0.505327 0.000010 0.030598 0.000010 0.001824 0.020527 0.024790 0.018521
0.312669 0.004764 0.599958 0.000010 0.039912 0.000010 0.000010 0.000010 0.042647 0.000010
0.453895 0.023548 0.384552 0.000010 0.062739 0.000010 0.003256 0.016778 0.016444 0.038769
0.159807 0.033037 0.395199 0.188515 0.010211 0.000010 0.182583 0.029009 0.000010 0.001619
0.099416 0.011117 0.328433 0.278572 0.000010 0.000767 0.244909 0.018353 0.015411 0.003012
0.000010 0.000010 0.038926 0.613705 0.000010 0.000010 0.347300 0.000010 0.000010 0.000010
0.000010 0.000010 0.058512 0.523903 0.000010 0.000010 0.417516 0.000010 0.000010 0.000010
0.000010 0.000010 0.000010 0.000010 0.000010 0.000010 0.999910 0.000010 0.000010 0.000010
0.000010 0.000010 0.000010 0.000010 0.000010 0.000010 0.999908 0.000010 0.000012 0.000010
0.007147 0.036487 0.073903 0.530374 0.000010 0.000010 0.341056 0.000010 0.000329 0.010674
0.000010 0.023133 0.104638 0.479449 0.017467 0.000010 0.358384 0.007031 0.000010 0.009869
0.651471 0.009211 0.125325 0.000010 0.126374 0.002960 0.000010 0.020847 0.040373 0.023420
0.895226 0.000010 0.054091 0.020151 0.016306 0.000010 0.000010 0.000010 0.005307 0.008879
0.910175 0.000010 0.035991 0.013357 0.016367 0.000010 0.000010 0.000010 0.011898 0.012172
0.550878 0.039993 0.166834 0.000010 0.113355 0.026516 0.005469 0.026935 0.047142 0.022868
0.714445 0.053916 0.116846 0.000010 0.042444 0.018342 0.000010 0.014410 0.019974 0.019603
0.424105 0.137436 0.070449 0.000015 0.143977 0.002807 0.000010 0.063354 0.055125 0.102721
0.777563 0.013136 0.063331 0.000010 0.083247 0.002235 0.000010 0.029106 0.031352 0.000010
0.193939 0.003959 0.782920 0.000010 0.018475 0.000657 0.000010 0.000010 0.000010 0.000010
0.431576 0.062236 0.348300 0.000010 0.065418 0.006313 0.034164 0.003907 0.004741 0.043335
0.449338 0.004911 0.304213 0.044061 0.063050 0.000010 0.059086 0.026359 0.014301 0.034671
0.136468 0.000010 0.231014 0.277696 0.022393 0.004819 0.277340 0.014556 0.003902 0.031803
0.117267 0.000010 0.304938 0.271992 0.000010 0.017285 0.255179 0.024770 0.001967 0.006582
0.000010 0.000010 0.066071 0.543028 0.000010 0.000010 0.390831 0.000010 0.000010 0.000010
0.000010 0.000010 0.054327 0.522741 0.000010 0.000010 0.422861 0.000010 0.000010 0.000010
0.000010 0.000010 0.000010 0.000010 0.000010 0.000010 0.999910 0.000010 0.000010 0.000010
0.000010 0.000010 0.000010 0.000010 0.000010 0.000010 0.999910 0.000010 0.000010 0.000010
0.000010 0.000010 0.000010 0.000010 0.000010 0.000010 0.999910 0.000010 0.000010 0.000010
0.000010 0.017727 0.080601 0.491896 0.012020 0.011173 0.350066 0.013602 0.002985 0.019920
0.000010 0.002467 0.090458 0.515826 0.000010 0.000010 0.372343 0.000010 0.000010 0.018856
0.666376 0.038081 0.155370 0.000010 0.059891 0.000010 0.000010 0.008178 0.032794 0.039280
0.775888 0.028456 0.072105 0.019535 0.059829 0.026082 0.005265 0.000010 0.000018 0.012812
0.923036 0.005207 0.034075 0.020636 0.005265 0.000010 0.004427 0.000010 0.007324 0.000010
0.530153 0.052644 0.203838 0.000010 0.100702 0.006561 0.008417 0.006835 0.036429 0.054410
0.682335 0.052159 0.104156 0.000010 0.075378 0.000010 0.000010 0.034468 0.017360 0.034115
0.781069 0.010559 0.063052 0.005695 0.025872 0.034608 0.000010 0.006007 0.046629 0.026497
0.403917 0.035580 0.429718 0.000010 0.027139 0.003741 0.000010 0.037279 0.019261 0.043346
0.349446 0.031540 0.498105 0.006878 0.039184 0.000010 0.004301 0.029993 0.030722 0.009820
0.481473 0.036080 0.318868 0.012602 0.053821 0.000010 0.020879 0.005048 0.016535 0.054684
0.292246 0.003102 0.639653 0.000010 0.023347 0.009733 0.000010 0.020466 0.011423 0.000010
0.933472 0.000010 0.000010 0.066448 0.000010 0.000010 0.000010 0.000010 0.000010 0.000010
0.108721 0.002710 0.345067 0.242041 0.057179 0.007425 0.236826 0.000010 0.000010 0.000010
0.000010 0.000010 0.051544 0.591346 0.000010 0.000010 0.357040 0.000010 0.000010 0.000010
0.000010 0.000010 0.028604 0.219913 0.007632 0.000010 0.738624 0.000010 0.005177 0.000010
0.000010 0.000010 0.000010 0.000010 0.000010 0.000010 0.999910 0.000010 0.000010 0.000010
0.000276 0.050344 0.068754 0.498536 0.000010 0.001263 0.345448 0.013746 0.021615 0.000010
0.000010 0.017006 0.089561 0.527422 0.000010 0.001169 0.346749 0.009377 0.000010 0.008686
0.789634 0.055532 0.098728 0.000010 0.008587 0.010809 0.000010 0.010898 0.016452 0.009340
0.821436 0.000010 0.101211 0.000010 0.031822 0.013860 0.000010 0.007063 0.008018 0.016561
0.798426 0.000010 0.090333 0.000010 0.066527 0.001769 0.000010 0.024764 0.001467 0.016684
0.767201 0.026156 0.073591 0.000010 0.077233 0.002744 0.000010 0.008105 0.044941 0.000010
0.446344 0.156017 0.050134 0.000010 0.135658 0.017382 0.000010 0.026914 0.051159 0.116372
0.776676 0.015091 0.061177 0.000010 0.084459 0.027003 0.000010 0.024239 0.011325 0.000010
0.229115 0.000010 0.695333 0.000010 0.039045 0.000010 0.000010 0.000010 0.016598 0.019859
0.392651 0.035169 0.488286 0.000010 0.036008 0.000010 0.012190 0.000010 0.018759 0.016908
0.212116 0.000637 0.579792 0.030913 0.033574 0.016604 0.053497 0.047377 0.000010 0.025480
0.406618 0.016689 0.516279 0.000010 0.041050 0.018872 0.000010 0.000010 0.000452 0.000010
0.090298 0.003316 0.267549 0.270634 0.006838 0.008516 0.300160 0.031784 0.000010 0.020895
0.944472 0.000010 0.000010 0.055448 0.000010 0.000010 0.000010 0.000010 0.000010 0.000010
0.000010 0.000010 0.060869 0.529871 0.000010 0.000010 0.409190 0.000010 0.000010 0.000010
0.000010 0.000010 0.000010 0.000010 0.000010 0.000010 0.999910 0.000010 0.000010 0.000010
0.000010 0.000010 0.076522 0.534579 0.000010 0.000010 0.388829 0.000010 0.000010 0.000010
0.000010 0.000010 0.064724 0.560777 0.000010 0.000010 0.374429 0.000010 0.000010 0.000010
0.797129 0.009912 0.034665 0.000010 0.083475 0.036618 0.007929 0.002726 0.000010 0.027525
0.350462 0.055416 0.494262 0.000010 0.055477 0.000010 0.000010 0.024175 0.005870 0.014307
0.439909 0.149793 0.052607 0.000010 0.123518 0.041953 0.000010 0.028566 0.066787 0.096848
0.802559 0.012772 0.045366 0.000010 0.095822 0.000010 0.003393 0.022376 0.012526 0.005166
0.332843 0.025915 0.571855 0.007552 0.045494 0.000010 0.003247 0.000010 0.000010 0.013065
0.478270 0.031006 0.323642 0.000010 0.039282 0.000010 0.010795 0.048991 0.017809 0.050185
0.322170 0.009501 0.333954 0.093693 0.056022 0.000107 0.119977 0.015273 0.021131 0.028172
0.145220 0.039321 0.259089 0.254091 0.032793 0.002931 0.249863 0.000010 0.007827 0.008854
0.942449 0.000010 0.000010 0.057471 0.000010 0.000010 0.000010 0.000010 0.000010 0.000010
0.001295 0.000010 0.000010 0.004075 0.000513 0.000010 0.992101 0.000010 0.001966 0.000010
0.000010 0.045942 0.092851 0.506423 0.000010 0.000010 0.325391 0.000010 0.000010 0.029343
0.000010 0.011836 0.089484 0.525029 0.015974 0.000010 0.344020 0.000010 0.000010 0.013618
0.000010 0.009852 0.103841 0.504016 0.000010 0.000010 0.348768 0.000010 0.002797 0.030687
0.874335 0.000010 0.055270 0.008761 0.027024 0.010385 0.009513 0.000010 0.009289 0.005403
0.815574 0.009683 0.090844 0.000010 0.071901 0.000010 0.000010 0.006975 0.002226 0.002767
0.703445 0.036010 0.084629 0.000010 0.077531 0.014471 0.000010 0.018926 0.034033 0.030933
0.782579 0.041205 0.037422 0.000243 0.083776 0.000010 0.004599 0.014657 0.035498 0.000010
0.440926 0.186430 0.062320 0.000010 0.108003 0.006073 0.000010 0.033271 0.065707 0.097249
0.174918 0.021673 0.767238 0.000010 0.021169 0.000010 0.000010 0.000010 0.007340 0.007622
0.378265 0.037470 0.457256 0.000010 0.040482 0.010200 0.026249 0.008923 0.013988 0.027157
0.459857 0.056582 0.308356 0.016664 0.037613 0.000010 0.025320 0.025593 0.021235 0.048769
0.462422 0.052915 0.390541 0.000010 0.042539 0.000010 0.009995 0.000010 0.019111 0.022447
0.463947 0.025306 0.316967 0.009079 0.088102 0.036421 0.002752 0.017683 0.032943 0.006800
0.935896 0.000010 0.000010 0.060790 0.000010 0.000010 0.000010 0.000010 0.000010 0.003244
0.486926 0.140330 0.081475 0.000010 0.146554 0.008239 0.000010 0.033310 0.045390 0.057757
0.766546 0.030931 0.063806 0.002884 0.075734 0.000016 0.000010 0.029676 0.010765 0.019632
0.321283 0.000010 0.570176 0.000010 0.040602 0.022746 0.005776 0.009401 0.014305 0.015690
0.374278 0.018573 0.474052 0.000010 0.055890 0.000010 0.017652 0.015223 0.013495 0.030817
0.195364 0.069978 0.570863 0.031249 0.000010 0.021324 0.067231 0.016224 0.022676 0.005080
0.424266 0.038179 0.404151 0.000010 0.064139 0.000010 0.000010 0.026262 0.023410 0.019563
0.147005 0.018877 0.239919 0.238265 0.003251 0.031843 0.298370 0.022330 0.000010 0.000130
0.955458 0.000010 0.000010 0.044462 0.000010 0.000010 0.000010 0.000010 0.000010 0.000010
0.949466 0.000010 0.000010 0.050454 0.000010 0.000010 0.000010 0.000010 0.000010 0.000010
0.805880 0.041558 0.000010 0.055027 0.059664 0.000010 0.000010 0.029333 0.000010 0.008499
0.867850 0.034943 0.038760 0.000010 0.000010 0.000012 0.000010 0.015756 0.027075 0.015575
0.405671 0.087488 0.163314 0.025213 0.122353 0.000010 0.030122 0.050968 0.017567 0.097296
0.000010 0.000010 0.938185 0.021855 0.000010 0.000010 0.025518 0.000010 0.014382 0.000010
0.005578 0.000010 0.871301 0.058619 0.000010 0.000010 0.064442 0.000010 0.000010 0.000010
0.657900 0.018588 0.290204 0.000010 0.000010 0.000010 0.000010 0.016082 0.000010 0.017176
0.658628 0.006712 0.268575 0.000010 0.050901 0.000010 0.000010 0.000010 0.000516 0.014629
0.666474 0.001310 0.261845 0.000010 0.027175 0.007830 0.000010 0.006307 0.003225 0.025813
0.837179 0.016081 0.037052 0.059935 0.029422 0.000344 0.001850 0.014511 0.003616 0.000010
0.925882 0.000010 0.000010 0.043795 0.000010 0.000010 0.011023 0.006917 0.000010 0.012334
0.839461 0.024765 0.061930 0.001147 0.049071 0.000010 0.001043 0.013238 0.009108 0.000226
0.387239 0.110634 0.143835 0.038598 0.072487 0.044802 0.028876 0.052858 0.031242 0.089429
0.000010 0.000010 0.917737 0.024942 0.000010 0.000010 0.057251 0.000010 0.000010 0.000010
0.036963 0.000010 0.962957 0.000010 0.000010 0.000010 0.000010 0.000010 0.000010 0.000010
0.630542 0.041539 0.256199 0.000010 0.021941 0.011562 0.000010 0.000010 0.026031 0.012155
0.621929 0.000010 0.278588 0.000010 0.069307 0.003848 0.000010 0.000010 0.004066 0.022221
0.781931 0.000010 0.000010 0.201895 0.000010 0.000010 0.016105 0.000010 0.000010 0.000010
0.395943 0.027094 0.511307 0.000010 0.022996 0.000010 0.005799 0.000010 0.026448 0.010383
0.939727 0.000010 0.000010 0.060193 0.000010 0.000010 0.000010 0.000010 0.000010 0.000010
0.472812 0.106537 0.093338 0.000010 0.115817 0.033736 0.000010 0.031250 0.050853 0.095637
0.338948 0.137340 0.145343 0.000010 0.094583 0.023292 0.024249 0.092579 0.040875 0.102783
0.000010 0.000010 0.869874 0.047621 0.000010 0.003928 0.071167 0.007360 0.000010 0.000010
0.000010 0.000010 0.982416 0.000312 0.000010 0.000010 0.017202 0.000010 0.000010 0.000010
0.638473 0.010948 0.277919 0.000010 0.022259 0.025113 0.000010 0.012204 0.013054 0.000010
0.647266 0.008424 0.265669 0.000257 0.041073 0.000010 0.000010 0.020281 0.002877 0.014132
0.651752 0.000010 0.284854 0.000010 0.049236 0.000010 0.000010 0.000010 0.009029 0.005078
0.836313 0.000010 0.000010 0.125266 0.000010 0.000010 0.026980 0.000010 0.000010 0.011381
0.941839 0.000010 0.000010 0.058027 0.000010 0.000010 0.000064 0.000010 0.000010 0.000010
0.795956 0.029458 0.000010 0.035136 0.074994 0.016000 0.002565 0.005276 0.014570 0.026035
0.471928 0.099306 0.084464 0.000010 0.131095 0.039187 0.000010 0.039493 0.053614 0.080892
0.387201 0.118133 0.192336 0.045293 0.062985 0.025371 0.032194 0.052671 0.039992 0.043825
0.000010 0.000010 0.703739 0.129830 0.000010 0.000010 0.166361 0.000010 0.000010 0.000010
0.000010 0.000010 0.934336 0.018337 0.000010 0.000010 0.037274 0.000540 0.003784 0.005689
0.631779 0.001809 0.291772 0.000010 0.036726 0.000010 0.000010 0.008700 0.000010 0.029174
0.617938 0.003314 0.286207 0.000010 0.046311 0.000010 0.000010 0.024797 0.010957 0.010446
0.645292 0.006584 0.277711 0.000010 0.024172 0.015028 0.000010 0.012037 0.000010 0.019146
0.759197 0.000010 0.000010 0.218600 0.000010 0.000010 0.022133 0.000010 0.000010 0.000010
0.000010 0.028295 0.104535 0.483851 0.000010 0.000010 0.365916 0.000010 0.000010 0.017354
0.000010 0.030748 0.071186 0.516511 0.000010 0.000010 0.341850 0.017431 0.000010 0.022234
0.664110 0.048180 0.135737 0.000010 0.077376 0.002127 0.000010 0.007196 0.023960 0.041294
0.924329 0.002289 0.041898 0.029548 0.000010 0.000010 0.001887 0.000010 0.000010 0.000010
0.568033 0.023874 0.171764 0.000010 0.096099 0.020308 0.009261 0.029117 0.039534 0.042001
0.951216 0.000010 0.000010 0.040144 0.000010 0.000010 0.008570 0.000010 0.000010 0.000010
0.904992 0.016397 0.042507 0.000010 0.017108 0.000010 0.008631 0.000010 0.000010 0.010324
0.502571 0.125200 0.076532 0.000010 0.119142 0.020264 0.000010 0.064769 0.031666 0.059836
0.437703 0.057751 0.158038 0.015370 0.093184 0.021668 0.041133 0.061998 0.050070 0.063085
0.000010 0.000010 0.865048 0.053443 0.000010 0.000010 0.081439 0.000010 0.000010 0.000010
0.000010 0.000010 0.966506 0.011731 0.000010 0.004576 0.017127 0.000010 0.000010 0.000010
0.648706 0.006237 0.261944 0.004131 0.035811 0.000010 0.000010 0.000010 0.008344 0.034797
0.643097 0.000010 0.270687 0.000010 0.018932 0.000010 0.000010 0.049209 0.000010 0.018025
0.643240 0.010885 0.257686 0.004533 0.044670 0.010979 0.000010 0.006798 0.006179 0.015020
0.833044 0.012664 0.008914 0.127810 0.000010 0.010309 0.000010 0.000010 0.000010 0.007219
0.850212 0.041572 0.071168 0.000057 0.036442 0.000010 0.000010 0.000010 0.000509 0.000010
0.416378 0.148337 0.047105 0.000010 0.137461 0.043374 0.000010 0.045622 0.075491 0.086212
0.000010 0.000010 0.945499 0.026738 0.000010 0.000010 0.027693 0.000010 0.000010 0.000010
0.000010 0.011824 0.949848 0.016598 0.000010 0.000831 0.020849 0.000010 0.000010 0.000010
0.000010 0.000010 0.790271 0.090420 0.000010 0.000010 0.119239 0.000010 0.000010 0.000010
0.649078 0.003097 0.291458 0.000010 0.022024 0.009644 0.000010 0.021667 0.003002 0.000010
0.806638 0.041321 0.000086 0.034863 0.053165 0.015346 0.000010 0.023687 0.010579 0.014305
0.823385 0.016545 0.043714 0.000010 0.063681 0.019809 0.000010 0.000010 0.009349 0.023488
0.404766 0.129968 0.086580 0.000010 0.155783 0.018624 0.000010 0.065973 0.073343 0.064943
0.398109 0.108108 0.185701 0.014418 0.108700 0.000010 0.020092 0.048062 0.041579 0.075221
0.000010 0.000010 0.948115 0.028159 0.000010 0.000010 0.023656 0.000010 0.000010 0.000010
0.000010 0.000010 0.973964 0.000570 0.000010 0.000010 0.023793 0.000010 0.000010 0.001613
0.649172 0.003279 0.269449 0.000010 0.036839 0.012789 0.000010 0.000010 0.018475 0.009966
0.653017 0.008153 0.288133 0.000010 0.035533 0.000010 0.000010 0.007171 0.000010 0.007954
0.636526 0.000010 0.297560 0.000010 0.034604 0.011356 0.000010 0.010870 0.000010 0.009044
0.804193 0.000010 0.000010 0.184004 0.000010 0.000010 0.011733 0.000010 0.000010 0.000010
0.857434 0.000010 0.000010 0.059078 0.056814 0.002871 0.000045 0.020931 0.002796 0.000010
0.851022 0.028875 0.064715 0.000010 0.053126 0.000010 0.000010 0.002212 0.000010 0.000010
0.413987 0.093078 0.087499 0.000010 0.181996 0.032040 0.000010 0.041492 0.053524 0.096363
0.410424 0.098821 0.174433 0.022691 0.104992 0.000328 0.057144 0.026446 0.020261 0.084460
0.002031 0.000010 0.929086 0.032154 0.000010 0.000010 0.036669 0.000010 0.000010 0.000010
0.000010 0.000010 0.919112 0.024698 0.000010 0.000010 0.045064 0.011066 0.000010 0.000010
0.638509 0.019603 0.257835 0.000010 0.032334 0.027750 0.000010 0.010270 0.011016 0.002662
0.654864 0.000010 0.265650 0.000010 0.000015 0.028688 0.000010 0.034455 0.007123 0.009176
0.624747 0.007384 0.293726 0.000010 0.007514 0.017983 0.000010 0.023818 0.005597 0.019211
0.845585 0.000010 0.000010 0.057083 0.030848 0.031970 0.000010 0.024575 0.009900 0.000010
0.852350 0.034492 0.056623 0.000010 0.016493 0.000050 0.000010 0.000010 0.011025 0.028936
0.373270 0.136741 0.164298 0.013170 0.079428 0.037280 0.047404 0.044336 0.027672 0.076401
0.000010 0.000010 0.954775 0.020440 0.000010 0.000010 0.024715 0.000010 0.000010 0.000010
0.000010 0.000010 0.933366 0.028883 0.000620 0.000010 0.033721 0.000010 0.003361 0.000010
0.621532 0.023247 0.303969 0.000010 0.020152 0.027015 0.000010 0.000456 0.003600 0.000010
0.822809 0.000010 0.000010 0.049015 0.078041 0.006410 0.000010 0.026318 0.017367 0.000010
0.862317 0.040415 0.059672 0.001431 0.007942 0.000010 0.000010 0.000010 0.013001 0.015193
0.415016 0.089126 0.141051 0.024481 0.085983 0.045337 0.024546 0.067350 0.026443 0.080667
0.000010 0.000010 0.952093 0.011573 0.000010 0.000010 0.036264 0.000010 0.000010 0.000010
0.000010 0.000010 0.906917 0.045459 0.000010 0.000010 0.047554 0.000010 0.000010 0.000010
0.657597 0.000010 0.274839 0.000010 0.009764 0.009573 0.000010 0.033572 0.013330 0.001296
0.636180 0.015133 0.306877 0.000010 0.009485 0.000010 0.000010 0.000226 0.002937 0.029132
0.783832 0.000010 0.000010 0.193936 0.000010 0.000010 0.022162 0.000010 0.000010 0.000010
0.787584 0.000010 0.000010 0.201491 0.000010 0.000010 0.010855 0.000010 0.000010 0.000010
0.508289 0.011231 0.247069 0.004152 0.089475 0.000010 0.037107 0.036097 0.023203 0.043367
0.439484 0.032029 0.349676 0.003955 0.049145 0.000010 0.015715 0.030480 0.049540 0.029967
0.087614 0.002548 0.282296 0.257166 0.037334 0.034073 0.278128 0.020821 0.000010 0.000010
0.848882 0.006873 0.000010 0.051749 0.034973 0.000010 0.001525 0.029123 0.011422 0.015433
0.874748 0.009535 0.068267 0.000010 0.005941 0.017133 0.002501 0.020659 0.000010 0.001197
0.436191 0.167833 0.050111 0.000010 0.131775 0.012340 0.000010 0.033146 0.057327 0.111257
0.000010 0.000010 0.934519 0.048738 0.005363 0.000010 0.011320 0.000010 0.000010 0.000010
0.000010 0.000010 0.880573 0.059154 0.000010 0.000010 0.060200 0.000013 0.000010 0.000010
0.624080 0.000010 0.281575 0.000010 0.052639 0.018134 0.000010 0.023523 0.000010 0.000010
0.633863 0.000010 0.286610 0.000010 0.046909 0.000010 0.000010 0.000010 0.011014 0.021554
0.774103 0.000010 0.000010 0.200793 0.000010 0.000010 0.025034 0.000010 0.000010 0.000010
0.000010 0.003793 0.112874 0.504686 0.000010 0.006250 0.347176 0.000965 0.000010 0.024226
0.906381 0.016295 0.038038 0.000010 0.014564 0.014316 0.000010 0.001040 0.000010 0.009336
0.823846 0.000010 0.000010 0.142283 0.000010 0.000010 0.016954 0.016857 0.000010 0.000010
0.626411 0.020979 0.270919 0.000010 0.036927 0.010604 0.000010 0.021083 0.013046 0.000010
0.000010 0.000010 0.958770 0.027317 0.000010 0.000010 0.013843 0.000010 0.000010 0.000010
0.638967 0.000010 0.294287 0.000010 0.014668 0.002382 0.000010 0.013878 0.002819 0.032968
0.431381 0.114819 0.167092 0.012452 0.074136 0.015297 0.027482 0.057994 0.015135 0.084214
0.457331 0.143074 0.058098 0.000010 0.086699 0.050284 0.000010 0.056426 0.044030 0.104038
0.764790 0.023462 0.000010 0.057079 0.076156 0.000102 0.003181 0.030962 0.000010 0.044249
0.000010 0.000010 0.684096 0.136513 0.000010 0.000010 0.179321 0.000010 0.000010 0.000010
0.719393 0.036757 0.111806 0.000010 0.063622 0.044324 0.000010 0.012925 0.000010 0.011143
0.021646 0.000010 0.006138 0.710818 0.009725 0.000010 0.187144 0.000010 0.064489 0.000010
0.008617 0.000010 0.013712 0.743251 0.000010 0.018529 0.169577 0.000010 0.033837 0.012447
0.029408 0.011887 0.000010 0.770568 0.006663 0.022612 0.122253 0.002815 0.033774 0.000010
0.014798 0.002649 0.000010 0.790272 0.020968 0.004049 0.109906 0.000010 0.057328 0.000010
0.269273 0.132828 0.023035 0.000010 0.311262 0.013369 0.000010 0.034624 0.143580 0.072008
0.259984 0.161705 0.062714 0.000010 0.239872 0.000010 0.000010 0.065261 0.126384 0.084049
0.256380 0.125188 0.044298 0.000010 0.310077 0.005008 0.000010 0.053980 0.135306 0.069743
0.268704 0.111781 0.044262 0.000010 0.300384 0.004568 0.000010 0.066074 0.154449 0.049758
0.052733 0.025012 0.024439 0.688202 0.003300 0.006515 0.174998 0.000010 0.022126 0.002665
0.000010 0.000010 0.058591 0.647636 0.000010 0.000010 0.291510 0.000010 0.002204 0.000010
0.000010 0.000010 0.048243 0.676654 0.000010 0.000010 0.253774 0.000010 0.021269 0.000010
0.000010 0.007364 0.040335 0.655028 0.000010 0.000010 0.271013 0.000010 0.004345 0.021874
0.000010 0.000010 0.058675 0.660754 0.000010 0.000010 0.272672 0.000010 0.007839 0.000010
0.000010 0.000010 0.039481 0.658163 0.003918 0.000010 0.266154 0.000010 0.014211 0.018032
0.023056 0.000010 0.010601 0.743525 0.015072 0.000010 0.174810 0.000010 0.022748 0.010160
0.000010 0.000010 0.051048 0.631179 0.000010 0.000010 0.291346 0.000010 0.026367 0.000010
0.029913 0.067152 0.072191 0.466855 0.109577 0.018523 0.168575 0.000010 0.064920 0.002285
0.143907 0.003826 0.000010 0.760541 0.000010 0.000010 0.000010 0.007367 0.084309 0.000010
0.013709 0.000010 0.001738 0.784248 0.039760 0.000010 0.103967 0.000010 0.056539 0.000010
0.021654 0.002253 0.000010 0.800690 0.008814 0.016423 0.084502 0.000010 0.065633 0.000010
0.021756 0.000175 0.000010 0.808396 0.021533 0.000010 0.082984 0.010136 0.054989 0.000010
0.025091 0.004493 0.000010 0.792118 0.012150 0.036978 0.087602 0.000668 0.040878 0.000010
0.039680 0.000010 0.000010 0.814507 0.018126 0.000010 0.053924 0.018062 0.055661 0.000010
0.012657 0.022707 0.006344 0.737073 0.001072 0.012208 0.175799 0.000010 0.032120 0.000010
0.034589 0.005801 0.000010 0.803757 0.003137 0.007006 0.077969 0.019052 0.048669 0.000010
0.005874 0.019573 0.000010 0.778845 0.023578 0.001248 0.100857 0.003742 0.066263 0.000010
0.000010 0.050862 0.000010 0.784629 0.000010 0.000010 0.088493 0.004813 0.071154 0.000010
0.042649 0.000010 0.000010 0.767715 0.014788 0.000010 0.108437 0.018438 0.047934 0.000010
0.000010 0.000010 0.022214 0.771545 0.005607 0.000010 0.154204 0.029308 0.017081 0.000010
0.018391 0.000013 0.017712 0.729620 0.003121 0.015516 0.194323 0.017230 0.004064 0.000010
0.000010 0.000010 0.000010 0.803706 0.027414 0.019793 0.122631 0.000010 0.024108 0.002307
0.042497 0.000010 0.000010 0.762643 0.000010 0.002802 0.155101 0.007283 0.029634 0.000010
0.022429 0.025521 0.017607 0.760765 0.000010 0.000010 0.139952 0.019538 0.014157 0.000010
0.003218 0.000010 0.005176 0.804717 0.002998 0.015090 0.124061 0.005810 0.011772 0.027148
0.010131 0.000010 0.019944 0.785688 0.010213 0.008072 0.138920 0.000010 0.005214 0.021798
0.000010 0.000010 0.022536 0.788957 0.000010 0.000010 0.141708 0.013516 0.026681 0.006561
0.001775 0.000010 0.021042 0.775104 0.000010 0.016283 0.151137 0.000010 0.017162 0.017467
0.005271 0.000010 0.000010 0.727494 0.022246 0.005355 0.192343 0.008528 0.038734 0.000010
0.017608 0.000010 0.004286 0.725469 0.024075 0.000010 0.187819 0.005350 0.035363 0.000010
0.038388 0.000010 0.000010 0.756645 0.000010 0.000010 0.127249 0.005556 0.068305 0.003817
0.039240 0.000010 0.000010 0.823863 0.000010 0.000010 0.078792 0.006706 0.044922 0.006436
0.021089 0.000010 0.000010 0.821109 0.000010 0.000010 0.078878 0.003814 0.050604 0.024466
0.000821 0.000010 0.000010 0.876515 0.000010 0.022075 0.051803 0.009925 0.038822 0.000010
0.000010 0.000010 0.000010 0.912714 0.000010 0.001404 0.016422 0.023493 0.045413 0.000514
0.014797 0.000010 0.000010 0.921898 0.000010 0.000010 0.016996 0.011342 0.021904 0.013023
0.000010 0.000010 0.000010 0.929413 0.000010 0.000010 0.020411 0.009910 0.019099 0.021117
0.034073 0.027839 0.000010 0.730191 0.014082 0.000010 0.158269 0.000010 0.035507 0.000010
0.014513 0.044312 0.000010 0.754416 0.000010 0.014531 0.133417 0.000010 0.038771 0.000010
0.025407 0.028161 0.000010 0.710501 0.000010 0.004615 0.175046 0.000010 0.056230 0.000010
0.013080 0.000010 0.009010 0.783548 0.011676 0.000010 0.143280 0.010329 0.018641 0.010417
0.000010 0.000010 0.005945 0.731047 0.019290 0.000010 0.189811 0.000010 0.053857 0.000010
0.023121 0.000203 0.000010 0.847283 0.030933 0.000010 0.056035 0.000010 0.042385 0.000010
0.003014 0.002838 0.000958 0.769203 0.000010 0.000010 0.150437 0.008547 0.032798 0.032185
0.015501 0.000010 0.034410 0.737877 0.000010 0.000010 0.175403 0.000010 0.036759 0.000010
0.022914 0.000010 0.000010 0.760183 0.024917 0.006087 0.158198 0.000010 0.027113 0.000557
0.018604 0.000016 0.000010 0.825948 0.019602 0.007409 0.102865 0.005564 0.010532 0.009449
0.004669 0.000010 0.000010 0.809266 0.000010 0.012246 0.139247 0.009736 0.024797 0.000010
0.052533 0.000010 0.001436 0.779166 0.005311 0.002995 0.131532 0.008601 0.003547 0.014869
0.000010 0.000010 0.022705 0.726466 0.000010 0.000010 0.187559 0.025557 0.030003 0.007671
0.033155 0.013118 0.000010 0.773386 0.007166 0.000010 0.112055 0.010539 0.050551 0.000010
0.003984 0.019299 0.000010 0.730594 0.029395 0.000010 0.169781 0.000010 0.046907 0.000010
0.031884 0.025784 0.000010 0.681852 0.013843 0.000010 0.208424 0.003480 0.031146 0.003568
0.000010 0.006460 0.000010 0.792959 0.027705 0.012742 0.112479 0.000010 0.047615 0.000010
0.000010 0.024646 0.000010 0.802107 0.000010 0.005830 0.080884 0.011071 0.075422 0.000010
0.012766 0.037990 0.004090 0.707781 0.000010 0.002232 0.203605 0.004413 0.027104 0.000010
0.050305 0.000010 0.000010 0.811163 0.008824 0.003917 0.074883 0.000010 0.050868 0.000010
0.034830 0.001870 0.000010 0.748901 0.000010 0.000010 0.161823 0.022760 0.029776 0.000010
0.000010 0.000010 0.006881 0.742049 0.027811 0.011110 0.167370 0.000010 0.034776 0.009974
0.004780 0.017074 0.000010 0.858969 0.023271 0.000010 0.058359 0.000010 0.037507 0.000010
0.027751 0.009184 0.000010 0.781984 0.029505 0.000010 0.080753 0.000010 0.070783 0.000010
0.040030 0.000010 0.000010 0.798701 0.000010 0.015151 0.084173 0.006774 0.055131 0.000010
0.024487 0.000010 0.000010 0.796940 0.004329 0.015618 0.098459 0.011132 0.045829 0.003186
0.018852 0.000010 0.000010 0.772950 0.009936 0.016996 0.118548 0.000010 0.052576 0.010113
0.093181 0.094014 0.001479 0.420294 0.149672 0.047381 0.075620 0.000010 0.115478 0.002871
0.000010 0.001512 0.020940 0.668350 0.012617 0.000010 0.240964 0.000010 0.023487 0.032100
0.000010 0.000010 0.026923 0.685844 0.010986 0.005393 0.242746 0.000010 0.028068 0.000010
0.000010 0.000010 0.034623 0.667956 0.023230 0.001725 0.250482 0.003487 0.018467 0.000010
0.000010 0.004709 0.046658 0.687539 0.000010 0.000010 0.239117 0.000754 0.014429 0.006763
0.000010 0.000010 0.030662 0.684009 0.010746 0.000010 0.219769 0.000010 0.029082 0.025692
0.000016 0.000010 0.031473 0.678022 0.002776 0.016510 0.253150 0.003420 0.014290 0.000333
0.006106 0.000010 0.047346 0.678989 0.000010 0.000010 0.249465 0.000010 0.011006 0.007048
0.014426 0.000010 0.039886 0.672989 0.000010 0.000010 0.267098 0.000010 0.000010 0.005551
0.006240 0.000010 0.023224 0.721886 0.009701 0.010224 0.195390 0.005944 0.024172 0.003211
0.023642 0.022936 0.000010 0.749382 0.009586 0.000010 0.143835 0.001802 0.048788 0.000010
0.002971 0.002039 0.030019 0.715368 0.008440 0.000045 0.192797 0.000010 0.033678 0.014635
0.031987 0.004834 0.029471 0.716068 0.000010 0.006089 0.174925 0.000010 0.034667 0.001939
0.018378 0.007241 0.023030 0.710310 0.002433 0.019497 0.184842 0.000166 0.034093 0.000010
0.005336 0.000010 0.017988 0.726098 0.004666 0.000010 0.181081 0.016463 0.037053 0.011295
0.004711 0.000010 0.046894 0.692361 0.000010 0.000010 0.243716 0.001108 0.011171 0.000010
0.000010 0.000010 0.001763 0.720821 0.037113 0.011867 0.188105 0.002189 0.029835 0.008287
0.048831 0.004310 0.018438 0.699665 0.000010 0.000010 0.203314 0.000010 0.025401 0.000010
0.024525 0.003571 0.000010 0.764666 0.028731 0.001870 0.096342 0.000010 0.072555 0.007720
0.009800 0.000010 0.007680 0.746855 0.021187 0.012996 0.153585 0.000010 0.039656 0.008220
0.012920 0.000010 0.008082 0.699416 0.022279 0.000010 0.196332 0.000010 0.049169 0.011772
0.007773 0.004466 0.006830 0.715911 0.000698 0.010019 0.210939 0.028476 0.014012 0.000875
0.009991 0.011491 0.000010 0.759461 0.032039 0.000789 0.129462 0.000010 0.056737 0.000010
0.156773 0.159149 0.053864 0.017870 0.354480 0.009459 0.000010 0.068673 0.179712 0.000010
0.083432 0.230352 0.010718 0.076955 0.284485 0.053960 0.005109 0.008138 0.206826 0.040026
0.182210 0.227144 0.000010 0.083437 0.269053 0.017165 0.000010 0.031438 0.189523 0.000010
0.026426 0.051566 0.031573 0.522882 0.069982 0.011150 0.197574 0.026067 0.062770 0.000010
0.158592 0.140710 0.024322 0.015391 0.410710 0.006406 0.000010 0.051906 0.184312 0.007641
0.171745 0.153137 0.036300 0.000010 0.380953 0.000010 0.000010 0.053493 0.200563 0.003779
0.085817 0.065993 0.023173 0.340076 0.181906 0.056001 0.051796 0.031564 0.156466 0.007207
0.094217 0.068960 0.028132 0.300778 0.189526 0.049237 0.076937 0.029293 0.128027 0.034896
0.085185 0.254518 0.011327 0.151425 0.216807 0.029754 0.040191 0.026686 0.158493 0.025614
0.006275 0.052907 0.001462 0.000010 0.042200 0.009805 0.000010 0.835306 0.016225 0.035800
0.136208 0.138186 0.026753 0.000010 0.393474 0.000010 0.000010 0.073172 0.232168 0.000010
0.170130 0.174671 0.000140 0.003332 0.361933 0.001627 0.000010 0.041650 0.186953 0.059554
0.128916 0.061256 0.020754 0.315823 0.176737 0.034142 0.056293 0.016710 0.180376 0.008993
0.132751 0.227304 0.000010 0.076664 0.254352 0.067424 0.000010 0.016645 0.221488 0.003351
0.125354 0.085634 0.000010 0.265030 0.251848 0.013790 0.000010 0.011093 0.247220 0.000010
0.195729 0.157088 0.017377 0.000010 0.361864 0.011706 0.000010 0.059235 0.178580 0.018399
0.086171 0.106386 0.012810 0.311646 0.202189 0.029002 0.088354 0.031516 0.131916 0.000010
0.087508 0.066664 0.023529 0.308796 0.209281 0.029235 0.078044 0.010715 0.162648 0.023579
