0.443577 0.024779 0.000010 0.079644 0.398859 0.053131
0.569665 0.015853 0.006567 0.035348 0.302624 0.069942
0.454110 0.030933 0.017093 0.054838 0.400933 0.042093
0.541991 0.000010 0.037619 0.024983 0.323856 0.071542
0.454182 0.000010 0.002824 0.088981 0.403314 0.050688
0.485220 0.041939 0.011744 0.041948 0.358732 0.060418
0.510429 0.012473 0.037826 0.034500 0.329442 0.075330
0.798735 0.000010 0.000010 0.000010 0.054952 0.146283
0.803320 0.020412 0.000010 0.017204 0.041619 0.117435
0.886955 0.000010 0.031137 0.000010 0.081878 0.000010
0.729277 0.005059 0.016277 0.057945 0.076789 0.114653
0.734697 0.000010 0.023122 0.028219 0.077800 0.136153
0.000010 0.000010 0.098769 0.012007 0.667459 0.221744
0.000010 0.020660 0.121179 0.070557 0.590972 0.196622
0.000010 0.000010 0.007646 0.000010 0.743163 0.249160
0.011612 0.048637 0.092419 0.080433 0.602836 0.164064
0.453710 0.019417 0.020568 0.082021 0.374215 0.050069
0.478353 0.012044 0.000919 0.085885 0.375266 0.047532
0.827216 0.000010 0.000010 0.019754 0.053241 0.099769
0.769742 0.000010 0.000010 0.000010 0.045659 0.184569
0.791833 0.000010 0.000010 0.000010 0.072706 0.135431
0.907735 0.000010 0.024173 0.000010 0.068061 0.000010
0.729343 0.009106 0.013980 0.043575 0.064985 0.139011
0.737528 0.006229 0.044948 0.013013 0.076261 0.122021
0.000010 0.000010 0.058611 0.000010 0.713188 0.228171
0.000010 0.017289 0.035450 0.000010 0.722411 0.224829
0.000010 0.000010 0.000010 0.002651 0.735405 0.261914
0.000010 0.011928 0.156603 0.073514 0.576429 0.181516
0.465296 0.018608 0.022248 0.074211 0.371003 0.048634
0.453659 0.019800 0.053880 0.048431 0.358859 0.065372
0.795280 0.000316 0.000010 0.024108 0.098739 0.081548
0.771286 0.000010 0.005812 0.000010 0.017658 0.205224
0.889174 0.000010 0.016172 0.008676 0.085958 0.000010
0.893799 0.000010 0.039216 0.000010 0.066954 0.000010
0.738879 0.024432 0.020401 0.040883 0.055228 0.120177
0.736223 0.026917 0.041165 0.021723 0.056070 0.117903
0.000010 0.025315 0.093949 0.000010 0.672592 0.208124
0.003833 0.000010 0.016378 0.012480 0.723059 0.244240
0.000010 0.000010 0.081343 0.000010 0.712018 0.206609
0.009162 0.045017 0.107898 0.058517 0.604498 0.174908
0.490911 0.047653 0.028665 0.033461 0.349049 0.050261
0.458833 0.000010 0.058508 0.076714 0.356124 0.049811
0.798552 0.000010 0.000010 0.003601 0.060815 0.137013
0.822881 0.008333 0.002146 0.000010 0.044349 0.122280
0.907961 0.000010 0.042563 0.000010 0.049446 0.000010
0.886239 0.000010 0.034126 0.000010 0.079605 0.000010
0.902485 0.000010 0.024579 0.000010 0.072906 0.000010
0.720770 0.000010 0.023993 0.052802 0.076482 0.125944
0.734226 0.030098 0.000010 0.051053 0.074252 0.110362
0.000010 0.028674 0.095786 0.000010 0.678448 0.197072
0.000010 0.005167 0.000010 0.000010 0.729541 0.265262
0.000010 0.022640 0.014582 0.000010 0.755881 0.206878
0.013416 0.028559 0.073224 0.061568 0.623031 0.200203
0.000010 0.018527 0.055475 0.000010 0.708693 0.217286
0.000010 0.075645 0.162242 0.182063 0.403767 0.176272
0.000010 0.027433 0.054472 0.003935 0.674649 0.239500
0.052724 0.000010 0.080962 0.067593 0.718291 0.080420
0.039812 0.013745 0.089240 0.067983 0.645653 0.143567
0.052136 0.018908 0.030247 0.051968 0.784817 0.061925
0.047652 0.019179 0.081641 0.057054 0.660719 0.133755
0.410043 0.013377 0.000010 0.085033 0.406075 0.085462
0.000010 0.024144 0.068122 0.028325 0.643993 0.235406
0.000010 0.000010 0.122288 0.041890 0.637793 0.198010
0.082235 0.019637 0.067448 0.051116 0.682770 0.096796
0.163498 0.012241 0.010280 0.129948 0.643610 0.040423
0.053063 0.001917 0.031296 0.129920 0.683854 0.099949
0.069777 0.013161 0.081451 0.089748 0.649593 0.096270
0.445945 0.003716 0.037585 0.077847 0.353360 0.081548
0.459105 0.000010 0.030679 0.087221 0.372663 0.050322
0.000010 0.008105 0.079584 0.016894 0.661766 0.233640
0.000010 0.050334 0.150411 0.157900 0.457343 0.184002
0.000010 0.035755 0.060917 0.000010 0.679707 0.223601
0.064173 0.018517 0.054263 0.081589 0.679847 0.101611
0.046091 0.026466 0.114822 0.068177 0.614116 0.130328
0.026077 0.003093 0.081290 0.076681 0.687438 0.125420
0.082209 0.045529 0.085769 0.046249 0.626444 0.113800
0.404741 0.040153 0.053075 0.071573 0.385385 0.045072
0.413395 0.001931 0.039057 0.106302 0.388101 0.051215
0.450793 0.040013 0.036720 0.041366 0.352403 0.078706
0.796052 0.014190 0.000010 0.027566 0.050391 0.111791
0.900960 0.000010 0.029142 0.000014 0.069864 0.000010
0.881673 0.008189 0.035795 0.000010 0.074323 0.000010
0.905532 0.000010 0.034091 0.000010 0.060347 0.000010
0.702612 0.000010 0.007101 0.051852 0.051043 0.187383
0.733331 0.026388 0.011077 0.040471 0.055059 0.133673
0.000010 0.000857 0.091680 0.032377 0.675377 0.199698
0.000010 0.000010 0.000010 0.000010 0.741671 0.258289
0.000010 0.040112 0.054123 0.011463 0.695540 0.198752
0.026264 0.074606 0.135407 0.016222 0.576974 0.170527
0.455936 0.006770 0.059200 0.053631 0.372482 0.051980
0.646665 0.000157 0.004612 0.053382 0.235330 0.059854
0.794104 0.000010 0.000010 0.021365 0.046010 0.138501
0.806017 0.005149 0.000010 0.012478 0.054212 0.122133
0.896365 0.015899 0.024022 0.000010 0.063694 0.000010
0.905168 0.000010 0.044583 0.000010 0.050219 0.000010
0.729471 0.016258 0.030645 0.020960 0.078374 0.124292
0.730631 0.007797 0.024246 0.043298 0.074525 0.119503
0.000010 0.027493 0.094746 0.000010 0.669744 0.207997
0.000010 0.028825 0.032783 0.000010 0.723358 0.215014
0.013152 0.017956 0.099461 0.093224 0.606601 0.169605
0.000010 0.007396 0.070983 0.020832 0.669543 0.231237
0.000010 0.093064 0.227493 0.303099 0.252475 0.123859
0.000010 0.015625 0.046668 0.014223 0.675648 0.247825
0.066531 0.002295 0.059075 0.070889 0.756584 0.044626
0.049959 0.023347 0.037816 0.090567 0.701118 0.097192
0.040008 0.000010 0.082767 0.096649 0.669373 0.111193
0.458108 0.013204 0.068281 0.071504 0.317953 0.070949
0.451538 0.031195 0.029801 0.050330 0.384619 0.052517
0.800133 0.000010 0.015538 0.000010 0.044232 0.140078
0.787384 0.012388 0.007091 0.000010 0.046532 0.146595
0.909460 0.000010 0.016473 0.000010 0.074037 0.000010
0.884527 0.008531 0.051370 0.008575 0.045233 0.001765
0.721962 0.000010 0.030693 0.050506 0.068280 0.128549
0.000010 0.004861 0.101411 0.034899 0.672050 0.186768
0.000010 0.006335 0.010199 0.000010 0.756191 0.227255
0.000010 0.000010 0.000010 0.000010 0.755627 0.244333
0.005161 0.019670 0.118142 0.070917 0.601484 0.184626
0.000010 0.009112 0.053561 0.028941 0.673963 0.234414
0.000010 0.075823 0.188928 0.167570 0.379070 0.188599
0.000010 0.001604 0.089979 0.000010 0.672950 0.235447
0.055432 0.026102 0.046395 0.051706 0.731667 0.088697
0.064952 0.000010 0.043117 0.068979 0.738276 0.084666
0.038709 0.019684 0.092522 0.059177 0.682755 0.107153
0.363057 0.030885 0.011812 0.072579 0.454296 0.067370
0.483273 0.022472 0.002689 0.054631 0.356402 0.080534
0.811519 0.008154 0.000010 0.000010 0.018833 0.161474
0.820440 0.002394 0.000010 0.000010 0.074477 0.102669
0.905330 0.000010 0.015436 0.000010 0.079204 0.000010
0.897299 0.000010 0.033342 0.000010 0.069329 0.000010
0.731896 0.000010 0.005022 0.041515 0.068719 0.152838
0.717940 0.010634 0.034494 0.038087 0.087653 0.111193
0.000010 0.021075 0.131553 0.010020 0.627774 0.209568
0.000010 0.000010 0.000010 0.000010 0.744612 0.255348
0.000010 0.000010 0.000010 0.000010 0.746920 0.253040
0.010229 0.029689 0.126112 0.070600 0.583808 0.179563
0.000010 0.015037 0.045319 0.060132 0.674641 0.204861
0.000010 0.068113 0.194021 0.164641 0.407095 0.166119
0.000010 0.025467 0.060063 0.000010 0.674245 0.240205
0.096598 0.000010 0.014919 0.102446 0.786017 0.000010
0.064778 0.005634 0.083059 0.111595 0.638476 0.096458
0.117555 0.029082 0.086868 0.035277 0.611903 0.119315
0.498716 0.018899 0.053304 0.033189 0.306931 0.088961
0.485784 0.031353 0.000010 0.052177 0.356859 0.073817
0.808356 0.000010 0.000010 0.000010 0.071918 0.119696
0.824255 0.000010 0.012305 0.034705 0.034993 0.093732
0.898372 0.000010 0.036732 0.000010 0.064866 0.000010
0.893536 0.010207 0.023470 0.000010 0.072767 0.000010
0.903185 0.000010 0.023544 0.000010 0.073241 0.000010
0.715796 0.019171 0.043706 0.051311 0.043762 0.126254
0.758102 0.007542 0.000010 0.041045 0.074408 0.118892
0.000010 0.009950 0.080277 0.044340 0.666002 0.199421
0.011020 0.000010 0.054402 0.032523 0.679102 0.222943
0.000010 0.000010 0.000010 0.000010 0.740618 0.259342
0.019441 0.008759 0.125090 0.084901 0.595329 0.166481
0.000010 0.035457 0.086271 0.042471 0.640158 0.195633
0.000010 0.005914 0.040112 0.025847 0.670436 0.257682
0.040274 0.041049 0.046226 0.097949 0.675527 0.098975
0.064429 0.032555 0.048101 0.079562 0.686283 0.089071
0.057953 0.008859 0.085609 0.072505 0.647894 0.127180
0.054786 0.023837 0.029327 0.092573 0.754191 0.045285
0.022412 0.000010 0.000010 0.000010 0.711115 0.266443
0.450068 0.000010 0.057613 0.047206 0.373957 0.071146
0.804358 0.000010 0.000010 0.000010 0.043397 0.152214
0.854635 0.000010 0.057302 0.009164 0.060672 0.018217
0.891243 0.000020 0.029973 0.000010 0.078743 0.000010
0.709723 0.016277 0.000010 0.054591 0.061297 0.158102
0.743200 0.013402 0.018793 0.042655 0.053264 0.128685
0.000010 0.010361 0.000318 0.050645 0.720746 0.217919
0.000010 0.002954 0.034656 0.000010 0.742209 0.220161
0.000010 0.016459 0.063645 0.000010 0.709327 0.210548
0.000010 0.009586 0.063520 0.000010 0.673939 0.252935
0.000010 0.032219 0.186215 0.201248 0.411921 0.168387
0.000010 0.021074 0.066073 0.010896 0.666430 0.235516
0.080828 0.000010 0.057678 0.076501 0.749401 0.035582
0.058290 0.000010 0.051114 0.085190 0.719874 0.085522
0.145015 0.051181 0.051638 0.091610 0.640014 0.020542
0.047950 0.003563 0.040172 0.084721 0.748166 0.075428
0.524043 0.035113 0.032422 0.051292 0.307174 0.049957
0.012100 0.000010 0.000010 0.000010 0.697621 0.290248
0.808920 0.006827 0.001202 0.000010 0.059411 0.123630
0.895233 0.000797 0.042503 0.000010 0.061447 0.000010
0.791944 0.021159 0.000010 0.000010 0.052218 0.134659
0.798278 0.002315 0.000010 0.000010 0.058294 0.141092
0.000010 0.002434 0.087316 0.016397 0.663197 0.230646
0.043867 0.025119 0.063148 0.112291 0.687587 0.067989
0.000010 0.032703 0.166574 0.208131 0.403011 0.189571
0.000010 0.011670 0.080012 0.000010 0.677893 0.230405
0.077402 0.000406 0.047729 0.084511 0.736197 0.053756
0.036587 0.050776 0.066504 0.074127 0.653114 0.118892
0.219655 0.017140 0.077807 0.050282 0.535156 0.099959
0.456510 0.000010 0.043072 0.068716 0.335085 0.096608
0.016099 0.000010 0.000010 0.000010 0.715561 0.268310
0.887090 0.000010 0.025566 0.000010 0.087314 0.000010
0.703660 0.000010 0.027767 0.078658 0.053364 0.136542
0.737327 0.000010 0.039396 0.024297 0.066550 0.132420
0.725362 0.000010 0.000799 0.048988 0.093042 0.131799
0.000010 0.000010 0.019656 0.000010 0.736702 0.243611
0.000010 0.000010 0.053059 0.000010 0.721499 0.225412
0.000010 0.020572 0.087488 0.032752 0.631734 0.227445
0.000010 0.014664 0.074344 0.000310 0.658260 0.252412
0.000010 0.037023 0.149744 0.212614 0.411599 0.189010
0.073655 0.000010 0.036836 0.115295 0.763914 0.010290
0.072258 0.012914 0.052550 0.098639 0.681452 0.082187
0.063887 0.032852 0.064104 0.085643 0.624725 0.128788
0.046180 0.000010 0.051493 0.091550 0.695562 0.115204
0.037153 0.018583 0.091790 0.076207 0.627692 0.148575
0.018843 0.000010 0.000010 0.000010 0.716914 0.264214
0.000010 0.034544 0.163276 0.154317 0.464001 0.183852
0.000010 0.026552 0.076784 0.007739 0.668294 0.220621
0.067913 0.012492 0.052013 0.084414 0.725262 0.057907
0.066196 0.021301 0.077067 0.063203 0.692404 0.079828
0.156704 0.018561 0.004570 0.157864 0.623195 0.039106
0.035015 0.029997 0.075571 0.079030 0.673222 0.107164
0.489763 0.026653 0.011933 0.071479 0.331895 0.068277
0.004211 0.000010 0.000010 0.000010 0.719140 0.276619
0.008339 0.000010 0.000010 0.000010 0.723630 0.268001
0.014868 0.029373 0.058043 0.004808 0.624354 0.268554
0.000010 0.011922 0.006473 0.004532 0.728747 0.248316
0.057262 0.055051 0.167608 0.124721 0.464207 0.131152
0.171034 0.000010 0.000010 0.078693 0.750243 0.000010
0.218865 0.000010 0.000010 0.072313 0.708791 0.000010
0.003120 0.019988 0.005562 0.033514 0.770145 0.167672
0.000010 0.003488 0.056091 0.015890 0.757050 0.167471
0.004772 0.007905 0.035424 0.032714 0.752167 0.167019
0.026297 0.007611 0.012152 0.000010 0.685963 0.267968
0.016905 0.000010 0.000010 0.000010 0.717685 0.265380
0.000010 0.007638 0.036141 0.000010 0.720947 0.235254
0.065700 0.058235 0.116067 0.186401 0.434183 0.139414
0.195803 0.000010 0.000010 0.081957 0.722209 0.000010
0.095929 0.000010 0.000010 0.110680 0.793361 0.000010
0.000030 0.000010 0.023250 0.073139 0.722567 0.181004
0.000010 0.000010 0.073265 0.030873 0.730472 0.165370
0.137231 0.000010 0.000010 0.000010 0.559495 0.303244
0.057292 0.004128 0.033012 0.073455 0.740746 0.091367
0.008881 0.000010 0.000010 0.000010 0.698647 0.292441
0.000010 0.033723 0.158622 0.165341 0.455099 0.187205
0.030651 0.099863 0.150792 0.202731 0.404339 0.111624
0.221790 0.013685 0.000010 0.098532 0.665972 0.000010
0.161215 0.000010 0.000010 0.084064 0.754691 0.000010
0.008719 0.015523 0.009614 0.044152 0.737977 0.184014
0.010637 0.021810 0.039963 0.019163 0.733935 0.174492
0.003922 0.000011 0.056288 0.000010 0.761717 0.178051
0.092089 0.000010 0.000010 0.000010 0.637820 0.270061
0.015790 0.000010 0.000010 0.000010 0.715828 0.268351
0.005283 0.003819 0.078889 0.020888 0.623435 0.267686
0.000010 0.043869 0.171625 0.149349 0.452651 0.182498
0.077526 0.055737 0.080592 0.163019 0.469043 0.154083
0.357322 0.000010 0.000010 0.068167 0.574481 0.000010
0.172497 0.000842 0.004144 0.110385 0.712123 0.000010
0.005807 0.010602 0.045735 0.031817 0.749694 0.156346
0.010611 0.026680 0.043048 0.018907 0.724564 0.176190
0.006144 0.014457 0.026394 0.041889 0.746728 0.164387
0.157654 0.000010 0.000010 0.000010 0.542519 0.299798
0.731033 0.012696 0.016851 0.044516 0.092611 0.102291
0.725668 0.026153 0.000010 0.047444 0.069982 0.130743
0.000010 0.009459 0.097871 0.057099 0.653862 0.181699
0.000010 0.000010 0.000010 0.000010 0.747048 0.252912
0.010819 0.031741 0.120872 0.060600 0.602107 0.173861
0.012625 0.000010 0.000010 0.000010 0.725264 0.262081
0.000010 0.000010 0.006739 0.000010 0.769208 0.224023
0.000010 0.067370 0.136001 0.148221 0.470995 0.177403
0.058826 0.067556 0.127999 0.101261 0.482441 0.161917
0.241099 0.000010 0.003845 0.053968 0.701067 0.000010
0.162313 0.000010 0.000010 0.091640 0.746016 0.000010
0.016830 0.001319 0.046866 0.028648 0.728304 0.178033
0.000010 0.059017 0.037090 0.000010 0.746057 0.157816
0.015036 0.007799 0.043448 0.033119 0.724193 0.176404
0.071036 0.000010 0.000010 0.000010 0.645583 0.283350
0.000010 0.001775 0.025027 0.001405 0.741762 0.230020
0.000010 0.049820 0.172228 0.201656 0.370666 0.205620
0.180714 0.000010 0.000010 0.075182 0.744074 0.000010
0.156921 0.000010 0.000010 0.108469 0.734579 0.000010
0.290569 0.000010 0.013548 0.075808 0.620055 0.000010
0.015301 0.022010 0.013282 0.023712 0.759605 0.166090
0.000627 0.020383 0.050806 0.025010 0.630579 0.272595
0.000010 0.000010 0.063238 0.007082 0.695805 0.233856
0.000010 0.071917 0.189239 0.159527 0.404517 0.174791
0.042439 0.053113 0.143433 0.142525 0.479923 0.138568
0.177227 0.000010 0.000010 0.083454 0.739289 0.000010
0.160710 0.000010 0.000010 0.091161 0.748099 0.000010
0.001121 0.000088 0.040214 0.035320 0.742948 0.180309
0.005297 0.010067 0.030671 0.019397 0.758181 0.176387
0.009374 0.011613 0.027198 0.029900 0.750189 0.171726
0.124345 0.000010 0.000010 0.000010 0.586533 0.289093
0.017191 0.010636 0.040084 0.000010 0.643981 0.288098
0.000010 0.000010 0.036781 0.000010 0.736221 0.226968
0.000010 0.046940 0.225251 0.151410 0.410052 0.166338
0.082317 0.030006 0.145041 0.135267 0.475306 0.132063
0.179914 0.000010 0.000228 0.082494 0.737344 0.000010
0.184295 0.011942 0.000010 0.083040 0.720703 0.000010
0.003194 0.012697 0.025642 0.053131 0.718869 0.186467
0.005686 0.040473 0.008262 0.029116 0.749431 0.167032
0.012994 0.024902 0.017271 0.043592 0.738250 0.162991
0.017767 0.025870 0.016383 0.000010 0.645775 0.294195
0.000010 0.000010 0.024053 0.014433 0.725567 0.235926
0.066811 0.049235 0.116844 0.202697 0.444961 0.119452
0.175110 0.000010 0.000010 0.072197 0.752663 0.000010
0.182272 0.000010 0.017973 0.068614 0.731121 0.000010
0.014986 0.001161 0.009880 0.060594 0.742018 0.171361
0.007294 0.020943 0.067957 0.000010 0.604375 0.299421
0.000010 0.000010 0.009529 0.004859 0.734382 0.251210
0.049860 0.071885 0.124584 0.160379 0.453952 0.139339
0.168914 0.000010 0.000010 0.087921 0.743136 0.000010
0.200660 0.000010 0.000010 0.090007 0.709304 0.000010
0.003467 0.040744 0.015438 0.000010 0.752645 0.187697
0.016052 0.005341 0.026090 0.030355 0.762425 0.159737
0.140131 0.000010 0.000010 0.000010 0.568609 0.291230
0.134683 0.000010 0.000010 0.000010 0.573327 0.291960
0.057449 0.039196 0.115814 0.035411 0.615422 0.136708
0.049274 0.034173 0.075947 0.065831 0.641772 0.133003
0.494036 0.024795 0.048057 0.062562 0.313066 0.057485
0.013139 0.025594 0.045784 0.000010 0.625430 0.290042
0.000010 0.014155 0.000010 0.000010 0.751968 0.233846
0.000010 0.036810 0.180990 0.206215 0.400763 0.175212
0.175171 0.000010 0.003018 0.082098 0.739694 0.000010
0.218972 0.001254 0.000010 0.089080 0.690674 0.000010
0.017177 0.027209 0.047851 0.020165 0.739330 0.148268
0.005192 0.000010 0.059098 0.015541 0.741768 0.178392
0.147880 0.000010 0.000010 0.000010 0.553889 0.298201
0.727805 0.007324 0.015155 0.044092 0.085159 0.120466
0.000010 0.000010 0.005687 0.000010 0.762283 0.232000
0.094601 0.000824 0.000010 0.000010 0.616889 0.287666
0.008318 0.022617 0.027785 0.040096 0.721622 0.179562
0.168414 0.000010 0.012553 0.075052 0.743961 0.000010
0.015448 0.017777 0.029998 0.024050 0.752431 0.160296
0.046058 0.062495 0.113912 0.161770 0.489362 0.126402
0.000010 0.059982 0.135495 0.212961 0.421266 0.170286
0.024184 0.031493 0.084890 0.010382 0.596869 0.252182
0.372780 0.000010 0.000010 0.073345 0.553845 0.000010
0.000010 0.011957 0.061252 0.064040 0.676125 0.186617
0.700984 0.000010 0.000010 0.000010 0.000010 0.298976
0.715752 0.000010 0.000010 0.000010 0.000010 0.284208
0.683314 0.000010 0.000010 0.000010 0.000010 0.316646
0.681728 0.000010 0.000010 0.000010 0.000010 0.318232
0.000010 0.039302 0.347857 0.151897 0.245844 0.215090
0.000010 0.072930 0.286715 0.176964 0.270839 0.192541
0.000010 0.058081 0.344087 0.141583 0.255832 0.200405
0.000010 0.069924 0.323686 0.115952 0.254182 0.236245
0.680500 0.000010 0.000010 0.008231 0.027731 0.283518
0.772864 0.000010 0.000010 0.000010 0.021632 0.205475
0.756026 0.000010 0.000010 0.000010 0.007200 0.236743
0.756174 0.000010 0.000914 0.010396 0.020699 0.211807
0.765661 0.000128 0.000010 0.000010 0.015830 0.218361
0.751609 0.000010 0.015861 0.000010 0.004847 0.227663
0.718774 0.000010 0.000010 0.000010 0.000010 0.281186
0.759523 0.004145 0.000010 0.000010 0.017652 0.218660
0.516074 0.000010 0.101442 0.080423 0.068485 0.233567
0.549298 0.000010 0.000010 0.000010 0.007294 0.443378
0.673696 0.000010 0.000010 0.000010 0.000010 0.326264
0.660260 0.000010 0.000010 0.000010 0.000010 0.339700
0.666597 0.000010 0.000010 0.000010 0.000010 0.333363
0.668668 0.000010 0.000010 0.000010 0.000010 0.331292
0.642003 0.000010 0.000010 0.000010 0.000010 0.357957
0.714733 0.000010 0.000010 0.000010 0.000010 0.285227
0.663093 0.000010 0.000010 0.000010 0.000010 0.336867
0.662927 0.000010 0.000010 0.000010 0.000010 0.337033
0.656557 0.000010 0.000010 0.000010 0.000010 0.343403
0.668881 0.000010 0.000010 0.000010 0.000010 0.331079
0.723878 0.000010 0.000010 0.000010 0.000010 0.276082
0.732530 0.004222 0.000010 0.000010 0.000010 0.263218
0.711307 0.000010 0.000010 0.000010 0.000010 0.288653
0.709698 0.000010 0.000010 0.000010 0.000010 0.290262
0.703082 0.005625 0.000010 0.000010 0.000010 0.291263
0.718995 0.000010 0.000010 0.000010 0.000010 0.280965
0.722743 0.000010 0.000010 0.000010 0.000010 0.277217
0.723360 0.000010 0.000012 0.000010 0.000010 0.276598
0.726763 0.000010 0.000010 0.000010 0.000010 0.273197
0.721611 0.000010 0.000010 0.000010 0.000010 0.278349
0.719445 0.000010 0.000010 0.000010 0.000010 0.280515
0.672846 0.000010 0.000010 0.000010 0.000010 0.327114
0.676605 0.000010 0.000010 0.000010 0.000010 0.323355
0.676163 0.000010 0.000010 0.000010 0.000010 0.323797
0.692106 0.000010 0.000010 0.000010 0.000010 0.307854
0.688099 0.000010 0.000010 0.000010 0.000010 0.311861
0.692969 0.000010 0.000010 0.000010 0.000010 0.306991
0.703157 0.000010 0.000010 0.000010 0.000010 0.296803
0.693052 0.000010 0.000010 0.000010 0.000010 0.306908
0.682494 0.000010 0.000010 0.000010 0.000010 0.317466
0.690829 0.000010 0.000010 0.000010 0.000010 0.309131
0.718260 0.000010 0.000010 0.000010 0.000010 0.281700
0.716321 0.000010 0.000010 0.000010 0.000010 0.283639
0.669719 0.000010 0.000010 0.000010 0.000010 0.330241
0.716972 0.000010 0.000010 0.000010 0.000010 0.282988
0.719639 0.000010 0.000010 0.000010 0.000010 0.280321
0.711505 0.000010 0.000010 0.000010 0.000010 0.288455
0.709124 0.000010 0.000010 0.000010 0.000010 0.290836
0.724505 0.000010 0.000010 0.000010 0.000010 0.275455
0.710163 0.000010 0.000010 0.000010 0.000010 0.289797
0.723936 0.008686 0.000010 0.000010 0.000010 0.267348
0.675288 0.000010 0.000010 0.000010 0.000010 0.324672
0.697136 0.000010 0.000010 0.000010 0.000010 0.302824
0.705522 0.003387 0.003698 0.008553 0.000010 0.278831
0.687907 0.000010 0.000010 0.000010 0.000010 0.312053
0.662128 0.000010 0.000010 0.000010 0.000010 0.337832
0.720305 0.000010 0.000010 0.002699 0.000010 0.276966
0.660660 0.000010 0.000010 0.000010 0.000010 0.339300
0.707591 0.000010 0.000010 0.000010 0.000010 0.292369
0.711780 0.000010 0.000010 0.000010 0.000010 0.288180
0.683168 0.000010 0.000010 0.000010 0.000010 0.316792
0.649027 0.000010 0.000010 0.000010 0.000010 0.350933
0.662085 0.000010 0.000010 0.000010 0.000010 0.337875
0.679257 0.000010 0.000010 0.000010 0.000010 0.320703
0.681256 0.000010 0.000010 0.000010 0.000010 0.318704
0.377246 0.000010 0.135380 0.118813 0.054742 0.313809
0.731410 0.000010 0.023331 0.002112 0.000010 0.243127
0.747045 0.000010 0.000010 0.000010 0.000010 0.252915
0.742604 0.005391 0.001623 0.000010 0.002787 0.247585
0.749507 0.000424 0.000010 0.000010 0.008596 0.241452
0.726876 0.000010 0.020644 0.001015 0.000010 0.251444
0.753489 0.005135 0.000010 0.000010 0.001030 0.240326
0.752128 0.000010 0.000010 0.000010 0.017521 0.230321
0.761864 0.000010 0.000010 0.000010 0.019237 0.218869
0.727225 0.000010 0.000010 0.000010 0.000010 0.272735
0.689903 0.000010 0.000010 0.000010 0.000010 0.310057
0.722992 0.000010 0.001306 0.000010 0.000010 0.275672
0.703176 0.000010 0.000010 0.000010 0.008597 0.288197
0.707528 0.000010 0.000010 0.001951 0.000503 0.289997
0.717027 0.003242 0.000010 0.000010 0.000010 0.279701
0.755759 0.000010 0.000010 0.000010 0.012174 0.232037
0.715804 0.000010 0.001581 0.000010 0.000010 0.282585
0.716341 0.000010 0.000010 0.000010 0.015950 0.267679
0.653781 0.000010 0.000010 0.000010 0.000010 0.346179
0.700140 0.000010 0.000010 0.000010 0.000010 0.299820
0.707737 0.000011 0.002841 0.000010 0.000010 0.289391
0.734342 0.007568 0.000010 0.000010 0.000010 0.258060
0.682444 0.000010 0.000010 0.000010 0.000010 0.317516
0.009642 0.077293 0.340842 0.146490 0.170687 0.255046
0.052535 0.015747 0.300697 0.278487 0.067200 0.285334
0.045546 0.036230 0.259118 0.220104 0.133339 0.305663
0.578799 0.026369 0.061523 0.051792 0.032023 0.249494
0.003751 0.058645 0.406225 0.125267 0.141666 0.264445
0.000010 0.063329 0.385078 0.121225 0.168117 0.262241
0.298991 0.034908 0.181952 0.105505 0.069960 0.308684
0.293010 0.033058 0.203693 0.114014 0.081802 0.274423
0.142339 0.032198 0.222079 0.273253 0.070343 0.259789
0.000010 0.839852 0.051582 0.078215 0.005928 0.024414
0.000010 0.083759 0.385741 0.110689 0.126505 0.293297
0.000010 0.048442 0.389796 0.172057 0.133604 0.256091
0.281789 0.020666 0.185367 0.083508 0.100935 0.327734
0.040408 0.022511 0.254650 0.268565 0.092811 0.321055
0.174182 0.026710 0.237344 0.077953 0.053567 0.430244
0.000010 0.065746 0.360969 0.146318 0.165722 0.261235
0.308950 0.037288 0.189030 0.113704 0.067555 0.283474
0.299240 0.014894 0.223664 0.089668 0.073061 0.299473
0.359540 0.023682 0.144996 0.130468 0.086734 0.254579
0.558369 0.000010 0.062898 0.097961 0.034992 0.245769
0.279892 0.024929 0.183875 0.070364 0.061394 0.379546
0.191943 0.032970 0.214258 0.076796 0.061871 0.422162
0.000010 0.047310 0.410435 0.167748 0.142190 0.232306
0.183504 0.057375 0.187601 0.090879 0.067840 0.412800
0.006552 0.035762 0.396305 0.136528 0.134456 0.290397
0.328314 0.010096 0.171052 0.102396 0.071665 0.316476
0.313531 0.019199 0.193718 0.084074 0.074204 0.315275
0.518600 0.000010 0.111357 0.087670 0.043592 0.238771
0.000010 0.076251 0.375044 0.135621 0.140414 0.272659
0.181485 0.039220 0.221020 0.048739 0.076372 0.433165
0.000010 0.089284 0.355329 0.148304 0.127290 0.279782
0.122617 0.030026 0.169391 0.320488 0.070135 0.287343
0.145688 0.012494 0.203383 0.256826 0.072935 0.308674
0.000010 0.069841 0.421282 0.116051 0.125394 0.267422
0.000010 0.059261 0.367304 0.164396 0.149106 0.259923
0.182249 0.019612 0.226730 0.057777 0.083398 0.430234
0.571395 0.016260 0.053663 0.041028 0.057265 0.260389
0.434240 0.026528 0.126434 0.077645 0.074309 0.260844
0.312631 0.004386 0.185056 0.120119 0.069098 0.308710
0.102041 0.019620 0.208956 0.261674 0.077638 0.330071
0.189829 0.039744 0.192295 0.077643 0.073108 0.427382
0.106718 0.036620 0.185677 0.325822 0.076397 0.268766
0.570919 0.019419 0.069623 0.075140 0.034624 0.230275
0.134587 0.000010 0.154693 0.324322 0.082527 0.303861
0.000010 0.054460 0.380796 0.145250 0.147260 0.272223
0.170042 0.004641 0.252225 0.086747 0.064331 0.422013
0.312188 0.007056 0.185367 0.140022 0.072734 0.282633
0.308551 0.017237 0.223807 0.104164 0.040293 0.305947
0.311657 0.023859 0.209642 0.099482 0.060270 0.295090
0.160416 0.034575 0.243302 0.082869 0.066357 0.412481
0.000010 0.057137 0.410001 0.128402 0.128676 0.275774
0.022382 0.020120 0.298718 0.273868 0.092176 0.292735
0.137444 0.011451 0.214429 0.283078 0.079040 0.274557
0.580837 0.013244 0.066850 0.055414 0.041488 0.242167
0.000010 0.061155 0.367477 0.128599 0.168424 0.274334
0.000010 0.059242 0.374295 0.160334 0.134040 0.272080
0.481344 0.000647 0.100294 0.076959 0.062956 0.277801
0.319385 0.049116 0.193333 0.038551 0.071495 0.328119
0.551800 0.026889 0.077233 0.028363 0.068607 0.247108
0.180902 0.029832 0.201949 0.070175 0.088306 0.428837
0.118388 0.007205 0.189072 0.297802 0.097813 0.289721
0.099328 0.000010 0.200211 0.309452 0.093669 0.297330
0.343401 0.000010 0.182916 0.071986 0.080082 0.321605
0.000010 0.073280 0.385068 0.088750 0.170651 0.282241
0.000010 0.072690 0.407511 0.128954 0.123131 0.267704
0.000010 0.074242 0.373482 0.142503 0.152576 0.257187
0.464762 0.015028 0.131657 0.073294 0.045595 0.269664
0.192331 0.038118 0.282128 0.119152 0.078905 0.289366
0.560041 0.006122 0.069613 0.076164 0.066205 0.221855
0.000010 0.067669 0.393831 0.127623 0.123019 0.287849
0.173949 0.022473 0.241506 0.051724 0.075920 0.434428
0.044259 0.000010 0.238314 0.290983 0.105909 0.320525
0.240450 0.021441 0.144662 0.101221 0.063452 0.428773
0.124717 0.013258 0.217382 0.291207 0.062051 0.291384
0.000010 0.046726 0.403266 0.147877 0.135979 0.266141
0.000010 0.086798 0.372788 0.146687 0.141252 0.252465
0.000456 0.085944 0.385257 0.128979 0.118898 0.280465
0.314947 0.037118 0.172822 0.105307 0.073892 0.295914
0.533823 0.010956 0.087242 0.069016 0.034273 0.264689
0.556031 0.014759 0.048605 0.079506 0.068121 0.232977
0.211494 0.025731 0.196645 0.176568 0.085860 0.303703
0.172432 0.030589 0.216975 0.080188 0.049204 0.450612
0.129630 0.060380 0.164546 0.278254 0.089878 0.277311
0.085415 0.020057 0.175324 0.313620 0.086453 0.319130
0.074163 0.025964 0.180958 0.349232 0.059643 0.310041
0.072762 0.025506 0.163295 0.410506 0.052514 0.275416
0.019110 0.057206 0.547673 0.261742 0.046519 0.067750
0.000010 0.036865 0.394672 0.148868 0.127353 0.292231
0.087894 0.000010 0.081837 0.609764 0.023105 0.197391
0.243374 0.012694 0.150780 0.236330 0.083616 0.273206
0.059112 0.019446 0.179177 0.355474 0.110396 0.276394
0.082197 0.035353 0.187470 0.325976 0.086852 0.282152
0.048468 0.005928 0.254406 0.297638 0.064603 0.328956
0.092839 0.010844 0.180332 0.349201 0.081447 0.285339
0.017252 0.035045 0.720161 0.193243 0.000010 0.034289
0.000010 0.053496 0.370455 0.144495 0.128619 0.302926
0.047385 0.006657 0.292934 0.209148 0.091588 0.352288
0.068916 0.005510 0.074074 0.594314 0.034471 0.222715
0.086258 0.000010 0.119503 0.521368 0.044006 0.228855
0.000010 0.054815 0.425012 0.098945 0.090924 0.330294
0.000010 0.051496 0.350338 0.189572 0.144629 0.263956
0.107621 0.016827 0.180440 0.400558 0.034932 0.259622
0.000010 0.025616 0.405701 0.128277 0.124480 0.315916
0.001168 0.036166 0.657629 0.271850 0.000010 0.033176
0.000010 0.053923 0.409564 0.118323 0.120576 0.297604
0.047773 0.000010 0.288489 0.186788 0.142813 0.334126
0.080863 0.000010 0.078198 0.583590 0.041330 0.216009
0.071862 0.000010 0.144079 0.507056 0.059681 0.217311
0.055506 0.012906 0.220569 0.280807 0.113352 0.316859
0.000010 0.049202 0.414438 0.134151 0.117340 0.284859
0.115331 0.004773 0.171695 0.404594 0.041430 0.262177
0.071641 0.032670 0.160182 0.389491 0.065411 0.280605
0.000010 0.052746 0.396321 0.108290 0.125786 0.316848
0.037386 0.045976 0.637518 0.210730 0.024375 0.044015
0.000010 0.077614 0.380496 0.100165 0.126377 0.315339
0.023279 0.020056 0.296773 0.201749 0.121927 0.336217
0.078008 0.024274 0.066261 0.523298 0.061232 0.246926
0.083479 0.000010 0.086790 0.615675 0.029598 0.184449
0.131196 0.031638 0.210258 0.240793 0.061151 0.324965
0.095447 0.005158 0.150171 0.429053 0.064601 0.255570
0.001939 0.083072 0.695862 0.218222 0.000010 0.000896
0.000010 0.055331 0.417389 0.114330 0.121879 0.291060
0.081638 0.000010 0.082503 0.564579 0.063893 0.207376
0.066288 0.013889 0.133375 0.567823 0.037030 0.181594
0.123352 0.011793 0.211898 0.307347 0.055326 0.290285
0.000010 0.780041 0.066861 0.131645 0.000010 0.021433
0.099804 0.039826 0.203538 0.268668 0.085702 0.302462
0.089002 0.013373 0.194851 0.382101 0.037580 0.283093
0.011498 0.041409 0.696525 0.220334 0.009417 0.020816
0.000010 0.081213 0.382982 0.134389 0.115885 0.285521
0.036868 0.040870 0.266204 0.170487 0.148608 0.336962
0.103851 0.000010 0.076174 0.531982 0.066919 0.221064
0.078985 0.000010 0.072255 0.611481 0.013268 0.224001
0.073642 0.011008 0.219020 0.359570 0.065969 0.270792
0.197837 0.040054 0.164591 0.218830 0.076670 0.302018
0.038008 0.000010 0.259912 0.335011 0.073797 0.293263
0.186227 0.030245 0.150240 0.272814 0.061364 0.299110
0.078142 0.020164 0.190584 0.382139 0.046653 0.282318
0.031053 0.044795 0.571284 0.246086 0.058750 0.048032
0.000010 0.079947 0.390871 0.122598 0.119598 0.286975
0.075510 0.000010 0.051743 0.600364 0.050414 0.221960
0.066003 0.021573 0.232479 0.243542 0.126716 0.309687
0.062493 0.022116 0.196004 0.366986 0.092679 0.259721
0.000010 0.080489 0.389140 0.116243 0.133621 0.280496
0.056760 0.039678 0.208234 0.321854 0.076017 0.297456
0.073029 0.000010 0.190708 0.364433 0.076024 0.295796
0.081926 0.004320 0.175382 0.402643 0.043407 0.292321
0.030288 0.065504 0.602653 0.226072 0.032973 0.042510
0.000010 0.057830 0.412996 0.116281 0.105174 0.307709
0.074210 0.000010 0.058262 0.583166 0.058656 0.225696
0.081620 0.004926 0.075181 0.550954 0.048834 0.238485
0.072061 0.018252 0.206130 0.337848 0.096130 0.269578
0.026408 0.054450 0.620123 0.081666 0.077926 0.139427
0.001020 0.013713 0.718458 0.030937 0.071580 0.164292
0.023297 0.087910 0.616022 0.248212 0.024549 0.000010
0.052329 0.055290 0.499733 0.180564 0.110835 0.101249
0.017392 0.049968 0.361299 0.321810 0.165822 0.083708
0.047060 0.057462 0.405338 0.356567 0.070257 0.063316
0.019858 0.085738 0.380396 0.265080 0.162154 0.086774
0.011859 0.000010 0.663136 0.121892 0.053894 0.149209
0.038018 0.020950 0.645216 0.110184 0.050108 0.135525
0.001428 0.037574 0.561865 0.399113 0.000010 0.000010
0.026508 0.063913 0.611757 0.235494 0.053862 0.008465
0.012895 0.024910 0.657771 0.128795 0.060898 0.114732
0.013471 0.003709 0.752067 0.087308 0.025789 0.117655
0.016877 0.068888 0.583058 0.272423 0.040823 0.017931
0.012299 0.108195 0.262246 0.425339 0.129131 0.062789
0.007512 0.028612 0.676227 0.137210 0.043473 0.106966
0.006612 0.037627 0.702901 0.082049 0.026988 0.143822
0.022128 0.054820 0.529385 0.248439 0.083792 0.061436
0.000010 0.033894 0.593976 0.360714 0.011397 0.000010
0.010438 0.016944 0.533303 0.439295 0.000010 0.000010
0.011212 0.007231 0.593022 0.388515 0.000010 0.000010
0.027329 0.050959 0.696853 0.153931 0.070918 0.000010
0.015561 0.000010 0.758099 0.025571 0.043818 0.156942
0.020987 0.026406 0.518503 0.199661 0.111586 0.122859
0.019239 0.036992 0.628640 0.289021 0.005732 0.020376
0.029352 0.585428 0.102575 0.159796 0.042396 0.080453
0.007589 0.045741 0.665772 0.126754 0.055158 0.098985
0.016610 0.062530 0.586833 0.209271 0.034476 0.090279
0.023178 0.043121 0.643801 0.140248 0.058876 0.090775
0.008337 0.050159 0.560768 0.380716 0.000010 0.000010
0.006391 0.020130 0.596724 0.376735 0.000010 0.000010
0.010404 0.012622 0.518685 0.458269 0.000010 0.000010
0.047285 0.016844 0.448577 0.330571 0.065779 0.090943
0.012097 0.021805 0.750559 0.036779 0.052670 0.126089
0.015801 0.035881 0.658636 0.140190 0.011211 0.138281
0.019021 0.018627 0.626622 0.231421 0.053061 0.051248
0.108285 0.076069 0.354588 0.169104 0.116535 0.175420
0.011344 0.028000 0.710303 0.136152 0.028981 0.085220
0.005677 0.031542 0.664840 0.105116 0.035865 0.156959
0.012501 0.022165 0.673344 0.108208 0.063831 0.119952
0.046402 0.047168 0.552263 0.108057 0.089178 0.156932
0.016076 0.023912 0.522421 0.423632 0.013949 0.000010
0.000010 0.024356 0.538603 0.437011 0.000010 0.000010
0.021066 0.067672 0.629461 0.252406 0.029385 0.000010
0.016371 0.051187 0.719579 0.028802 0.041923 0.142139
0.021820 0.000010 0.741429 0.031183 0.050730 0.154828
0.020602 0.088234 0.274645 0.471656 0.122691 0.022173
0.064084 0.065811 0.353062 0.230105 0.175237 0.111701
0.028452 0.086542 0.303305 0.326934 0.196353 0.058415
0.021401 0.065352 0.360620 0.287489 0.173854 0.091284
0.026489 0.058859 0.568838 0.195089 0.058406 0.092320
0.010720 0.012892 0.544529 0.426020 0.005830 0.000010
0.018085 0.058720 0.562908 0.269645 0.043325 0.047317
0.000010 0.020491 0.584457 0.395022 0.000010 0.000010
0.097848 0.050810 0.539952 0.154880 0.069648 0.086863
0.026237 0.081850 0.383387 0.268915 0.172509 0.067101
0.011167 0.152400 0.214529 0.553796 0.041209 0.026898
0.030014 0.087064 0.375618 0.294209 0.155958 0.057136
0.027133 0.016956 0.728427 0.072989 0.038335 0.116160
0.005318 0.063216 0.622603 0.123128 0.088509 0.097225
0.016813 0.058739 0.627339 0.129420 0.075864 0.091825
0.017504 0.010849 0.561178 0.410449 0.000010 0.000010
0.005053 0.032032 0.559563 0.403332 0.000010 0.000010
0.004632 0.037455 0.621849 0.269375 0.043273 0.023416
0.011993 0.042593 0.571778 0.245592 0.074357 0.053688
0.000010 0.009248 0.744086 0.085924 0.039866 0.120867
0.018906 0.083561 0.406238 0.272460 0.143123 0.075712
0.012304 0.034533 0.550886 0.252571 0.072391 0.077315
0.025360 0.050967 0.577519 0.151675 0.088062 0.106417
0.048974 0.084849 0.304029 0.254943 0.163709 0.143497
0.013782 0.135101 0.164393 0.526632 0.100400 0.059691
0.013097 0.036352 0.765926 0.064821 0.011589 0.108214
0.018329 0.024980 0.672866 0.112996 0.066677 0.104151
0.009039 0.043880 0.561449 0.385613 0.000010 0.000010
0.000010 0.011145 0.582354 0.406471 0.000010 0.000010
0.020317 0.071663 0.623581 0.225389 0.053576 0.005475
0.012737 0.081706 0.577898 0.220902 0.099372 0.007385
0.004784 0.042208 0.509288 0.173936 0.109500 0.160284
0.064492 0.061371 0.450709 0.151314 0.102038 0.170076
0.000564 0.110685 0.255138 0.501690 0.096556 0.035366
0.023759 0.024958 0.685313 0.151164 0.017512 0.097293
0.020395 0.036982 0.648863 0.121915 0.063002 0.108842
0.016957 0.035454 0.685071 0.093016 0.038646 0.130856
0.082063 0.046345 0.348957 0.261759 0.101459 0.159417
0.000013 0.000010 0.565167 0.434790 0.000010 0.000010
0.000090 0.043940 0.556673 0.379590 0.019697 0.000010
0.017623 0.000010 0.612084 0.160159 0.074066 0.136057
0.006716 0.071864 0.625717 0.245805 0.049889 0.000010
0.013690 0.065263 0.564801 0.202540 0.067413 0.086293
0.002573 0.064564 0.615198 0.317644 0.000010 0.000010
0.027232 0.073350 0.498695 0.270740 0.056806 0.073177
0.030216 0.012335 0.294506 0.172023 0.156242 0.334678
0.052534 0.020042 0.198431 0.350326 0.092475 0.286193
0.050796 0.023308 0.193356 0.376729 0.091367 0.264445
0.044428 0.029315 0.272280 0.250696 0.097435 0.305846
0.015194 0.073396 0.508856 0.268862 0.088166 0.045525
0.000010 0.030741 0.195666 0.000256 0.000010 0.773317
0.000010 0.957151 0.000010 0.032777 0.000010 0.010042
0.000010 0.056846 0.411417 0.123095 0.120850 0.287782
0.067206 0.027145 0.215793 0.324468 0.088879 0.276510
0.094253 0.008860 0.260805 0.176274 0.129626 0.330182
0.043919 0.066626 0.576038 0.234980 0.027075 0.051361
0.000010 0.019649 0.191824 0.000010 0.000010 0.788498
0.000010 0.012725 0.266035 0.021576 0.005753 0.693901
0.000010 0.936180 0.032405 0.031384 0.000010 0.000010
0.017399 0.052264 0.330682 0.153252 0.135808 0.310596
0.050432 0.006193 0.265160 0.181429 0.149414 0.347372
0.030569 0.001449 0.298385 0.260462 0.087808 0.321327
0.000010 0.044480 0.419488 0.131154 0.126492 0.278376
0.061759 0.037906 0.274949 0.104151 0.114161 0.407073
0.075707 0.007871 0.255729 0.173151 0.092613 0.394929
0.071861 0.000010 0.275917 0.153917 0.092834 0.405461
0.033785 0.009320 0.233974 0.092237 0.013509 0.617175
0.021186 0.000010 0.300329 0.033790 0.007501 0.637184
0.000010 0.817725 0.026246 0.127337 0.023658 0.005023
0.000010 0.091398 0.369373 0.121431 0.136395 0.281394
0.000010 0.050808 0.375543 0.156419 0.113826 0.303394
0.074171 0.020808 0.155075 0.411323 0.091000 0.247623
0.008874 0.026285 0.655112 0.259299 0.030457 0.019974
0.000010 0.071608 0.440258 0.108413 0.103642 0.276068
0.056766 0.006323 0.281831 0.134238 0.100912 0.419930
0.046940 0.038031 0.286230 0.132442 0.091771 0.404585
0.000010 0.014448 0.228659 0.000010 0.000010 0.756863
0.010840 0.016246 0.234741 0.072700 0.029632 0.635841
0.053422 0.032951 0.231257 0.355763 0.041768 0.284839
0.057692 0.036324 0.251229 0.213212 0.136046 0.305497
0.034021 0.047910 0.360051 0.128377 0.119802 0.309838
0.008566 0.073019 0.651045 0.242758 0.014930 0.009682
0.083291 0.010771 0.270391 0.164457 0.082148 0.388941
0.049640 0.000010 0.285065 0.169342 0.094087 0.401855
0.000010 0.017808 0.229006 0.016963 0.000010 0.736204
0.000010 0.010276 0.233974 0.040062 0.000010 0.715668
0.017639 0.020924 0.232207 0.075546 0.011673 0.642010
0.040994 0.048893 0.404643 0.301385 0.129486 0.074599
0.050728 0.008334 0.234729 0.320264 0.086048 0.299897
0.038589 0.000010 0.263856 0.244034 0.138050 0.315461
0.036496 0.000010 0.299351 0.185181 0.143118 0.335844
0.014075 0.088682 0.592595 0.258839 0.022784 0.023026
0.190354 0.037335 0.234303 0.031993 0.093734 0.412281
0.086374 0.000010 0.228663 0.171896 0.113575 0.399482
0.000010 0.007390 0.233033 0.028959 0.000010 0.730599
0.000010 0.030429 0.241726 0.010325 0.020224 0.697286
0.001050 0.036996 0.235660 0.054914 0.008562 0.662817
0.000010 0.035936 0.386529 0.173842 0.156784 0.246899
0.041510 0.022347 0.262757 0.263498 0.096550 0.313338
0.008724 0.045367 0.711494 0.228820 0.000010 0.005585
0.001651 0.730681 0.070953 0.171025 0.000010 0.025679
0.072931 0.003272 0.284210 0.143450 0.085184 0.410954
0.073931 0.000010 0.244828 0.191591 0.083432 0.406208
0.000010 0.017800 0.202881 0.068663 0.000010 0.710636
0.014210 0.015284 0.240386 0.055161 0.000010 0.674948
0.000010 0.903647 0.000010 0.090184 0.000010 0.006139
0.024278 0.021638 0.715598 0.100487 0.021956 0.116043
0.061437 0.013796 0.254162 0.178019 0.157305 0.335281
0.002035 0.057563 0.647034 0.249500 0.022519 0.021349
0.003628 0.869992 0.036441 0.069419 0.000010 0.020510
0.053620 0.000010 0.261239 0.220665 0.067790 0.396675
0.093712 0.010029 0.300134 0.148844 0.058015 0.389267
0.072820 0.000010 0.270547 0.143896 0.115987 0.396741
0.000010 0.024789 0.242791 0.032519 0.023132 0.676759
0.000010 0.005047 0.262168 0.045837 0.000010 0.686928
0.000010 0.955675 0.044285 0.000010 0.000010 0.000010
