0.099095 0.053803 0.000010 0.444482 0.402610
0.047663 0.070093 0.006595 0.570651 0.304998
0.080042 0.042766 0.017390 0.454973 0.404828
0.020505 0.071697 0.039427 0.542812 0.325560
0.085983 0.051286 0.002236 0.454931 0.405565
0.077046 0.060835 0.012368 0.486390 0.363361
0.044545 0.074432 0.037671 0.511374 0.331977
0.000010 0.146166 0.000010 0.799955 0.053859
0.034286 0.117744 0.000010 0.805033 0.042927
0.000010 0.000010 0.031058 0.888420 0.080502
0.061072 0.115797 0.015502 0.730534 0.077095
0.026344 0.136444 0.023252 0.736042 0.077918
0.003896 0.218054 0.105153 0.000010 0.672887
0.083070 0.193738 0.126163 0.000010 0.597019
0.000010 0.243290 0.008128 0.000010 0.748563
0.117852 0.162151 0.097422 0.011897 0.610678
0.096738 0.051277 0.020165 0.454485 0.377335
0.094350 0.048329 0.000395 0.479215 0.377711
0.017171 0.101051 0.000010 0.828702 0.053067
0.000010 0.185502 0.000010 0.770717 0.043761
0.000010 0.136128 0.000010 0.792954 0.070898
0.000010 0.000010 0.022886 0.909425 0.067669
0.050424 0.139368 0.013708 0.730792 0.065708
0.017785 0.122212 0.044821 0.738759 0.076424
0.000010 0.221187 0.059700 0.000010 0.719093
0.009330 0.220360 0.040468 0.000010 0.729832
0.000010 0.257388 0.000010 0.000010 0.742582
0.079935 0.178782 0.160000 0.000010 0.581272
0.088005 0.049272 0.022510 0.466167 0.374046
0.063795 0.065230 0.054633 0.454457 0.361885
0.023283 0.081893 0.000010 0.796521 0.098294
0.000010 0.205573 0.005231 0.772502 0.016684
0.004510 0.000010 0.018573 0.890950 0.085957
0.000010 0.000010 0.038510 0.895392 0.066078
0.060618 0.121249 0.020978 0.740482 0.056673
0.044395 0.118746 0.041717 0.737729 0.057413
0.009555 0.204564 0.103960 0.000010 0.681911
0.006635 0.240351 0.020309 0.003697 0.729008
0.000010 0.200678 0.082619 0.000010 0.716683
0.093425 0.173031 0.112400 0.009410 0.611733
0.073473 0.050662 0.029816 0.492100 0.353949
0.070106 0.051548 0.060929 0.459399 0.358018
0.000992 0.138150 0.000010 0.799874 0.060973
0.000010 0.122494 0.005520 0.824891 0.047084
0.000010 0.000010 0.041901 0.909492 0.048587
0.000010 0.000010 0.033676 0.887651 0.078653
0.000010 0.000010 0.024333 0.903939 0.071709
0.049133 0.127639 0.024741 0.721957 0.076530
0.076065 0.111471 0.000010 0.736019 0.076434
0.012387 0.193753 0.105520 0.000010 0.688331
0.000010 0.258951 0.000010 0.000010 0.741019
0.018119 0.202242 0.017371 0.000010 0.762259
0.081403 0.197920 0.077328 0.013450 0.629898
0.000185 0.213740 0.066914 0.000010 0.719151
0.244026 0.176996 0.166815 0.000010 0.412152
0.024242 0.234900 0.058837 0.000010 0.682010
0.063357 0.078814 0.082644 0.052550 0.722635
0.075220 0.141358 0.092512 0.039863 0.651048
0.065541 0.059989 0.031578 0.052202 0.790691
0.069704 0.131838 0.084280 0.047658 0.666519
0.094063 0.085737 0.000010 0.410816 0.409375
0.044680 0.231864 0.072620 0.000010 0.650826
0.038025 0.193926 0.125396 0.000010 0.642643
0.064681 0.095427 0.069490 0.082146 0.688256
0.136770 0.041072 0.010516 0.163729 0.647913
0.126636 0.099111 0.033393 0.052980 0.687879
0.097717 0.094681 0.082901 0.069871 0.654831
0.078685 0.081911 0.037482 0.446568 0.355353
0.084378 0.050412 0.030344 0.459874 0.374993
0.019279 0.229457 0.083604 0.000010 0.667650
0.197438 0.184379 0.154387 0.000010 0.463785
0.018874 0.221059 0.070742 0.000010 0.689315
0.093977 0.100226 0.056197 0.064383 0.685217
0.088009 0.128130 0.117836 0.046300 0.619725
0.075558 0.123264 0.083151 0.025960 0.692067
0.082905 0.111818 0.088778 0.082601 0.633897
0.104655 0.044881 0.054452 0.405819 0.390194
0.105521 0.051522 0.038913 0.414119 0.389925
0.074526 0.078988 0.037744 0.451830 0.356911
0.038834 0.112587 0.000010 0.797571 0.050999
0.000010 0.000010 0.028340 0.902541 0.069100
0.000010 0.000010 0.039994 0.883799 0.076187
0.000010 0.000010 0.033949 0.907095 0.058937
0.049457 0.188291 0.007355 0.703855 0.051043
0.061547 0.134632 0.012019 0.734970 0.056832
0.029701 0.195213 0.094278 0.000010 0.680799
0.000010 0.251215 0.000010 0.000010 0.748755
0.043946 0.194815 0.057324 0.000010 0.703904
0.078807 0.167654 0.140775 0.026727 0.586037
0.057401 0.052035 0.059686 0.456582 0.374297
0.051805 0.060127 0.004061 0.647723 0.236283
0.013676 0.142445 0.000335 0.795683 0.047861
0.015755 0.122664 0.000010 0.807487 0.054084
0.000010 0.000010 0.032291 0.899365 0.068324
0.000010 0.000010 0.044343 0.906834 0.048804
0.034137 0.124549 0.030967 0.730933 0.079414
0.048036 0.120711 0.024551 0.731905 0.074796
0.014764 0.204391 0.102779 0.000010 0.678056
0.005587 0.212177 0.046671 0.000010 0.735554
0.103203 0.168049 0.103279 0.013145 0.612325
0.023883 0.226759 0.074152 0.000010 0.675196
0.380088 0.128026 0.231491 0.000010 0.260384
0.023696 0.243220 0.050655 0.000010 0.682419
0.070558 0.042302 0.059252 0.066279 0.761609
0.106337 0.096180 0.040207 0.050135 0.707141
0.089713 0.110544 0.086010 0.040053 0.673680
0.081127 0.070795 0.068876 0.458917 0.320285
0.075893 0.052716 0.030254 0.452461 0.388675
0.000010 0.139856 0.014883 0.801473 0.043778
0.000010 0.146404 0.013103 0.789916 0.050567
0.000010 0.000010 0.015053 0.911141 0.073786
0.015962 0.002065 0.051061 0.885983 0.044929
0.047142 0.129484 0.031714 0.723312 0.068348
0.034213 0.183347 0.105336 0.000010 0.677094
0.000010 0.221278 0.014710 0.000010 0.763992
0.000010 0.238648 0.000010 0.000010 0.761322
0.083555 0.181980 0.122107 0.005235 0.607124
0.031327 0.231714 0.057394 0.000010 0.679555
0.229368 0.189170 0.194186 0.000010 0.387266
0.000010 0.229779 0.092163 0.000010 0.678037
0.071487 0.086343 0.048404 0.055565 0.738200
0.065135 0.082930 0.044531 0.064841 0.742564
0.073546 0.104342 0.094601 0.038840 0.688670
0.096826 0.067932 0.012739 0.363823 0.458680
0.072612 0.080729 0.002939 0.484242 0.359478
0.000010 0.163255 0.000010 0.813604 0.023120
0.000010 0.102696 0.000010 0.822000 0.075284
0.000010 0.000010 0.014079 0.907011 0.078890
0.000010 0.000010 0.032680 0.898830 0.068469
0.036389 0.154371 0.006882 0.733312 0.069046
0.046303 0.111449 0.034260 0.719296 0.088692
0.024210 0.205118 0.136092 0.000010 0.634570
0.000010 0.249099 0.000027 0.000010 0.750854
0.000010 0.247212 0.000010 0.000010 0.752758
0.092143 0.176996 0.130400 0.010365 0.590097
0.068778 0.201974 0.048640 0.000010 0.680598
0.220439 0.166228 0.198499 0.000010 0.414824
0.005281 0.237409 0.072123 0.000010 0.685178
0.095562 0.000010 0.017103 0.096797 0.790528
0.111182 0.096487 0.085143 0.064773 0.642416
0.057537 0.117105 0.089224 0.117745 0.618389
0.048167 0.087591 0.054199 0.499756 0.310286
0.077669 0.074360 0.000010 0.486832 0.361129
0.000010 0.121117 0.000010 0.809275 0.069588
0.030188 0.095466 0.014044 0.825714 0.034588
0.000458 0.000010 0.035716 0.899860 0.063956
0.000010 0.000010 0.027963 0.896079 0.075938
0.000010 0.000010 0.022364 0.904803 0.072812
0.066376 0.127786 0.044135 0.717217 0.044487
0.046086 0.120168 0.000010 0.759383 0.074352
0.049554 0.196071 0.082917 0.000010 0.671448
0.026617 0.219087 0.058317 0.011054 0.684924
0.000010 0.253045 0.000010 0.000010 0.746925
0.088188 0.164434 0.128087 0.019469 0.599821
0.069011 0.192423 0.090906 0.000010 0.647649
0.026816 0.253419 0.043441 0.000010 0.676314
0.129606 0.098551 0.048817 0.040551 0.682475
0.104072 0.088515 0.050311 0.064661 0.692441
0.077195 0.124211 0.087667 0.058069 0.652859
0.110274 0.044011 0.030407 0.054946 0.760362
0.000010 0.259300 0.000010 0.022463 0.718217
0.039538 0.072310 0.060956 0.450752 0.376443
0.000010 0.151937 0.000010 0.805620 0.042423
0.008901 0.017993 0.056945 0.856047 0.060113
0.000010 0.000010 0.028625 0.892843 0.078511
0.066376 0.159890 0.000010 0.711182 0.062542
0.052943 0.129307 0.018798 0.744706 0.054247
0.055778 0.214273 0.002984 0.000010 0.726954
0.000010 0.214960 0.036614 0.000010 0.748406
0.000010 0.206851 0.074558 0.000010 0.718571
0.003800 0.248229 0.067845 0.000010 0.680116
0.224838 0.168716 0.189458 0.000010 0.416978
0.025394 0.230425 0.070222 0.000010 0.673949
0.072718 0.034494 0.058644 0.080653 0.753491
0.080330 0.084728 0.052667 0.058208 0.724066
0.133477 0.021080 0.053399 0.145507 0.646537
0.084246 0.073980 0.041012 0.047970 0.752792
0.081020 0.050185 0.032706 0.525278 0.310810
0.000010 0.285790 0.000010 0.011694 0.702496
0.004610 0.123561 0.001476 0.810490 0.059863
0.000010 0.000010 0.042094 0.896906 0.060981
0.017439 0.134993 0.000502 0.793634 0.053432
0.000460 0.140785 0.000010 0.799846 0.058899
0.015652 0.225286 0.090091 0.000010 0.668961
0.130013 0.067175 0.065072 0.044040 0.693700
0.232095 0.189992 0.169590 0.000010 0.408313
0.000010 0.226125 0.087959 0.000010 0.685896
0.081854 0.052732 0.047961 0.077252 0.740201
0.114957 0.117557 0.069751 0.037105 0.660631
0.062108 0.098123 0.079796 0.220006 0.539967
0.061998 0.097918 0.045943 0.457207 0.336935
0.000010 0.260931 0.000010 0.016173 0.722876
0.000010 0.000010 0.024631 0.888668 0.086681
0.069000 0.139918 0.031996 0.705087 0.053998
0.019150 0.133848 0.041515 0.738657 0.066830
0.042579 0.134256 0.002924 0.726756 0.093485
0.000010 0.237871 0.019995 0.000010 0.742114
0.000010 0.218308 0.054486 0.000010 0.727186
0.047011 0.223414 0.091217 0.000010 0.638348
0.008572 0.247871 0.078847 0.000010 0.664700
0.240166 0.189872 0.152906 0.000010 0.417046
0.111659 0.010294 0.036978 0.073547 0.767523
0.106368 0.080887 0.053949 0.072473 0.686323
0.110291 0.127548 0.066847 0.064188 0.631125
0.084533 0.114450 0.054631 0.046129 0.700257
0.087724 0.147468 0.094943 0.037090 0.632775
0.000010 0.257522 0.000010 0.018977 0.723480
0.179368 0.183582 0.167421 0.000010 0.469619
0.026757 0.216595 0.081155 0.000010 0.675483
0.092191 0.056262 0.053381 0.068108 0.730059
0.078240 0.078250 0.079192 0.066236 0.698082
0.169976 0.040468 0.004663 0.157097 0.627795
0.101247 0.106005 0.078207 0.035204 0.679338
0.092751 0.068606 0.012386 0.490860 0.335398
0.000010 0.269517 0.000010 0.004216 0.726247
0.000010 0.262636 0.000010 0.007987 0.729357
0.025611 0.264625 0.062791 0.014963 0.632011
0.011537 0.243722 0.009190 0.000010 0.735541
0.168972 0.130526 0.171566 0.057841 0.471096
0.075869 0.000010 0.000010 0.170726 0.753385
0.070933 0.000010 0.000010 0.218526 0.710521
0.047058 0.165141 0.008238 0.003160 0.776403
0.015479 0.163696 0.058433 0.000010 0.762381
0.035289 0.163965 0.038152 0.004686 0.757908
0.000010 0.262986 0.017270 0.026450 0.693284
0.000010 0.257202 0.000010 0.017185 0.725593
0.000010 0.230574 0.041409 0.000010 0.727997
0.232246 0.140809 0.119388 0.066445 0.441112
0.079896 0.000010 0.000010 0.195810 0.724274
0.104314 0.000010 0.000010 0.096474 0.799192
0.063620 0.180751 0.028160 0.000010 0.727458
0.026336 0.161387 0.076427 0.000010 0.735840
0.000010 0.299057 0.000010 0.137188 0.563736
0.073443 0.090169 0.033977 0.057194 0.745217
0.000010 0.286370 0.000010 0.008777 0.704833
0.189153 0.187448 0.163006 0.000010 0.460383
0.284874 0.113873 0.155465 0.031705 0.414082
0.110159 0.000010 0.000010 0.221822 0.668000
0.079252 0.000010 0.000010 0.161454 0.759274
0.052961 0.181370 0.012767 0.008676 0.744226
0.034712 0.171448 0.043003 0.010624 0.740213
0.000010 0.173040 0.057371 0.003510 0.766069
0.000010 0.264738 0.000010 0.092130 0.643113
0.000010 0.260877 0.000010 0.015955 0.723148
0.019196 0.262602 0.083490 0.005388 0.629324
0.182618 0.182758 0.176175 0.000010 0.458440
0.206134 0.155198 0.084433 0.078230 0.476005
0.065496 0.000010 0.000010 0.357698 0.576786
0.112112 0.000010 0.001147 0.172342 0.714389
0.037200 0.153250 0.048044 0.005732 0.755773
0.037787 0.173368 0.046975 0.010651 0.731219
0.050109 0.161857 0.028849 0.005943 0.753241
0.000010 0.294158 0.000010 0.157908 0.547914
0.054376 0.103714 0.016469 0.732352 0.093090
0.068859 0.131980 0.000010 0.727326 0.071825
0.061287 0.178565 0.100719 0.000010 0.659419
0.000010 0.246893 0.000010 0.000010 0.753077
0.083591 0.171678 0.125287 0.010925 0.608519
0.000010 0.257101 0.000010 0.012323 0.730556
0.000010 0.220869 0.006873 0.000010 0.772238
0.203035 0.178181 0.140164 0.000010 0.478611
0.155717 0.161249 0.132967 0.059510 0.490557
0.049394 0.000010 0.005034 0.241351 0.704211
0.089087 0.000010 0.000010 0.162229 0.748664
0.026294 0.174262 0.049336 0.016534 0.733575
0.037045 0.155892 0.048713 0.000010 0.758340
0.035449 0.173585 0.046386 0.014810 0.729770
0.000010 0.278759 0.000010 0.070760 0.650461
0.000010 0.225142 0.027415 0.000010 0.747422
0.239677 0.207306 0.176654 0.000010 0.376353
0.073423 0.000010 0.000010 0.180529 0.746028
0.106033 0.000010 0.000010 0.156818 0.737129
0.071157 0.000010 0.014743 0.291062 0.623028
0.038820 0.162747 0.016454 0.015337 0.766642
0.037173 0.268018 0.055972 0.000829 0.638008
0.000010 0.230252 0.068329 0.000010 0.701399
0.217586 0.175407 0.194736 0.000010 0.412261
0.184111 0.139242 0.147376 0.042969 0.486302
0.080256 0.000010 0.000010 0.177404 0.742320
0.090775 0.000010 0.000010 0.160194 0.749011
0.031095 0.176685 0.043168 0.000919 0.748132
0.024204 0.171962 0.033685 0.005308 0.764842
0.035794 0.168675 0.029976 0.009221 0.756334
0.000010 0.285089 0.000010 0.124215 0.590675
0.000010 0.281746 0.047973 0.017749 0.652521
0.000010 0.221311 0.037251 0.000010 0.741418
0.187894 0.165745 0.230333 0.000010 0.416019
0.157377 0.131350 0.147916 0.082742 0.480615
0.079228 0.000010 0.000010 0.179841 0.740911
0.092954 0.000010 0.000010 0.183943 0.723083
0.059410 0.183621 0.028890 0.003244 0.724835
0.060651 0.163729 0.011570 0.006008 0.758042
0.061441 0.160049 0.020114 0.013023 0.745373
0.012822 0.290024 0.024396 0.018161 0.654597
0.006211 0.232408 0.029327 0.000010 0.732044
0.240614 0.120742 0.119786 0.067520 0.451337
0.064517 0.000010 0.000010 0.175924 0.759540
0.065770 0.000010 0.017571 0.182169 0.734480
0.057377 0.168315 0.012002 0.014936 0.747370
0.000010 0.295380 0.081576 0.008212 0.614823
0.000010 0.247115 0.012885 0.000010 0.739980
0.217836 0.139721 0.128840 0.050748 0.462856
0.079360 0.000010 0.000010 0.170065 0.750555
0.086083 0.000010 0.000010 0.200993 0.712904
0.021887 0.184770 0.025227 0.004464 0.763651
0.031942 0.156543 0.027582 0.015733 0.768199
0.000010 0.285126 0.000010 0.140460 0.574394
0.000010 0.287176 0.000010 0.134756 0.578048
0.066577 0.133997 0.119150 0.057759 0.622518
0.091715 0.131420 0.079076 0.049458 0.648332
0.082360 0.058277 0.048617 0.494961 0.315785
0.008108 0.286058 0.057162 0.013776 0.634896
0.007132 0.229790 0.003086 0.000010 0.759982
0.233736 0.176017 0.184368 0.000010 0.405869
0.081964 0.000010 0.000010 0.175069 0.742948
0.088816 0.000010 0.000010 0.218737 0.692427
0.040097 0.144841 0.051209 0.017317 0.746535
0.007773 0.176142 0.064164 0.004849 0.747073
0.000010 0.291551 0.000010 0.148342 0.560087
0.049648 0.120814 0.014582 0.729232 0.085725
0.000010 0.226772 0.005890 0.000010 0.767318
0.000010 0.280410 0.000010 0.095176 0.624394
0.055646 0.176579 0.030880 0.008437 0.728459
0.071770 0.000010 0.012693 0.168310 0.747217
0.035667 0.156551 0.032919 0.015536 0.759327
0.211818 0.126750 0.117643 0.046821 0.496968
0.260251 0.172063 0.139455 0.000010 0.428221
0.033028 0.247961 0.090413 0.024464 0.604134
0.069376 0.000010 0.000010 0.373399 0.557205
0.070340 0.183640 0.064103 0.000010 0.681906
0.000010 0.297986 0.000010 0.701984 0.000010
0.000010 0.283226 0.000010 0.716744 0.000010
0.000010 0.315545 0.000010 0.684425 0.000010
0.000010 0.316997 0.000010 0.682973 0.000010
0.182415 0.214190 0.353525 0.000010 0.249860
0.235609 0.193205 0.293549 0.000010 0.277626
0.188997 0.199440 0.350426 0.000010 0.261127
0.173488 0.235853 0.330414 0.000010 0.260235
0.003397 0.284884 0.000010 0.682093 0.029616
0.000010 0.205712 0.000010 0.774033 0.020235
0.000010 0.235462 0.000010 0.757648 0.006870
0.001555 0.214322 0.005262 0.757796 0.021065
0.000010 0.216843 0.000010 0.767198 0.015939
0.000010 0.227719 0.015472 0.752851 0.003948
0.000010 0.280056 0.000010 0.719914 0.000010
0.000010 0.219193 0.000010 0.761253 0.019533
0.073351 0.235121 0.105359 0.517058 0.069111
0.000010 0.441410 0.000010 0.550620 0.007950
0.000010 0.324754 0.000010 0.675216 0.000010
0.000010 0.338451 0.000010 0.661519 0.000010
0.000010 0.331571 0.000010 0.668399 0.000010
0.000010 0.330198 0.000010 0.669772 0.000010
0.000010 0.355782 0.000010 0.644188 0.000010
0.000010 0.284454 0.000010 0.715516 0.000010
0.000010 0.335074 0.000010 0.664896 0.000010
0.000010 0.335525 0.000010 0.664445 0.000010
0.000010 0.342367 0.000010 0.657603 0.000010
0.000010 0.329222 0.000010 0.670748 0.000010
0.000010 0.274159 0.000010 0.725811 0.000010
0.000010 0.264882 0.000010 0.735088 0.000010
0.000010 0.287531 0.000010 0.712439 0.000010
0.000010 0.288444 0.000010 0.711526 0.000010
0.000205 0.293748 0.000010 0.706027 0.000010
0.000010 0.279148 0.000010 0.720822 0.000010
0.000010 0.275907 0.000010 0.724063 0.000010
0.000010 0.274817 0.000010 0.725153 0.000010
0.000010 0.272143 0.000010 0.727827 0.000010
0.000010 0.276579 0.000010 0.723391 0.000010
0.000010 0.278593 0.000010 0.721377 0.000010
0.000010 0.325348 0.000010 0.674622 0.000010
0.000010 0.321483 0.000010 0.678487 0.000010
0.000010 0.322046 0.000010 0.677924 0.000010
0.000010 0.306242 0.000010 0.693728 0.000010
0.000010 0.309770 0.000010 0.690200 0.000010
0.000010 0.305086 0.000010 0.694884 0.000010
0.000010 0.294527 0.000010 0.705443 0.000010
0.000010 0.306076 0.000010 0.693894 0.000010
0.000010 0.316551 0.000010 0.683419 0.000010
0.000010 0.308326 0.000010 0.691644 0.000010
0.000010 0.279500 0.000010 0.720470 0.000010
0.000010 0.282624 0.000010 0.717346 0.000010
0.000010 0.328683 0.000010 0.671287 0.000010
0.000010 0.281413 0.000010 0.718557 0.000010
0.000010 0.278848 0.000010 0.721122 0.000010
0.000010 0.287569 0.000010 0.712401 0.000010
0.000010 0.289170 0.000010 0.710800 0.000010
0.000010 0.273950 0.000010 0.726020 0.000010
0.000010 0.288280 0.000010 0.711690 0.000010
0.000010 0.272189 0.000010 0.727781 0.000010
0.000010 0.323313 0.000010 0.676657 0.000010
0.000010 0.302131 0.000010 0.697839 0.000010
0.009435 0.278775 0.004645 0.707135 0.000010
0.000010 0.310702 0.000010 0.689268 0.000010
0.000010 0.336502 0.000010 0.663468 0.000010
0.000779 0.277502 0.000010 0.721698 0.000010
0.000010 0.338617 0.000010 0.661353 0.000010
0.000010 0.290692 0.000010 0.709278 0.000010
0.000010 0.287132 0.000010 0.712838 0.000010
0.000010 0.315824 0.000010 0.684146 0.000010
0.000010 0.349759 0.000010 0.650211 0.000010
0.000010 0.336258 0.000010 0.663712 0.000010
0.000010 0.319030 0.000010 0.680940 0.000010
0.000010 0.317858 0.000010 0.682112 0.000010
0.111322 0.315762 0.139900 0.377940 0.055077
0.000570 0.242293 0.024090 0.733037 0.000010
0.000010 0.251531 0.000010 0.748439 0.000010
0.000010 0.247601 0.004136 0.744326 0.003927
0.000010 0.240584 0.000010 0.751066 0.008331
0.000010 0.250924 0.020740 0.728316 0.000010
0.000010 0.240290 0.001613 0.755321 0.002766
0.000010 0.228197 0.000010 0.753822 0.017961
0.000010 0.219284 0.000010 0.762999 0.017697
0.000010 0.271144 0.000010 0.728826 0.000010
0.000010 0.308813 0.000010 0.691157 0.000010
0.000010 0.275743 0.000010 0.724227 0.000010
0.000010 0.287698 0.000010 0.704388 0.007894
0.000010 0.290419 0.000010 0.708990 0.000571
0.000010 0.280384 0.000010 0.719586 0.000010
0.000010 0.231224 0.000010 0.757175 0.011581
0.000010 0.281572 0.001142 0.717266 0.000010
0.000010 0.266971 0.000010 0.717663 0.015346
0.000010 0.344663 0.000010 0.655307 0.000010
0.000010 0.298630 0.000010 0.701340 0.000010
0.000010 0.288516 0.002287 0.709177 0.000010
0.000365 0.261875 0.000010 0.737739 0.000010
0.000010 0.316420 0.000010 0.683550 0.000010
0.207552 0.255274 0.349278 0.009972 0.177925
0.282483 0.288946 0.307751 0.052734 0.068086
0.243246 0.307505 0.266316 0.046042 0.136892
0.071664 0.249890 0.063989 0.580380 0.034077
0.170654 0.263087 0.415586 0.004189 0.146484
0.171955 0.261244 0.392809 0.000010 0.173982
0.129931 0.309079 0.188052 0.299981 0.072957
0.137556 0.274524 0.209049 0.294017 0.084855
0.292536 0.264103 0.227944 0.142929 0.072488
0.801854 0.035439 0.078605 0.009542 0.074560
0.179964 0.292969 0.393406 0.000010 0.133651
0.208821 0.256045 0.397246 0.000010 0.137877
0.095388 0.327433 0.191478 0.282533 0.103168
0.278622 0.324834 0.261473 0.040523 0.094548
0.093828 0.429466 0.245751 0.174810 0.056145
0.198406 0.261181 0.368241 0.000010 0.172161
0.140348 0.283960 0.195252 0.309989 0.070450
0.097370 0.299053 0.229165 0.299927 0.074485
0.145799 0.256069 0.149090 0.360455 0.088587
0.089996 0.248431 0.066758 0.559515 0.035300
0.085928 0.379529 0.189864 0.280660 0.064018
0.098708 0.421708 0.221626 0.192737 0.065220
0.204231 0.232287 0.417066 0.000010 0.146405
0.133549 0.413142 0.196166 0.184576 0.072567
0.161627 0.288995 0.404299 0.006857 0.138222
0.105002 0.317199 0.176099 0.328999 0.072701
0.095331 0.315509 0.198871 0.314231 0.076058
0.082880 0.238805 0.114248 0.519790 0.044278
0.196989 0.272561 0.383954 0.000010 0.146487
0.075786 0.432172 0.229737 0.182246 0.080059
0.221101 0.280417 0.364046 0.000010 0.134425
0.337129 0.293177 0.174351 0.123105 0.072237
0.258771 0.312138 0.208979 0.146187 0.073926
0.172175 0.266087 0.430591 0.000010 0.131138
0.209553 0.260448 0.375850 0.000010 0.154139
0.067631 0.429404 0.234314 0.182717 0.085934
0.051654 0.261025 0.056166 0.572639 0.058516
0.096631 0.261763 0.129886 0.435256 0.076465
0.117712 0.309668 0.189722 0.313129 0.069769
0.270034 0.332780 0.215175 0.102594 0.079416
0.104916 0.427640 0.200122 0.190526 0.076797
0.347992 0.273710 0.191648 0.107647 0.079003
0.088005 0.231650 0.072257 0.572221 0.035866
0.311779 0.309590 0.160319 0.135172 0.083140
0.187046 0.272042 0.389093 0.000010 0.151809
0.082954 0.421379 0.259651 0.170293 0.065722
0.140382 0.283005 0.189755 0.312985 0.073872
0.113621 0.306005 0.229267 0.309316 0.041791
0.115259 0.295492 0.214586 0.312465 0.062198
0.106302 0.411858 0.251053 0.161091 0.069697
0.173750 0.274993 0.417717 0.000010 0.133530
0.282571 0.295090 0.305382 0.022665 0.094292
0.284253 0.278550 0.219220 0.137923 0.080055
0.062987 0.243322 0.069612 0.582055 0.042024
0.176495 0.273722 0.375040 0.000010 0.174733
0.206284 0.272760 0.382253 0.000010 0.138693
0.073482 0.278060 0.102724 0.482267 0.063466
0.076221 0.327751 0.200144 0.320559 0.075326
0.048493 0.246920 0.080550 0.553143 0.070894
0.089083 0.427929 0.210168 0.181574 0.091246
0.294417 0.293535 0.194363 0.118884 0.098801
0.288840 0.305375 0.211091 0.099761 0.094934
0.066541 0.321460 0.187461 0.343955 0.080582
0.148603 0.280770 0.393663 0.000010 0.176955
0.186490 0.267162 0.417375 0.000010 0.128963
0.202038 0.257476 0.381361 0.000010 0.159116
0.082349 0.269552 0.134918 0.465939 0.047242
0.147034 0.289447 0.288308 0.192995 0.082217
0.077844 0.222936 0.071381 0.561114 0.066726
0.181622 0.287712 0.401918 0.000010 0.128737
0.064803 0.433148 0.249382 0.174459 0.078208
0.276940 0.325630 0.246240 0.044526 0.106665
0.111963 0.428984 0.151642 0.241353 0.066058
0.294401 0.295140 0.222302 0.125271 0.062886
0.184040 0.265353 0.410634 0.000010 0.139963
0.216324 0.253201 0.382210 0.000010 0.148255
0.197607 0.280448 0.395070 0.000759 0.126115
0.131932 0.296324 0.178736 0.316098 0.076911
0.074902 0.265722 0.089571 0.534926 0.034879
0.088979 0.233626 0.050430 0.557362 0.069603
0.191969 0.305735 0.202166 0.212130 0.088000
0.098939 0.449952 0.225172 0.173283 0.052655
0.322454 0.282102 0.170361 0.130666 0.094417
0.320930 0.324922 0.181098 0.085805 0.087245
0.360068 0.316449 0.187625 0.074614 0.061244
0.421162 0.283987 0.168485 0.073081 0.053285
0.308090 0.067930 0.553814 0.019894 0.050271
0.176507 0.291721 0.401623 0.000010 0.130139
0.582882 0.215147 0.090594 0.088712 0.022665
0.239459 0.276948 0.155064 0.243967 0.084562
0.362768 0.281649 0.183823 0.059627 0.112133
0.346282 0.288496 0.193384 0.082719 0.089118
0.293104 0.332217 0.260130 0.048921 0.065629
0.347931 0.292174 0.184669 0.093107 0.082118
0.222571 0.032882 0.727031 0.017506 0.000010
0.186364 0.303573 0.377591 0.000010 0.132462
0.205648 0.353835 0.300033 0.047583 0.092900
0.585822 0.234828 0.075924 0.069739 0.033687
0.500310 0.242168 0.126784 0.087323 0.043415
0.141132 0.328867 0.434782 0.000010 0.095208
0.229406 0.264377 0.357212 0.000010 0.148995
0.404700 0.266665 0.184407 0.108092 0.036136
0.145178 0.314724 0.413540 0.000010 0.126548
0.300676 0.032902 0.663926 0.001325 0.001171
0.159937 0.296756 0.418240 0.000010 0.125057
0.173710 0.336311 0.298051 0.047991 0.143937
0.564117 0.230057 0.082330 0.081931 0.041565
0.491773 0.227649 0.148887 0.072549 0.059142
0.282402 0.320149 0.226592 0.055972 0.114884
0.171733 0.284229 0.422509 0.000010 0.121520
0.397533 0.270303 0.175559 0.115427 0.041178
0.406392 0.288768 0.165446 0.072092 0.067302
0.149660 0.315627 0.404281 0.000010 0.130422
0.248583 0.043264 0.643692 0.037882 0.026579
0.162358 0.314127 0.390399 0.000010 0.133107
0.210391 0.338485 0.304277 0.023260 0.123587
0.531790 0.257944 0.068316 0.078897 0.063053
0.597119 0.198077 0.090048 0.083867 0.030890
0.259509 0.328410 0.216705 0.131840 0.063536
0.421884 0.263347 0.154099 0.095938 0.064731
0.290985 0.000554 0.705427 0.003024 0.000010
0.157532 0.290265 0.425807 0.000010 0.126386
0.545566 0.221282 0.086256 0.082514 0.064382
0.567498 0.192354 0.136445 0.067143 0.036558
0.308181 0.294992 0.217217 0.124051 0.055559
0.806650 0.032183 0.092521 0.015292 0.053354
0.293810 0.307236 0.209777 0.100381 0.088797
0.382197 0.290290 0.200638 0.089295 0.037580
0.256060 0.018466 0.701588 0.012106 0.011780
0.200015 0.285684 0.391585 0.000010 0.122706
0.196964 0.338282 0.275355 0.037075 0.152324
0.518547 0.232364 0.077814 0.104594 0.066681
0.593878 0.238801 0.074633 0.079641 0.013047
0.359105 0.275750 0.224041 0.074051 0.067053
0.246017 0.304898 0.170390 0.198837 0.079857
0.323985 0.298130 0.265376 0.038387 0.074123
0.290276 0.303584 0.155426 0.187034 0.063681
0.389464 0.289350 0.195542 0.078604 0.047041
0.281014 0.049048 0.577285 0.031509 0.061145
0.187467 0.286320 0.399929 0.000010 0.126274
0.584980 0.235845 0.053496 0.075959 0.049719
0.253462 0.313140 0.238319 0.066207 0.128872
0.376708 0.265683 0.200250 0.063058 0.094301
0.182600 0.280164 0.397647 0.000010 0.139580
0.346305 0.303027 0.214661 0.057283 0.078724
0.345934 0.303906 0.200225 0.073575 0.076359
0.394909 0.298835 0.180317 0.082235 0.043704
0.279314 0.043303 0.609710 0.030901 0.036772
0.161829 0.306890 0.421693 0.000010 0.109578
0.565018 0.239088 0.063083 0.074572 0.058240
0.542122 0.249233 0.078289 0.082035 0.048321
0.344446 0.274722 0.210936 0.072506 0.097390
0.125840 0.136498 0.629204 0.026812 0.081646
0.039528 0.158217 0.728807 0.000466 0.072982
0.323557 0.000010 0.622490 0.024270 0.029674
0.224996 0.100891 0.506589 0.052856 0.114669
0.360568 0.086731 0.364888 0.018131 0.169682
0.402309 0.067184 0.408576 0.047967 0.073963
0.336433 0.088784 0.385278 0.020866 0.168640
0.111167 0.148067 0.674618 0.011723 0.054425
0.125375 0.131560 0.653143 0.038114 0.051807
0.434499 0.000010 0.563202 0.002279 0.000010
0.289996 0.008204 0.616823 0.027185 0.057791
0.146740 0.112234 0.666397 0.012698 0.061932
0.088169 0.112310 0.760289 0.013407 0.025825
0.329291 0.019288 0.588913 0.017734 0.044774
0.513942 0.069092 0.266176 0.014004 0.136785
0.158405 0.104559 0.684718 0.007435 0.044884
0.111187 0.139719 0.713330 0.006346 0.029419
0.292584 0.062007 0.535304 0.022687 0.087419
0.394539 0.000010 0.592899 0.000010 0.012542
0.453774 0.000010 0.535165 0.011041 0.000010
0.395803 0.000010 0.593353 0.010824 0.000010
0.197273 0.000010 0.701697 0.027359 0.073660
0.021277 0.151378 0.768448 0.015159 0.043738
0.218661 0.121777 0.524562 0.021343 0.113657
0.317532 0.021275 0.634222 0.019605 0.007366
0.670987 0.089966 0.116524 0.037545 0.084978
0.164666 0.095399 0.673904 0.007992 0.058039
0.260001 0.090113 0.594537 0.017196 0.038152
0.175321 0.088835 0.651301 0.023358 0.061185
0.426096 0.000010 0.564109 0.009775 0.000010
0.393502 0.000010 0.599021 0.007457 0.000010
0.469911 0.000010 0.518897 0.011172 0.000010
0.339997 0.093440 0.452412 0.047532 0.066619
0.053275 0.121539 0.760198 0.011493 0.053496
0.167932 0.135990 0.667033 0.015924 0.013121
0.245284 0.049718 0.631917 0.019215 0.053866
0.231416 0.176024 0.360657 0.109318 0.122585
0.157857 0.082213 0.718263 0.011367 0.030301
0.129112 0.154099 0.673502 0.005590 0.037698
0.124323 0.116283 0.681542 0.012498 0.065354
0.145788 0.154152 0.560392 0.046787 0.092882
0.446762 0.000010 0.521230 0.016972 0.015026
0.457906 0.000010 0.540625 0.001449 0.000010
0.310186 0.000010 0.634560 0.021932 0.033312
0.070574 0.137274 0.730896 0.016608 0.044648
0.024261 0.150238 0.753255 0.021534 0.050712
0.541909 0.029913 0.277410 0.022098 0.128671
0.283142 0.113161 0.358401 0.064932 0.180364
0.396697 0.062529 0.308175 0.029692 0.202908
0.339387 0.093992 0.365594 0.022227 0.178802
0.242799 0.092173 0.575868 0.027056 0.062104
0.438823 0.000010 0.544125 0.011483 0.005558
0.317083 0.047768 0.569288 0.018904 0.046957
0.415677 0.000010 0.584293 0.000010 0.000010
0.197016 0.085740 0.546017 0.098414 0.072813
0.336095 0.069627 0.388468 0.027215 0.178595
0.680663 0.036662 0.218421 0.013164 0.051090
0.366570 0.060408 0.379806 0.031065 0.162151
0.085284 0.111297 0.737371 0.027065 0.038983
0.175155 0.094674 0.630891 0.005726 0.093553
0.177692 0.089722 0.635562 0.017189 0.079835
0.423011 0.000010 0.558705 0.018265 0.000010
0.433778 0.000010 0.559939 0.006263 0.000010
0.298801 0.023926 0.627186 0.004989 0.045098
0.279825 0.053839 0.576697 0.012548 0.077091
0.091310 0.115991 0.752659 0.000010 0.040030
0.341553 0.077928 0.411277 0.019974 0.149269
0.279433 0.077059 0.555812 0.012747 0.074950
0.193130 0.104754 0.585096 0.025684 0.091337
0.323519 0.146123 0.310106 0.050079 0.170173
0.637099 0.069742 0.168014 0.015708 0.109437
0.093756 0.103608 0.776375 0.012962 0.013299
0.132152 0.100312 0.680675 0.018513 0.068348
0.426964 0.000010 0.562745 0.010271 0.000010
0.420724 0.000010 0.579246 0.000010 0.000010
0.286465 0.005411 0.628949 0.021115 0.058060
0.290544 0.007754 0.583644 0.013565 0.104494
0.205720 0.159198 0.516802 0.005137 0.113143
0.200552 0.169423 0.458390 0.065065 0.106571
0.593167 0.042888 0.257654 0.002146 0.104144
0.169852 0.094534 0.693210 0.023822 0.018582
0.150780 0.106265 0.657168 0.020522 0.065266
0.121110 0.127244 0.693838 0.017025 0.040782
0.296308 0.161475 0.354344 0.082857 0.105016
0.436379 0.000010 0.563186 0.000415 0.000010
0.419134 0.000010 0.558580 0.001285 0.020990
0.149741 0.136083 0.622676 0.017323 0.074177
0.307790 0.000010 0.630650 0.007404 0.054146
0.255231 0.086391 0.572093 0.014230 0.072055
0.372416 0.000010 0.620763 0.003648 0.003162
0.330505 0.075322 0.504649 0.028058 0.061466
0.174417 0.335171 0.301972 0.030318 0.158123
0.358190 0.292536 0.202841 0.052745 0.093687
0.386157 0.270364 0.198970 0.051360 0.093150
0.266305 0.309769 0.279682 0.044549 0.099695
0.330033 0.046871 0.513877 0.016093 0.093125
0.016231 0.772769 0.210980 0.000010 0.000010
0.870265 0.041287 0.032052 0.002132 0.054265
0.168076 0.287300 0.419449 0.000010 0.125165
0.338386 0.281555 0.221586 0.067583 0.090890
0.175922 0.331607 0.267406 0.094281 0.130784
0.290040 0.051270 0.582659 0.044781 0.031251
0.000010 0.787551 0.212419 0.000010 0.000010
0.021092 0.692671 0.279501 0.000010 0.006727
0.844947 0.026065 0.077607 0.000528 0.050853
0.191663 0.311447 0.339320 0.017638 0.139932
0.177831 0.348430 0.272525 0.050447 0.150767
0.252471 0.324730 0.304566 0.030461 0.087772
0.164766 0.277572 0.427473 0.000010 0.130179
0.128531 0.407319 0.284479 0.061964 0.117708
0.170477 0.396403 0.263743 0.075804 0.093574
0.139019 0.407947 0.287670 0.071945 0.093419
0.088957 0.617750 0.245060 0.033775 0.014458
0.023437 0.635780 0.311400 0.020952 0.008430
0.837347 0.027492 0.052140 0.001228 0.081792
0.197104 0.281496 0.377699 0.000010 0.143690
0.194999 0.303733 0.383573 0.000010 0.117685
0.418674 0.255379 0.159019 0.074850 0.092077
0.279764 0.019860 0.659769 0.009082 0.031524
0.166800 0.275093 0.449379 0.000010 0.108717
0.130044 0.420164 0.291489 0.056726 0.101577
0.155578 0.405791 0.296627 0.047235 0.094770
0.000013 0.755476 0.244492 0.000010 0.000010
0.074855 0.636637 0.246764 0.010621 0.031123
0.374041 0.290670 0.237372 0.053987 0.043930
0.236695 0.308364 0.257547 0.058030 0.139364
0.163909 0.309680 0.367721 0.034360 0.124330
0.304536 0.009618 0.657398 0.009262 0.019187
0.163540 0.390735 0.279573 0.083306 0.082845
0.152284 0.405330 0.297887 0.049833 0.094665
0.021494 0.735542 0.242945 0.000010 0.000010
0.037566 0.715472 0.246942 0.000010 0.000010
0.081165 0.642814 0.244798 0.017457 0.013766
0.339912 0.076122 0.408836 0.041936 0.133195
0.317849 0.304584 0.240256 0.050864 0.086447
0.228703 0.319148 0.273749 0.038990 0.139410
0.172121 0.338587 0.308872 0.036383 0.144037
0.334270 0.023919 0.599225 0.015025 0.027560
0.058192 0.410243 0.242295 0.191101 0.098169
0.156659 0.402926 0.239281 0.086496 0.114639
0.023797 0.730292 0.245891 0.000010 0.000010
0.025636 0.696531 0.253777 0.000010 0.024046
0.075163 0.662690 0.249283 0.000964 0.011900
0.198846 0.247486 0.393791 0.000010 0.159867
0.273788 0.315526 0.269947 0.042102 0.098637
0.267797 0.004005 0.718989 0.009200 0.000010
0.811412 0.040541 0.098036 0.012758 0.037253
0.137485 0.411292 0.292237 0.073047 0.085938
0.180312 0.408655 0.253562 0.074028 0.083444
0.072378 0.710915 0.216688 0.000010 0.000010
0.057085 0.675061 0.253300 0.014544 0.000010
0.869957 0.035438 0.045450 0.006704 0.042451
0.116609 0.111936 0.724477 0.024250 0.022728
0.181935 0.337105 0.260422 0.061539 0.158999
0.297175 0.021944 0.652933 0.002506 0.025442
0.822824 0.034163 0.061754 0.019637 0.061622
0.204960 0.401807 0.271744 0.053546 0.067943
0.148462 0.390106 0.308904 0.093825 0.058703
0.132628 0.398248 0.279812 0.072698 0.116614
0.043161 0.676272 0.254446 0.000010 0.026110
0.039088 0.686606 0.274278 0.000018 0.000010
0.833464 0.011695 0.086030 0.000010 0.068801
0.283341 0.000010 0.670114 0.016394 0.030140
0.526540 0.022915 0.338508 0.015909 0.096128
0.261074 0.028480 0.598774 0.028840 0.082832
0.270372 0.000010 0.638330 0.007617 0.083670
0.000010 0.107097 0.817378 0.033876 0.041639
0.030614 0.112968 0.832363 0.000680 0.023375
0.000010 0.062512 0.937458 0.000010 0.000010
0.229046 0.079549 0.651201 0.021273 0.018930
0.242134 0.059351 0.630788 0.046890 0.020836
0.081043 0.072169 0.821844 0.009989 0.014955
0.063410 0.123741 0.761266 0.018996 0.032587
0.279188 0.029319 0.582346 0.020081 0.089066
0.583611 0.028110 0.282296 0.020371 0.085612
0.275842 0.000207 0.667416 0.011101 0.045434
0.000010 0.117368 0.853063 0.029549 0.000010
0.201082 0.046045 0.698901 0.010723 0.043250
0.330142 0.071765 0.519754 0.027766 0.050573
0.241053 0.076447 0.600093 0.027748 0.054659
0.024937 0.062348 0.888046 0.024660 0.000010
0.017669 0.059792 0.909052 0.013477 0.000010
0.563331 0.051811 0.296937 0.010664 0.077257
0.253516 0.000010 0.745431 0.000010 0.001032
0.000010 0.086245 0.897442 0.000642 0.015661
0.000010 0.118202 0.872919 0.008159 0.000710
0.317217 0.082076 0.559163 0.000708 0.040837
0.259322 0.076931 0.629444 0.020837 0.013466
0.221067 0.047235 0.703743 0.004818 0.023137
0.010101 0.060180 0.905539 0.024171 0.000010
0.008352 0.049849 0.930047 0.011742 0.000010
0.240273 0.000010 0.670158 0.012154 0.077404
0.555574 0.013179 0.301979 0.030902 0.098367
0.240601 0.042698 0.665344 0.000010 0.051347
0.272727 0.000010 0.710902 0.007372 0.008988
0.000011 0.075850 0.923771 0.000358 0.000010
0.195398 0.070447 0.661000 0.046712 0.026442
0.090238 0.044408 0.847398 0.014363 0.003594
0.035613 0.059475 0.892520 0.012383 0.000010
0.001819 0.089719 0.901254 0.005541 0.001668
0.275083 0.035363 0.642514 0.009752 0.037289
0.493080 0.053842 0.290894 0.018227 0.143957
0.306385 0.006213 0.673254 0.000869 0.013279
0.294829 0.034547 0.544234 0.020998 0.105392
0.000010 0.075741 0.924229 0.000010 0.000010
0.018626 0.108262 0.801316 0.027912 0.043883
0.213774 0.137776 0.488518 0.106837 0.053095
0.193479 0.030575 0.751780 0.010519 0.013647
0.342121 0.040964 0.594529 0.013025 0.009361
0.017817 0.083296 0.882005 0.008152 0.008730
0.000010 0.067589 0.930868 0.001523 0.000010
0.262137 0.043964 0.576343 0.037254 0.080302
0.565491 0.010879 0.302216 0.020686 0.100727
0.276653 0.040231 0.629936 0.007795 0.045385
0.273307 0.008746 0.677983 0.002559 0.037404
0.000010 0.103921 0.884849 0.011210 0.000010
0.000010 0.077903 0.921728 0.000349 0.000010
0.299114 0.058931 0.546130 0.022959 0.072865
0.234767 0.045538 0.682949 0.031147 0.005599
0.008099 0.058167 0.928919 0.004805 0.000010
0.020031 0.042786 0.935842 0.001331 0.000010
0.000010 0.058198 0.928625 0.013157 0.000010
0.278902 0.000010 0.643536 0.011744 0.065808
0.545935 0.022800 0.335693 0.021808 0.073764
0.307338 0.010847 0.630010 0.020660 0.031144
0.000010 0.068602 0.931368 0.000010 0.000010
0.000010 0.130721 0.855928 0.013331 0.000010
0.252274 0.044196 0.628149 0.030230 0.045151
0.225542 0.122168 0.578475 0.026664 0.047151
0.014011 0.074100 0.891025 0.011535 0.009329
0.000010 0.051218 0.938936 0.009826 0.000010
0.077360 0.074586 0.831838 0.016207 0.000010
0.329471 0.012834 0.586446 0.022087 0.049162
0.572688 0.038231 0.256123 0.019351 0.113607
0.197183 0.082350 0.652944 0.016357 0.051166
0.200550 0.068398 0.661312 0.013720 0.056019
0.000010 0.079993 0.884441 0.035546 0.000010
0.008120 0.060016 0.926201 0.003636 0.002026
0.233131 0.094217 0.575416 0.048171 0.049064
0.159510 0.043518 0.769084 0.015093 0.012795
0.039231 0.062657 0.866909 0.010143 0.021060
0.000010 0.036886 0.963084 0.000010 0.000010
0.035331 0.067943 0.862941 0.013062 0.020722
0.291034 0.010157 0.668940 0.010204 0.019666
0.332823 0.086045 0.570430 0.007485 0.003217
0.345650 0.106795 0.408291 0.007095 0.132169
0.146105 0.092514 0.749483 0.011887 0.000010
0.211175 0.082183 0.667227 0.003613 0.035803
0.449004 0.004094 0.494407 0.013049 0.039446
0.348554 0.000010 0.644147 0.000010 0.007279
0.296289 0.323411 0.213250 0.094448 0.072602
0.000010 0.127907 0.854808 0.010931 0.006344
0.258638 0.092685 0.601096 0.013254 0.034326
0.238216 0.068445 0.662855 0.011008 0.019477
0.204759 0.076410 0.677059 0.015940 0.025832
0.081518 0.120701 0.723398 0.012967 0.061416
0.229772 0.094188 0.645676 0.000167 0.030198
0.374796 0.000010 0.624440 0.000743 0.000010
0.404877 0.000010 0.576469 0.015103 0.003542
0.179712 0.298262 0.400523 0.000010 0.121494
0.000010 0.119548 0.848830 0.026369 0.005243
0.275935 0.065343 0.579420 0.013295 0.066006
0.143245 0.088898 0.694585 0.031539 0.041734
0.385291 0.003001 0.552690 0.006253 0.052766
0.387454 0.003599 0.564001 0.006981 0.037965
0.345092 0.004942 0.593144 0.024229 0.032593
0.224686 0.041660 0.620863 0.005721 0.107070
0.301977 0.098233 0.550559 0.004400 0.044831
0.277202 0.047652 0.669444 0.002288 0.003414
0.408184 0.048341 0.484968 0.000010 0.058496
0.200997 0.008498 0.785258 0.005237 0.000010
0.274520 0.105477 0.543136 0.031477 0.045389
0.502815 0.065928 0.352650 0.012867 0.065740
0.298674 0.103547 0.554933 0.015367 0.027479
0.212813 0.108266 0.630326 0.023668 0.024927
0.128965 0.102476 0.694598 0.024275 0.049685
0.327882 0.004289 0.618638 0.016737 0.032454
0.410862 0.000010 0.563006 0.008077 0.018045
0.333710 0.028605 0.542515 0.010639 0.084531
0.324296 0.108234 0.451089 0.024227 0.092153
0.266982 0.086972 0.607359 0.009322 0.029365
0.083984 0.122762 0.734896 0.000010 0.058347
0.385979 0.000010 0.601216 0.000010 0.012785
0.304938 0.000010 0.661593 0.010833 0.022625
0.334666 0.071231 0.490209 0.007105 0.096790
0.177455 0.110712 0.659378 0.012247 0.040208
0.240559 0.068999 0.687770 0.000010 0.002662
0.406461 0.036439 0.490392 0.008436 0.058272
0.456499 0.017680 0.515023 0.000010 0.010788
0.330551 0.020041 0.530549 0.025791 0.093069
0.300609 0.082429 0.572447 0.004907 0.039606
0.254817 0.075538 0.611622 0.009496 0.048527
0.184681 0.087614 0.693963 0.022238 0.011504
0.213298 0.070680 0.706700 0.009312 0.000010
0.311609 0.000010 0.688361 0.000010 0.000010
0.402602 0.006949 0.558455 0.009081 0.022913
0.642216 0.046977 0.227393 0.000010 0.083403
0.620938 0.048215 0.204863 0.019125 0.106858
0.694514 0.055169 0.149776 0.022392 0.078149
0.657690 0.043095 0.197432 0.015021 0.086763
0.676911 0.034626 0.183528 0.000942 0.103994
0.679120 0.055333 0.169538 0.000585 0.095424
0.699011 0.052970 0.155665 0.031595 0.060759
0.573932 0.073351 0.184290 0.008231 0.160196
0.625174 0.060988 0.206737 0.007631 0.099469
0.590777 0.044629 0.229131 0.021084 0.114379
0.655686 0.047460 0.219158 0.006051 0.071645
0.648345 0.038889 0.213653 0.011557 0.087556
0.532176 0.078300 0.212212 0.000476 0.176835
0.667968 0.037091 0.160361 0.018005 0.116575
