0.000010 0.099103 0.402606 0.444488 0.053793
0.006599 0.047668 0.304994 0.570659 0.070080
0.017396 0.080047 0.404822 0.454978 0.042756
0.039428 0.020510 0.325555 0.542819 0.071687
0.002240 0.085988 0.405559 0.454935 0.051278
0.012371 0.077052 0.363356 0.486395 0.060826
0.037675 0.044549 0.331972 0.511381 0.074423
0.000010 0.000010 0.053862 0.799971 0.146147
0.000010 0.034292 0.042929 0.805048 0.117721
0.031060 0.000010 0.080497 0.888424 0.000010
0.015506 0.061074 0.077094 0.730548 0.115778
0.023256 0.026346 0.077918 0.736056 0.136424
0.105139 0.003900 0.672874 0.000010 0.218077
0.126150 0.083074 0.597007 0.000010 0.193759
0.008122 0.000010 0.748550 0.000010 0.243308
0.097414 0.117856 0.610666 0.011896 0.162168
0.020169 0.096743 0.377329 0.454490 0.051269
0.000400 0.094355 0.377705 0.479221 0.048320
0.000010 0.017178 0.053071 0.828717 0.101024
0.000010 0.000010 0.043764 0.770735 0.185481
0.000010 0.000010 0.070903 0.792970 0.136107
0.022888 0.000010 0.067664 0.909428 0.000010
0.013713 0.050425 0.065707 0.730807 0.139348
0.044824 0.017787 0.076424 0.738772 0.122194
0.059693 0.000010 0.719080 0.000010 0.221207
0.040459 0.009334 0.729818 0.000010 0.220379
0.000010 0.000010 0.742565 0.000010 0.257405
0.159988 0.079939 0.581261 0.000010 0.178803
0.022514 0.088010 0.374040 0.466173 0.049263
0.054635 0.063800 0.361879 0.454463 0.065223
0.000010 0.023290 0.098296 0.796534 0.081871
0.005233 0.000010 0.016685 0.772520 0.205551
0.018572 0.004513 0.085950 0.890955 0.000010
0.038512 0.000010 0.066073 0.895395 0.000010
0.020982 0.060620 0.056673 0.740496 0.121229
0.041720 0.044397 0.057413 0.737743 0.118727
0.103948 0.009559 0.681898 0.000010 0.204585
0.020301 0.006638 0.728994 0.003699 0.240368
0.082613 0.000010 0.716671 0.000010 0.200696
0.112391 0.093429 0.611721 0.009409 0.173050
0.029821 0.073478 0.353944 0.492105 0.050652
0.060931 0.070111 0.358013 0.459404 0.051541
0.000010 0.000997 0.060976 0.799890 0.138127
0.005527 0.000010 0.047086 0.824907 0.122470
0.041903 0.000010 0.048582 0.909495 0.000010
0.033677 0.000010 0.078647 0.887656 0.000010
0.024335 0.000010 0.071703 0.903943 0.000010
0.024745 0.049135 0.076529 0.721971 0.127620
0.000010 0.076070 0.076435 0.736033 0.111452
0.105509 0.012391 0.688317 0.000010 0.193774
0.000010 0.000010 0.741003 0.000010 0.258967
0.017366 0.018122 0.762245 0.000010 0.202258
0.077317 0.081407 0.629886 0.013451 0.197939
0.066903 0.000189 0.719137 0.000010 0.213761
0.166802 0.244028 0.412142 0.000010 0.177018
0.058828 0.024245 0.681997 0.000010 0.234920
0.082639 0.063365 0.722623 0.052547 0.078826
0.092504 0.075225 0.651036 0.039862 0.141373
0.031575 0.065550 0.790678 0.052198 0.059999
0.084273 0.069710 0.666507 0.047657 0.131852
0.000010 0.094068 0.409368 0.410821 0.085733
0.072606 0.044685 0.650812 0.000010 0.231887
0.125387 0.038028 0.642631 0.000010 0.193944
0.069486 0.064688 0.688244 0.082145 0.095438
0.010515 0.136778 0.647902 0.163727 0.041078
0.033389 0.126643 0.687867 0.052978 0.099123
0.082897 0.097722 0.654819 0.069869 0.094692
0.037484 0.078690 0.355348 0.446574 0.081905
0.030348 0.084383 0.374987 0.459879 0.050404
0.083591 0.019283 0.667636 0.000010 0.229480
0.154375 0.197440 0.463775 0.000010 0.184400
0.070731 0.018878 0.689301 0.000010 0.221080
0.056193 0.093983 0.685206 0.064382 0.100237
0.117829 0.088014 0.619713 0.046299 0.128144
0.083144 0.075564 0.692055 0.025958 0.123279
0.088773 0.082911 0.633886 0.082600 0.111830
0.054457 0.104659 0.390188 0.405823 0.044874
0.038916 0.105527 0.389918 0.414123 0.051516
0.037745 0.074531 0.356906 0.451836 0.078982
0.000010 0.038840 0.051002 0.797586 0.112562
0.028340 0.000010 0.069094 0.902545 0.000010
0.039995 0.000010 0.076181 0.883804 0.000010
0.033950 0.000010 0.058931 0.907099 0.000010
0.007356 0.049457 0.051043 0.703871 0.188274
0.012022 0.061549 0.056832 0.734984 0.134613
0.094268 0.029705 0.680786 0.000010 0.195232
0.000010 0.000010 0.748738 0.000010 0.251232
0.057316 0.043950 0.703891 0.000010 0.194834
0.140763 0.078811 0.586025 0.026726 0.167674
0.059688 0.057407 0.374291 0.456587 0.052027
0.004068 0.051809 0.236280 0.647733 0.060111
0.000341 0.013678 0.047862 0.795698 0.142422
0.000010 0.015761 0.054086 0.807502 0.122641
0.032292 0.000010 0.068318 0.899370 0.000010
0.044338 0.000019 0.048795 0.906837 0.000010
0.030971 0.034139 0.079414 0.730947 0.124529
0.024558 0.048037 0.074796 0.731920 0.120689
0.102768 0.014768 0.678043 0.000010 0.204411
0.046664 0.005591 0.735540 0.000010 0.212196
0.103271 0.103206 0.612313 0.013144 0.168067
0.074142 0.023886 0.675183 0.000010 0.226779
0.231477 0.380090 0.260376 0.000010 0.128047
0.050646 0.023699 0.682405 0.000010 0.243240
0.059251 0.070566 0.761597 0.066275 0.042311
0.040202 0.106344 0.707129 0.050133 0.096193
0.086005 0.089719 0.673668 0.040051 0.110557
0.068878 0.081131 0.320279 0.458923 0.070789
0.030259 0.075899 0.388669 0.452466 0.052707
0.014890 0.000010 0.043779 0.801489 0.139832
0.013109 0.000010 0.050568 0.789932 0.146381
0.015055 0.000010 0.073781 0.911144 0.000010
0.051063 0.015967 0.044925 0.885990 0.002054
0.031717 0.047144 0.068347 0.723326 0.129467
0.105327 0.034216 0.677081 0.000010 0.183365
0.014707 0.000010 0.763978 0.000010 0.221294
0.000010 0.000010 0.761306 0.000010 0.238664
0.122093 0.083560 0.607112 0.005234 0.182002
0.057383 0.031330 0.679542 0.000010 0.231735
0.194171 0.229370 0.387257 0.000010 0.189192
0.092154 0.000010 0.678025 0.000010 0.229801
0.048400 0.071495 0.738188 0.055563 0.086355
0.044525 0.065144 0.742551 0.064838 0.082942
0.094596 0.073552 0.688658 0.038838 0.104355
0.012740 0.096832 0.458672 0.363827 0.067929
0.002941 0.072617 0.359472 0.484248 0.080721
0.000010 0.000010 0.023125 0.813622 0.163233
0.000010 0.000010 0.075292 0.822015 0.102673
0.014082 0.000010 0.078884 0.907014 0.000010
0.032682 0.000010 0.068464 0.898834 0.000010
0.006885 0.036391 0.069045 0.733327 0.154352
0.034264 0.046305 0.088691 0.719309 0.111430
0.136079 0.024214 0.634557 0.000010 0.205140
0.000020 0.000010 0.750842 0.000010 0.249118
0.000010 0.000010 0.752741 0.000010 0.247229
0.130388 0.092147 0.590086 0.010364 0.177015
0.048630 0.068782 0.680585 0.000010 0.201993
0.198486 0.220442 0.414814 0.000010 0.166249
0.072110 0.005285 0.685164 0.000010 0.237432
0.017107 0.095573 0.790517 0.096793 0.000010
0.085139 0.111187 0.642404 0.064771 0.096498
0.089219 0.057543 0.618378 0.117744 0.117116
0.054200 0.048172 0.310281 0.499763 0.087584
0.000010 0.077676 0.361125 0.486839 0.074351
0.000010 0.000010 0.069594 0.809291 0.121095
0.014051 0.030190 0.034588 0.825728 0.095442
0.035713 0.000462 0.063950 0.899865 0.000010
0.027965 0.000010 0.075932 0.896083 0.000010
0.022366 0.000010 0.072807 0.904807 0.000010
0.044137 0.066378 0.044487 0.717230 0.127768
0.000010 0.046091 0.074354 0.759398 0.120147
0.082907 0.049558 0.671435 0.000010 0.196090
0.058310 0.026620 0.684911 0.011055 0.219104
0.000010 0.000010 0.746908 0.000010 0.253062
0.128077 0.088192 0.599810 0.019469 0.164453
0.090896 0.069015 0.647636 0.000010 0.192443
0.043429 0.026819 0.676301 0.000010 0.253441
0.048813 0.129612 0.682464 0.040549 0.098563
0.050307 0.104079 0.692429 0.064659 0.088526
0.087662 0.077200 0.652847 0.058068 0.124223
0.030405 0.110283 0.760349 0.054942 0.044020
0.000010 0.000010 0.718204 0.022467 0.259309
0.060956 0.039544 0.376437 0.450757 0.072305
0.000010 0.000010 0.042429 0.805637 0.151914
0.056947 0.008906 0.060111 0.856055 0.017980
0.028628 0.000010 0.078505 0.892847 0.000010
0.000010 0.066378 0.062541 0.711197 0.159874
0.018802 0.052944 0.054247 0.744720 0.129287
0.002975 0.055782 0.726940 0.000010 0.214293
0.036609 0.000010 0.748393 0.000010 0.214979
0.074552 0.000010 0.718558 0.000010 0.206869
0.067830 0.003804 0.680102 0.000010 0.248253
0.189445 0.224840 0.416968 0.000010 0.168737
0.070211 0.025398 0.673936 0.000010 0.230445
0.058643 0.072728 0.753479 0.080649 0.034502
0.052663 0.080337 0.724054 0.058206 0.084740
0.053400 0.133485 0.646527 0.145505 0.021083
0.041010 0.084253 0.752779 0.047967 0.073991
0.032712 0.081024 0.310806 0.525284 0.050174
0.000010 0.000010 0.702481 0.011698 0.285801
0.001481 0.004612 0.059863 0.810505 0.123539
0.042096 0.000010 0.060974 0.896910 0.000010
0.000506 0.017440 0.053432 0.793649 0.134973
0.000010 0.000465 0.058901 0.799862 0.140763
0.090081 0.015656 0.668948 0.000010 0.225305
0.065068 0.130020 0.693688 0.044037 0.067186
0.169576 0.232096 0.408303 0.000010 0.190014
0.087950 0.000010 0.685884 0.000010 0.226146
0.047960 0.081862 0.740189 0.077249 0.052740
0.069746 0.114962 0.660619 0.037103 0.117570
0.079792 0.062114 0.539957 0.220007 0.098129
0.045943 0.062002 0.336929 0.457214 0.097912
0.000010 0.000010 0.722863 0.016176 0.260942
0.024633 0.000010 0.086675 0.888672 0.000010
0.031999 0.069002 0.053998 0.705101 0.139901
0.041518 0.019152 0.066830 0.738671 0.133829
0.002928 0.042581 0.093484 0.726770 0.134237
0.019989 0.000010 0.742101 0.000010 0.237890
0.054479 0.000010 0.727173 0.000010 0.218328
0.091204 0.047016 0.638336 0.000010 0.223435
0.078835 0.008576 0.664686 0.000010 0.247893
0.152892 0.240169 0.417036 0.000010 0.189894
0.036976 0.111669 0.767510 0.073543 0.010301
0.053945 0.106375 0.686311 0.072471 0.080898
0.066842 0.110296 0.631113 0.064188 0.127561
0.054625 0.084539 0.700245 0.046127 0.114464
0.094934 0.087729 0.632763 0.037089 0.147484
0.000010 0.000010 0.723467 0.018980 0.257533
0.167408 0.179371 0.469609 0.000010 0.183603
0.081145 0.026760 0.675471 0.000010 0.216614
0.053378 0.092199 0.730046 0.068105 0.056271
0.079188 0.078247 0.698070 0.066234 0.078261
0.004662 0.169984 0.627784 0.157096 0.040474
0.078200 0.101253 0.679325 0.035201 0.106020
0.012389 0.092755 0.335392 0.490865 0.068598
0.000010 0.000010 0.726233 0.004219 0.269528
0.000010 0.000010 0.729345 0.007991 0.262644
0.062782 0.025611 0.631999 0.014965 0.264642
0.009179 0.011541 0.735526 0.000010 0.243744
0.171559 0.168975 0.471086 0.057840 0.130540
0.000010 0.075882 0.753375 0.170723 0.000010
0.000010 0.070946 0.710511 0.218523 0.000010
0.008234 0.047063 0.776389 0.003159 0.165155
0.058426 0.015484 0.762368 0.000010 0.163713
0.038146 0.035294 0.757894 0.004685 0.163981
0.017263 0.000010 0.693271 0.026453 0.263003
0.000010 0.000010 0.725578 0.017188 0.257214
0.041403 0.000010 0.727984 0.000010 0.230593
0.119380 0.232248 0.441103 0.066446 0.140823
0.000010 0.079910 0.724264 0.195807 0.000010
0.000010 0.104329 0.799181 0.096469 0.000010
0.028152 0.063625 0.727445 0.000010 0.180769
0.076419 0.026341 0.735827 0.000010 0.161403
0.000010 0.000010 0.563723 0.137195 0.299062
0.033973 0.073451 0.745204 0.057192 0.090181
0.000010 0.000010 0.704817 0.008780 0.286382
0.162994 0.189155 0.460373 0.000010 0.187468
0.155457 0.284877 0.414073 0.031705 0.113889
0.000010 0.110171 0.667990 0.221819 0.000010
0.000010 0.079267 0.759263 0.161450 0.000010
0.012760 0.052966 0.744213 0.008676 0.181386
0.042997 0.034717 0.740200 0.010623 0.171463
0.057367 0.000010 0.766057 0.003509 0.173057
0.000010 0.000010 0.643099 0.092135 0.264746
0.000010 0.000010 0.723135 0.015958 0.260887
0.083479 0.019198 0.629312 0.005390 0.262621
0.176162 0.182620 0.458430 0.000010 0.182778
0.084424 0.206137 0.475995 0.078231 0.155212
0.000010 0.065505 0.576778 0.357697 0.000010
0.001150 0.112124 0.714378 0.172339 0.000010
0.048039 0.037205 0.755760 0.005731 0.153264
0.046968 0.037792 0.731206 0.010650 0.173384
0.028845 0.050114 0.753228 0.005943 0.161871
0.000010 0.000010 0.547903 0.157916 0.294161
0.016474 0.054378 0.093089 0.732365 0.103694
0.000010 0.068863 0.071826 0.727340 0.131961
0.100709 0.061291 0.659406 0.000010 0.178585
0.000010 0.000010 0.753062 0.000010 0.246908
0.125276 0.083595 0.608507 0.010924 0.171698
0.000010 0.000010 0.730542 0.012327 0.257111
0.006870 0.000010 0.772224 0.000010 0.220886
0.140152 0.203037 0.478600 0.000010 0.178200
0.132957 0.155720 0.490547 0.059510 0.161266
0.005036 0.049406 0.704200 0.241348 0.000010
0.000010 0.089101 0.748654 0.162226 0.000010
0.049330 0.026298 0.733562 0.016533 0.174276
0.048706 0.037049 0.758327 0.000010 0.155907
0.046381 0.035453 0.729757 0.014810 0.173600
0.000010 0.000010 0.650447 0.070765 0.278768
0.027409 0.000010 0.747408 0.000010 0.225163
0.176638 0.239679 0.376344 0.000010 0.207329
0.000010 0.073437 0.746018 0.180525 0.000010
0.000010 0.106047 0.737119 0.156814 0.000010
0.014744 0.071167 0.623018 0.291061 0.000010
0.016449 0.038824 0.766628 0.015337 0.162761
0.055962 0.037174 0.637996 0.000831 0.268037
0.068322 0.000010 0.701385 0.000010 0.230273
0.194719 0.217589 0.412251 0.000010 0.175431
0.147367 0.184114 0.486292 0.042968 0.139259
0.000010 0.080270 0.742310 0.177400 0.000010
0.000010 0.090790 0.749000 0.160190 0.000010
0.043161 0.031100 0.748119 0.000919 0.176702
0.033680 0.024208 0.764828 0.005307 0.171976
0.029972 0.035799 0.756321 0.009220 0.168688
0.000010 0.000010 0.590664 0.124222 0.285094
0.047965 0.000010 0.652509 0.017752 0.281763
0.037246 0.000010 0.741405 0.000010 0.221329
0.230318 0.187897 0.416009 0.000010 0.165766
0.147909 0.157380 0.480605 0.082742 0.131363
0.000010 0.079241 0.740901 0.179838 0.000010
0.000010 0.092967 0.723073 0.183940 0.000010
0.028883 0.059414 0.724822 0.003244 0.183637
0.011565 0.060656 0.758029 0.006007 0.163743
0.020109 0.061446 0.745360 0.013022 0.160062
0.024387 0.012823 0.654585 0.018165 0.290041
0.029318 0.006214 0.732030 0.000010 0.232427
0.119779 0.240617 0.451328 0.067520 0.120756
0.000010 0.064531 0.759529 0.175920 0.000010
0.017572 0.065783 0.734469 0.182166 0.000010
0.011996 0.057382 0.747357 0.014936 0.168329
0.081564 0.000010 0.614812 0.008215 0.295399
0.012879 0.000010 0.739967 0.000010 0.247135
0.128833 0.217838 0.462846 0.050748 0.139735
0.000010 0.079374 0.750545 0.170061 0.000010
0.000010 0.086096 0.712894 0.200989 0.000010
0.025221 0.021892 0.763637 0.004464 0.184786
0.027577 0.031947 0.768186 0.015732 0.156557
0.000010 0.000010 0.574383 0.140467 0.285130
0.000010 0.000010 0.578038 0.134763 0.287179
0.119142 0.066582 0.622506 0.057758 0.134012
0.079067 0.091721 0.648320 0.049456 0.131436
0.048620 0.082364 0.315780 0.494967 0.058269
0.057152 0.008109 0.634884 0.013780 0.286075
0.003079 0.007135 0.759968 0.000010 0.229808
0.184353 0.233739 0.405859 0.000010 0.176039
0.000011 0.081977 0.742937 0.175065 0.000010
0.000010 0.088829 0.692417 0.218734 0.000010
0.051206 0.040102 0.746523 0.017316 0.144853
0.064157 0.007778 0.747060 0.004848 0.176158
0.000010 0.000010 0.560076 0.148349 0.291555
0.014587 0.049650 0.085725 0.729245 0.120793
0.005886 0.000010 0.767304 0.000010 0.226791
0.000010 0.000010 0.624380 0.095181 0.280420
0.030873 0.055651 0.728446 0.008436 0.176595
0.012696 0.071782 0.747206 0.168306 0.000010
0.032914 0.035672 0.759314 0.015536 0.156564
0.117637 0.211820 0.496958 0.046821 0.126764
0.139444 0.260252 0.428211 0.000010 0.172083
0.090405 0.033029 0.604123 0.024467 0.247977
0.000010 0.069384 0.557197 0.373398 0.000010
0.064095 0.070344 0.681893 0.000010 0.183658
0.000010 0.000010 0.000010 0.702004 0.297966
0.000010 0.000010 0.000010 0.716766 0.283204
0.000010 0.000010 0.000010 0.684447 0.315523
0.000010 0.000010 0.000010 0.682997 0.316973
0.353496 0.182420 0.249852 0.000010 0.214222
0.293525 0.235613 0.277618 0.000010 0.193234
0.350399 0.189002 0.261119 0.000010 0.199471
0.330384 0.173493 0.260227 0.000010 0.235886
0.000010 0.003395 0.029617 0.682113 0.284865
0.000010 0.000010 0.020238 0.774051 0.205690
0.000010 0.000010 0.006872 0.757667 0.235441
0.005264 0.001555 0.021066 0.757815 0.214300
0.000010 0.000010 0.015943 0.767217 0.216820
0.015473 0.000010 0.003950 0.752870 0.227697
0.000010 0.000010 0.000010 0.719936 0.280034
0.000010 0.000010 0.019535 0.761272 0.219174
0.105350 0.073352 0.069109 0.517071 0.235117
0.000010 0.000010 0.007942 0.550643 0.441395
0.000010 0.000010 0.000010 0.675238 0.324732
0.000010 0.000010 0.000010 0.661543 0.338427
0.000010 0.000010 0.000010 0.668423 0.331547
0.000010 0.000010 0.000010 0.669795 0.330175
0.000010 0.000010 0.000010 0.644213 0.355757
0.000010 0.000010 0.000010 0.715537 0.284433
0.000010 0.000010 0.000010 0.664920 0.335050
0.000010 0.000010 0.000010 0.664469 0.335501
0.000010 0.000010 0.000010 0.657626 0.342344
0.000010 0.000010 0.000010 0.670770 0.329200
0.000012 0.000010 0.000010 0.725833 0.274135
0.000010 0.000010 0.000010 0.735110 0.264860
0.000010 0.000010 0.000010 0.712462 0.287508
0.000010 0.000010 0.000010 0.711549 0.288421
0.000010 0.000205 0.000010 0.706049 0.293727
0.000010 0.000010 0.000010 0.720845 0.279125
0.000010 0.000010 0.000010 0.724086 0.275884
0.000010 0.000010 0.000010 0.725176 0.274794
0.000010 0.000010 0.000010 0.727849 0.272121
0.000010 0.000010 0.000010 0.723412 0.276558
0.000010 0.000010 0.000010 0.721397 0.278573
0.000010 0.000010 0.000010 0.674644 0.325326
0.000010 0.000010 0.000010 0.678511 0.321459
0.000010 0.000010 0.000010 0.677949 0.322021
0.000010 0.000010 0.000010 0.693754 0.306216
0.000010 0.000010 0.000010 0.690227 0.309743
0.000010 0.000010 0.000010 0.694911 0.305059
0.000010 0.000010 0.000010 0.705471 0.294499
0.000010 0.000010 0.000010 0.693914 0.306056
0.000010 0.000010 0.000010 0.683441 0.316529
0.000010 0.000010 0.000010 0.691665 0.308305
0.000010 0.000010 0.000010 0.720493 0.279477
0.000010 0.000010 0.000010 0.717369 0.282601
0.000010 0.000010 0.000010 0.671312 0.328658
0.000010 0.000010 0.000010 0.718579 0.281391
0.000010 0.000010 0.000010 0.721144 0.278826
0.000010 0.000010 0.000010 0.712423 0.287547
0.000010 0.000010 0.000010 0.710824 0.289146
0.000010 0.000010 0.000010 0.726045 0.273925
0.000010 0.000010 0.000010 0.711711 0.288259
0.000010 0.000010 0.000010 0.727802 0.272168
0.000010 0.000010 0.000010 0.676680 0.323290
0.000010 0.000010 0.000010 0.697860 0.302110
0.004643 0.009435 0.000010 0.707155 0.278758
0.000010 0.000010 0.000010 0.689292 0.310678
0.000010 0.000010 0.000010 0.663491 0.336479
0.000010 0.000778 0.000010 0.721719 0.277482
0.000010 0.000010 0.000010 0.661378 0.338592
0.000010 0.000010 0.000010 0.709300 0.290670
0.000010 0.000010 0.000010 0.712860 0.287110
0.000010 0.000010 0.000010 0.684172 0.315798
0.000010 0.000010 0.000010 0.650234 0.349736
0.000010 0.000010 0.000010 0.663735 0.336235
0.000010 0.000010 0.000010 0.680964 0.319006
0.000010 0.000010 0.000010 0.682135 0.317835
0.139882 0.111321 0.055075 0.377953 0.315768
0.024092 0.000570 0.000010 0.733056 0.242272
0.000010 0.000010 0.000010 0.748459 0.251511
0.004135 0.000010 0.003928 0.744345 0.247582
0.000010 0.000010 0.008332 0.751085 0.240563
0.020741 0.000010 0.000010 0.728335 0.250904
0.001614 0.000010 0.002768 0.755340 0.240268
0.000010 0.000010 0.017964 0.753841 0.228175
0.000010 0.000010 0.017701 0.763019 0.219261
0.000010 0.000010 0.000010 0.728847 0.271123
0.000010 0.000010 0.000010 0.691178 0.308792
0.000010 0.000010 0.000010 0.724247 0.275723
0.000010 0.000010 0.007893 0.704409 0.287678
0.000010 0.000010 0.000570 0.709011 0.290399
0.000010 0.000012 0.000010 0.719606 0.280363
0.000010 0.000010 0.011585 0.757195 0.231200
0.001142 0.000010 0.000010 0.717287 0.281551
0.000010 0.000010 0.015347 0.717683 0.266950
0.000010 0.000010 0.000010 0.655328 0.344642
0.000010 0.000010 0.000010 0.701362 0.298608
0.002285 0.000010 0.000010 0.709198 0.288497
0.000010 0.000366 0.000010 0.737760 0.261854
0.000010 0.000010 0.000010 0.683572 0.316398
0.349245 0.207556 0.177918 0.009973 0.255308
0.307719 0.282485 0.068082 0.052738 0.288977
0.266284 0.243248 0.136886 0.046046 0.307537
0.063981 0.071665 0.034076 0.580395 0.249882
0.415551 0.170658 0.146478 0.004189 0.263124
0.392773 0.171960 0.173975 0.000010 0.261282
0.188030 0.129933 0.072954 0.299991 0.309092
0.209028 0.137557 0.084852 0.294026 0.274536
0.227919 0.292536 0.072484 0.142935 0.264126
0.078608 0.801850 0.074555 0.009542 0.035445
0.393366 0.179969 0.133645 0.000010 0.293010
0.397212 0.208825 0.137872 0.000010 0.256081
0.191453 0.095390 0.103165 0.282543 0.327449
0.261439 0.278623 0.094543 0.040527 0.324868
0.245713 0.093829 0.056142 0.174820 0.429496
0.368207 0.198411 0.172154 0.000010 0.261218
0.195231 0.140349 0.070448 0.309999 0.283973
0.229142 0.097371 0.074482 0.299937 0.299069
0.149074 0.145801 0.088584 0.360465 0.256076
0.066750 0.089996 0.035299 0.559529 0.248426
0.189834 0.085929 0.064016 0.280672 0.379548
0.221589 0.098709 0.065216 0.192748 0.421737
0.417034 0.204236 0.146399 0.000010 0.232321
0.196131 0.133549 0.072563 0.184587 0.413170
0.404262 0.161631 0.138217 0.006858 0.289033
0.176077 0.105003 0.072699 0.329010 0.317211
0.198847 0.095332 0.076055 0.314242 0.315524
0.114239 0.082880 0.044277 0.519803 0.238801
0.383920 0.196993 0.146481 0.000010 0.272597
0.229699 0.075787 0.080055 0.182257 0.432202
0.364009 0.221106 0.134419 0.000010 0.280456
0.174324 0.337129 0.072232 0.123112 0.293203
0.208950 0.258771 0.073922 0.146194 0.312164
0.430556 0.172179 0.131132 0.000010 0.266123
0.375816 0.209557 0.154133 0.000010 0.260483
0.234276 0.067633 0.085930 0.182727 0.429434
0.056157 0.051654 0.058515 0.572654 0.261019
0.129872 0.096632 0.076463 0.435268 0.261766
0.189699 0.117713 0.069766 0.313140 0.309682
0.215144 0.270035 0.079411 0.102601 0.332809
0.200085 0.104917 0.076793 0.190537 0.427668
0.191624 0.347992 0.078999 0.107653 0.273732
0.072251 0.088006 0.035865 0.572236 0.231643
0.160293 0.311779 0.083135 0.135180 0.309614
0.389057 0.187051 0.151803 0.000010 0.272080
0.259614 0.082955 0.065719 0.170303 0.421409
0.189736 0.140383 0.073870 0.312995 0.283016
0.229243 0.113622 0.041789 0.309327 0.306019
0.214564 0.115260 0.062195 0.312475 0.295505
0.251017 0.106303 0.069693 0.161101 0.411886
0.417676 0.173755 0.133524 0.000010 0.275034
0.305349 0.282573 0.094287 0.022669 0.295123
0.219193 0.284254 0.080050 0.137929 0.278575
0.069601 0.062989 0.042023 0.582069 0.243318
0.375004 0.176499 0.174726 0.000010 0.273761
0.382214 0.206289 0.138687 0.000010 0.272800
0.102711 0.073483 0.063464 0.482281 0.278060
0.200118 0.076223 0.075323 0.320569 0.327766
0.080540 0.048495 0.070893 0.553158 0.246915
0.210131 0.089084 0.091242 0.181585 0.427958
0.194335 0.294418 0.098796 0.118890 0.293561
0.211061 0.288840 0.094929 0.099767 0.305403
0.187439 0.066542 0.080580 0.343967 0.321473
0.393626 0.148608 0.176948 0.000010 0.280808
0.417339 0.186494 0.128957 0.000010 0.267199
0.381327 0.202042 0.159110 0.000010 0.257511
0.134904 0.082350 0.047241 0.465952 0.269554
0.288281 0.147036 0.082213 0.193002 0.289468
0.071375 0.077844 0.066725 0.561127 0.222929
0.401876 0.181628 0.128730 0.000010 0.287756
0.249344 0.064804 0.078204 0.174470 0.433178
0.246207 0.276941 0.106659 0.044530 0.325664
0.151610 0.111964 0.066054 0.241366 0.429007
0.222274 0.294402 0.062882 0.125277 0.295166
0.410599 0.184044 0.139957 0.000010 0.265390
0.382176 0.216328 0.148249 0.000010 0.253237
0.395035 0.197610 0.126110 0.000760 0.280485
0.178713 0.131933 0.076908 0.316108 0.296338
0.089562 0.074902 0.034878 0.534941 0.265717
0.050424 0.088980 0.069602 0.557376 0.233618
0.202140 0.191970 0.087996 0.212138 0.305756
0.225133 0.098939 0.052652 0.173294 0.449982
0.170336 0.322454 0.094412 0.130672 0.282125
0.181066 0.320930 0.087239 0.085812 0.324952
0.187594 0.360069 0.061239 0.074620 0.316479
0.168457 0.421161 0.053279 0.073087 0.284016
0.553803 0.308090 0.050269 0.019893 0.067944
0.401580 0.176513 0.130133 0.000010 0.291764
0.090578 0.582879 0.022661 0.088717 0.215165
0.155043 0.239459 0.084558 0.243975 0.276964
0.183797 0.362768 0.112127 0.059631 0.281677
0.193355 0.346283 0.089113 0.082724 0.288524
0.260096 0.293105 0.065624 0.048926 0.332250
0.184641 0.347931 0.082113 0.093113 0.292201
0.727023 0.222571 0.000010 0.017503 0.032893
0.377547 0.186371 0.132455 0.000010 0.303618
0.299995 0.205650 0.092895 0.047588 0.353871
0.075904 0.585819 0.033681 0.069744 0.234851
0.126764 0.500308 0.043409 0.087328 0.242191
0.434736 0.141139 0.095203 0.000010 0.328913
0.357174 0.229411 0.148988 0.000010 0.264417
0.184383 0.404699 0.036132 0.108098 0.266689
0.413496 0.145184 0.126541 0.000010 0.314769
0.663917 0.300676 0.001170 0.001322 0.032915
0.418196 0.159943 0.125050 0.000010 0.296801
0.298015 0.173713 0.143931 0.047996 0.336345
0.082313 0.564114 0.041560 0.081937 0.230077
0.148868 0.491771 0.059137 0.072554 0.227670
0.226559 0.282403 0.114879 0.055977 0.320182
0.422468 0.171738 0.121514 0.000010 0.284270
0.175536 0.397532 0.041174 0.115433 0.270325
0.165418 0.406392 0.067297 0.072097 0.288796
0.404237 0.149666 0.130415 0.000010 0.315672
0.643684 0.248583 0.026578 0.037880 0.043275
0.390357 0.162363 0.133101 0.000010 0.314170
0.304239 0.210393 0.123581 0.023263 0.338524
0.068296 0.531787 0.063048 0.078903 0.257966
0.090032 0.597116 0.030886 0.083872 0.198095
0.216674 0.259509 0.063532 0.131847 0.328438
0.154076 0.421883 0.064727 0.095944 0.263370
0.705422 0.290984 0.000010 0.003020 0.000564
0.425766 0.157537 0.126380 0.000010 0.290307
0.086239 0.545564 0.064377 0.082519 0.221301
0.136431 0.567496 0.036554 0.067148 0.192372
0.217192 0.308180 0.055555 0.124058 0.295015
0.092522 0.806646 0.053349 0.015293 0.032190
0.209748 0.293810 0.088792 0.100387 0.307263
0.200609 0.382197 0.037575 0.089301 0.290318
0.701579 0.256060 0.011780 0.012103 0.018478
0.391543 0.200021 0.122699 0.000010 0.285727
0.275320 0.196966 0.152318 0.037080 0.338318
0.077796 0.518545 0.066676 0.104600 0.232384
0.074614 0.593875 0.013042 0.079647 0.238822
0.224015 0.359105 0.067049 0.074056 0.275776
0.170366 0.246017 0.079854 0.198846 0.304917
0.265343 0.323986 0.074117 0.038391 0.298163
0.155401 0.290275 0.063677 0.187043 0.303604
0.195513 0.389464 0.047037 0.078609 0.289378
0.577276 0.281014 0.061143 0.031507 0.049060
0.399886 0.187473 0.126267 0.000010 0.286364
0.053478 0.584977 0.049714 0.075965 0.235866
0.238287 0.253464 0.128866 0.066212 0.313171
0.200225 0.376707 0.094295 0.063063 0.265710
0.397604 0.182606 0.139573 0.000010 0.280207
0.214633 0.346305 0.078719 0.057288 0.303054
0.200196 0.345934 0.076354 0.073581 0.303935
0.180289 0.394909 0.043699 0.082240 0.298863
0.609701 0.279314 0.036771 0.030899 0.043315
0.421648 0.161835 0.109572 0.000010 0.306935
0.063065 0.565015 0.058234 0.074577 0.239108
0.078269 0.542119 0.048316 0.082041 0.249255
0.210908 0.344446 0.097384 0.072511 0.274750
0.629182 0.125843 0.081643 0.026811 0.136522
0.728780 0.039532 0.072980 0.000464 0.158244
0.622487 0.323561 0.029674 0.024268 0.000010
0.506576 0.224997 0.114666 0.052855 0.100906
0.364879 0.360568 0.169677 0.018130 0.086745
0.408570 0.402308 0.073960 0.047967 0.067195
0.385267 0.336434 0.168634 0.020865 0.088800
0.674594 0.111170 0.054423 0.011721 0.148093
0.653121 0.125378 0.051805 0.038113 0.131583
0.563207 0.434496 0.000010 0.002277 0.000010
0.616819 0.289996 0.057790 0.027182 0.008212
0.666377 0.146742 0.061929 0.012695 0.112257
0.760267 0.088171 0.025824 0.013405 0.112333
0.588908 0.329291 0.044773 0.017731 0.019298
0.266170 0.513942 0.136780 0.014003 0.069105
0.684698 0.158407 0.044882 0.007433 0.104580
0.713307 0.111189 0.029417 0.006344 0.139743
0.535295 0.292584 0.087416 0.022685 0.062020
0.592906 0.394534 0.012540 0.000010 0.000010
0.535172 0.453769 0.000010 0.011039 0.000010
0.593360 0.395799 0.000010 0.010821 0.000010
0.701696 0.197276 0.073661 0.027357 0.000010
0.768423 0.021280 0.043736 0.015156 0.151406
0.524545 0.218662 0.113654 0.021342 0.121797
0.634216 0.317531 0.007365 0.019603 0.021286
0.116518 0.670984 0.084973 0.037546 0.089978
0.673888 0.164667 0.058037 0.007990 0.095418
0.594523 0.260002 0.038150 0.017194 0.090131
0.651285 0.175322 0.061183 0.023356 0.088854
0.564115 0.426093 0.000010 0.009773 0.000010
0.599027 0.393498 0.000010 0.007455 0.000010
0.518903 0.469907 0.000010 0.011170 0.000010
0.452404 0.339996 0.066617 0.047532 0.093452
0.760173 0.053278 0.053494 0.011490 0.121564
0.667010 0.167933 0.013119 0.015923 0.136015
0.631905 0.245285 0.053864 0.019212 0.049733
0.360642 0.231416 0.122582 0.109322 0.176038
0.718246 0.157858 0.030299 0.011364 0.082233
0.673478 0.129114 0.037696 0.005588 0.154125
0.681521 0.124326 0.065352 0.012495 0.116306
0.560373 0.145789 0.092879 0.046787 0.154171
0.521238 0.446757 0.015025 0.016970 0.000010
0.540631 0.457902 0.000010 0.001447 0.000010
0.634559 0.310189 0.033312 0.021930 0.000010
0.730870 0.070578 0.044646 0.016606 0.137301
0.753228 0.024264 0.050711 0.021532 0.150265
0.277409 0.541907 0.128666 0.022097 0.029921
0.358391 0.283143 0.180359 0.064932 0.113175
0.308168 0.396697 0.202902 0.029691 0.062542
0.365583 0.339387 0.178796 0.022226 0.094008
0.575854 0.242800 0.062102 0.027054 0.092190
0.544133 0.438818 0.005557 0.011481 0.000010
0.569282 0.317082 0.046955 0.018903 0.047778
0.584299 0.415671 0.000010 0.000010 0.000010
0.546010 0.197016 0.072811 0.098415 0.085748
0.388460 0.336096 0.178590 0.027213 0.069640
0.218418 0.680661 0.051086 0.013163 0.036672
0.379799 0.366571 0.162146 0.031063 0.060420
0.737351 0.085286 0.038982 0.027062 0.111318
0.630874 0.175158 0.093551 0.005724 0.094693
0.635546 0.177694 0.079833 0.017187 0.089740
0.558711 0.423006 0.000010 0.018262 0.000010
0.559946 0.433774 0.000010 0.006261 0.000010
0.627180 0.298801 0.045097 0.004986 0.023936
0.576689 0.279825 0.077089 0.012545 0.053852
0.752637 0.091310 0.040028 0.000010 0.116015
0.411266 0.341553 0.149264 0.019973 0.077943
0.555800 0.279433 0.074948 0.012745 0.077075
0.585081 0.193131 0.091334 0.025682 0.104772
0.310092 0.323520 0.170168 0.050080 0.146140
0.168011 0.637096 0.109432 0.015708 0.069752
0.776353 0.093758 0.013298 0.012960 0.103631
0.680658 0.132153 0.068347 0.018511 0.100331
0.562752 0.426959 0.000010 0.010269 0.000010
0.579252 0.420718 0.000010 0.000010 0.000010
0.628945 0.286465 0.058058 0.021112 0.005419
0.583640 0.290544 0.104492 0.013561 0.007763
0.516781 0.205721 0.113140 0.005137 0.159221
0.458372 0.200553 0.106568 0.065066 0.169442
0.257652 0.593165 0.104140 0.002145 0.042898
0.693193 0.169853 0.018580 0.023820 0.094553
0.657150 0.150782 0.065264 0.020520 0.106285
0.693815 0.121113 0.040781 0.017023 0.127268
0.354329 0.296308 0.105013 0.082859 0.161491
0.563193 0.436374 0.000010 0.000412 0.000010
0.558587 0.419131 0.020989 0.001283 0.000010
0.622654 0.149743 0.074175 0.017321 0.136106
0.630650 0.307793 0.054146 0.007401 0.000010
0.572078 0.255232 0.072052 0.014228 0.086410
0.620764 0.372417 0.003163 0.003646 0.000010
0.504638 0.330505 0.061464 0.028057 0.075336
0.301934 0.174420 0.158117 0.030321 0.335209
0.202812 0.358190 0.093682 0.052750 0.292566
0.198943 0.386156 0.093144 0.051364 0.270392
0.279650 0.266306 0.099690 0.044553 0.309801
0.513870 0.330032 0.093122 0.016091 0.046884
0.210865 0.016241 0.000010 0.000010 0.772874
0.032053 0.870260 0.054259 0.002133 0.041295
0.419407 0.168082 0.125158 0.000010 0.287343
0.221558 0.338386 0.090885 0.067588 0.281583
0.267374 0.175924 0.130779 0.094286 0.331637
0.582651 0.290039 0.031250 0.044779 0.051281
0.212308 0.000010 0.000010 0.000010 0.787662
0.279406 0.021103 0.006719 0.000010 0.692762
0.077609 0.844943 0.050848 0.000528 0.026072
0.339280 0.191667 0.139926 0.017640 0.311487
0.272488 0.177834 0.150761 0.050452 0.348466
0.304532 0.252473 0.087766 0.030465 0.324764
0.427433 0.164771 0.130173 0.000010 0.277613
0.284435 0.128534 0.117703 0.061970 0.407359
0.263700 0.170480 0.093568 0.075810 0.396441
0.287622 0.139023 0.093413 0.071951 0.407991
0.244976 0.088965 0.014450 0.033782 0.617827
0.311313 0.023446 0.008423 0.020958 0.635860
0.052144 0.837343 0.081787 0.001229 0.027498
0.377659 0.197109 0.143684 0.000010 0.281538
0.383529 0.195005 0.117678 0.000010 0.303778
0.158997 0.418673 0.092071 0.074855 0.255403
0.659762 0.279764 0.031523 0.009079 0.019872
0.449338 0.166806 0.108712 0.000010 0.275135
0.291443 0.130048 0.101572 0.056732 0.420205
0.296580 0.155581 0.094764 0.047240 0.405835
0.244388 0.000010 0.000010 0.000010 0.755582
0.246680 0.074862 0.031116 0.010628 0.636715
0.237343 0.374040 0.043926 0.053992 0.290698
0.257516 0.236697 0.139359 0.058034 0.308395
0.367682 0.163913 0.124324 0.034362 0.309718
0.657392 0.304536 0.019186 0.009258 0.009628
0.279530 0.163543 0.082840 0.083312 0.390774
0.297841 0.152287 0.094660 0.049839 0.405373
0.242840 0.021502 0.000010 0.000010 0.735638
0.246839 0.037576 0.000010 0.000010 0.715566
0.244712 0.081173 0.013758 0.017463 0.642894
0.408826 0.339913 0.133191 0.041935 0.076135
0.240224 0.317850 0.086442 0.050869 0.304616
0.273714 0.228705 0.139404 0.038994 0.319183
0.308837 0.172123 0.144032 0.036387 0.338620
0.599219 0.334269 0.027559 0.015022 0.023930
0.242260 0.058194 0.098165 0.191111 0.410271
0.239239 0.156661 0.114633 0.086503 0.402964
0.245787 0.023808 0.000010 0.000010 0.730385
0.253681 0.025648 0.024040 0.000010 0.696622
0.249194 0.075169 0.011892 0.000971 0.662774
0.393757 0.198850 0.159860 0.000010 0.247523
0.269914 0.273789 0.098631 0.042106 0.315560
0.718984 0.267796 0.000010 0.009196 0.004015
0.098037 0.811407 0.037248 0.012758 0.040549
0.292193 0.137488 0.085933 0.073054 0.411331
0.253517 0.180315 0.083438 0.074034 0.408696
0.216584 0.072385 0.000010 0.000010 0.711010
0.253203 0.057090 0.000010 0.014551 0.675146
0.045453 0.869952 0.042446 0.006705 0.035444
0.724457 0.116610 0.022727 0.024248 0.111958
0.260387 0.181937 0.158993 0.061544 0.337139
0.652926 0.297175 0.025441 0.002503 0.021956
0.061758 0.822819 0.061617 0.019638 0.034168
0.271701 0.204962 0.067938 0.053552 0.401847
0.308861 0.148464 0.058698 0.093832 0.390144
0.279768 0.132631 0.116608 0.072704 0.398289
0.254351 0.043174 0.026102 0.000010 0.676362
0.274182 0.039101 0.000010 0.000010 0.686697
0.086034 0.833460 0.068795 0.000010 0.011701
0.670113 0.283344 0.030141 0.016392 0.000010
0.338506 0.526539 0.096124 0.015907 0.022923
0.598768 0.261074 0.082830 0.028837 0.028490
0.638328 0.270377 0.083670 0.007615 0.000010
0.817358 0.000010 0.041639 0.033873 0.107120
0.832340 0.030617 0.023374 0.000677 0.112992
0.937437 0.000010 0.000010 0.000010 0.062533
0.651186 0.229047 0.018929 0.021272 0.079566
0.630779 0.242134 0.020835 0.046889 0.059363
0.821824 0.081046 0.014954 0.009985 0.072190
0.761244 0.063412 0.032586 0.018994 0.123765
0.582343 0.279188 0.089064 0.020078 0.029327
0.282295 0.583609 0.085608 0.020370 0.028118
0.667411 0.275843 0.045433 0.011097 0.000216
0.853041 0.000010 0.000010 0.029547 0.117393
0.698891 0.201083 0.043249 0.010720 0.046058
0.519745 0.330141 0.050571 0.027765 0.071779
0.600081 0.241053 0.054657 0.027746 0.076462
0.888028 0.024939 0.000010 0.024655 0.062368
0.909034 0.017671 0.000010 0.013473 0.059812
0.296932 0.563329 0.077253 0.010664 0.051823
0.745428 0.253518 0.001033 0.000010 0.000010
0.897422 0.000010 0.015660 0.000638 0.086270
0.872896 0.000010 0.000711 0.008156 0.118227
0.559148 0.317217 0.040834 0.000706 0.082095
0.629432 0.259322 0.013465 0.020835 0.076947
0.703732 0.221068 0.023136 0.004815 0.047249
0.905520 0.010103 0.000010 0.024166 0.060200
0.930031 0.008354 0.000010 0.011737 0.049867
0.670159 0.240276 0.077404 0.012151 0.000010
0.301979 0.555572 0.098362 0.030900 0.013186
0.665334 0.240601 0.051345 0.000010 0.042710
0.710902 0.272733 0.008987 0.007368 0.000010
0.923753 0.000010 0.000010 0.000354 0.075873
0.660988 0.195399 0.026441 0.046711 0.070461
0.847385 0.090239 0.003594 0.014359 0.044423
0.892501 0.035616 0.000010 0.012379 0.059494
0.901231 0.001821 0.001667 0.005537 0.089743
0.642505 0.275083 0.037287 0.009749 0.035375
0.290889 0.493079 0.143952 0.018226 0.053854
0.673248 0.306385 0.013278 0.000865 0.006224
0.544228 0.294830 0.105390 0.020995 0.034557
0.924207 0.000010 0.000010 0.000010 0.075763
0.801293 0.018629 0.043883 0.027910 0.108286
0.488504 0.213774 0.053094 0.106839 0.137789
0.751770 0.193479 0.013646 0.010515 0.030590
0.594519 0.342121 0.009359 0.013023 0.040977
0.881983 0.017821 0.008730 0.008147 0.083319
0.930850 0.000010 0.000010 0.001518 0.067612
0.576336 0.262138 0.080300 0.037252 0.043974
0.302215 0.565490 0.100723 0.020685 0.010887
0.629927 0.276653 0.045382 0.007792 0.040245
0.677978 0.273308 0.037403 0.002555 0.008756
0.884828 0.000010 0.000010 0.011206 0.103945
0.921709 0.000010 0.000010 0.000344 0.077927
0.546121 0.299115 0.072862 0.022957 0.058944
0.682940 0.234767 0.005599 0.031145 0.045550
0.928903 0.008101 0.000010 0.004800 0.058186
0.935826 0.020033 0.000010 0.001326 0.042806
0.928609 0.000010 0.000010 0.013152 0.058219
0.643537 0.278904 0.065808 0.011742 0.000010
0.335692 0.545933 0.073760 0.021807 0.022808
0.630005 0.307338 0.031143 0.020657 0.010856
0.931346 0.000010 0.000010 0.000010 0.068624
0.855904 0.000010 0.000010 0.013329 0.130747
0.628141 0.252274 0.045149 0.030228 0.044208
0.578457 0.225543 0.047149 0.026663 0.122189
0.891006 0.014014 0.009329 0.011531 0.074121
0.938921 0.000010 0.000010 0.009821 0.051237
0.831820 0.077362 0.000010 0.016203 0.074606
0.586442 0.329471 0.049161 0.022084 0.012843
0.256119 0.572687 0.113602 0.019350 0.038242
0.652930 0.197183 0.051164 0.016355 0.082367
0.661299 0.200552 0.056017 0.013717 0.068415
0.884422 0.000010 0.000010 0.035542 0.080016
0.926182 0.008122 0.002027 0.003632 0.060037
0.575404 0.233131 0.049063 0.048170 0.094232
0.769074 0.159510 0.012795 0.015090 0.043532
0.866890 0.039234 0.021060 0.010139 0.062677
0.963066 0.000010 0.000010 0.000010 0.036904
0.862922 0.035334 0.020722 0.013058 0.067964
0.668935 0.291033 0.019665 0.010200 0.010167
0.570415 0.332822 0.003215 0.007484 0.086064
0.408277 0.345650 0.132164 0.007094 0.106814
0.749465 0.146107 0.000010 0.011884 0.092535
0.667211 0.211176 0.035801 0.003611 0.082202
0.494406 0.449003 0.039444 0.013047 0.004101
0.644145 0.348556 0.007279 0.000010 0.000010
0.213219 0.296290 0.072597 0.094454 0.323441
0.854785 0.000010 0.006344 0.010929 0.127931
0.601080 0.258639 0.034324 0.013252 0.092704
0.662839 0.238217 0.019475 0.011006 0.068463
0.677042 0.204761 0.025831 0.015937 0.076429
0.723378 0.081520 0.061414 0.012964 0.120723
0.645659 0.229772 0.030196 0.000165 0.094207
0.624441 0.374798 0.000010 0.000741 0.000010
0.576470 0.404877 0.003542 0.015101 0.000010
0.400481 0.179717 0.121488 0.000010 0.298304
0.848808 0.000010 0.005243 0.026367 0.119572
0.579408 0.275936 0.066004 0.013293 0.065360
0.694568 0.143246 0.041732 0.031537 0.088917
0.552688 0.385290 0.052764 0.006250 0.003008
0.563998 0.387453 0.037964 0.006978 0.003607
0.593142 0.345091 0.032592 0.024226 0.004949
0.620852 0.224688 0.107068 0.005718 0.041674
0.550543 0.301977 0.044829 0.004399 0.098253
0.669432 0.277203 0.003413 0.002286 0.047666
0.484961 0.408183 0.058494 0.000010 0.048352
0.785249 0.200998 0.000010 0.005233 0.008510
0.543121 0.274521 0.045387 0.031476 0.105495
0.352641 0.502814 0.065736 0.012867 0.065943
0.554917 0.298674 0.027477 0.015366 0.103566
0.630308 0.212814 0.024925 0.023666 0.108287
0.694579 0.128967 0.049684 0.024272 0.102497
0.618635 0.327882 0.032453 0.016734 0.004296
0.563006 0.410864 0.018045 0.008075 0.000010
0.542510 0.333710 0.084528 0.010636 0.028616
0.451075 0.324296 0.092150 0.024227 0.108252
0.607343 0.266983 0.029363 0.009320 0.086991
0.734873 0.083986 0.058345 0.000010 0.122786
0.601217 0.385979 0.012784 0.000010 0.000010
0.661591 0.304943 0.022626 0.010831 0.000010
0.490196 0.334667 0.096786 0.007103 0.071248
0.659360 0.177457 0.040206 0.012246 0.110732
0.687754 0.240559 0.002660 0.000010 0.069017
0.490388 0.406460 0.058270 0.008435 0.036447
0.515021 0.456497 0.010785 0.000010 0.017687
0.530546 0.330550 0.093066 0.025789 0.020049
0.572433 0.300610 0.039604 0.004906 0.082447
0.611609 0.254817 0.048524 0.009494 0.075556
0.693947 0.184683 0.011502 0.022236 0.087633
0.706684 0.213298 0.000010 0.009309 0.070699
0.688359 0.311611 0.000010 0.000010 0.000010
0.558453 0.402600 0.022912 0.009079 0.006956
0.227390 0.642214 0.083398 0.000010 0.046988
0.204861 0.620936 0.106853 0.019125 0.048225
0.149774 0.694511 0.078143 0.022392 0.055180
0.197431 0.657687 0.086758 0.015020 0.043104
0.183528 0.676908 0.103988 0.000941 0.034635
0.169537 0.679117 0.095418 0.000586 0.055343
0.155664 0.699007 0.060754 0.031596 0.052979
0.184283 0.573931 0.160190 0.008231 0.073365
0.206733 0.625172 0.099464 0.007631 0.061000
0.229130 0.590775 0.114374 0.021083 0.044638
0.219155 0.655683 0.071640 0.006051 0.047471
0.213651 0.648342 0.087551 0.011556 0.038899
0.212205 0.532175 0.176828 0.000476 0.078316
0.160360 0.667965 0.116569 0.018005 0.037101
