0.503546 0.409879 0.086575
0.652889 0.304918 0.042193
0.512709 0.412445 0.074846
0.620406 0.343404 0.036190
0.513553 0.412341 0.074106
0.553376 0.371830 0.074794
0.584864 0.353895 0.061241
0.939534 0.055109 0.005357
0.939012 0.021928 0.039060
0.999766 0.000224 0.000010
0.853558 0.068988 0.077453
0.864188 0.082695 0.053117
0.000010 0.896214 0.103776
0.005994 0.796396 0.197610
0.004703 0.973290 0.022007
0.016051 0.779844 0.204106
0.514502 0.386724 0.098774
0.542723 0.375392 0.081885
0.963014 0.022236 0.014750
0.917450 0.071545 0.011004
0.928808 0.071182 0.000010
0.999980 0.000010 0.000010
0.858946 0.067871 0.073184
0.862049 0.083123 0.054828
0.000010 0.941992 0.057998
0.001656 0.935580 0.062764
0.013072 0.954030 0.032898
0.000010 0.782401 0.217589
0.526949 0.381779 0.091273
0.516434 0.391861 0.091705
0.919344 0.066722 0.013934
0.923790 0.049162 0.027048
0.999980 0.000010 0.000010
0.999980 0.000010 0.000010
0.865673 0.052079 0.082248
0.861969 0.057503 0.080528
0.000010 0.894661 0.105329
0.014922 0.936626 0.048451
0.000010 0.935014 0.064976
0.014779 0.791553 0.193669
0.557681 0.363267 0.079052
0.519778 0.379258 0.100964
0.938253 0.052702 0.009045
0.961498 0.038492 0.000010
0.999980 0.000010 0.000010
0.999208 0.000782 0.000010
0.999980 0.000010 0.000010
0.846472 0.076790 0.076739
0.859462 0.059752 0.080786
0.000010 0.894479 0.105511
0.018561 0.981429 0.000010
0.000010 0.950416 0.049574
0.022628 0.816739 0.160633
0.000010 0.927875 0.072115
0.000010 0.593700 0.406290
0.000010 0.898321 0.101669
0.046556 0.840162 0.113282
0.044348 0.807482 0.148170
0.042853 0.883771 0.073376
0.050916 0.813509 0.135575
0.470704 0.438809 0.090487
0.000010 0.865487 0.134503
0.000010 0.852157 0.147833
0.083774 0.806590 0.109636
0.170622 0.696542 0.132836
0.052557 0.795254 0.152189
0.071404 0.773439 0.155157
0.511966 0.387512 0.100522
0.520545 0.387429 0.092025
0.000010 0.887843 0.112147
0.000010 0.650329 0.349661
0.000010 0.902434 0.097556
0.065313 0.801862 0.132826
0.050193 0.772102 0.177705
0.024362 0.837123 0.138515
0.089084 0.763248 0.147668
0.456655 0.414100 0.129245
0.468065 0.410542 0.121393
0.516947 0.388074 0.094979
0.928902 0.029708 0.041390
0.999980 0.000010 0.000010
0.997839 0.002151 0.000010
0.999980 0.000010 0.000010
0.840753 0.080277 0.078970
0.864454 0.053016 0.082530
0.000010 0.880535 0.119455
0.004842 0.995148 0.000010
0.000010 0.893890 0.106100
0.033945 0.771303 0.194752
0.516019 0.398553 0.085428
0.741386 0.216956 0.041658
0.934279 0.041236 0.024485
0.943729 0.036380 0.019891
0.999980 0.000010 0.000010
0.999980 0.000010 0.000010
0.854868 0.082609 0.062523
0.856503 0.070295 0.073201
0.000010 0.890191 0.109799
0.000010 0.938241 0.061749
0.018771 0.787060 0.194170
0.000010 0.890985 0.109005
0.000010 0.408670 0.591320
0.000957 0.902494 0.096549
0.055958 0.851793 0.092249
0.049142 0.816688 0.134170
0.039444 0.808352 0.152204
0.524680 0.353095 0.122225
0.511510 0.405678 0.082812
0.941429 0.056224 0.002347
0.929596 0.065232 0.005172
0.999980 0.000010 0.000010
0.999980 0.000010 0.000010
0.848034 0.072828 0.079138
0.000665 0.873854 0.125481
0.000010 0.970555 0.029435
0.012690 0.978067 0.009243
0.011780 0.795265 0.192956
0.004998 0.890204 0.104799
0.003166 0.581913 0.414921
0.000010 0.906910 0.093080
0.051686 0.849151 0.099163
0.061665 0.847133 0.091202
0.036456 0.825041 0.138503
0.411051 0.490030 0.098919
0.554876 0.375869 0.069255
0.959010 0.027110 0.013880
0.952634 0.047356 0.000010
0.999980 0.000010 0.000010
0.999980 0.000010 0.000010
0.865218 0.078603 0.056179
0.837895 0.088466 0.073638
0.000336 0.854159 0.145505
0.007646 0.986041 0.006313
0.001870 0.987372 0.010758
0.016945 0.778125 0.204931
0.000010 0.866395 0.133595
0.000010 0.600317 0.399673
0.000010 0.908939 0.091051
0.082917 0.837751 0.079332
0.066799 0.761847 0.171355
0.130282 0.749052 0.120666
0.574784 0.344607 0.080609
0.557084 0.372782 0.070135
0.943384 0.056606 0.000010
0.955075 0.006158 0.038767
0.999980 0.000010 0.000010
0.999980 0.000010 0.000010
0.999980 0.000010 0.000010
0.841845 0.049499 0.108656
0.887422 0.060983 0.051595
0.000010 0.865896 0.134094
0.021173 0.888502 0.090325
0.015026 0.984964 0.000010
0.024814 0.780034 0.195151
0.000010 0.841129 0.158861
0.003506 0.897321 0.099174
0.038845 0.795761 0.165394
0.063388 0.798516 0.138096
0.062382 0.794510 0.143108
0.043702 0.838587 0.117711
0.045575 0.954415 0.000010
0.513064 0.415932 0.071004
0.948471 0.051519 0.000010
0.966881 0.008799 0.024320
0.999980 0.000010 0.000010
0.841666 0.072128 0.086206
0.872412 0.051526 0.076063
0.000010 0.910679 0.089311
0.000010 0.955759 0.044231
0.000010 0.930200 0.069790
0.000010 0.910737 0.089253
0.000010 0.599592 0.400398
0.000010 0.892119 0.107871
0.071011 0.833978 0.095011
0.056214 0.833459 0.110326
0.146210 0.701700 0.152090
0.041476 0.854838 0.103686
0.597569 0.311089 0.091342
0.038488 0.961502 0.000010
0.945159 0.042247 0.012594
0.999980 0.000010 0.000010
0.928375 0.045889 0.025736
0.937658 0.053368 0.008974
0.000010 0.889389 0.110601
0.037901 0.795295 0.166804
0.000010 0.597920 0.402070
0.000010 0.912730 0.087260
0.070459 0.829677 0.099864
0.037645 0.791747 0.170609
0.247447 0.638421 0.114132
0.527422 0.379118 0.093460
0.038661 0.961329 0.000010
0.999821 0.000169 0.000010
0.831162 0.061386 0.107452
0.865914 0.076492 0.057593
0.853119 0.092282 0.054599
0.011786 0.965662 0.022552
0.000010 0.949973 0.050017
0.000010 0.851472 0.148518
0.000010 0.896341 0.103649
0.000010 0.598893 0.401097
0.059090 0.827042 0.113869
0.071224 0.787572 0.141204
0.071134 0.763015 0.165851
0.046071 0.828205 0.125724
0.042364 0.791261 0.166375
0.041330 0.958660 0.000010
0.000010 0.662888 0.337102
0.000010 0.887948 0.112042
0.061957 0.821234 0.116809
0.063368 0.809860 0.126772
0.164047 0.671905 0.164048
0.033192 0.808999 0.157809
0.561113 0.344903 0.093984
0.025692 0.974298 0.000010
0.032236 0.967754 0.000010
0.035908 0.858868 0.105224
0.000010 0.945458 0.054532
0.067815 0.624239 0.307946
0.167749 0.769595 0.062657
0.223774 0.719061 0.057166
0.002270 0.932277 0.065452
0.000010 0.936498 0.063492
0.003886 0.923416 0.072698
0.047322 0.915604 0.037073
0.038032 0.961958 0.000010
0.000010 0.942581 0.057409
0.081628 0.575410 0.342962
0.196413 0.732454 0.071133
0.084984 0.821094 0.093922
0.003013 0.893983 0.103004
0.000010 0.912608 0.087382
0.192461 0.807529 0.000010
0.053806 0.853294 0.092900
0.034372 0.965618 0.000010
0.005708 0.651100 0.343192
0.038364 0.542654 0.418982
0.228346 0.662257 0.109397
0.157223 0.771085 0.071692
0.012542 0.908409 0.079049
0.013188 0.909957 0.076855
0.004392 0.948337 0.047271
0.129473 0.870517 0.000010
0.037343 0.962647 0.000010
0.024483 0.863852 0.111665
0.002646 0.650960 0.346393
0.096774 0.610204 0.293021
0.387034 0.562878 0.050089
0.170748 0.720462 0.108790
0.002964 0.916662 0.080374
0.012619 0.903135 0.084246
0.007043 0.911880 0.081077
0.216569 0.783421 0.000010
0.852632 0.079962 0.067406
0.853240 0.066659 0.080101
0.000010 0.849003 0.150987
0.017317 0.982673 0.000010
0.015602 0.794679 0.189718
0.033394 0.966596 0.000010
0.002340 0.984681 0.012979
0.000010 0.658881 0.341109
0.074574 0.650603 0.274823
0.249688 0.710245 0.040067
0.158663 0.757384 0.083954
0.020071 0.908139 0.071791
0.000010 0.922424 0.077566
0.018076 0.900529 0.081395
0.105908 0.872803 0.021290
0.000010 0.953566 0.046424
0.002674 0.577051 0.420275
0.179382 0.759790 0.060828
0.153788 0.748296 0.097916
0.308070 0.625372 0.066557
0.016376 0.923130 0.060495
0.018269 0.866987 0.114744
0.000010 0.921515 0.078475
0.000010 0.603398 0.396592
0.052272 0.638609 0.309120
0.174994 0.752157 0.072849
0.156507 0.749776 0.093717
0.001993 0.924018 0.073989
0.004984 0.935598 0.059419
0.010278 0.920534 0.069188
0.173702 0.826288 0.000010
0.041704 0.900539 0.057757
0.000010 0.953113 0.046877
0.000068 0.614628 0.385303
0.096596 0.627399 0.276005
0.177694 0.753178 0.069128
0.184499 0.731652 0.083849
0.006679 0.895355 0.097966
0.006644 0.910842 0.082514
0.014466 0.899047 0.086487
0.043303 0.885288 0.071409
0.000010 0.941234 0.058756
0.079338 0.574286 0.346376
0.174913 0.773718 0.051369
0.180469 0.752920 0.066612
0.016725 0.905225 0.078051
0.032907 0.870337 0.096756
0.000010 0.956106 0.043884
0.062594 0.603393 0.334013
0.169034 0.761512 0.069454
0.202610 0.716945 0.080445
0.007501 0.937661 0.054838
0.016122 0.924108 0.059770
0.194755 0.805235 0.000010
0.187396 0.812594 0.000010
0.063818 0.780099 0.156083
0.053945 0.789441 0.156614
0.563657 0.330310 0.106033
0.038414 0.875786 0.085800
0.000010 0.961337 0.038653
0.000010 0.591245 0.408745
0.172340 0.755107 0.072553
0.224109 0.697745 0.078146
0.015272 0.903259 0.081469
0.006527 0.929101 0.064372
0.204870 0.795120 0.000010
0.852518 0.081896 0.065586
0.000010 0.972004 0.027986
0.137145 0.858499 0.004357
0.012341 0.895960 0.091699
0.165036 0.760203 0.074760
0.015033 0.917555 0.067412
0.054619 0.630950 0.314431
0.000010 0.596263 0.403727
0.044127 0.825736 0.130137
0.406891 0.543139 0.049969
0.000010 0.864363 0.135627
0.877499 0.097155 0.025346
0.889033 0.063593 0.047373
0.862707 0.066851 0.070442
0.872849 0.070120 0.057031
0.000010 0.504039 0.495951
0.000010 0.499296 0.500694
0.000010 0.507090 0.492900
0.000010 0.523950 0.476040
0.839268 0.106113 0.054619
0.927674 0.062138 0.010188
0.918671 0.066367 0.014962
0.909331 0.053749 0.036920
0.924185 0.063581 0.012234
0.908379 0.055696 0.035925
0.892263 0.074735 0.033002
0.914707 0.056333 0.028960
0.633106 0.172836 0.194058
0.731332 0.195778 0.072890
0.860732 0.083879 0.055389
0.857652 0.064362 0.077986
0.862316 0.075932 0.061753
0.848699 0.074992 0.076309
0.836491 0.091403 0.072106
0.888133 0.056962 0.054905
0.853520 0.091683 0.054797
0.855070 0.055891 0.089038
0.850209 0.048902 0.100889
0.847785 0.103379 0.048836
0.898944 0.051296 0.049761
0.898174 0.055538 0.046288
0.893118 0.049537 0.057345
0.889722 0.085645 0.024634
0.871783 0.070311 0.057906
0.896427 0.051236 0.052338
0.896249 0.075567 0.028184
0.904204 0.049714 0.046082
0.898869 0.050439 0.050692
0.896432 0.057533 0.046035
0.889872 0.082238 0.027890
0.858496 0.089522 0.051982
0.870313 0.086659 0.043028
0.868668 0.065689 0.065642
0.892317 0.052906 0.054777
0.893320 0.043121 0.063559
0.895347 0.059983 0.044670
0.906348 0.055019 0.038633
0.862861 0.083139 0.054001
0.863246 0.047724 0.089030
0.863845 0.076360 0.059796
0.897846 0.065967 0.036187
0.902053 0.076643 0.021304
0.868056 0.083520 0.048424
0.890910 0.046216 0.062873
0.892540 0.088155 0.019305
0.889302 0.077274 0.033424
0.893785 0.055713 0.050502
0.917673 0.045200 0.037127
0.876813 0.089334 0.033853
0.891357 0.057147 0.051496
0.856952 0.085038 0.058010
0.876706 0.053976 0.069318
0.867030 0.066799 0.066171
0.877728 0.051722 0.070550
0.856628 0.045478 0.097894
0.888435 0.049355 0.062210
0.857200 0.104492 0.038309
0.883887 0.069755 0.046358
0.885618 0.059624 0.054758
0.883130 0.060142 0.056728
0.833591 0.085633 0.080776
0.854028 0.081630 0.064342
0.866030 0.064997 0.068972
0.863344 0.075720 0.060936
0.489930 0.224904 0.285166
0.890187 0.044420 0.065393
0.911633 0.063561 0.024806
0.902451 0.055591 0.041957
0.908943 0.056084 0.034974
0.884532 0.057922 0.057545
0.912767 0.049823 0.037409
0.913148 0.079700 0.007153
0.921171 0.070044 0.008785
0.893186 0.062012 0.044803
0.867696 0.072000 0.060304
0.886989 0.068322 0.044690
0.868227 0.093824 0.037949
0.873064 0.075622 0.051314
0.885146 0.062303 0.052550
0.919124 0.069849 0.011028
0.883552 0.045963 0.070484
0.879639 0.094560 0.025801
0.834111 0.087994 0.077895
0.874965 0.067045 0.057990
0.875602 0.081217 0.043181
0.902410 0.039287 0.058304
0.862578 0.069876 0.067545
0.039713 0.434823 0.525464
0.101429 0.307250 0.591321
0.092416 0.388049 0.519535
0.711853 0.122300 0.165847
0.031629 0.431884 0.536488
0.005493 0.463748 0.530760
0.395776 0.265225 0.338999
0.381275 0.267071 0.351654
0.203692 0.265496 0.530812
0.016470 0.073210 0.910320
0.018189 0.433480 0.548330
0.017359 0.416859 0.565782
0.377355 0.313692 0.308954
0.091680 0.345204 0.563116
0.274280 0.348756 0.376964
0.006841 0.450505 0.542653
0.401981 0.250057 0.347962
0.392209 0.277715 0.330076
0.455428 0.234216 0.310356
0.687304 0.125730 0.186965
0.387551 0.299827 0.312621
0.290763 0.349047 0.360190
0.005921 0.417376 0.576703
0.281359 0.339754 0.378887
0.039457 0.435119 0.525424
0.430651 0.262198 0.307151
0.411996 0.279188 0.308816
0.638211 0.150631 0.211158
0.024119 0.428972 0.546909
0.281139 0.376345 0.342515
0.020776 0.416287 0.562937
0.187356 0.260919 0.551726
0.217161 0.287638 0.495201
0.017654 0.429904 0.552442
0.020639 0.428312 0.551049
0.279995 0.382704 0.337301
0.704184 0.154095 0.141720
0.543051 0.213166 0.243783
0.410816 0.263893 0.325292
0.168892 0.309502 0.521607
0.290889 0.357601 0.351510
0.166187 0.262818 0.570995
0.698872 0.117305 0.183823
0.205096 0.276391 0.518514
0.018838 0.437864 0.543298
0.264774 0.363086 0.372141
0.405999 0.247380 0.346621
0.406532 0.243178 0.350290
0.407032 0.254578 0.338389
0.254089 0.355557 0.390355
0.008966 0.435684 0.555349
0.066525 0.345561 0.587914
0.200408 0.276188 0.523404
0.711962 0.127200 0.160838
0.022962 0.462321 0.514717
0.014862 0.423147 0.561992
0.601499 0.193434 0.205068
0.422170 0.285017 0.292813
0.677199 0.171066 0.151735
0.279809 0.378696 0.341494
0.181820 0.299814 0.518366
0.160562 0.310562 0.528876
0.448187 0.280392 0.271421
0.022351 0.475087 0.502562
0.021133 0.417997 0.560870
0.020250 0.431209 0.548541
0.581644 0.183914 0.234442
0.265243 0.310399 0.424358
0.682083 0.148863 0.169054
0.010657 0.431833 0.557510
0.272051 0.384806 0.343142
0.097213 0.356230 0.546557
0.352300 0.320131 0.327569
0.189422 0.268879 0.541699
0.013354 0.432989 0.553657
0.021660 0.414354 0.563987
0.033067 0.411303 0.555630
0.411150 0.257139 0.331711
0.662813 0.144618 0.192569
0.681345 0.148802 0.169852
0.291742 0.296571 0.411687
0.275920 0.350587 0.373493
0.194127 0.276502 0.529372
0.148141 0.303404 0.548455
0.135843 0.266981 0.597176
0.129346 0.234047 0.636608
0.023558 0.248562 0.727880
0.001955 0.436896 0.561149
0.138671 0.121093 0.740236
0.324975 0.248870 0.426155
0.109326 0.305999 0.584675
0.138500 0.284996 0.576504
0.106049 0.316081 0.577870
0.152505 0.277885 0.569610
0.016538 0.230100 0.753362
0.005401 0.438132 0.556468
0.105884 0.374980 0.519137
0.119241 0.142025 0.738734
0.139890 0.177782 0.682328
0.023490 0.431104 0.545406
0.007227 0.425278 0.567495
0.167455 0.203395 0.629150
0.015511 0.450029 0.534461
0.001132 0.213502 0.785366
0.011142 0.438526 0.550332
0.100747 0.424857 0.474396
0.132101 0.152044 0.715855
0.118770 0.194447 0.686782
0.110657 0.348929 0.540414
0.009103 0.428692 0.562205
0.177281 0.210072 0.612647
0.127770 0.251430 0.620801
0.013637 0.455527 0.530836
0.038776 0.244800 0.716424
0.034258 0.440777 0.524965
0.070386 0.405560 0.524054
0.132975 0.187478 0.679546
0.129951 0.122279 0.747770
0.202188 0.287593 0.510219
0.152000 0.225505 0.622495
0.000010 0.200842 0.799148
0.022617 0.435497 0.541886
0.130105 0.171665 0.698230
0.108870 0.141833 0.749297
0.189501 0.254995 0.555504
0.022337 0.052346 0.925317
0.162823 0.302893 0.534283
0.148266 0.230670 0.621064
0.008519 0.228108 0.763374
0.015914 0.414990 0.569097
0.089151 0.427775 0.483074
0.159306 0.178534 0.662160
0.133300 0.119664 0.747036
0.126507 0.263074 0.610419
0.278034 0.270997 0.450969
0.085168 0.308139 0.606693
0.265389 0.245415 0.489196
0.136102 0.238590 0.625308
0.033305 0.256959 0.709736
0.016993 0.425265 0.557743
0.127536 0.152486 0.719978
0.120537 0.367377 0.512086
0.110319 0.281496 0.608185
0.008984 0.435838 0.555178
0.110768 0.289806 0.599426
0.130559 0.285849 0.583592
0.142015 0.237391 0.620594
0.032572 0.238882 0.728546
0.020396 0.424586 0.555018
0.125710 0.168652 0.705638
0.134913 0.168800 0.696287
0.122524 0.297428 0.580048
0.038297 0.363426 0.598277
0.013093 0.412021 0.574886
0.020096 0.209713 0.770191
0.064871 0.327674 0.607455
0.024517 0.326391 0.649092
0.058144 0.218245 0.723610
0.027075 0.333006 0.639919
0.024953 0.358975 0.616073
0.051603 0.332748 0.615649
0.000010 0.127606 0.872384
0.023279 0.245909 0.730812
0.020682 0.338987 0.640331
0.020116 0.340572 0.639312
0.013786 0.224902 0.761313
0.019891 0.237258 0.742851
0.012908 0.325110 0.661982
0.017267 0.338726 0.644007
0.025752 0.282118 0.692130
0.000010 0.150061 0.849929
0.008169 0.114668 0.877163
0.008315 0.127239 0.864446
0.021328 0.291259 0.687412
0.024499 0.388836 0.586666
0.031721 0.348684 0.619595
0.019542 0.199889 0.780569
0.055820 0.132335 0.811845
0.011336 0.326136 0.662527
0.024738 0.269651 0.705611
0.028357 0.317731 0.653912
0.008616 0.123582 0.867802
0.002994 0.136818 0.860187
0.009248 0.121052 0.869700
0.060739 0.241583 0.697677
0.019147 0.373961 0.606891
0.027146 0.299308 0.673546
0.017759 0.274479 0.707762
0.145125 0.320605 0.534270
0.014883 0.296935 0.688182
0.018036 0.338469 0.643495
0.019938 0.351579 0.628483
0.067014 0.356388 0.576598
0.015034 0.134974 0.849992
0.000010 0.098647 0.901343
0.017662 0.213145 0.769193
0.025673 0.366935 0.607392
0.034272 0.390212 0.575515
0.023524 0.207265 0.769211
0.081210 0.349039 0.569752
0.033127 0.326583 0.640289
0.029630 0.341175 0.629195
0.035162 0.289157 0.675681
0.009412 0.130019 0.860569
0.020980 0.240726 0.738294
0.000010 0.124870 0.875120
0.116194 0.281078 0.602728
0.031002 0.334083 0.634915
0.018209 0.101448 0.880343
0.035065 0.303608 0.661327
0.034159 0.342263 0.623579
0.011382 0.349839 0.638779
0.020287 0.336173 0.643540
0.015371 0.121522 0.863108
0.002722 0.128023 0.869255
0.002563 0.243617 0.753820
0.014258 0.279594 0.706148
0.004427 0.353561 0.642013
0.025026 0.317541 0.657434
0.016520 0.288831 0.694650
0.033589 0.336280 0.630131
0.070786 0.341304 0.587910
0.024369 0.167716 0.807915
0.019793 0.322107 0.658101
0.023754 0.348691 0.627555
0.010729 0.092763 0.896508
0.000010 0.131303 0.868687
0.016248 0.246061 0.737691
0.008730 0.282442 0.708828
0.017959 0.368544 0.613497
0.090671 0.342969 0.566360
0.004002 0.180572 0.815427
0.031331 0.287087 0.681582
0.029938 0.333566 0.636495
0.026472 0.340032 0.633496
0.113091 0.290740 0.596168
0.000010 0.119404 0.880586
0.000010 0.158548 0.841442
0.029877 0.351359 0.618764
0.001545 0.239236 0.759219
0.019936 0.292571 0.687493
0.000010 0.175469 0.824521
0.035016 0.250673 0.714311
0.077299 0.442672 0.480029
0.103374 0.300092 0.596534
0.097910 0.284943 0.617147
0.095847 0.348232 0.555921
0.016525 0.271306 0.712170
0.111827 0.462451 0.425722
0.009362 0.036102 0.954536
0.010732 0.437007 0.552261
0.119135 0.296788 0.584076
0.155104 0.392239 0.452657
0.049672 0.225410 0.724918
0.097033 0.477300 0.425667
0.111058 0.482432 0.406510
0.006048 0.038058 0.955894
0.058923 0.423232 0.517845
0.105875 0.431891 0.462233
0.079474 0.354479 0.566047
0.023611 0.434010 0.542379
0.129552 0.431731 0.438717
0.146406 0.386894 0.466700
0.143835 0.406333 0.449832
0.139221 0.422698 0.438081
0.131460 0.453657 0.414883
0.005996 0.067075 0.926930
0.012648 0.435216 0.552137
0.016084 0.419452 0.564464
0.124791 0.257495 0.617714
0.005765 0.234654 0.759582
0.011725 0.415235 0.573040
0.127427 0.422713 0.449860
0.114804 0.408665 0.476531
0.099941 0.491291 0.408769
0.111528 0.456037 0.432434
0.106698 0.255114 0.638188
0.109175 0.381205 0.509621
0.077075 0.412531 0.510394
0.004259 0.215372 0.780369
0.154742 0.374159 0.471100
0.115646 0.403536 0.480819
0.112120 0.478974 0.408907
0.115506 0.456790 0.427705
0.125098 0.440931 0.433971
0.049924 0.294807 0.655269
0.103347 0.312468 0.584185
0.087039 0.396997 0.515964
0.086938 0.431844 0.481218
0.013967 0.214913 0.771120
0.285874 0.386309 0.327818
0.159455 0.405011 0.435535
0.115973 0.477162 0.406865
0.107911 0.488059 0.404030
0.106755 0.457910 0.435335
0.021826 0.431929 0.546244
0.091899 0.348533 0.559568
0.003052 0.206036 0.790912
0.022608 0.040008 0.937384
0.146914 0.398239 0.454848
0.146702 0.377119 0.476179
0.101167 0.437244 0.461589
0.130593 0.447529 0.421878
0.014334 0.023133 0.962533
0.033425 0.319021 0.647554
0.118101 0.422107 0.459792
0.000010 0.227424 0.772566
0.028596 0.050978 0.920426
0.122228 0.368083 0.509689
0.165498 0.358819 0.475683
0.142116 0.424767 0.433117
0.096252 0.490335 0.413412
0.109259 0.448513 0.442228
0.000010 0.056540 0.943450
0.012415 0.226563 0.761022
0.015358 0.191321 0.793321
0.025619 0.278784 0.695598
0.001397 0.279830 0.718773
0.044967 0.401231 0.553802
0.007777 0.362294 0.629929
0.009101 0.398810 0.592089
0.026061 0.262942 0.710997
0.052614 0.237384 0.710002
0.011537 0.319057 0.669406
0.029669 0.353771 0.616560
0.017330 0.280972 0.701698
0.022489 0.161320 0.816191
0.004231 0.246894 0.748875
0.044532 0.378228 0.577240
0.011050 0.284333 0.704617
0.034352 0.243378 0.722270
0.033247 0.277139 0.689614
0.029466 0.304636 0.665899
0.022695 0.264985 0.712320
0.014878 0.169901 0.815221
0.000010 0.215789 0.784201
0.003497 0.380424 0.616080
0.018968 0.368351 0.612681
0.004931 0.256597 0.738472
0.027624 0.241256 0.731119
0.004453 0.263177 0.732370
0.033325 0.306096 0.660578
0.013737 0.311268 0.674995
0.004925 0.271151 0.723924
0.031309 0.171300 0.797390
0.000010 0.277749 0.722241
0.000400 0.210260 0.789340
0.003345 0.353750 0.642904
0.053861 0.262630 0.683510
0.014629 0.298469 0.686902
0.013815 0.317546 0.668639
0.010997 0.341393 0.647610
0.008032 0.244192 0.747775
0.021628 0.245524 0.732847
0.000010 0.214660 0.785330
0.018405 0.286936 0.694659
0.000010 0.382211 0.617779
0.036208 0.373246 0.590545
0.136602 0.270102 0.593296
0.008553 0.257797 0.733650
0.014455 0.197808 0.787738
0.013841 0.344937 0.641222
0.002520 0.344934 0.652546
0.039482 0.279980 0.680538
0.018754 0.174348 0.806898
0.006481 0.256433 0.737086
0.000010 0.237933 0.762057
0.026031 0.374685 0.599284
0.009939 0.403495 0.586566
0.025730 0.269484 0.704786
0.033025 0.227232 0.739743
0.007743 0.328595 0.663662
0.005466 0.295724 0.698811
0.018018 0.333678 0.648304
0.003146 0.251338 0.745516
0.022591 0.162445 0.814964
0.018684 0.221631 0.759685
0.011731 0.384856 0.603414
0.027307 0.380792 0.591901
0.032209 0.252629 0.715162
0.040815 0.286917 0.672268
0.016990 0.352128 0.630882
0.015450 0.311724 0.672826
0.019116 0.310306 0.670578
0.019393 0.221059 0.759548
0.022582 0.186924 0.790494
0.020995 0.299462 0.679543
0.015551 0.299812 0.684637
0.047065 0.379028 0.573907
0.005461 0.353821 0.640718
0.060521 0.273256 0.666222
0.014355 0.275202 0.710444
0.011589 0.338480 0.649930
0.000986 0.329664 0.669350
0.018372 0.337353 0.644275
0.004957 0.219426 0.775617
0.013804 0.214216 0.771979
0.014805 0.314760 0.670435
0.018386 0.282248 0.699366
0.006321 0.289771 0.703908
0.010727 0.169937 0.819336
0.000010 0.177410 0.822580
0.157971 0.294376 0.547652
0.023731 0.380680 0.595589
0.019485 0.266837 0.713678
0.013733 0.256992 0.729275
0.020788 0.275870 0.703342
0.020194 0.375633 0.604173
0.004914 0.284333 0.710753
0.000010 0.157409 0.842581
0.010708 0.150205 0.839087
0.014513 0.432424 0.553064
0.038452 0.395608 0.565940
0.015546 0.282536 0.701918
0.037982 0.317165 0.644853
0.000520 0.207289 0.792191
0.000973 0.197716 0.801311
0.021308 0.202910 0.775781
0.004171 0.325318 0.670511
0.011325 0.266654 0.722021
0.001466 0.228998 0.769537
0.000010 0.220263 0.779727
0.000010 0.241371 0.758619
0.043669 0.265696 0.690635
0.018886 0.187129 0.793985
0.023316 0.246243 0.730441
0.034194 0.277011 0.688795
0.030850 0.329006 0.640144
0.009716 0.211730 0.778554
0.003554 0.163190 0.833256
0.008173 0.254742 0.737085
0.035621 0.285416 0.678964
0.015970 0.260180 0.723850
0.008465 0.362664 0.628871
0.000010 0.167115 0.832875
0.004475 0.214269 0.781255
0.009495 0.279559 0.710945
0.020641 0.312839 0.666520
0.000054 0.250779 0.749167
0.009512 0.210685 0.779804
0.000010 0.149820 0.850170
0.023016 0.256740 0.720244
0.009787 0.257174 0.733040
0.015013 0.276713 0.708274
0.028185 0.268718 0.703097
0.011739 0.259666 0.728596
0.000010 0.178380 0.821610
0.005343 0.177844 0.816813
0.000010 0.150684 0.849306
0.024733 0.166184 0.809083
0.031655 0.116198 0.852147
0.020011 0.138182 0.841806
0.002897 0.146105 0.850997
0.005266 0.145954 0.848780
0.042527 0.097963 0.859511
0.014293 0.235143 0.750564
0.013771 0.167483 0.818747
0.026162 0.180408 0.793430
0.011022 0.132092 0.856886
0.015814 0.141618 0.842568
0.004991 0.268678 0.726330
0.022533 0.152257 0.825210
0.023539 0.151811 0.824650
0.025431 0.165405 0.809164
0.016316 0.159107 0.824577
0.012411 0.153971 0.833618
0.028323 0.119218 0.852459
0.014788 0.257526 0.727687
0.023031 0.268106 0.708862
0.020295 0.281477 0.698228
0.007037 0.301092 0.691871
0.027139 0.275118 0.697742
0.030548 0.250239 0.719213
0.021559 0.245356 0.733085
0.031770 0.248868 0.719363
0.008893 0.305362 0.685744
0.022405 0.207746 0.769849
0.031822 0.230289 0.737889
0.025254 0.310244 0.664502
0.020567 0.262511 0.716921
0.022106 0.234217 0.743677
0.026986 0.225480 0.747534
0.014131 0.271674 0.714195
0.040783 0.257310 0.701907
0.012977 0.287778 0.699245
0.029608 0.286729 0.683663
0.010993 0.282170 0.706837
0.024049 0.274515 0.701436
0.024906 0.348798 0.626297
0.014881 0.273716 0.711402
0.041255 0.303483 0.655262
0.028003 0.261823 0.710174
0.031832 0.227897 0.740271
0.018742 0.260423 0.720835
0.016145 0.291254 0.692600
0.017441 0.283691 0.698868
0.023462 0.249682 0.726856
0.020600 0.277579 0.701822
0.017916 0.132437 0.849647
0.021130 0.144279 0.834592
0.026057 0.118721 0.855222
0.016645 0.168848 0.814508
0.022174 0.170651 0.807175
0.020219 0.130102 0.849679
0.015195 0.192982 0.791822
0.016074 0.207210 0.776716
0.146437 0.099401 0.754162
0.007002 0.142630 0.850368
0.043830 0.155776 0.800393
0.019929 0.273571 0.706500
0.024173 0.135623 0.840204
0.011799 0.293390 0.694811
0.027752 0.185143 0.787106
0.021188 0.133359 0.845453
0.019060 0.130342 0.850597
0.007240 0.170427 0.822334
0.025067 0.085450 0.889483
0.022381 0.197347 0.780272
0.016120 0.120941 0.862939
0.018877 0.111064 0.870059
0.023504 0.128789 0.847707
0.021493 0.153642 0.824865
0.034459 0.082599 0.882942
0.019416 0.093117 0.887467
0.030136 0.130625 0.839239
0.024792 0.116374 0.858834
0.007262 0.137468 0.855271
0.021206 0.146838 0.831956
0.011174 0.169760 0.819066
0.009486 0.142445 0.848069
0.020343 0.130432 0.849225
0.016734 0.154236 0.829031
0.031294 0.227333 0.741373
0.020660 0.109603 0.869737
0.006083 0.135239 0.858678
0.015859 0.148028 0.836114
0.023086 0.143498 0.833416
0.011895 0.159707 0.828398
0.076039 0.185805 0.738157
0.022134 0.159973 0.817893
0.009567 0.110353 0.880080
0.016633 0.181506 0.801860
0.043551 0.118129 0.838320
0.017262 0.227690 0.755047
0.013989 0.311977 0.674034
0.005137 0.240781 0.754082
0.016549 0.264541 0.718911
0.005035 0.241734 0.753231
0.006396 0.246053 0.747551
0.018540 0.147056 0.834404
0.000010 0.336599 0.663391
0.021895 0.270797 0.707308
0.029578 0.297969 0.672454
0.012477 0.226990 0.760533
0.011167 0.166611 0.822222
0.022754 0.187717 0.789529
0.011685 0.173333 0.814982
0.002486 0.330547 0.666966
0.008250 0.160710 0.831039
0.001306 0.273948 0.724747
0.017921 0.179274 0.802805
0.021276 0.132040 0.846684
0.024498 0.148034 0.827467
0.022861 0.128754 0.848385
0.012122 0.171528 0.816350
0.018115 0.193345 0.788540
0.022549 0.189347 0.788105
0.026402 0.135446 0.838151
0.000177 0.222888 0.776935
0.014321 0.212046 0.773633
0.022421 0.258319 0.719261
0.000010 0.217851 0.782139
0.000010 0.324134 0.675856
0.015675 0.261114 0.723212
0.005834 0.202686 0.791480
0.006669 0.310219 0.683112
0.000010 0.294830 0.705160
0.036682 0.303773 0.659545
0.030818 0.191705 0.777477
0.002181 0.195845 0.801975
0.634162 0.181274 0.184564
0.533822 0.205829 0.260349
0.652077 0.147583 0.200340
0.704216 0.116151 0.179633
0.669413 0.179986 0.150600
0.554782 0.199479 0.245739
0.559596 0.211452 0.228952
0.527123 0.199939 0.272938
0.550784 0.205227 0.243988
0.614901 0.183744 0.201355
0.685463 0.152612 0.161925
0.645714 0.171769 0.182517
0.619629 0.191774 0.188596
0.677405 0.163761 0.158834
0.013730 0.446982 0.539288
0.201843 0.286018 0.512140
0.678113 0.167371 0.154517
0.270342 0.365370 0.364288
0.287121 0.366217 0.346662
0.568099 0.166344 0.265557
0.010613 0.432476 0.556911
0.406726 0.259350 0.333924
0.516489 0.203617 0.279894
0.377189 0.308794 0.314018
0.142170 0.387325 0.470506
0.537701 0.220970 0.241329
0.773794 0.134239 0.091967
0.735659 0.075187 0.189154
0.384689 0.265213 0.350098
0.713862 0.118067 0.168071
0.016486 0.444652 0.538861
0.291417 0.322604 0.385978
0.002878 0.442199 0.554923
0.022049 0.401292 0.576659
0.216003 0.259342 0.524655
0.193490 0.295735 0.510775
0.182623 0.269995 0.547382
0.131332 0.294897 0.573771
0.014953 0.432592 0.552455
0.019693 0.432984 0.547323
0.140992 0.144409 0.714599
0.203031 0.379591 0.417379
0.096070 0.402341 0.501588
0.039699 0.431732 0.528569
0.122676 0.473354 0.403970
0.011607 0.051350 0.937044
0.016577 0.374338 0.609085
0.015455 0.049712 0.934833
0.010817 0.000010 0.989173
0.007221 0.050959 0.941820
0.016706 0.047238 0.936056
0.021039 0.107006 0.871955
0.021329 0.031027 0.947644
0.002365 0.029502 0.968133
0.016152 0.034582 0.949265
0.017639 0.021760 0.960601
0.011109 0.032165 0.956726
0.035318 0.029905 0.934776
0.019878 0.070708 0.909413
0.019994 0.012483 0.967523
0.020959 0.017425 0.961616
0.008559 0.002131 0.989309
0.018290 0.012389 0.969321
0.001448 0.115351 0.883202
0.013114 0.047346 0.939540
0.014259 0.032465 0.953276
0.021346 0.043740 0.934914
0.001628 0.029345 0.969026
0.011257 0.046168 0.942575
0.007721 0.056220 0.936059
0.010264 0.036610 0.953126
0.018778 0.034331 0.946891
0.014570 0.042568 0.942861
0.018831 0.052773 0.928396
0.016226 0.106901 0.876873
0.024619 0.134122 0.841258
0.063482 0.048560 0.887957
0.008519 0.160479 0.831002
0.013714 0.053243 0.933043
0.012448 0.118932 0.868620
0.002132 0.034678 0.963190
0.034082 0.122167 0.843751
0.005275 0.050396 0.944329
0.003424 0.055893 0.940683
0.016918 0.078314 0.904768
0.005794 0.072079 0.922127
0.000010 0.042509 0.957481
0.002681 0.214838 0.782481
0.019609 0.053421 0.926970
0.076553 0.092452 0.830996
0.023491 0.100687 0.875822
0.015560 0.046105 0.938335
0.073440 0.129815 0.796744
0.013850 0.137466 0.848684
0.014049 0.086883 0.899068
0.010990 0.111665 0.877345
0.044847 0.045103 0.910050
0.020052 0.047640 0.932308
0.053228 0.079921 0.866852
0.075474 0.090513 0.834012
0.045299 0.074356 0.880345
0.062286 0.083159 0.854555
0.066424 0.095834 0.837742
0.040909 0.060048 0.899043
0.106707 0.090144 0.803149
0.075433 0.075191 0.849375
0.049139 0.031181 0.919680
0.040234 0.092162 0.867604
0.057825 0.079998 0.862178
0.041010 0.145013 0.813977
0.060329 0.048760 0.890911
0.040873 0.102790 0.856337
0.024219 0.026049 0.949733
0.061756 0.116535 0.821709
0.088940 0.094631 0.816430
0.046616 0.071285 0.882100
0.038888 0.040399 0.920713
0.068062 0.130622 0.801316
0.040509 0.057768 0.901724
0.036229 0.054899 0.908873
0.036939 0.067885 0.895176
0.059057 0.084983 0.855960
0.050204 0.062792 0.887004
0.048785 0.089079 0.862136
0.064753 0.109848 0.825399
0.064598 0.075202 0.860200
0.023319 0.094386 0.882295
0.048122 0.088564 0.863314
0.107487 0.068311 0.824203
0.053327 0.000010 0.946663
0.042285 0.039023 0.918692
0.050652 0.026775 0.922574
0.050804 0.096315 0.852881
0.060199 0.103034 0.836768
0.064845 0.066100 0.869055
0.049036 0.077720 0.873244
0.053591 0.086364 0.860045
0.063113 0.039437 0.897450
0.063393 0.085796 0.850811
0.052784 0.064792 0.882425
0.090540 0.045143 0.864317
0.051544 0.091362 0.857095
0.060420 0.059867 0.879713
0.035219 0.095997 0.868783
0.055470 0.081183 0.863347
0.042352 0.099492 0.858156
0.060898 0.026751 0.912351
0.055274 0.071394 0.873332
0.057922 0.075349 0.866729
0.050599 0.084552 0.864849
0.104537 0.140365 0.755097
0.014046 0.111881 0.874073
0.034468 0.048009 0.917523
0.069306 0.092897 0.837797
0.092634 0.097045 0.810321
0.079899 0.129323 0.790778
0.036643 0.025033 0.938324
0.088060 0.073272 0.838668
0.059410 0.098932 0.841658
0.053468 0.029412 0.917120
0.092703 0.108993 0.798304
0.054935 0.093115 0.851950
0.030119 0.059460 0.910422
0.069643 0.057715 0.872642
0.093127 0.094363 0.812509
0.096649 0.093722 0.809629
0.049535 0.108041 0.842424
0.039083 0.035775 0.925141
0.034093 0.024091 0.941816
0.105079 0.096223 0.798699
0.099812 0.077246 0.822942
0.070776 0.079680 0.849544
0.027579 0.080905 0.891516
0.064529 0.114515 0.820956
0.042165 0.016552 0.941283
0.040904 0.113295 0.845801
0.060298 0.128468 0.811234
0.037069 0.143893 0.819039
0.058013 0.106848 0.835139
0.080467 0.108693 0.810840
0.055758 0.027846 0.916396
0.042840 0.076759 0.880400
0.081523 0.088773 0.829704
0.031535 0.083536 0.884929
0.033879 0.090432 0.875689
0.054045 0.050499 0.895455
0.082831 0.039060 0.878109
0.047402 0.111377 0.841221
0.038444 0.057202 0.904354
0.096231 0.146691 0.757079
0.061318 0.073713 0.864969
0.098684 0.097326 0.803990
0.050191 0.095882 0.853927
0.074040 0.049638 0.876322
0.078876 0.086188 0.834936
0.048279 0.052371 0.899350
0.039053 0.073858 0.887090
0.043125 0.070090 0.886785
0.026832 0.007920 0.965247
0.051143 0.081354 0.867503
0.041575 0.068773 0.889652
0.048433 0.107822 0.843745
0.098992 0.073538 0.827470
0.051758 0.065804 0.882438
0.068894 0.078371 0.852735
0.064685 0.114872 0.820443
0.068333 0.111379 0.820288
0.130601 0.086855 0.782544
0.080076 0.085381 0.834543
0.047291 0.096920 0.855789
0.046720 0.097878 0.855402
0.065582 0.091932 0.842486
0.049934 0.068642 0.881424
0.058478 0.072011 0.869510
0.050713 0.073537 0.875749
0.116152 0.099380 0.784468
0.060219 0.052676 0.887105
0.050846 0.064139 0.885015
0.042122 0.000010 0.957868
0.048940 0.092181 0.858879
0.103642 0.093742 0.802616
0.084431 0.092791 0.822778
0.066697 0.076187 0.857115
0.068808 0.064681 0.866511
0.020912 0.002534 0.976554
0.072916 0.081388 0.845696
0.099807 0.093339 0.806855
0.048943 0.072685 0.878372
0.064219 0.182033 0.753748
0.058267 0.093059 0.848674
0.056042 0.072619 0.871339
0.065830 0.052263 0.881907
0.056454 0.127281 0.816265
0.016702 0.077714 0.905584
0.052577 0.051360 0.896063
0.058334 0.043427 0.898239
0.014318 0.168621 0.817060
0.039372 0.043694 0.916934
0.028128 0.048598 0.923275
0.071399 0.084179 0.844422
0.046189 0.065274 0.888537
0.032952 0.114215 0.852833
0.071078 0.095881 0.833041
0.069085 0.067342 0.863573
0.033576 0.091415 0.875010
0.058501 0.071878 0.869621
0.038360 0.069029 0.892611
0.051503 0.027745 0.920752
0.035491 0.063195 0.901314
0.034507 0.058197 0.907297
0.098543 0.043944 0.857514
0.037333 0.029061 0.933606
0.078867 0.071001 0.850133
0.033841 0.077421 0.888738
0.030929 0.056420 0.912650
0.038392 0.095729 0.865879
0.059174 0.053163 0.887663
0.054385 0.097575 0.848041
0.065603 0.035607 0.898790
0.027813 0.059623 0.912563
0.065715 0.129596 0.804688
0.078016 0.109961 0.812024
0.074916 0.108013 0.817071
0.019172 0.092594 0.888234
0.076087 0.139689 0.784224
0.065834 0.052207 0.881959
0.022744 0.091631 0.885625
0.031063 0.137529 0.831408
0.048183 0.081909 0.869907
0.085993 0.120101 0.793905
0.076810 0.101622 0.821568
0.055837 0.098240 0.845922
0.056352 0.082417 0.861231
0.033136 0.126451 0.840413
0.029187 0.099072 0.871741
0.027779 0.058523 0.913699
0.135721 0.098840 0.765439
0.078711 0.109219 0.812070
0.054994 0.169691 0.775315
0.080386 0.081900 0.837713
0.036025 0.081131 0.882845
0.087458 0.159376 0.753166
0.039607 0.087291 0.873102
0.041416 0.134349 0.824235
0.097031 0.115268 0.787701
0.041922 0.004019 0.954059
0.036951 0.103916 0.859134
0.071588 0.158434 0.769978
0.042895 0.094627 0.862478
0.033181 0.015694 0.951126
0.033256 0.056667 0.910077
0.022165 0.092412 0.885423
0.050764 0.104049 0.845186
0.056307 0.102173 0.841520
0.025123 0.123806 0.851071
0.018840 0.086429 0.894731
0.017166 0.046475 0.936359
0.073037 0.121230 0.805733
0.051210 0.069281 0.879510
0.038053 0.115254 0.846693
0.115159 0.097636 0.787206
0.120490 0.062209 0.817300
0.032286 0.054518 0.913196
0.078342 0.035785 0.885873
0.080806 0.138268 0.780926
0.045968 0.070236 0.883795
0.048117 0.046831 0.905053
0.042655 0.047942 0.909403
0.037127 0.040540 0.922333
0.043906 0.062441 0.893653
0.048620 0.091908 0.859472
0.050046 0.018272 0.931682
0.054411 0.100132 0.845456
0.106470 0.097939 0.795591
0.053728 0.101752 0.844520
0.033857 0.072288 0.893855
0.048929 0.128959 0.822112
0.032419 0.066900 0.900682
0.027627 0.167086 0.805287
0.059801 0.075173 0.865026
0.058396 0.072125 0.869479
0.056408 0.090498 0.853095
0.057416 0.099790 0.842794
0.041227 0.079072 0.879701
0.034177 0.022805 0.943018
0.047309 0.082691 0.869999
0.095522 0.109296 0.795182
0.039273 0.040726 0.920001
0.053712 0.078196 0.868093
0.085931 0.146525 0.767544
0.064237 0.079349 0.856413
0.036239 0.071985 0.891776
0.027447 0.145291 0.827261
0.084235 0.167274 0.748491
0.035674 0.111180 0.853146
0.063386 0.000010 0.936604
0.094144 0.130251 0.775605
0.041416 0.111092 0.847492
0.051169 0.108098 0.840733
0.061552 0.087633 0.850815
0.099964 0.121064 0.778972
0.061633 0.146780 0.791587
0.047130 0.024678 0.928192
0.056414 0.014085 0.929501
0.048318 0.111407 0.840275
0.037991 0.105049 0.856960
0.062449 0.053821 0.883730
0.046262 0.058639 0.895099
0.042957 0.066536 0.890506
0.105841 0.092569 0.801591
0.030508 0.036778 0.932714
0.059632 0.141185 0.799183
0.044571 0.079441 0.875987
0.052789 0.080896 0.866315
0.078388 0.064233 0.857378
0.052698 0.028150 0.919152
0.036377 0.125377 0.838245
0.087937 0.146666 0.765396
0.099794 0.096845 0.803361
0.041624 0.048576 0.909800
0.062849 0.061303 0.875848
0.080160 0.078430 0.841410
0.056437 0.002111 0.941452
0.032919 0.107641 0.859440
0.025893 0.051177 0.922929
0.041571 0.069787 0.888643
0.046127 0.058936 0.894936
0.043108 0.010836 0.946056
0.107165 0.091545 0.801291
0.032371 0.146247 0.821382
0.012132 0.185738 0.802130
0.107225 0.099035 0.793740
0.054068 0.095679 0.850252
0.049653 0.140634 0.809713
0.034757 0.032692 0.932551
0.138246 0.188418 0.673336
0.026695 0.054733 0.918572
0.044003 0.061281 0.894716
0.105588 0.117963 0.776449
0.042481 0.093478 0.864040
0.122069 0.119359 0.758572
0.051112 0.106190 0.842698
0.035584 0.078781 0.885636
0.045821 0.082792 0.871387
0.069496 0.085439 0.845065
0.109351 0.063684 0.826965
0.043295 0.062899 0.893806
0.104588 0.149312 0.746100
0.070508 0.010366 0.919126
0.097760 0.125460 0.776780
0.032864 0.057148 0.909989
0.096103 0.109424 0.794472
0.027531 0.127858 0.844611
0.034132 0.047072 0.918796
0.046482 0.021002 0.932516
0.127945 0.118150 0.753904
0.085073 0.131129 0.783798
0.049872 0.120248 0.829880
0.031691 0.019045 0.949263
0.111420 0.098072 0.790508
0.040606 0.093007 0.866388
0.024521 0.143381 0.832098
0.053336 0.051734 0.894931
0.031810 0.112577 0.855613
0.035167 0.097397 0.867436
0.032724 0.082800 0.884476
0.030855 0.224100 0.745045
0.033635 0.065250 0.901115
0.053946 0.130669 0.815385
0.021746 0.120422 0.857832
0.092265 0.105481 0.802254
0.040332 0.111020 0.848648
0.050480 0.089894 0.859625
0.031814 0.096764 0.871422
0.087209 0.109494 0.803297
0.039580 0.013932 0.946488
0.063516 0.096204 0.840280
0.038872 0.053338 0.907789
0.064206 0.071530 0.864263
0.121211 0.098230 0.780558
0.027313 0.029003 0.943684
0.058751 0.081827 0.859422
0.101558 0.131475 0.766967
0.056555 0.060021 0.883424
0.051271 0.104603 0.844126
0.050775 0.126547 0.822677
0.045369 0.074730 0.879901
0.047901 0.051975 0.900124
0.032081 0.061958 0.905961
0.031333 0.093367 0.875301
0.023882 0.094933 0.881184
0.095268 0.116539 0.788193
0.057982 0.091100 0.850918
0.042399 0.051297 0.906304
0.045324 0.000010 0.954666
0.056044 0.063975 0.879981
0.101876 0.098539 0.799585
0.038386 0.045149 0.916466
0.053281 0.075017 0.871702
0.046579 0.019819 0.933602
0.016757 0.123812 0.859431
0.020840 0.177910 0.801250
0.025082 0.139733 0.835185
0.003728 0.173641 0.822631
0.013423 0.230690 0.755888
0.016083 0.172432 0.811485
0.021006 0.164713 0.814281
0.001600 0.315367 0.683033
0.023585 0.148352 0.828063
0.010385 0.119359 0.870255
0.027208 0.110595 0.862198
0.017477 0.260527 0.721996
0.000215 0.324760 0.675025
0.022990 0.132641 0.844369
0.011177 0.159958 0.828865
0.032814 0.202557 0.764629
0.012712 0.149414 0.837874
0.018076 0.104011 0.877913
0.006903 0.264501 0.728595
0.031483 0.143043 0.825473
0.000010 0.376888 0.623102
0.017035 0.133628 0.849337
0.024629 0.189535 0.785836
0.000010 0.329906 0.670084
0.014009 0.141403 0.844588
0.017068 0.113422 0.869510
0.000010 0.272967 0.727023
0.031765 0.165083 0.803151
0.014969 0.137953 0.847077
0.033640 0.167440 0.798920
0.000010 0.441587 0.558403
0.007350 0.472361 0.520289
0.000010 0.411137 0.588853
0.000010 0.412726 0.587264
0.016272 0.445706 0.538023
