0.225850 0.018475 0.000010 0.020514 0.000010 0.156355 0.018697 0.309991 0.250097
0.302957 0.006249 0.000010 0.000010 0.000010 0.072398 0.018284 0.274632 0.325450
0.231137 0.021317 0.000010 0.000010 0.000010 0.115886 0.027930 0.356286 0.247414
0.304661 0.000010 0.021521 0.000010 0.000010 0.091448 0.000900 0.293138 0.288301
0.246870 0.000010 0.000010 0.020725 0.000010 0.137847 0.027624 0.331852 0.235052
0.263161 0.036289 0.000010 0.000010 0.000010 0.108737 0.014428 0.317454 0.259901
0.263134 0.004990 0.004244 0.000010 0.000010 0.115075 0.036526 0.277656 0.298355
0.402015 0.000010 0.000010 0.000010 0.000010 0.000010 0.000010 0.058396 0.539529
0.396089 0.000012 0.000010 0.000010 0.000010 0.000010 0.000010 0.065211 0.538638
0.968687 0.000010 0.000010 0.000010 0.000010 0.000010 0.003524 0.000010 0.027729
0.362837 0.000010 0.000010 0.003600 0.000010 0.000010 0.042515 0.101080 0.489928
0.325623 0.000010 0.000010 0.000010 0.000010 0.000010 0.024569 0.110670 0.539088
0.000010 0.000010 0.104913 0.032827 0.022688 0.759397 0.008139 0.072005 0.000010
0.000010 0.018343 0.109219 0.050595 0.046703 0.578495 0.040388 0.156237 0.000010
0.000010 0.006295 0.017165 0.000010 0.003630 0.889014 0.013488 0.054868 0.015521
0.011506 0.048646 0.083922 0.059896 0.019854 0.586457 0.034366 0.155344 0.000010
0.240418 0.016486 0.003276 0.021340 0.000010 0.102791 0.030787 0.343461 0.241430
0.267432 0.005614 0.000010 0.025108 0.000010 0.124552 0.024724 0.308190 0.244360
0.415924 0.000010 0.000010 0.000010 0.000010 0.000010 0.000010 0.048987 0.535029
0.320123 0.000010 0.000010 0.000010 0.004557 0.000010 0.000010 0.069949 0.605321
0.368233 0.000010 0.000010 0.000010 0.000010 0.000010 0.000010 0.074745 0.556962
0.999915 0.000010 0.000015 0.000010 0.000010 0.000010 0.000010 0.000010 0.000010
0.333309 0.002987 0.000010 0.001909 0.000010 0.000010 0.056704 0.072103 0.532957
0.363440 0.001556 0.014921 0.000010 0.000016 0.000010 0.020828 0.100100 0.499119
0.000010 0.010106 0.070600 0.002065 0.007170 0.843901 0.014706 0.051431 0.000010
0.000398 0.019023 0.036325 0.004950 0.018243 0.792513 0.014151 0.114072 0.000324
0.000010 0.000010 0.000010 0.017112 0.005808 0.901591 0.024195 0.024873 0.026391
0.000010 0.009217 0.125862 0.045195 0.045124 0.564959 0.065408 0.144215 0.000010
0.242812 0.014624 0.000010 0.009168 0.000010 0.087958 0.039416 0.355131 0.250871
0.231920 0.017459 0.038019 0.002237 0.000010 0.115403 0.021928 0.317221 0.255802
0.423545 0.000010 0.000010 0.000010 0.000010 0.000010 0.000010 0.095616 0.480779
0.292513 0.000010 0.000010 0.000010 0.005776 0.000010 0.006326 0.052971 0.642374
0.936766 0.000010 0.000010 0.000010 0.000010 0.000711 0.000010 0.000010 0.062463
0.999910 0.000010 0.000013 0.000010 0.000010 0.000010 0.000010 0.000017 0.000010
0.370170 0.022226 0.000010 0.008558 0.000010 0.000010 0.023087 0.077575 0.498354
0.369448 0.021635 0.015829 0.000010 0.000010 0.000010 0.018938 0.079069 0.495050
0.000010 0.026267 0.077700 0.000010 0.026582 0.729200 0.034969 0.105253 0.000010
0.004877 0.000010 0.021187 0.019299 0.012746 0.832963 0.016545 0.074821 0.017551
0.000010 0.000010 0.079393 0.000010 0.002263 0.779446 0.027569 0.111288 0.000010
0.005987 0.044756 0.092488 0.040567 0.031209 0.582232 0.035255 0.167497 0.000010
0.268831 0.044441 0.015413 0.000010 0.000010 0.120332 0.001324 0.287352 0.262287
0.251369 0.000010 0.043123 0.025437 0.000010 0.094267 0.020832 0.327874 0.237077
0.371017 0.000010 0.000010 0.000010 0.000010 0.000010 0.000010 0.062210 0.566713
0.395095 0.000010 0.000010 0.000010 0.000010 0.000010 0.000010 0.045138 0.559707
0.999915 0.000010 0.000011 0.000010 0.000010 0.000010 0.000015 0.000010 0.000010
0.943642 0.000010 0.000010 0.000010 0.001858 0.003076 0.000010 0.000010 0.051374
0.999910 0.000015 0.000010 0.000015 0.000010 0.000010 0.000010 0.000010 0.000010
0.344343 0.000010 0.000010 0.013152 0.000010 0.000010 0.031269 0.109805 0.501390
0.375257 0.024364 0.000010 0.028754 0.000010 0.000010 0.002385 0.084470 0.484741
0.000010 0.027897 0.080822 0.000010 0.030912 0.705437 0.020927 0.133975 0.000010
0.000010 0.023835 0.000010 0.000010 0.009208 0.918942 0.000010 0.019408 0.028568
0.000010 0.025454 0.019419 0.006501 0.000010 0.845928 0.018820 0.083848 0.000010
0.015284 0.027942 0.068277 0.056977 0.039355 0.640550 0.017641 0.133963 0.000010
0.000010 0.020993 0.036363 0.000010 0.017318 0.802844 0.043066 0.079386 0.000010
0.000010 0.070970 0.110055 0.134427 0.060117 0.461045 0.127000 0.036366 0.000010
0.000010 0.031751 0.062439 0.022538 0.011977 0.807148 0.016528 0.038691 0.008918
0.000010 0.000010 0.067773 0.000012 0.022115 0.375654 0.030486 0.503931 0.000010
0.019835 0.012986 0.091053 0.044815 0.014110 0.526185 0.012781 0.278226 0.000010
0.000010 0.004274 0.025188 0.000010 0.004826 0.336260 0.000010 0.629412 0.000010
0.017792 0.017741 0.066420 0.013086 0.028403 0.478463 0.037315 0.340491 0.000289
0.226839 0.012144 0.000010 0.045749 0.002815 0.189996 0.007171 0.299514 0.215762
0.000010 0.023347 0.074724 0.048524 0.049264 0.725182 0.002259 0.076681 0.000010
0.000010 0.000010 0.112797 0.033199 0.004856 0.703739 0.055560 0.089818 0.000010
0.023863 0.018100 0.058886 0.001969 0.021271 0.386381 0.014888 0.459139 0.015505
0.068927 0.010454 0.000761 0.046273 0.027257 0.202948 0.021783 0.586830 0.034765
0.012872 0.001154 0.023258 0.071654 0.020314 0.420995 0.030919 0.418824 0.000010
0.028038 0.011810 0.058674 0.032119 0.000010 0.438142 0.058534 0.360614 0.012059
0.235048 0.001495 0.006103 0.021359 0.008652 0.145914 0.049311 0.280656 0.251462
0.245872 0.000010 0.000010 0.014404 0.000010 0.120453 0.054267 0.320250 0.244724
0.000010 0.007469 0.074482 0.028811 0.041213 0.732480 0.019519 0.096006 0.000010
0.000010 0.048036 0.108333 0.114254 0.051860 0.492445 0.110750 0.074302 0.000010
0.000010 0.041195 0.043539 0.000010 0.031219 0.787616 0.035788 0.060613 0.000010
0.000010 0.018348 0.052088 0.027342 0.023841 0.373704 0.013398 0.471801 0.019468
0.022780 0.026712 0.102858 0.030404 0.022756 0.465447 0.035239 0.293793 0.000010
0.000010 0.002738 0.070912 0.035074 0.019024 0.484045 0.024765 0.363422 0.000010
0.036452 0.043565 0.068266 0.000495 0.025237 0.417215 0.034136 0.356744 0.017891
0.228575 0.035650 0.020363 0.011296 0.000010 0.175536 0.048724 0.277516 0.202330
0.210647 0.000010 0.016327 0.042886 0.000010 0.116457 0.040776 0.349414 0.223473
0.240955 0.037936 0.018395 0.000010 0.005066 0.126972 0.021547 0.301034 0.248087
0.389979 0.000010 0.000010 0.000010 0.000010 0.000010 0.000010 0.072516 0.537446
0.999920 0.000010 0.000010 0.000010 0.000010 0.000010 0.000010 0.000010 0.000010
0.858008 0.007469 0.000010 0.000010 0.000010 0.000010 0.000010 0.002164 0.132308
0.999912 0.000010 0.000010 0.000016 0.000010 0.000010 0.000012 0.000010 0.000010
0.289973 0.000010 0.000672 0.036769 0.020326 0.010049 0.019658 0.062955 0.559588
0.362284 0.022678 0.000010 0.004125 0.001481 0.000010 0.034973 0.067298 0.507143
0.000010 0.000408 0.070012 0.022045 0.015327 0.723743 0.055586 0.112858 0.000010
0.000010 0.002540 0.000010 0.000010 0.017211 0.914989 0.000010 0.046780 0.018440
0.000010 0.041134 0.052005 0.017571 0.009801 0.735755 0.016239 0.127475 0.000010
0.025390 0.064271 0.082942 0.000010 0.049647 0.563719 0.073056 0.140955 0.000010
0.237144 0.000364 0.027052 0.000010 0.000010 0.095444 0.041338 0.352201 0.246438
0.369193 0.000010 0.000010 0.007164 0.000010 0.042979 0.010671 0.216386 0.353577
0.363615 0.000010 0.000010 0.000010 0.000010 0.000010 0.000010 0.067042 0.569283
0.410403 0.000010 0.000010 0.000010 0.000010 0.000010 0.000010 0.063896 0.525641
0.962544 0.000010 0.000010 0.000010 0.000010 0.000010 0.000010 0.000010 0.037386
0.999914 0.000011 0.000012 0.000010 0.000013 0.000010 0.000010 0.000010 0.000010
0.348478 0.012806 0.007907 0.000010 0.000010 0.000010 0.012594 0.110811 0.507374
0.340391 0.005610 0.008010 0.015034 0.000010 0.000010 0.026988 0.081766 0.522182
0.000010 0.027680 0.086337 0.000010 0.037410 0.708490 0.018409 0.121643 0.000010
0.000010 0.035704 0.052408 0.007879 0.000010 0.844645 0.001294 0.058040 0.000010
0.014375 0.014917 0.095018 0.075991 0.014571 0.597934 0.037343 0.149840 0.000010
0.000010 0.009846 0.058638 0.027922 0.028524 0.766394 0.033670 0.074086 0.000910
0.000010 0.084135 0.157601 0.211620 0.068180 0.222962 0.182928 0.072553 0.000010
0.004273 0.017585 0.045621 0.033515 0.012938 0.826883 0.025504 0.023990 0.009691
0.000010 0.000010 0.034526 0.000010 0.004910 0.313879 0.026548 0.620098 0.000010
0.000010 0.023232 0.041990 0.036643 0.031511 0.372561 0.000010 0.494032 0.000010
0.004275 0.000010 0.072168 0.048795 0.009646 0.448418 0.037279 0.379397 0.000010
0.262122 0.008595 0.039189 0.020527 0.000010 0.128370 0.049366 0.251916 0.239904
0.237280 0.023070 0.000010 0.000010 0.000010 0.134165 0.038025 0.322642 0.244788
0.355510 0.000010 0.000019 0.000010 0.000010 0.000010 0.000010 0.060715 0.583706
0.346933 0.000014 0.000010 0.000010 0.000010 0.000010 0.000010 0.074197 0.578806
0.999908 0.000010 0.000010 0.000010 0.000015 0.000010 0.000017 0.000010 0.000010
0.885679 0.000010 0.000010 0.000010 0.011846 0.000010 0.000010 0.000010 0.102415
0.345133 0.000010 0.001048 0.016704 0.005443 0.000010 0.023626 0.105633 0.502394
0.000010 0.004102 0.090641 0.024372 0.017484 0.685981 0.034157 0.143242 0.000010
0.000010 0.010259 0.013319 0.000010 0.000010 0.873298 0.019921 0.075786 0.007387
0.011432 0.000901 0.000873 0.012104 0.002544 0.904441 0.000010 0.056779 0.010917
0.004422 0.017550 0.096875 0.044140 0.060677 0.572205 0.040678 0.163443 0.000010
0.006838 0.011280 0.045119 0.030542 0.031189 0.769629 0.027494 0.077898 0.000010
0.000010 0.071338 0.151580 0.125804 0.068947 0.416204 0.107714 0.058392 0.000010
0.006721 0.006138 0.075835 0.012751 0.032810 0.787517 0.025018 0.053200 0.000010
0.001637 0.019907 0.028894 0.000010 0.024529 0.399496 0.020065 0.505451 0.000010
0.000010 0.000010 0.039798 0.001397 0.043904 0.314295 0.000010 0.600567 0.000010
0.003226 0.019745 0.064033 0.005755 0.018670 0.456623 0.046099 0.385838 0.000010
0.182475 0.029443 0.009132 0.025838 0.000010 0.161277 0.007194 0.396062 0.188570
0.244505 0.018279 0.000010 0.007022 0.015380 0.099922 0.006871 0.328715 0.279297
0.346566 0.000010 0.000010 0.000010 0.000016 0.000010 0.000010 0.038232 0.615136
0.416413 0.000010 0.000010 0.000010 0.000010 0.000010 0.000010 0.057793 0.525734
0.999920 0.000010 0.000010 0.000010 0.000010 0.000010 0.000010 0.000010 0.000010
0.999920 0.000010 0.000010 0.000010 0.000010 0.000010 0.000010 0.000010 0.000010
0.340056 0.000010 0.000010 0.023866 0.001284 0.007980 0.019964 0.074616 0.532213
0.357639 0.008191 0.017837 0.012361 0.000010 0.000010 0.017410 0.105497 0.481045
0.000010 0.021572 0.127096 0.007963 0.041800 0.653896 0.022223 0.125430 0.000010
0.000010 0.000010 0.014883 0.000010 0.005005 0.897276 0.009031 0.053737 0.020037
0.000010 0.000016 0.015978 0.000010 0.011847 0.912238 0.010549 0.036091 0.013261
0.005686 0.027580 0.116337 0.055453 0.048552 0.553312 0.025472 0.167598 0.000010
0.000010 0.015066 0.044890 0.058869 0.021132 0.716739 0.025607 0.117678 0.000010
0.000010 0.063885 0.142156 0.112229 0.059514 0.427145 0.123675 0.071376 0.000010
0.000010 0.029243 0.082411 0.012374 0.033054 0.779470 0.000010 0.063419 0.000010
0.000010 0.000010 0.018287 0.003017 0.000010 0.194993 0.000010 0.783653 0.000010
0.034095 0.004210 0.065716 0.054815 0.005532 0.433875 0.052882 0.348864 0.000010
0.058904 0.026678 0.062960 0.000010 0.015962 0.450427 0.036683 0.304410 0.043966
0.276971 0.014940 0.024105 0.000010 0.004270 0.136963 0.032966 0.231148 0.278628
0.255044 0.028136 0.000010 0.005153 0.001287 0.120183 0.010106 0.306451 0.273630
0.390004 0.000010 0.000010 0.000010 0.000010 0.000010 0.000010 0.065476 0.544460
0.422171 0.000010 0.000010 0.000010 0.000010 0.000010 0.000010 0.053660 0.524109
0.999918 0.000010 0.000012 0.000010 0.000010 0.000010 0.000010 0.000010 0.000010
0.999920 0.000010 0.000010 0.000010 0.000010 0.000010 0.000010 0.000010 0.000010
0.999920 0.000010 0.000010 0.000010 0.000010 0.000010 0.000010 0.000010 0.000010
0.349486 0.013594 0.012641 0.020656 0.003732 0.000010 0.025700 0.080693 0.493488
0.371731 0.000010 0.000010 0.000239 0.000010 0.000010 0.020905 0.089930 0.517155
0.000010 0.008604 0.060480 0.028552 0.033554 0.669168 0.043721 0.155900 0.000010
0.005131 0.000010 0.063301 0.042992 0.000392 0.778584 0.016393 0.072860 0.020337
0.004407 0.000723 0.004756 0.000010 0.008429 0.926215 0.000010 0.034734 0.020715
0.008293 0.007477 0.101127 0.045788 0.038419 0.532312 0.061966 0.204608 0.000010
0.000010 0.037061 0.076029 0.033954 0.019620 0.685476 0.042445 0.105395 0.000010
0.000010 0.006934 0.030669 0.038198 0.047300 0.783076 0.024095 0.063381 0.006335
0.000010 0.037534 0.026372 0.028859 0.020317 0.405490 0.051119 0.430288 0.000010
0.004130 0.030573 0.039149 0.023014 0.032754 0.350907 0.013964 0.499017 0.006493
0.020915 0.007300 0.054940 0.017818 0.018024 0.483551 0.064995 0.319954 0.012503
0.000010 0.020891 0.023572 0.008217 0.010608 0.293423 0.003007 0.640262 0.000010
0.000010 0.000010 0.000010 0.000010 0.000010 0.933700 0.000010 0.000010 0.066230
0.236496 0.000010 0.057909 0.007166 0.000010 0.109853 0.000010 0.345674 0.242873
0.356447 0.000010 0.000010 0.000010 0.000010 0.000010 0.000010 0.050872 0.592621
0.738393 0.000010 0.007097 0.000010 0.005240 0.000010 0.000010 0.028643 0.220588
0.999916 0.000012 0.000010 0.000010 0.000012 0.000010 0.000010 0.000010 0.000010
0.344697 0.013957 0.000010 0.042194 0.023489 0.000907 0.005814 0.069078 0.499854
0.345811 0.009386 0.000010 0.012866 0.000010 0.000010 0.013299 0.089491 0.529116
0.000010 0.011498 0.009344 0.053344 0.018596 0.792333 0.015705 0.099158 0.000010
0.000010 0.010328 0.038035 0.002506 0.008146 0.824569 0.013871 0.102526 0.000010
0.000010 0.023904 0.065855 0.000010 0.001072 0.800019 0.019223 0.089896 0.000010
0.000010 0.009360 0.076482 0.023180 0.046760 0.770043 0.000010 0.074145 0.000010
0.000010 0.026920 0.135220 0.144599 0.055584 0.449045 0.137039 0.051572 0.000010
0.000010 0.025422 0.086677 0.033909 0.012974 0.779071 0.000010 0.061917 0.000010
0.000010 0.000010 0.031152 0.000010 0.018989 0.228350 0.026752 0.694717 0.000010
0.012167 0.000010 0.035505 0.017608 0.021833 0.395188 0.027942 0.489737 0.000010
0.053813 0.048003 0.037394 0.011208 0.000010 0.212842 0.025565 0.580305 0.030860
0.000010 0.000010 0.042242 0.026860 0.001295 0.408513 0.003681 0.517380 0.000010
0.299772 0.032114 0.008276 0.004890 0.000010 0.090483 0.025194 0.267621 0.271640
0.000010 0.000010 0.000010 0.000010 0.000010 0.944749 0.000010 0.000010 0.055181
0.408064 0.000010 0.000010 0.000010 0.000010 0.000010 0.000010 0.060202 0.531675
0.999920 0.000010 0.000010 0.000010 0.000010 0.000010 0.000010 0.000010 0.000010
0.388073 0.000010 0.000010 0.000010 0.000010 0.000010 0.000010 0.075865 0.536002
0.373600 0.000010 0.000010 0.000010 0.000010 0.000010 0.000010 0.064029 0.562311
0.008652 0.003668 0.088709 0.038207 0.000010 0.799135 0.026313 0.035295 0.000010
0.000010 0.025688 0.054389 0.036822 0.008450 0.352443 0.026621 0.495568 0.000010
0.000010 0.028472 0.124516 0.159267 0.070722 0.442905 0.120173 0.053925 0.000010
0.003424 0.024590 0.096647 0.001597 0.014055 0.805941 0.007683 0.046053 0.000010
0.003216 0.000010 0.044959 0.019195 0.000010 0.334593 0.017979 0.572695 0.007342
0.010580 0.049326 0.038829 0.020738 0.018788 0.479891 0.057656 0.324182 0.000010
0.119894 0.015388 0.055394 0.004191 0.022368 0.323280 0.031655 0.334130 0.093700
0.249433 0.000010 0.032809 0.033264 0.009049 0.146113 0.014764 0.259841 0.254718
0.000010 0.000010 0.000010 0.000010 0.000010 0.942862 0.000010 0.000010 0.057068
0.992436 0.000010 0.000634 0.000010 0.000978 0.001772 0.000010 0.000010 0.004140
0.324510 0.000010 0.000010 0.035696 0.000010 0.000010 0.038074 0.093528 0.508153
0.343332 0.000010 0.018038 0.002444 0.000010 0.000010 0.018853 0.090488 0.526815
0.347844 0.000010 0.000010 0.000010 0.003770 0.000010 0.037640 0.104685 0.506021
0.009764 0.000010 0.032560 0.000010 0.009329 0.877843 0.004987 0.056266 0.009232
0.000010 0.008451 0.073228 0.000010 0.004311 0.817829 0.004611 0.091541 0.000010
0.000010 0.019399 0.078845 0.039992 0.035817 0.705914 0.034995 0.085018 0.000010
0.004489 0.017973 0.082964 0.024747 0.039335 0.786439 0.005453 0.038305 0.000295
0.000010 0.033404 0.104031 0.159887 0.070568 0.444570 0.123889 0.063631 0.000010
0.000010 0.000010 0.022792 0.002262 0.010741 0.177753 0.017104 0.769319 0.000010
0.026152 0.009286 0.040375 0.036906 0.015391 0.379980 0.033878 0.458021 0.000010
0.025295 0.028977 0.038302 0.031330 0.024270 0.463151 0.062069 0.310055 0.016551
0.009617 0.000010 0.042521 0.039333 0.020696 0.464207 0.031791 0.391814 0.000010
0.003086 0.018459 0.092713 0.051961 0.033628 0.466276 0.006772 0.317569 0.009537
0.000010 0.000010 0.000010 0.000010 0.000010 0.938866 0.000010 0.000010 0.061064
0.000010 0.033415 0.143963 0.122154 0.049827 0.490105 0.077824 0.082691 0.000010
0.000010 0.031052 0.075614 0.021542 0.011857 0.769828 0.022961 0.064412 0.002724
0.006527 0.011878 0.046949 0.009932 0.014862 0.323112 0.015654 0.571075 0.000010
0.017690 0.017935 0.056178 0.001975 0.016148 0.376467 0.038556 0.475041 0.000010
0.067589 0.016775 0.000979 0.076625 0.023441 0.197199 0.014247 0.572064 0.031080
0.000010 0.026966 0.063245 0.027166 0.024594 0.426202 0.026767 0.405039 0.000010
0.298715 0.022759 0.006725 0.041456 0.000010 0.147905 0.002961 0.240365 0.239104
0.000010 0.000010 0.000010 0.000010 0.000010 0.955727 0.000010 0.000010 0.044203
0.000010 0.000010 0.000010 0.000010 0.000010 0.949906 0.000010 0.000010 0.050024
0.000010 0.030864 0.058181 0.025624 0.000821 0.809763 0.019446 0.000010 0.055282
0.000010 0.016424 0.000010 0.028078 0.027942 0.870774 0.017504 0.039248 0.000010
0.029847 0.051955 0.122889 0.066268 0.020010 0.408050 0.111346 0.164378 0.025256
0.025963 0.000010 0.000010 0.000010 0.012572 0.000010 0.000010 0.940102 0.021312
0.064573 0.000010 0.000010 0.000010 0.000010 0.005603 0.000010 0.871864 0.057909
0.000010 0.019627 0.000188 0.003714 0.000010 0.662048 0.022439 0.291952 0.000010
0.000010 0.000010 0.049415 0.000010 0.002316 0.660686 0.018915 0.268628 0.000010
0.000010 0.006534 0.028863 0.006551 0.003077 0.668610 0.024477 0.261868 0.000010
0.001757 0.014851 0.029428 0.012499 0.004771 0.839619 0.000010 0.037147 0.059918
0.011112 0.008426 0.000010 0.000010 0.000010 0.929604 0.006659 0.000010 0.044160
0.001115 0.015252 0.050302 0.010877 0.010955 0.842318 0.005548 0.062559 0.001074
0.029157 0.053257 0.076334 0.127674 0.033281 0.389510 0.106905 0.144605 0.039278
0.057248 0.000010 0.000010 0.000010 0.000010 0.000010 0.000010 0.918320 0.024373
0.000010 0.000010 0.000010 0.000010 0.000010 0.036808 0.000010 0.963122 0.000010
0.000010 0.000010 0.023369 0.043729 0.026918 0.632711 0.016526 0.256717 0.000010
0.000010 0.000010 0.071420 0.001970 0.003920 0.623871 0.019865 0.278925 0.000010
0.015906 0.000010 0.000010 0.000010 0.000010 0.782186 0.000010 0.000010 0.201848
0.005667 0.000921 0.023172 0.012773 0.028963 0.398176 0.017479 0.512837 0.000010
0.000010 0.000010 0.000010 0.000010 0.000010 0.940051 0.000010 0.000010 0.059879
0.000010 0.031196 0.118304 0.114392 0.053856 0.474906 0.113011 0.094315 0.000010
0.024241 0.092817 0.094114 0.131810 0.044604 0.340852 0.124862 0.146689 0.000010
0.071278 0.009245 0.000010 0.000010 0.000010 0.000010 0.000010 0.871937 0.047490
0.017091 0.000010 0.000010 0.000010 0.000010 0.000010 0.000010 0.982839 0.000010
0.000010 0.014177 0.024317 0.027164 0.014405 0.640952 0.000010 0.278955 0.000010
0.000010 0.021633 0.040896 0.000010 0.004169 0.649521 0.017667 0.266083 0.000010
0.000010 0.000010 0.051767 0.000010 0.008859 0.654116 0.000010 0.285208 0.000010
0.026911 0.000010 0.000010 0.000010 0.000010 0.839383 0.007906 0.000010 0.125750
0.000318 0.000010 0.000010 0.000010 0.000010 0.942160 0.000010 0.000010 0.057462
0.002830 0.006019 0.076591 0.035804 0.015756 0.798773 0.028867 0.000010 0.035350
0.000010 0.040098 0.134873 0.114654 0.057179 0.474472 0.093321 0.085384 0.000010
0.032270 0.052921 0.063767 0.120192 0.044059 0.389639 0.058290 0.193542 0.045320
0.166238 0.000010 0.000010 0.000010 0.000010 0.000010 0.000010 0.704049 0.129653
0.037473 0.000010 0.000010 0.000010 0.004988 0.000010 0.007434 0.933058 0.017007
0.000010 0.008917 0.037964 0.000010 0.000010 0.633187 0.028043 0.291849 0.000010
0.000010 0.025999 0.047281 0.000010 0.012279 0.619862 0.007968 0.286581 0.000010
0.000010 0.013012 0.026019 0.014224 0.000012 0.647191 0.021318 0.278203 0.000010
0.021826 0.000010 0.000010 0.000010 0.000010 0.759360 0.000010 0.000010 0.218754
0.364920 0.005931 0.000010 0.000010 0.000010 0.000010 0.034264 0.108185 0.486661
0.340798 0.020024 0.000010 0.012099 0.000010 0.000471 0.035506 0.072452 0.518630
0.000010 0.007673 0.075971 0.037536 0.026126 0.666370 0.050042 0.136262 0.000010
0.001743 0.000010 0.000010 0.000812 0.000010 0.926082 0.000010 0.041878 0.029444
0.009493 0.029529 0.098816 0.036991 0.040925 0.570082 0.042090 0.172063 0.000010
0.008324 0.000010 0.000010 0.000010 0.000010 0.951697 0.000010 0.000010 0.039920
0.008807 0.000010 0.018840 0.006633 0.000010 0.908272 0.014163 0.043255 0.000010
0.000010 0.064906 0.119222 0.120288 0.035790 0.505278 0.076583 0.077913 0.000010
0.041242 0.062685 0.095612 0.063804 0.052304 0.439500 0.070615 0.158662 0.015576
0.081443 0.000010 0.000010 0.000010 0.000010 0.000010 0.000010 0.865565 0.052932
0.017743 0.000010 0.000010 0.000010 0.000010 0.000010 0.000010 0.970918 0.011280
0.000010 0.000105 0.036936 0.000826 0.009199 0.650805 0.035834 0.262272 0.004014
0.000010 0.049071 0.018235 0.000010 0.000010 0.644357 0.017737 0.270560 0.000010
0.000010 0.007624 0.047362 0.015749 0.005925 0.645590 0.014872 0.258090 0.004778
0.000010 0.000010 0.000010 0.019718 0.000010 0.835971 0.006637 0.009311 0.128323
0.000010 0.003326 0.037393 0.028114 0.004055 0.854298 0.000010 0.072784 0.000010
0.000010 0.046192 0.138135 0.155985 0.080980 0.419003 0.110983 0.048364 0.000349
0.027994 0.000010 0.000010 0.000010 0.000010 0.000010 0.000010 0.946194 0.025752
0.020976 0.000010 0.000010 0.012267 0.000010 0.000010 0.000010 0.950844 0.015863
0.119270 0.000010 0.000010 0.000010 0.000010 0.000010 0.000010 0.790690 0.089980
0.000010 0.022850 0.023535 0.005675 0.002708 0.651439 0.001557 0.292216 0.000010
0.000010 0.024411 0.053079 0.043491 0.012595 0.809375 0.021441 0.000394 0.035205
0.000010 0.000010 0.066810 0.028802 0.009885 0.825884 0.024829 0.043759 0.000010
0.000010 0.066146 0.154809 0.123979 0.078121 0.407357 0.081808 0.087760 0.000010
0.019497 0.048574 0.106316 0.084233 0.043997 0.400932 0.094797 0.187184 0.014469
0.023962 0.000010 0.000010 0.000010 0.000010 0.000010 0.000010 0.948878 0.027100
0.023914 0.000010 0.000010 0.000010 0.000010 0.000010 0.000258 0.975768 0.000010
0.000010 0.000010 0.039556 0.011701 0.018776 0.651114 0.009003 0.269820 0.000010
0.000010 0.008077 0.035112 0.000010 0.000010 0.655159 0.013236 0.288375 0.000010
0.000010 0.011492 0.037353 0.010201 0.000010 0.638645 0.004301 0.297979 0.000010
0.011351 0.000010 0.000010 0.000010 0.000010 0.804349 0.000010 0.000010 0.184239
0.000010 0.020970 0.057366 0.000010 0.002613 0.859706 0.000010 0.000010 0.059304
0.000010 0.004125 0.053616 0.020311 0.000010 0.855357 0.000733 0.065828 0.000010
0.000010 0.041329 0.183971 0.104375 0.056000 0.416289 0.109471 0.088545 0.000010
0.056910 0.026374 0.104018 0.079430 0.023276 0.412630 0.099633 0.175400 0.022328
0.037100 0.000010 0.000010 0.000010 0.000010 0.001852 0.000010 0.929973 0.031025
0.044936 0.010823 0.000010 0.000010 0.000010 0.000010 0.000010 0.919956 0.024235
0.000010 0.011380 0.036650 0.039224 0.012242 0.640621 0.001467 0.258395 0.000010
0.000010 0.038581 0.008920 0.010506 0.007070 0.657845 0.009503 0.267555 0.000010
0.000010 0.024383 0.010269 0.019357 0.006203 0.626005 0.019703 0.294059 0.000010
0.000010 0.026418 0.034949 0.022242 0.009618 0.848417 0.000010 0.000010 0.058325
0.000010 0.000010 0.016034 0.025678 0.012484 0.855182 0.033714 0.056878 0.000010
0.047367 0.044881 0.081272 0.142325 0.030283 0.375684 0.098763 0.165583 0.013842
0.024826 0.000010 0.000010 0.000010 0.000010 0.000010 0.000010 0.955541 0.019573
0.033859 0.000010 0.000580 0.000010 0.002747 0.000010 0.000010 0.934527 0.028247
0.000010 0.002133 0.022512 0.039857 0.004939 0.624778 0.000936 0.304826 0.000010
0.000010 0.027802 0.078372 0.000010 0.018648 0.825860 0.000010 0.000010 0.049278
0.000010 0.000010 0.008276 0.026109 0.014353 0.865714 0.023494 0.060644 0.001389
0.024788 0.067663 0.089865 0.110411 0.027767 0.417375 0.095067 0.141742 0.025322
0.036605 0.000010 0.000010 0.000010 0.000010 0.000010 0.000010 0.952898 0.010437
0.047682 0.000010 0.000010 0.000010 0.000010 0.000010 0.000010 0.907466 0.044791
0.000010 0.035717 0.016845 0.000010 0.011783 0.659767 0.000010 0.275848 0.000010
0.000010 0.003175 0.008874 0.000010 0.005464 0.638808 0.036083 0.307564 0.000010
0.021952 0.000010 0.000010 0.000010 0.000010 0.783974 0.000010 0.000010 0.194014
0.010435 0.000010 0.000010 0.000010 0.000010 0.787808 0.000010 0.000010 0.201696
0.036998 0.037523 0.090735 0.000246 0.024958 0.510113 0.047579 0.247724 0.004124
0.015592 0.032309 0.049559 0.017790 0.051489 0.441914 0.036823 0.350621 0.003903
0.278249 0.021523 0.042288 0.029182 0.000010 0.088099 0.000010 0.282322 0.258318
0.001438 0.029632 0.033538 0.000013 0.012925 0.851460 0.019108 0.000010 0.051876
0.002722 0.021325 0.009296 0.021226 0.000010 0.877022 0.000010 0.068379 0.000010
0.000010 0.033029 0.130881 0.151069 0.060612 0.438691 0.134429 0.051269 0.000010
0.011513 0.000010 0.005472 0.000010 0.000010 0.000010 0.000010 0.935019 0.047946
0.060139 0.000010 0.000010 0.000010 0.000010 0.000010 0.000010 0.881070 0.058731
0.000010 0.026196 0.058353 0.006482 0.000010 0.626452 0.000010 0.282477 0.000010
0.000010 0.000010 0.045607 0.000010 0.012252 0.635230 0.020638 0.286233 0.000010
0.024974 0.000010 0.000010 0.000010 0.000010 0.774203 0.000010 0.000010 0.200763
0.346691 0.000559 0.000010 0.004407 0.000010 0.000010 0.029276 0.112884 0.506154
0.000010 0.001784 0.015919 0.025074 0.000010 0.909056 0.009620 0.038517 0.000010
0.016560 0.015891 0.000010 0.000010 0.000010 0.824907 0.000010 0.000010 0.142592
0.000010 0.023008 0.038161 0.023566 0.014002 0.629340 0.000010 0.271894 0.000010
0.014083 0.000010 0.000010 0.000010 0.000010 0.000010 0.000010 0.959461 0.026396
0.000010 0.014256 0.016590 0.000010 0.002670 0.640523 0.031560 0.294370 0.000010
0.027296 0.058179 0.073964 0.105767 0.018087 0.433608 0.102337 0.168178 0.012583
0.000010 0.055914 0.089623 0.162900 0.048080 0.459842 0.124054 0.059567 0.000010
0.003223 0.031360 0.076391 0.016669 0.000659 0.767642 0.047017 0.000010 0.057029
0.179277 0.000010 0.000010 0.000010 0.000010 0.000010 0.000010 0.684363 0.136299
0.000010 0.014491 0.067264 0.065379 0.000010 0.722171 0.017695 0.112970 0.000010
0.186784 0.000010 0.010314 0.000010 0.063155 0.021684 0.000010 0.005669 0.712365
0.169415 0.000010 0.000010 0.010978 0.034307 0.013374 0.010982 0.015106 0.745818
0.122031 0.002349 0.009310 0.029992 0.033968 0.029824 0.000010 0.000010 0.772506
0.109130 0.000010 0.021293 0.005110 0.056943 0.015258 0.000010 0.000010 0.792235
0.000010 0.034924 0.312416 0.127797 0.149045 0.271669 0.080392 0.023737 0.000010
0.000010 0.067112 0.240639 0.133973 0.132554 0.263490 0.098257 0.063955 0.000010
0.000010 0.053756 0.311023 0.115829 0.141290 0.258799 0.074390 0.044893 0.000010
0.000010 0.065965 0.301400 0.105182 0.160022 0.270889 0.051538 0.044984 0.000010
0.174081 0.000010 0.004328 0.025803 0.023243 0.053693 0.004235 0.024372 0.690236
0.290643 0.000010 0.000010 0.000010 0.001902 0.000010 0.000010 0.058085 0.649320
0.253105 0.000010 0.000010 0.000010 0.019555 0.000010 0.000010 0.048648 0.678642
0.270103 0.000010 0.000010 0.000010 0.005320 0.000010 0.027365 0.040209 0.656964
0.271593 0.000010 0.000010 0.000010 0.008955 0.000010 0.000010 0.057077 0.662326
0.265839 0.000010 0.008289 0.000010 0.014234 0.000010 0.012161 0.039890 0.659558
0.174298 0.000010 0.016976 0.000010 0.022608 0.023799 0.007062 0.010127 0.745110
0.290453 0.000010 0.000010 0.000010 0.026019 0.000010 0.000010 0.050492 0.632986
0.168175 0.000010 0.112058 0.074305 0.067332 0.031280 0.006053 0.072666 0.468121
0.000010 0.006487 0.000010 0.003878 0.084544 0.143718 0.000010 0.000010 0.761334
0.103391 0.000010 0.039797 0.000010 0.056277 0.013683 0.000010 0.001084 0.785739
0.084315 0.000010 0.009228 0.016035 0.066135 0.021982 0.000010 0.000010 0.802275
0.082261 0.010129 0.019725 0.000010 0.055636 0.022176 0.000010 0.000010 0.810044
0.087789 0.000357 0.016176 0.035681 0.040243 0.025640 0.000010 0.000010 0.794095
0.053293 0.017962 0.017230 0.000010 0.055288 0.040029 0.000010 0.000010 0.816168
0.175261 0.000010 0.001696 0.029796 0.033885 0.013998 0.000010 0.006399 0.738946
0.077359 0.017879 0.002383 0.014747 0.047864 0.034350 0.000010 0.000010 0.805399
0.100164 0.003835 0.023529 0.017910 0.066863 0.007049 0.000010 0.000010 0.780631
0.087715 0.005677 0.000010 0.047032 0.073139 0.000010 0.000010 0.000010 0.786397
0.107751 0.017974 0.014762 0.000010 0.047187 0.042839 0.000010 0.000010 0.769457
0.153342 0.029548 0.004250 0.000010 0.017922 0.000010 0.000010 0.021567 0.773341
0.193751 0.018276 0.006208 0.008414 0.004539 0.019373 0.000010 0.017597 0.731833
0.122702 0.000010 0.038011 0.009576 0.023366 0.000013 0.000010 0.000321 0.805991
0.154474 0.008237 0.000010 0.000010 0.028607 0.043878 0.000010 0.000010 0.764765
0.139051 0.023648 0.000010 0.012743 0.017144 0.025709 0.000010 0.018710 0.762976
0.124131 0.009912 0.014773 0.000010 0.010105 0.005472 0.021904 0.006531 0.807163
0.138668 0.000010 0.018635 0.000010 0.004131 0.012845 0.017149 0.020542 0.788010
0.140728 0.014298 0.000010 0.000010 0.025972 0.000010 0.005114 0.022693 0.791165
0.150881 0.001837 0.000864 0.007915 0.017731 0.004073 0.017841 0.021653 0.777206
0.191691 0.009621 0.026298 0.000010 0.036543 0.006127 0.000010 0.000010 0.729691
0.186867 0.004838 0.023818 0.000010 0.035611 0.017992 0.000010 0.003473 0.727381
0.126580 0.005720 0.001954 0.000010 0.068725 0.038757 0.000010 0.000010 0.758234
0.077958 0.006219 0.000010 0.000010 0.044876 0.039406 0.005783 0.000010 0.825729
0.077973 0.002900 0.000010 0.000010 0.050587 0.021452 0.023990 0.000010 0.823068
0.051695 0.016646 0.000010 0.005570 0.039067 0.007087 0.000010 0.000010 0.879906
0.015469 0.024457 0.000010 0.000010 0.044628 0.000010 0.000010 0.000010 0.915395
0.015569 0.011184 0.000010 0.000010 0.020857 0.015142 0.012575 0.000010 0.924642
0.019217 0.010323 0.000010 0.000010 0.018132 0.000010 0.020059 0.000010 0.932230
0.157583 0.000010 0.015623 0.013889 0.039192 0.036855 0.004678 0.000010 0.732160
0.132658 0.000014 0.000010 0.053600 0.040980 0.016327 0.000010 0.000010 0.756391
0.174239 0.000010 0.000010 0.029967 0.057125 0.026347 0.000010 0.000010 0.712282
0.142633 0.010916 0.013895 0.000010 0.018982 0.013839 0.005714 0.008746 0.785266
0.189330 0.000010 0.018483 0.000010 0.054388 0.000010 0.000010 0.005396 0.732363
0.055128 0.000010 0.028780 0.000010 0.044619 0.022649 0.000010 0.000010 0.848784
0.149836 0.008897 0.000010 0.000523 0.032493 0.003910 0.032375 0.000793 0.771163
0.174794 0.000010 0.000010 0.000010 0.036380 0.015237 0.000010 0.034146 0.739404
0.157621 0.000010 0.028993 0.000010 0.027304 0.023763 0.000010 0.000010 0.762279
0.101899 0.006365 0.021978 0.002215 0.010263 0.019382 0.009485 0.000010 0.828403
0.139000 0.014548 0.000010 0.000010 0.025407 0.008909 0.000010 0.000010 0.812095
0.130749 0.008742 0.007541 0.000010 0.002748 0.053165 0.014328 0.001478 0.781237
0.186832 0.025260 0.000010 0.000010 0.029849 0.000010 0.007283 0.022416 0.728331
0.111419 0.011050 0.007453 0.009598 0.051780 0.033729 0.000010 0.000010 0.774951
0.169151 0.000010 0.029137 0.014159 0.049092 0.006103 0.000010 0.000010 0.732328
0.207727 0.005158 0.015323 0.015172 0.032159 0.033631 0.007134 0.000010 0.683686
0.111877 0.000010 0.030614 0.015313 0.047077 0.000010 0.000010 0.000010 0.795079
0.080533 0.010600 0.000010 0.028863 0.076527 0.000010 0.000010 0.000010 0.803437
0.202630 0.004858 0.000010 0.035984 0.027817 0.014476 0.000010 0.004487 0.709728
0.074442 0.000010 0.010833 0.000010 0.050640 0.051096 0.000010 0.000010 0.812948
0.161015 0.022935 0.000010 0.000010 0.029752 0.035540 0.000010 0.000010 0.750718
0.167061 0.000010 0.032804 0.004128 0.035813 0.000565 0.008431 0.007133 0.744054
0.057569 0.000010 0.024879 0.007757 0.041343 0.006874 0.000525 0.000010 0.861032
0.080117 0.000010 0.029939 0.005075 0.071563 0.028688 0.000861 0.000010 0.783736
0.084232 0.007839 0.003953 0.007323 0.054605 0.041358 0.000010 0.000010 0.800670
0.097860 0.011517 0.008058 0.010718 0.045182 0.025505 0.001929 0.000010 0.799221
0.118529 0.000017 0.017965 0.005801 0.053412 0.021373 0.007592 0.000010 0.775301
0.075888 0.000010 0.154481 0.124163 0.119386 0.095929 0.006658 0.002003 0.421482
0.240023 0.000010 0.009920 0.000010 0.023672 0.000010 0.036071 0.020176 0.670108
0.242296 0.000010 0.016098 0.000010 0.026543 0.000010 0.000010 0.027046 0.687976
0.249759 0.003395 0.023181 0.001019 0.018326 0.000010 0.000010 0.034634 0.669666
0.238209 0.000010 0.000010 0.000010 0.015824 0.000010 0.011193 0.045574 0.689161
0.218970 0.000010 0.010932 0.000010 0.027997 0.000010 0.025859 0.030262 0.685950
0.253031 0.007752 0.011573 0.000010 0.014568 0.000010 0.000010 0.032810 0.680237
0.248992 0.000010 0.000010 0.000010 0.011263 0.006970 0.004802 0.047405 0.680538
0.266047 0.000010 0.000010 0.000010 0.000010 0.013503 0.006784 0.038905 0.674721
0.194956 0.006568 0.012746 0.005180 0.023891 0.007067 0.002590 0.023128 0.723874
0.143149 0.003408 0.010406 0.015828 0.050344 0.025569 0.000010 0.000010 0.751275
0.192297 0.000010 0.009576 0.000495 0.034908 0.003345 0.012766 0.029857 0.716746
0.174219 0.000010 0.000450 0.006534 0.035433 0.032622 0.003224 0.029489 0.718018
0.184559 0.000582 0.004863 0.020441 0.035187 0.019269 0.000010 0.022819 0.712269
0.180348 0.016346 0.003033 0.000010 0.038005 0.005378 0.011577 0.017616 0.727687
0.242931 0.000461 0.000010 0.000010 0.010930 0.004878 0.000010 0.046578 0.694192
0.187570 0.003205 0.040285 0.007861 0.030533 0.000010 0.006091 0.001626 0.722820
0.202457 0.000010 0.000010 0.000643 0.026002 0.050268 0.000010 0.018867 0.701732
0.095733 0.000148 0.029485 0.001666 0.073019 0.025314 0.008115 0.000010 0.766510
0.153312 0.000010 0.026095 0.006264 0.040599 0.011125 0.005662 0.008061 0.748872
0.195423 0.000010 0.020398 0.000010 0.051382 0.012392 0.011984 0.007432 0.700970
0.210109 0.028608 0.001312 0.009027 0.014324 0.008372 0.003334 0.006853 0.718062
0.128648 0.000010 0.032187 0.010111 0.057016 0.010687 0.000010 0.000010 0.761321
0.000010 0.072353 0.353679 0.148801 0.189755 0.161903 0.000010 0.056645 0.016846
0.005837 0.010098 0.290308 0.250157 0.214710 0.087750 0.051608 0.012596 0.076937
0.000010 0.031761 0.270026 0.215394 0.197118 0.187571 0.014590 0.000010 0.083520
0.197048 0.026753 0.071757 0.053849 0.064507 0.028124 0.001866 0.031807 0.524288
0.000010 0.054650 0.411203 0.129770 0.194073 0.161269 0.008722 0.025872 0.014430
0.000010 0.058470 0.381858 0.120161 0.210364 0.174287 0.016062 0.038778 0.000010
0.052462 0.032871 0.188024 0.109405 0.160315 0.088245 0.004203 0.023464 0.341011
0.077501 0.030243 0.196570 0.103747 0.131262 0.096188 0.034473 0.028325 0.301692
0.039633 0.027564 0.218101 0.250208 0.166127 0.088987 0.044207 0.013292 0.151882
0.000010 0.835172 0.043723 0.056219 0.016534 0.006279 0.040330 0.001723 0.000010
0.000010 0.077163 0.391680 0.119416 0.242730 0.139801 0.000010 0.029179 0.000010
0.000010 0.042461 0.361202 0.152152 0.195046 0.172872 0.072004 0.001744 0.002510
0.056483 0.017863 0.180584 0.083281 0.184104 0.131107 0.009034 0.020780 0.316764
0.000010 0.017935 0.260673 0.262080 0.229303 0.137493 0.014474 0.000010 0.078022
0.000010 0.010320 0.249564 0.095257 0.253288 0.126865 0.000010 0.000010 0.264675
0.000010 0.061339 0.362000 0.149088 0.187823 0.198311 0.022818 0.018601 0.000010
0.088214 0.034061 0.203654 0.116272 0.138248 0.089054 0.003991 0.014132 0.312375
0.078126 0.011741 0.211401 0.083571 0.166460 0.089765 0.025325 0.024015 0.309595
0.110682 0.021574 0.148644 0.114876 0.118059 0.067977 0.021652 0.055705 0.340831
0.194276 0.000010 0.063144 0.084287 0.076308 0.024743 0.021788 0.036133 0.499310
0.036160 0.018452 0.187963 0.079927 0.222971 0.103350 0.000010 0.005666 0.345501
0.000010 0.023268 0.223837 0.086162 0.261377 0.120624 0.000010 0.000010 0.284701
0.000010 0.041077 0.390917 0.149502 0.170081 0.157785 0.066370 0.024249 0.000010
0.000010 0.042653 0.207685 0.108528 0.242994 0.122533 0.000010 0.000010 0.275577
0.000010 0.028670 0.382172 0.124823 0.220786 0.156681 0.038019 0.024388 0.024452
0.081880 0.007204 0.184123 0.113139 0.148904 0.105887 0.000010 0.008917 0.349935
0.070231 0.015166 0.204137 0.090956 0.164264 0.097140 0.000010 0.018202 0.339894
0.178798 0.000010 0.111653 0.076899 0.065058 0.040766 0.028677 0.030902 0.467236
0.000010 0.070640 0.391165 0.149137 0.196130 0.161860 0.000010 0.026373 0.004675
0.000010 0.028045 0.226173 0.061034 0.262353 0.148222 0.000010 0.000010 0.274143
0.000010 0.082439 0.376815 0.162216 0.206983 0.158563 0.000010 0.010665 0.002299
0.015593 0.024150 0.160675 0.287803 0.201937 0.081854 0.051768 0.020401 0.155820
0.019920 0.008408 0.202979 0.237143 0.204444 0.102199 0.033358 0.006978 0.184571
0.000010 0.064720 0.392551 0.104880 0.201797 0.169172 0.062299 0.002520 0.002050
0.000010 0.052712 0.357852 0.157651 0.195784 0.170462 0.036657 0.027383 0.001488
0.000010 0.007681 0.228439 0.070421 0.272961 0.148857 0.000010 0.000010 0.271610
0.186137 0.015647 0.058266 0.038217 0.080126 0.037074 0.003652 0.056842 0.524040
0.144574 0.024633 0.114966 0.063714 0.110287 0.072710 0.029446 0.040219 0.399453
0.077596 0.001949 0.196172 0.124882 0.153232 0.104601 0.003315 0.005328 0.332925
0.003119 0.015467 0.216082 0.254005 0.217017 0.129090 0.011664 0.000010 0.153546
0.000010 0.030395 0.175502 0.078143 0.267435 0.160235 0.004640 0.000010 0.283630
0.003660 0.031238 0.166664 0.284497 0.181682 0.095956 0.072571 0.014921 0.148811
0.216778 0.018697 0.073766 0.068675 0.065069 0.027737 0.012982 0.027306 0.488991
0.000010 0.000010 0.154801 0.291549 0.187972 0.106717 0.048240 0.016164 0.194536
0.000010 0.047394 0.363908 0.136152 0.209366 0.176829 0.044653 0.020562 0.001127
0.000010 0.000010 0.254869 0.093820 0.251329 0.139155 0.000010 0.000010 0.260787
0.065255 0.004383 0.189112 0.129730 0.125370 0.080862 0.029874 0.034609 0.340806
0.079644 0.013865 0.223614 0.098840 0.169274 0.055001 0.017160 0.020911 0.321690
0.069089 0.021170 0.209004 0.097516 0.140539 0.081355 0.022481 0.020603 0.338243
0.000010 0.027506 0.228308 0.084885 0.262423 0.140844 0.008335 0.000010 0.247679
0.000010 0.049899 0.419542 0.138152 0.223781 0.146337 0.001232 0.021038 0.000010
0.000010 0.015465 0.318843 0.262090 0.199760 0.108521 0.016767 0.025116 0.053429
0.046675 0.005971 0.207698 0.258860 0.189699 0.097563 0.045173 0.010009 0.138351
0.228410 0.011150 0.066863 0.052646 0.096722 0.011609 0.000010 0.049214 0.483377
0.000010 0.055989 0.361610 0.125969 0.213521 0.187952 0.017302 0.035662 0.001985
0.000010 0.051370 0.385789 0.167863 0.220527 0.135007 0.000010 0.039414 0.000010
0.146509 0.000283 0.107332 0.077599 0.099106 0.073006 0.006623 0.027653 0.461890
0.066316 0.043017 0.199872 0.049734 0.174876 0.087025 0.000010 0.026937 0.352213
0.191489 0.023039 0.085794 0.036211 0.073678 0.043560 0.000010 0.056339 0.489880
0.000010 0.017045 0.207277 0.082587 0.262591 0.159454 0.000010 0.000010 0.271017
0.013748 0.002605 0.191886 0.276699 0.204667 0.100915 0.024714 0.035023 0.149744
0.016567 0.000010 0.195741 0.286335 0.211242 0.129920 0.032375 0.000010 0.127798
0.080146 0.000010 0.172762 0.066237 0.163899 0.104283 0.022709 0.022369 0.367585
0.000010 0.070231 0.386419 0.103342 0.199133 0.212301 0.004884 0.015452 0.008229
0.000010 0.067845 0.411726 0.136249 0.200677 0.146587 0.009919 0.020386 0.006600
0.000010 0.068502 0.365559 0.135940 0.192418 0.153587 0.031503 0.050424 0.002056
0.148484 0.012486 0.107138 0.057642 0.122168 0.057355 0.041699 0.016407 0.436620
