0.018434 0.223231 0.000010 0.158454 0.000010 0.034896 0.311946 0.253018
0.013097 0.300433 0.000010 0.078305 0.000010 0.000010 0.279401 0.328733
0.024597 0.228967 0.013112 0.118040 0.000010 0.006249 0.359050 0.249975
0.000010 0.301767 0.018969 0.093034 0.000074 0.000010 0.294708 0.291429
0.000018 0.244447 0.000010 0.140834 0.000010 0.042329 0.334562 0.237789
0.039092 0.261114 0.001765 0.110853 0.000010 0.004593 0.320539 0.262035
0.009844 0.261045 0.030313 0.116258 0.000010 0.001194 0.280675 0.300661
0.000010 0.398164 0.000010 0.000010 0.000010 0.000010 0.058648 0.543138
0.000010 0.391538 0.000010 0.000010 0.000010 0.000010 0.065218 0.543194
0.000010 0.968198 0.000010 0.000010 0.000010 0.002707 0.000010 0.029045
0.001380 0.359363 0.000010 0.000010 0.000010 0.038303 0.106787 0.494136
0.000010 0.322039 0.009034 0.000010 0.000010 0.009060 0.116434 0.543403
0.000010 0.000010 0.088338 0.764426 0.039303 0.034631 0.073272 0.000010
0.020634 0.000016 0.102279 0.582139 0.070617 0.066083 0.158221 0.000010
0.007379 0.000010 0.021158 0.891914 0.007240 0.000010 0.057123 0.015166
0.049235 0.011505 0.080075 0.591419 0.032288 0.077169 0.158299 0.000010
0.016848 0.238052 0.014242 0.103992 0.000010 0.037382 0.345512 0.243962
0.006706 0.265036 0.000010 0.127096 0.000010 0.042971 0.311139 0.247032
0.000010 0.411545 0.000010 0.000010 0.000010 0.000010 0.049039 0.539366
0.000010 0.315804 0.000010 0.000010 0.003444 0.000010 0.071040 0.609672
0.000010 0.363984 0.000010 0.000010 0.000012 0.000010 0.075047 0.560918
0.000010 0.999928 0.000012 0.000010 0.000010 0.000010 0.000010 0.000010
0.007997 0.329925 0.010409 0.000010 0.000010 0.036874 0.077977 0.536798
0.005040 0.359866 0.028470 0.000010 0.000575 0.000010 0.102913 0.503116
0.010584 0.000010 0.065866 0.847608 0.018155 0.004600 0.053166 0.000010
0.019484 0.000461 0.036473 0.795677 0.022605 0.008516 0.116412 0.000371
0.000010 0.000010 0.000010 0.908178 0.001608 0.033608 0.029288 0.027288
0.012051 0.000010 0.136254 0.568524 0.065180 0.071218 0.146753 0.000010
0.015549 0.240972 0.014607 0.089278 0.000010 0.029528 0.357220 0.252836
0.018345 0.229351 0.042878 0.117765 0.001008 0.012630 0.319316 0.258707
0.000010 0.419282 0.000010 0.000010 0.000010 0.000010 0.095723 0.484944
0.000010 0.288399 0.000010 0.000010 0.005924 0.000010 0.058281 0.647356
0.000010 0.936263 0.000010 0.000422 0.000010 0.000010 0.000010 0.063265
0.000010 0.999930 0.000010 0.000010 0.000010 0.000010 0.000010 0.000010
0.022071 0.366386 0.005651 0.000010 0.000010 0.023976 0.079755 0.502140
0.022560 0.365696 0.024555 0.000010 0.000010 0.007209 0.081015 0.498945
0.031558 0.000010 0.085814 0.732442 0.040968 0.000454 0.108744 0.000010
0.000427 0.004675 0.015866 0.837259 0.019024 0.027767 0.077498 0.017484
0.000010 0.000010 0.086511 0.783321 0.012636 0.004149 0.113353 0.000010
0.046278 0.006073 0.093823 0.585541 0.045657 0.052514 0.170103 0.000010
0.043038 0.265937 0.016697 0.120697 0.000010 0.000010 0.288380 0.265231
0.000010 0.248889 0.046361 0.097537 0.000010 0.036767 0.330065 0.240361
0.000010 0.366725 0.000010 0.000010 0.000010 0.000010 0.062624 0.570601
0.000010 0.390894 0.000010 0.000010 0.000010 0.000010 0.045511 0.563545
0.000010 0.999930 0.000010 0.000010 0.000010 0.000010 0.000010 0.000010
0.000010 0.943632 0.000010 0.000106 0.005348 0.000010 0.000010 0.050874
0.000010 0.999928 0.000010 0.000010 0.000012 0.000010 0.000010 0.000010
0.000010 0.340916 0.006553 0.000010 0.000010 0.034344 0.113099 0.505057
0.022655 0.371671 0.000010 0.000010 0.000010 0.031617 0.085495 0.488532
0.030256 0.000010 0.082300 0.708309 0.042623 0.000010 0.136482 0.000010
0.021026 0.000130 0.000010 0.919153 0.012445 0.000010 0.019492 0.027734
0.025984 0.000010 0.025790 0.849197 0.000010 0.013724 0.085275 0.000010
0.029281 0.015463 0.059567 0.644573 0.053432 0.061814 0.135860 0.000010
0.027746 0.000010 0.056607 0.806796 0.021989 0.004290 0.082552 0.000010
0.075079 0.000010 0.141418 0.465867 0.079893 0.196506 0.041218 0.000010
0.033038 0.000010 0.056076 0.811435 0.023244 0.026803 0.040671 0.008723
0.000010 0.000011 0.074123 0.378035 0.030563 0.010472 0.506776 0.000010
0.013947 0.019589 0.078020 0.530388 0.029493 0.048017 0.280537 0.000010
0.005984 0.000010 0.011315 0.339874 0.010866 0.000010 0.631930 0.000010
0.019895 0.017891 0.072181 0.480138 0.040860 0.026028 0.342998 0.000010
0.011411 0.224872 0.000010 0.190345 0.005474 0.048889 0.301137 0.217863
0.024772 0.000010 0.054054 0.729807 0.067399 0.046020 0.077929 0.000010
0.000052 0.000010 0.119592 0.708939 0.020872 0.058000 0.092525 0.000010
0.018753 0.023424 0.059340 0.387829 0.029045 0.004514 0.461247 0.015848
0.011544 0.068867 0.001056 0.204939 0.031354 0.057976 0.589056 0.035209
0.002017 0.013276 0.022263 0.424953 0.026404 0.089165 0.421913 0.000010
0.013620 0.027991 0.076169 0.441363 0.006149 0.058621 0.363849 0.012239
0.002708 0.232877 0.027654 0.148088 0.005028 0.046045 0.283211 0.254389
0.000010 0.243560 0.019293 0.121674 0.000010 0.044904 0.323460 0.247089
0.009686 0.000010 0.065611 0.735909 0.057505 0.033400 0.097869 0.000010
0.052104 0.000010 0.134252 0.496904 0.071075 0.166404 0.079241 0.000010
0.044513 0.000010 0.055065 0.791201 0.036909 0.008370 0.063923 0.000010
0.019280 0.000010 0.046988 0.376325 0.033252 0.031052 0.473537 0.019556
0.027926 0.022576 0.102976 0.468310 0.039886 0.042458 0.295858 0.000010
0.004364 0.000020 0.067603 0.487125 0.032662 0.042811 0.365405 0.000010
0.045264 0.036425 0.074582 0.418839 0.035029 0.012965 0.359381 0.017514
0.034765 0.226357 0.044852 0.175618 0.000010 0.035041 0.278593 0.204765
0.000010 0.209379 0.031788 0.118199 0.000010 0.062719 0.352629 0.225265
0.038761 0.239289 0.025044 0.126870 0.009560 0.007920 0.303265 0.249291
0.000010 0.385674 0.000010 0.000010 0.000010 0.000010 0.072520 0.541756
0.000010 0.999930 0.000010 0.000010 0.000010 0.000010 0.000010 0.000010
0.006961 0.856533 0.000010 0.000010 0.000010 0.000010 0.002387 0.134078
0.000010 0.999930 0.000010 0.000010 0.000010 0.000010 0.000010 0.000010
0.000303 0.286726 0.003017 0.011299 0.025175 0.046404 0.064132 0.562945
0.025544 0.358940 0.000717 0.000010 0.000010 0.031684 0.072261 0.510834
0.002605 0.000010 0.085793 0.726888 0.023348 0.045088 0.116258 0.000010
0.002230 0.000010 0.000010 0.917487 0.012769 0.000010 0.048856 0.018628
0.042882 0.000010 0.045225 0.738713 0.021125 0.022588 0.129447 0.000010
0.073862 0.025827 0.113204 0.567416 0.063485 0.010470 0.145728 0.000010
0.002631 0.235172 0.048463 0.096387 0.000010 0.014244 0.354450 0.248642
0.000010 0.365790 0.000011 0.044159 0.000010 0.015354 0.217490 0.357177
0.000010 0.359103 0.000010 0.000010 0.000010 0.000010 0.066970 0.573877
0.000010 0.406256 0.000010 0.000010 0.000010 0.000010 0.064267 0.529427
0.000010 0.961076 0.000010 0.000010 0.000010 0.000010 0.000010 0.038864
0.000010 0.999930 0.000010 0.000010 0.000010 0.000010 0.000010 0.000010
0.013947 0.344794 0.013847 0.000010 0.000010 0.003825 0.112564 0.511004
0.004823 0.336216 0.019543 0.000010 0.000010 0.029606 0.083228 0.526564
0.029711 0.000010 0.084736 0.712914 0.048160 0.000010 0.124449 0.000010
0.037139 0.000010 0.044090 0.850762 0.000010 0.007055 0.060925 0.000010
0.016921 0.014298 0.089271 0.602570 0.033463 0.091255 0.152213 0.000010
0.011635 0.000010 0.063586 0.769528 0.037478 0.039697 0.076898 0.001167
0.090859 0.000010 0.199104 0.228431 0.099540 0.302549 0.079499 0.000010
0.019248 0.004388 0.043426 0.830881 0.023801 0.042560 0.026373 0.009323
0.000010 0.000010 0.049612 0.316679 0.009756 0.000010 0.623913 0.000010
0.024248 0.000010 0.025228 0.376094 0.044471 0.034020 0.495919 0.000010
0.000010 0.004346 0.074196 0.451293 0.022758 0.064885 0.382502 0.000010
0.010183 0.260431 0.058520 0.130571 0.000010 0.043572 0.254598 0.242115
0.026868 0.235366 0.022768 0.135302 0.000010 0.007233 0.325536 0.246917
0.000010 0.350813 0.000010 0.000010 0.000010 0.000010 0.060753 0.588384
0.000010 0.342959 0.000010 0.000010 0.000010 0.000010 0.074745 0.582247
0.000010 0.999930 0.000010 0.000010 0.000010 0.000010 0.000010 0.000010
0.000010 0.886211 0.000010 0.000010 0.010749 0.000010 0.000010 0.102990
0.000019 0.341410 0.008822 0.000010 0.006490 0.029899 0.107151 0.506200
0.006006 0.000010 0.090201 0.690145 0.032173 0.036155 0.145298 0.000010
0.013274 0.000010 0.024123 0.877162 0.000010 0.000010 0.077563 0.007848
0.001080 0.011085 0.000010 0.907919 0.000951 0.009316 0.058095 0.011543
0.019669 0.004584 0.091800 0.576560 0.078320 0.062812 0.166245 0.000010
0.012561 0.006734 0.041764 0.773092 0.044107 0.041626 0.080107 0.000010
0.076374 0.000010 0.165893 0.420776 0.099614 0.174456 0.062867 0.000010
0.007583 0.006466 0.075550 0.790650 0.046713 0.017912 0.055117 0.000010
0.022337 0.001719 0.037023 0.400621 0.029973 0.000010 0.508308 0.000010
0.000010 0.000010 0.025693 0.315094 0.057160 0.000010 0.602013 0.000010
0.022009 0.003536 0.082485 0.458575 0.023224 0.021472 0.388689 0.000010
0.030963 0.180894 0.003013 0.161993 0.007480 0.028087 0.397897 0.189672
0.019527 0.242167 0.000010 0.101246 0.012647 0.011327 0.330955 0.282122
0.000010 0.342141 0.000010 0.000010 0.000010 0.000010 0.038763 0.619047
0.000010 0.412511 0.000010 0.000010 0.000010 0.000010 0.058346 0.529092
0.000010 0.999930 0.000010 0.000010 0.000010 0.000010 0.000010 0.000010
0.000010 0.999930 0.000010 0.000010 0.000010 0.000010 0.000010 0.000010
0.000010 0.336657 0.000010 0.009889 0.003109 0.037804 0.076876 0.535645
0.007674 0.353883 0.024057 0.000010 0.000010 0.022311 0.106866 0.485190
0.022987 0.000010 0.118214 0.657664 0.063207 0.011131 0.126777 0.000010
0.000010 0.000010 0.019581 0.900787 0.003029 0.000010 0.056352 0.020221
0.001711 0.000010 0.016442 0.916026 0.013724 0.000010 0.038724 0.013353
0.029028 0.005721 0.105952 0.557299 0.070114 0.062545 0.169330 0.000010
0.016454 0.000010 0.038627 0.721190 0.032114 0.070872 0.120725 0.000010
0.068101 0.000010 0.169827 0.431635 0.083685 0.170553 0.076180 0.000010
0.032538 0.000010 0.060247 0.785520 0.052152 0.003777 0.065745 0.000010
0.000010 0.000010 0.013801 0.198516 0.000010 0.001822 0.785820 0.000010
0.006372 0.034162 0.074234 0.437711 0.016088 0.079427 0.351995 0.000010
0.029815 0.058663 0.076496 0.453915 0.019428 0.009696 0.307511 0.044476
0.017557 0.274874 0.039848 0.138339 0.006221 0.008274 0.234077 0.280810
0.027869 0.252416 0.000010 0.121020 0.000010 0.013884 0.308449 0.276342
0.000012 0.385314 0.000010 0.000010 0.000010 0.000010 0.065456 0.549178
0.000010 0.417725 0.000010 0.000010 0.000010 0.000010 0.053987 0.528238
0.000010 0.999930 0.000010 0.000010 0.000010 0.000010 0.000010 0.000010
0.000010 0.999930 0.000010 0.000010 0.000010 0.000010 0.000010 0.000010
0.000010 0.999930 0.000010 0.000010 0.000010 0.000010 0.000010 0.000010
0.014098 0.345635 0.019354 0.000010 0.005421 0.035301 0.082692 0.497489
0.000286 0.367888 0.000010 0.000010 0.000010 0.017505 0.093222 0.521069
0.010682 0.000010 0.069305 0.672324 0.042374 0.046892 0.158403 0.000010
0.000010 0.004530 0.054752 0.783531 0.013045 0.048120 0.074935 0.021077
0.000014 0.004259 0.000010 0.929504 0.011273 0.000010 0.034187 0.020743
0.009928 0.008248 0.108604 0.535556 0.058635 0.071566 0.207453 0.000010
0.037881 0.000010 0.077566 0.688649 0.033635 0.053862 0.108387 0.000010
0.008645 0.000010 0.031413 0.785568 0.057132 0.045069 0.065832 0.006331
0.039685 0.000010 0.039849 0.407320 0.025170 0.054113 0.433843 0.000010
0.030897 0.004100 0.037385 0.353567 0.037527 0.028359 0.501107 0.007059
0.008918 0.021085 0.079662 0.486508 0.021406 0.046547 0.323232 0.012641
0.020660 0.000010 0.017959 0.294419 0.014449 0.010581 0.641913 0.000010
0.000010 0.000010 0.000010 0.934328 0.000010 0.000010 0.000010 0.065612
0.000010 0.234134 0.049877 0.113162 0.008382 0.001970 0.347053 0.245412
0.000010 0.352060 0.000010 0.000010 0.000010 0.000010 0.051046 0.596843
0.000010 0.736653 0.006068 0.000010 0.005185 0.000010 0.029281 0.222784
0.000010 0.999930 0.000010 0.000010 0.000010 0.000010 0.000010 0.000010
0.013317 0.341280 0.000010 0.000010 0.028365 0.043590 0.070266 0.503163
0.009141 0.341856 0.000010 0.000010 0.000010 0.024258 0.091438 0.533276
0.012051 0.000010 0.000014 0.797397 0.024375 0.064482 0.101661 0.000010
0.010569 0.000010 0.040414 0.827815 0.010677 0.006072 0.104432 0.000010
0.026770 0.000010 0.067632 0.805464 0.007374 0.000010 0.092731 0.000010
0.012692 0.000010 0.048333 0.777156 0.069043 0.016402 0.076354 0.000010
0.031457 0.000010 0.168270 0.454933 0.076580 0.211929 0.056810 0.000010
0.025676 0.000010 0.064973 0.785749 0.031313 0.029625 0.062644 0.000010
0.000010 0.000010 0.049774 0.231112 0.020673 0.000010 0.698401 0.000010
0.000010 0.012228 0.040128 0.396956 0.028350 0.029899 0.492417 0.000010
0.049395 0.052968 0.045822 0.215260 0.000010 0.021988 0.582354 0.032204
0.000010 0.000010 0.029749 0.411300 0.009841 0.030067 0.519013 0.000010
0.030802 0.297264 0.023337 0.090048 0.000010 0.015774 0.268531 0.274234
0.000010 0.000010 0.000010 0.945368 0.000010 0.000010 0.000010 0.054572
0.000010 0.404116 0.000010 0.000010 0.000010 0.000010 0.060894 0.534940
0.000010 0.999930 0.000010 0.000010 0.000010 0.000010 0.000010 0.000010
0.000010 0.384509 0.000010 0.000010 0.000010 0.000010 0.076539 0.538901
0.000010 0.370428 0.000010 0.000010 0.000010 0.000010 0.064846 0.564676
0.005601 0.008469 0.084696 0.804751 0.015324 0.044699 0.036448 0.000010
0.026652 0.000010 0.052374 0.356035 0.015174 0.051620 0.498125 0.000010
0.033058 0.000010 0.144025 0.448547 0.096684 0.218596 0.059070 0.000010
0.025355 0.003173 0.084473 0.809654 0.029919 0.000010 0.047406 0.000010
0.000010 0.002771 0.046108 0.339189 0.000010 0.027369 0.575736 0.008806
0.051448 0.010746 0.057697 0.481729 0.025283 0.045625 0.327463 0.000010
0.016867 0.118978 0.063876 0.325296 0.027088 0.016488 0.336636 0.094771
0.000010 0.247178 0.032357 0.148137 0.013301 0.040145 0.261500 0.257372
0.000010 0.000010 0.000010 0.943280 0.000010 0.000010 0.000010 0.056660
0.000010 0.991744 0.000010 0.000010 0.003832 0.000010 0.000010 0.004374
0.000010 0.321139 0.011106 0.000010 0.000010 0.059591 0.096225 0.511909
0.000010 0.339528 0.025909 0.000010 0.000010 0.012003 0.091760 0.530770
0.000010 0.344498 0.000010 0.000010 0.000010 0.033352 0.111913 0.510198
0.000010 0.009114 0.025912 0.881958 0.015121 0.000010 0.058180 0.009695
0.008514 0.000010 0.060409 0.822012 0.015861 0.000010 0.093174 0.000010
0.021174 0.000010 0.077580 0.709734 0.051507 0.052695 0.087290 0.000010
0.018741 0.004360 0.064260 0.790818 0.058384 0.023619 0.039807 0.000010
0.038519 0.000010 0.126432 0.449782 0.095153 0.220812 0.069282 0.000010
0.000010 0.000010 0.024409 0.178239 0.014269 0.011502 0.771552 0.000010
0.010950 0.026221 0.045558 0.382454 0.022975 0.051295 0.460536 0.000010
0.031960 0.026048 0.057814 0.465651 0.028993 0.059869 0.313486 0.016179
0.000010 0.009812 0.044640 0.467833 0.027178 0.055836 0.394681 0.000010
0.019477 0.002203 0.075437 0.469597 0.053731 0.050092 0.318993 0.010471
0.000010 0.000010 0.000010 0.939345 0.000010 0.000010 0.000010 0.060595
0.036127 0.000010 0.142924 0.495819 0.078905 0.160090 0.086116 0.000010
0.031968 0.000010 0.072618 0.773816 0.024394 0.028501 0.066291 0.002401
0.012404 0.006481 0.047097 0.325007 0.021676 0.014624 0.572702 0.000010
0.019955 0.017423 0.069107 0.377675 0.022921 0.015166 0.477744 0.000010
0.016642 0.067019 0.000010 0.197548 0.030061 0.083007 0.573617 0.032097
0.028323 0.000010 0.062510 0.428867 0.035399 0.037308 0.407572 0.000010
0.022630 0.296339 0.001140 0.150965 0.000010 0.045042 0.241636 0.242237
0.000010 0.000010 0.000010 0.956139 0.000010 0.000010 0.000010 0.043801
0.000010 0.000010 0.000010 0.950356 0.000010 0.000010 0.000010 0.049584
0.031464 0.000010 0.053319 0.815434 0.009652 0.034666 0.000010 0.055446
0.017251 0.000010 0.000010 0.873544 0.031587 0.035931 0.041658 0.000010
0.055406 0.030102 0.157047 0.411929 0.035092 0.116929 0.168119 0.025377
0.000010 0.025320 0.000010 0.000010 0.005956 0.000010 0.945183 0.023500
0.000010 0.063620 0.000010 0.004598 0.000010 0.000010 0.873022 0.058720
0.021213 0.000010 0.006761 0.663765 0.000010 0.013645 0.294587 0.000010
0.003137 0.000010 0.052013 0.664478 0.008297 0.000010 0.272044 0.000010
0.007866 0.000010 0.031955 0.670900 0.009307 0.015769 0.264182 0.000010
0.016854 0.001433 0.015648 0.844890 0.013866 0.008492 0.038885 0.059933
0.010508 0.010794 0.000010 0.933804 0.000010 0.000010 0.000010 0.044854
0.015690 0.000894 0.038072 0.847589 0.019869 0.012715 0.064221 0.000951
0.057945 0.029170 0.101466 0.394443 0.047826 0.180208 0.148618 0.040324
0.000010 0.056980 0.000010 0.000010 0.000010 0.000010 0.918849 0.024121
0.000010 0.000010 0.000010 0.036187 0.000010 0.000010 0.963753 0.000010
0.000010 0.000010 0.015529 0.636342 0.034494 0.053844 0.259761 0.000010
0.000010 0.000010 0.066186 0.626913 0.016929 0.009700 0.280243 0.000010
0.000010 0.014284 0.000010 0.782900 0.000010 0.000010 0.000010 0.202766
0.002082 0.005548 0.021489 0.399370 0.036740 0.019596 0.515165 0.000010
0.000010 0.000010 0.000010 0.940680 0.000010 0.000010 0.000010 0.059260
0.035397 0.000010 0.144449 0.480409 0.073297 0.167225 0.098842 0.000371
0.097948 0.025146 0.127881 0.344932 0.060540 0.191914 0.151630 0.000010
0.008048 0.069511 0.000010 0.000010 0.000010 0.000010 0.872551 0.049851
0.000010 0.016549 0.000010 0.000010 0.000010 0.000010 0.982855 0.000546
0.015151 0.000010 0.007892 0.645269 0.023058 0.027778 0.280832 0.000010
0.023154 0.000010 0.039586 0.652996 0.010627 0.005333 0.268283 0.000010
0.000010 0.000010 0.042559 0.655462 0.015726 0.000010 0.286213 0.000010
0.000010 0.026800 0.000428 0.845981 0.000010 0.000010 0.000010 0.126752
0.000010 0.000010 0.000010 0.942609 0.000010 0.000010 0.000010 0.057331
0.007743 0.002889 0.074062 0.803443 0.032455 0.044437 0.000010 0.034963
0.043777 0.000012 0.151770 0.479021 0.081500 0.154669 0.089241 0.000010
0.055793 0.032421 0.063604 0.393565 0.063100 0.148998 0.196850 0.045670
0.000010 0.164236 0.000010 0.000010 0.000010 0.000010 0.704372 0.131342
0.002786 0.037482 0.000016 0.000010 0.004139 0.000010 0.938077 0.017480
0.010772 0.000010 0.046135 0.636696 0.000010 0.011608 0.294758 0.000010
0.026918 0.000010 0.041625 0.622006 0.020900 0.000010 0.288522 0.000010
0.014495 0.000010 0.027274 0.651199 0.000620 0.025388 0.281005 0.000010
0.000010 0.020333 0.000010 0.759973 0.000010 0.000010 0.000010 0.219643
0.007918 0.361346 0.005028 0.000010 0.000010 0.023204 0.112100 0.490384
0.023134 0.337597 0.000010 0.004200 0.000010 0.037268 0.075708 0.522074
0.009128 0.000010 0.083738 0.670170 0.037513 0.060128 0.139303 0.000010
0.000010 0.001143 0.000010 0.927504 0.000010 0.000010 0.041628 0.029684
0.032135 0.009398 0.099660 0.572778 0.059546 0.051885 0.174589 0.000010
0.000010 0.007520 0.000010 0.952160 0.000010 0.000010 0.000010 0.040270
0.000010 0.008850 0.020643 0.912348 0.000010 0.013490 0.044638 0.000010
0.068362 0.000010 0.120671 0.510505 0.062152 0.156712 0.081578 0.000010
0.066430 0.041391 0.109463 0.442413 0.069723 0.092864 0.162030 0.015687
0.000010 0.080475 0.000010 0.000010 0.000010 0.000010 0.865581 0.053894
0.000010 0.016637 0.000010 0.000010 0.000010 0.000010 0.969949 0.013365
0.002475 0.000010 0.047570 0.653063 0.013331 0.014309 0.265606 0.003636
0.052262 0.000010 0.027782 0.646161 0.000010 0.000010 0.273754 0.000010
0.008936 0.000010 0.045954 0.649237 0.011193 0.019530 0.260418 0.004722
0.000010 0.000010 0.000010 0.838912 0.000010 0.021529 0.011195 0.128323
0.004340 0.000010 0.023214 0.859699 0.012489 0.025464 0.074774 0.000010
0.051127 0.000010 0.149300 0.425280 0.110884 0.210018 0.052331 0.001050
0.000010 0.027217 0.000010 0.000010 0.000010 0.000010 0.945993 0.026741
0.002310 0.020584 0.000010 0.000010 0.001765 0.004115 0.954030 0.017176
0.000010 0.117745 0.000010 0.000010 0.000010 0.000010 0.790784 0.091421
0.022844 0.000010 0.015352 0.655019 0.007078 0.005621 0.294066 0.000010
0.025212 0.000010 0.046902 0.814974 0.022967 0.053051 0.001535 0.035349
0.000010 0.000010 0.064405 0.830371 0.021521 0.038217 0.045456 0.000010
0.070452 0.000010 0.155734 0.412302 0.109954 0.160220 0.091317 0.000010
0.052813 0.020046 0.125179 0.405615 0.060465 0.130211 0.191148 0.014524
0.000010 0.022906 0.000010 0.000010 0.000010 0.000010 0.948836 0.028209
0.000010 0.023604 0.000010 0.000010 0.000010 0.000010 0.976336 0.000010
0.000247 0.000010 0.034442 0.654605 0.023311 0.015279 0.272096 0.000010
0.010710 0.000010 0.031359 0.659179 0.005360 0.001800 0.291573 0.000010
0.013094 0.000010 0.032193 0.643445 0.001024 0.009565 0.300659 0.000010
0.000010 0.010514 0.000010 0.804816 0.000010 0.000010 0.000010 0.184620
0.020290 0.000010 0.045538 0.864502 0.010442 0.000010 0.000010 0.059198
0.004683 0.000010 0.043211 0.862563 0.000010 0.020916 0.068597 0.000010
0.046073 0.000010 0.199403 0.421230 0.089644 0.151900 0.091729 0.000010
0.030005 0.056912 0.132025 0.416567 0.037396 0.124786 0.179444 0.022865
0.000010 0.036216 0.000010 0.000707 0.000010 0.000010 0.930948 0.032089
0.009943 0.044209 0.000010 0.000010 0.000010 0.000010 0.920671 0.025137
0.012800 0.000010 0.025333 0.643763 0.019801 0.038030 0.260253 0.000010
0.039598 0.000010 0.006915 0.661011 0.008072 0.014593 0.269792 0.000010
0.025544 0.000010 0.015689 0.628862 0.005653 0.027468 0.296764 0.000010
0.028748 0.000010 0.018791 0.856385 0.018341 0.018802 0.000010 0.058914
0.000010 0.000010 0.025249 0.858769 0.014326 0.041998 0.059627 0.000010
0.048695 0.046992 0.100496 0.381611 0.043950 0.192798 0.169757 0.015702
0.000010 0.024139 0.000010 0.000010 0.000010 0.000010 0.955239 0.020573
0.000010 0.032609 0.000010 0.000010 0.002808 0.000010 0.934741 0.029801
0.002518 0.000010 0.011446 0.629449 0.009682 0.040171 0.306714 0.000010
0.028422 0.000010 0.060008 0.833067 0.028964 0.000010 0.000010 0.049509
0.000010 0.000010 0.011055 0.869221 0.018971 0.035976 0.063512 0.001245
0.071265 0.024438 0.113191 0.422455 0.040937 0.155446 0.145453 0.026815
0.000010 0.035832 0.000010 0.000010 0.000010 0.000010 0.953461 0.010656
0.000010 0.046135 0.000010 0.000010 0.000010 0.000010 0.907721 0.046094
0.036321 0.000010 0.008701 0.662314 0.015105 0.000010 0.277530 0.000010
0.007773 0.000010 0.025511 0.641478 0.004202 0.008977 0.312039 0.000010
0.000010 0.020866 0.000010 0.784542 0.000010 0.000010 0.000010 0.194542
0.000010 0.008755 0.000010 0.788442 0.000010 0.000010 0.000010 0.202753
0.039655 0.036895 0.102287 0.512919 0.035451 0.018622 0.249900 0.004270
0.034647 0.016086 0.057142 0.443502 0.061134 0.030846 0.353325 0.003317
0.021407 0.275183 0.037120 0.091568 0.000010 0.028563 0.283625 0.262524
0.030921 0.001269 0.036852 0.856002 0.016060 0.006782 0.000010 0.052104
0.023006 0.002838 0.001183 0.882634 0.000010 0.019334 0.070984 0.000010
0.037447 0.000010 0.160426 0.444303 0.083676 0.217702 0.056427 0.000010
0.000010 0.010892 0.001210 0.000010 0.000010 0.000010 0.938391 0.049467
0.000010 0.059519 0.000010 0.000010 0.000010 0.000010 0.881474 0.058958
0.027306 0.000010 0.049695 0.633964 0.000010 0.004430 0.284575 0.000010
0.000010 0.000010 0.052653 0.638554 0.019556 0.000010 0.289196 0.000010
0.000010 0.023669 0.000010 0.774775 0.000010 0.000010 0.000010 0.201506
0.001942 0.342297 0.002570 0.000010 0.000010 0.026010 0.116188 0.510974
0.002477 0.000010 0.013935 0.914609 0.000010 0.028632 0.040318 0.000010
0.014658 0.015869 0.000010 0.826563 0.000010 0.000010 0.000010 0.142870
0.023891 0.000010 0.025810 0.634445 0.019156 0.022466 0.274212 0.000010
0.000010 0.012512 0.000010 0.000010 0.000010 0.000010 0.959033 0.028405
0.018751 0.000010 0.033280 0.643942 0.001188 0.004234 0.298585 0.000010
0.062333 0.027493 0.103632 0.438193 0.027576 0.154600 0.172836 0.013337
0.060436 0.000010 0.119172 0.465100 0.066224 0.223875 0.065173 0.000010
0.032852 0.003461 0.086866 0.772217 0.012089 0.035799 0.000010 0.056705
0.000010 0.177618 0.000010 0.000010 0.000010 0.000010 0.684485 0.137847
0.015554 0.000016 0.054801 0.728444 0.011080 0.074765 0.115330 0.000010
0.000010 0.183658 0.000010 0.019640 0.076731 0.000010 0.005839 0.714103
0.000010 0.165415 0.000010 0.012848 0.041771 0.014318 0.016389 0.749239
0.004030 0.117728 0.000010 0.031105 0.051105 0.020139 0.000010 0.775872
0.000010 0.104872 0.007823 0.017999 0.073644 0.000010 0.000010 0.795632
0.038974 0.000010 0.291605 0.276246 0.214130 0.154864 0.024161 0.000010
0.071256 0.000010 0.237350 0.267096 0.182965 0.174873 0.066441 0.000010
0.056290 0.000010 0.290082 0.262841 0.203230 0.141764 0.045773 0.000010
0.069785 0.000010 0.266026 0.274063 0.229703 0.115670 0.044733 0.000010
0.000010 0.170856 0.000010 0.052301 0.037933 0.022012 0.024832 0.692046
0.000010 0.286377 0.000010 0.000010 0.006325 0.000010 0.055314 0.651944
0.000010 0.249234 0.000010 0.000010 0.022592 0.000010 0.047055 0.681079
0.000010 0.266912 0.008782 0.000010 0.007712 0.009763 0.046082 0.660730
0.000010 0.268303 0.000010 0.000010 0.006969 0.000010 0.059442 0.665246
0.000010 0.262035 0.013944 0.000010 0.021199 0.000010 0.040375 0.662417
0.000010 0.170536 0.014089 0.023212 0.034090 0.000010 0.010426 0.747628
0.000010 0.286385 0.000010 0.000010 0.025032 0.000010 0.051375 0.637168
0.000010 0.165310 0.083860 0.032857 0.102052 0.072495 0.073389 0.470027
0.000010 0.000010 0.000010 0.132932 0.109476 0.000010 0.000010 0.757543
0.000010 0.099399 0.015847 0.015070 0.080679 0.000010 0.001045 0.787940
0.000010 0.080672 0.000010 0.022493 0.086566 0.005713 0.000010 0.804526
0.009014 0.078227 0.000010 0.022022 0.078983 0.000010 0.000010 0.811724
0.002639 0.083679 0.000010 0.028019 0.061597 0.026878 0.000010 0.797167
0.016552 0.049148 0.000010 0.039970 0.075939 0.000010 0.000010 0.818361
0.000010 0.171018 0.000010 0.013436 0.045572 0.021317 0.006087 0.742549
0.017608 0.073175 0.000010 0.033522 0.067729 0.000010 0.000010 0.807936
0.005124 0.096411 0.006425 0.008709 0.087749 0.012321 0.000010 0.783251
0.007796 0.083828 0.000010 0.000010 0.097167 0.022884 0.000010 0.788294
0.018002 0.103631 0.000430 0.043265 0.062486 0.000010 0.000010 0.772167
0.027592 0.148938 0.000010 0.000010 0.026233 0.000010 0.020889 0.776318
0.018292 0.188835 0.000010 0.020513 0.010502 0.006876 0.018835 0.736137
0.000010 0.117591 0.032170 0.000687 0.037298 0.001002 0.000816 0.810426
0.004680 0.149742 0.000010 0.040619 0.036842 0.000010 0.000010 0.768086
0.023334 0.134813 0.000010 0.024124 0.026653 0.005665 0.019311 0.766090
0.011905 0.119256 0.027608 0.005765 0.015923 0.000010 0.007875 0.811659
0.000010 0.134429 0.028608 0.012835 0.010805 0.000010 0.021736 0.791566
0.014789 0.135781 0.000010 0.000010 0.029313 0.000010 0.024354 0.795733
0.002418 0.146435 0.007178 0.003673 0.023488 0.012749 0.023277 0.780782
0.009780 0.187087 0.009385 0.006408 0.054450 0.000010 0.000010 0.732870
0.003838 0.183283 0.016947 0.015760 0.046941 0.000010 0.003696 0.729526
0.004152 0.123128 0.000010 0.035798 0.076270 0.000010 0.000010 0.760622
0.008148 0.074156 0.000010 0.039525 0.049196 0.000010 0.000010 0.828946
0.007615 0.074233 0.011101 0.023092 0.057394 0.000010 0.000010 0.826546
0.016054 0.046489 0.000010 0.006038 0.047195 0.000010 0.000010 0.884193
0.025700 0.010031 0.000010 0.000010 0.043530 0.000010 0.000010 0.920699
0.017192 0.010528 0.000010 0.020625 0.021229 0.000010 0.000010 0.930396
0.014963 0.013748 0.015265 0.000010 0.017745 0.000010 0.000010 0.938248
0.000010 0.153849 0.006361 0.037661 0.053373 0.013863 0.000010 0.734873
0.000010 0.128894 0.000010 0.015145 0.059338 0.037337 0.000010 0.759256
0.000010 0.170735 0.000010 0.024555 0.074134 0.015829 0.000010 0.714717
0.010404 0.138207 0.015533 0.012914 0.024691 0.000010 0.009466 0.788775
0.000010 0.185279 0.000010 0.000010 0.074803 0.000010 0.005353 0.734525
0.000010 0.051582 0.007294 0.022284 0.068737 0.000010 0.000010 0.850074
0.012494 0.145966 0.002292 0.006538 0.035491 0.017772 0.004365 0.775083
0.000010 0.170170 0.000010 0.012307 0.041977 0.000010 0.032615 0.742901
0.000010 0.152653 0.020905 0.022644 0.037723 0.000010 0.000010 0.766045
0.007015 0.096884 0.021533 0.020543 0.017749 0.003376 0.000010 0.832891
0.012269 0.134637 0.000010 0.006297 0.031437 0.000010 0.000010 0.815330
0.009883 0.126097 0.015098 0.054286 0.006150 0.000010 0.002884 0.785592
0.026633 0.183023 0.000010 0.000010 0.035877 0.000010 0.023289 0.731148
0.011482 0.107717 0.000010 0.032596 0.069317 0.001944 0.000010 0.776924
0.000010 0.165546 0.011012 0.009520 0.070538 0.008261 0.000010 0.735103
0.005467 0.204207 0.009499 0.034197 0.043646 0.016486 0.000010 0.686489
0.000010 0.107763 0.015674 0.001383 0.065665 0.011202 0.000010 0.798293
0.011142 0.076962 0.000010 0.000010 0.095594 0.010800 0.000010 0.805472
0.004593 0.198991 0.000010 0.012269 0.040043 0.027300 0.004506 0.712288
0.000010 0.070075 0.000010 0.046864 0.068172 0.000010 0.000010 0.814849
0.019040 0.157049 0.000010 0.031507 0.039547 0.000010 0.000010 0.752826
0.000010 0.163026 0.027254 0.000230 0.051749 0.003259 0.007723 0.746749
0.000010 0.054046 0.009747 0.007017 0.061248 0.005133 0.000010 0.862791
0.000010 0.076355 0.018739 0.029040 0.087908 0.001483 0.000010 0.786455
0.006466 0.080032 0.000010 0.037456 0.073594 0.000010 0.000010 0.802422
0.011679 0.093400 0.000119 0.026071 0.057589 0.008494 0.000010 0.802638
0.000010 0.114997 0.013788 0.021395 0.067554 0.004274 0.000010 0.777972
0.000010 0.073956 0.110655 0.098832 0.173138 0.119778 0.001538 0.422093
0.001264 0.236408 0.030945 0.000010 0.029953 0.005764 0.022128 0.673528
0.000010 0.237756 0.004055 0.000010 0.038545 0.000010 0.028095 0.691518
0.006213 0.245128 0.000116 0.000010 0.037965 0.000010 0.037237 0.673321
0.002537 0.234424 0.000010 0.000010 0.022546 0.000010 0.048274 0.692188
0.001022 0.215120 0.028974 0.000010 0.032093 0.000296 0.032570 0.689915
0.006696 0.248527 0.006342 0.000019 0.021175 0.000010 0.033205 0.684027
0.001604 0.245413 0.000010 0.006851 0.012561 0.000010 0.050049 0.683502
0.000010 0.262153 0.000010 0.016787 0.000010 0.000010 0.042191 0.678828
0.006650 0.190719 0.007868 0.007583 0.032284 0.003578 0.023825 0.727494
0.004165 0.139128 0.000010 0.026685 0.067163 0.008611 0.000010 0.754228
0.000010 0.188445 0.013628 0.003528 0.041811 0.001955 0.030363 0.720260
0.000010 0.170239 0.000010 0.031645 0.045231 0.002531 0.029372 0.720961
0.000932 0.180690 0.000010 0.019166 0.047867 0.013701 0.022416 0.715218
0.016536 0.176622 0.006059 0.004763 0.047235 0.000010 0.018240 0.730535
0.000122 0.238618 0.000010 0.005134 0.009842 0.000010 0.047817 0.698447
0.003612 0.183369 0.035129 0.000010 0.046710 0.003387 0.001806 0.725977
0.000013 0.198325 0.000010 0.048499 0.030035 0.000010 0.018113 0.704995
0.001041 0.092329 0.020129 0.026405 0.089495 0.001784 0.000010 0.768809
0.000010 0.149377 0.018351 0.010752 0.057571 0.003683 0.009032 0.751224
0.000010 0.192382 0.022317 0.011316 0.062669 0.000010 0.008180 0.703116
0.028179 0.205911 0.000010 0.007610 0.022046 0.007636 0.007232 0.721376
0.000010 0.124967 0.020162 0.012434 0.073961 0.004162 0.000010 0.764293
0.076321 0.000010 0.269488 0.167301 0.284013 0.131617 0.055899 0.015350
0.013070 0.006261 0.233152 0.093015 0.299312 0.266980 0.011924 0.076285
0.034416 0.000010 0.197838 0.193368 0.275938 0.215489 0.000010 0.082932
0.027682 0.193638 0.048922 0.029937 0.089661 0.050861 0.032223 0.527075
0.058576 0.000010 0.331817 0.165616 0.296576 0.113096 0.022853 0.011455
0.062055 0.000010 0.309836 0.177062 0.303204 0.111546 0.036277 0.000010
0.035432 0.051310 0.139443 0.090990 0.218630 0.100789 0.022519 0.340885
0.033134 0.076227 0.166880 0.098885 0.184466 0.109957 0.028436 0.302014
0.029672 0.039751 0.168907 0.094297 0.234517 0.267201 0.013825 0.151831
0.838453 0.000010 0.044304 0.007403 0.027116 0.080187 0.002517 0.000010
0.082989 0.000010 0.299738 0.141768 0.351612 0.098274 0.025599 0.000010
0.048891 0.000010 0.317414 0.177040 0.285187 0.169940 0.001507 0.000010
0.020713 0.055325 0.139112 0.133523 0.236404 0.077417 0.020511 0.316995
0.020183 0.000010 0.185911 0.143831 0.310195 0.261305 0.000010 0.078556
0.022649 0.000010 0.163687 0.137171 0.346433 0.067444 0.000010 0.262596
0.065240 0.000010 0.288378 0.201309 0.284277 0.144517 0.016259 0.000010
0.036963 0.086636 0.148940 0.092556 0.198547 0.110269 0.013501 0.312588
0.014443 0.077307 0.177488 0.091438 0.223757 0.082822 0.023771 0.308975
0.023565 0.109413 0.111728 0.070953 0.165351 0.121464 0.056489 0.341036
0.000010 0.191524 0.046821 0.027442 0.099800 0.095074 0.037292 0.502037
0.024248 0.035662 0.132263 0.106787 0.288138 0.063062 0.005573 0.344267
0.031129 0.000010 0.150994 0.124563 0.345277 0.066264 0.000010 0.281754
0.046769 0.000010 0.345077 0.161305 0.260474 0.163299 0.023055 0.000010
0.055267 0.000010 0.126906 0.133124 0.327479 0.083064 0.000010 0.274141
0.034822 0.000010 0.317896 0.159455 0.320621 0.121622 0.023776 0.021798
0.010136 0.080258 0.132746 0.109347 0.207056 0.101073 0.008999 0.350384
0.018931 0.068975 0.147585 0.101712 0.226873 0.078150 0.018087 0.339688
0.000010 0.176424 0.093725 0.042624 0.101514 0.085519 0.031806 0.468377
0.074500 0.000010 0.304350 0.167771 0.296647 0.128587 0.024588 0.003548
0.037056 0.000010 0.152983 0.150986 0.348022 0.040169 0.000010 0.270763
0.088678 0.000010 0.277183 0.163972 0.317797 0.144491 0.007859 0.000010
0.027288 0.016111 0.113180 0.088196 0.265701 0.312078 0.021058 0.156387
0.010972 0.019948 0.144943 0.107672 0.275132 0.249170 0.007678 0.184484
0.069699 0.000010 0.349381 0.171545 0.294531 0.114139 0.000684 0.000010
0.058076 0.000010 0.296647 0.173498 0.288792 0.157409 0.025558 0.000010
0.016986 0.000010 0.156611 0.154690 0.354615 0.048012 0.000010 0.269066
0.016872 0.183415 0.038177 0.037495 0.106265 0.034992 0.057153 0.525631
0.026919 0.143095 0.099167 0.074214 0.143557 0.071745 0.040977 0.400326
0.004300 0.076412 0.144110 0.107174 0.214838 0.116150 0.004428 0.332589
0.017394 0.003124 0.145139 0.135187 0.289897 0.255316 0.000010 0.153933
0.036258 0.000010 0.120050 0.160899 0.333644 0.068050 0.000010 0.281078
0.034422 0.003979 0.136218 0.103349 0.236359 0.319026 0.016277 0.150371
0.019960 0.213538 0.055091 0.029833 0.088767 0.072420 0.028418 0.491973
0.000010 0.000010 0.103328 0.113946 0.253432 0.317414 0.016742 0.195118
0.053123 0.000010 0.306693 0.179369 0.303234 0.138358 0.019203 0.000010
0.002388 0.000010 0.185845 0.142730 0.334811 0.075844 0.000010 0.258363
0.007367 0.063832 0.151856 0.084442 0.182384 0.134467 0.034790 0.340861
0.016286 0.078565 0.179039 0.057177 0.231031 0.095920 0.020619 0.321364
0.023746 0.068092 0.170681 0.082758 0.201060 0.095856 0.020446 0.337362
0.031925 0.000010 0.175344 0.141015 0.333763 0.072554 0.000010 0.245379
0.054628 0.000010 0.323019 0.148523 0.336956 0.117981 0.018873 0.000010
0.018189 0.000010 0.234347 0.114798 0.294311 0.261465 0.024201 0.052680
0.009813 0.046820 0.156624 0.102710 0.259847 0.275207 0.010721 0.138257
0.013363 0.226034 0.038160 0.013887 0.126254 0.047486 0.049947 0.484870
0.060170 0.000010 0.289158 0.190320 0.309662 0.117049 0.033620 0.000010
0.056677 0.000010 0.289466 0.138026 0.329767 0.148996 0.037048 0.000010
0.001812 0.144313 0.077374 0.074222 0.137370 0.073956 0.028012 0.462940
0.048973 0.065201 0.146384 0.090673 0.237476 0.032132 0.027799 0.351362
0.027342 0.188579 0.057150 0.046797 0.108444 0.022341 0.057730 0.491616
0.026944 0.000010 0.133829 0.167290 0.341707 0.061026 0.000010 0.269184
0.005175 0.013732 0.128093 0.107564 0.273038 0.286670 0.035181 0.150546
0.000010 0.016727 0.136086 0.137045 0.279313 0.301859 0.000010 0.128951
0.000010 0.079152 0.141872 0.106188 0.215419 0.067628 0.022445 0.367286
0.073185 0.000010 0.310017 0.216236 0.296549 0.085985 0.013575 0.004442
0.072803 0.000010 0.331756 0.150839 0.301964 0.122014 0.017364 0.003249
0.073124 0.000010 0.304799 0.156449 0.285256 0.130869 0.049100 0.000393
0.015210 0.147042 0.102322 0.058518 0.151308 0.070209 0.017651 0.437740
0.037182 0.030646 0.229557 0.100420 0.242520 0.112825 0.020973 0.225876
0.007314 0.208754 0.057913 0.051554 0.075145 0.072805 0.045889 0.480627
0.064712 0.000010 0.301308 0.156187 0.352836 0.122902 0.002036 0.000010
0.020004 0.000010 0.179232 0.141549 0.351711 0.042081 0.000010 0.265403
0.000010 0.000010 0.169039 0.161968 0.304906 0.281327 0.000010 0.082731
0.020411 0.000010 0.090676 0.136364 0.308502 0.095186 0.000010 0.348840
0.011223 0.013723 0.161476 0.095195 0.264356 0.285314 0.004025 0.164688
0.045176 0.000010 0.329679 0.182245 0.296669 0.146199 0.000010 0.000010
0.085761 0.000010 0.301890 0.152769 0.286412 0.137401 0.035255 0.000503
0.084503 0.000010 0.308403 0.161148 0.309456 0.122039 0.000257 0.014184
0.036479 0.076817 0.128750 0.090154 0.213511 0.099230 0.025388 0.329671
0.013420 0.156614 0.074046 0.050766 0.098885 0.070045 0.018846 0.517377
0.015791 0.193004 0.039338 0.053694 0.075972 0.076117 0.050483 0.495601
0.024963 0.042440 0.144464 0.114981 0.247199 0.170033 0.015270 0.240650
0.027474 0.000010 0.149343 0.120448 0.365672 0.067572 0.000010 0.269471
0.058150 0.017606 0.108591 0.101665 0.256711 0.268267 0.028879 0.160131
0.017456 0.010079 0.110566 0.136220 0.297375 0.305715 0.000010 0.122579
0.024218 0.000010 0.115928 0.105197 0.295414 0.339531 0.000010 0.119693
0.021899 0.013774 0.103539 0.091057 0.266654 0.404448 0.000010 0.098620
0.055677 0.000444 0.528788 0.042322 0.064575 0.261393 0.024704 0.022097
0.033837 0.000010 0.304791 0.160416 0.351841 0.146967 0.002128 0.000010
0.000010 0.018333 0.048672 0.043829 0.168784 0.605241 0.004956 0.110174
0.012390 0.059701 0.112164 0.110404 0.193648 0.233096 0.017521 0.261076
0.017254 0.002384 0.123249 0.142998 0.256700 0.348770 0.016714 0.091931
0.033203 0.007443 0.132294 0.118062 0.260301 0.319923 0.012301 0.116475
0.003140 0.000014 0.184980 0.123230 0.308321 0.287110 0.000010 0.093195
0.009393 0.009078 0.124404 0.116175 0.261472 0.342042 0.008615 0.128822
0.034345 0.000010 0.714150 0.002195 0.027901 0.198580 0.000010 0.022809
0.050380 0.000010 0.277006 0.154206 0.373461 0.136462 0.008465 0.000010
0.003969 0.000010 0.218194 0.136624 0.349891 0.197552 0.003866 0.089894
0.002486 0.020326 0.027877 0.060686 0.215439 0.588811 0.000010 0.084365
0.000010 0.024144 0.075183 0.075102 0.209406 0.513918 0.000010 0.102227
0.052474 0.000010 0.325813 0.130744 0.401348 0.089591 0.000010 0.000010
0.050297 0.000014 0.266256 0.161729 0.321276 0.180788 0.019631 0.000010
0.014716 0.012042 0.130875 0.068344 0.234390 0.394899 0.000010 0.144725
0.025049 0.000010 0.312444 0.162120 0.378369 0.121988 0.000010 0.000010
0.034742 0.000010 0.643896 0.000739 0.042299 0.275282 0.002862 0.000169
0.052931 0.000010 0.314820 0.154277 0.367525 0.110418 0.000010 0.000010
0.000010 0.000010 0.219166 0.189111 0.314145 0.177706 0.013602 0.086250
0.000010 0.015275 0.041251 0.070851 0.186292 0.579564 0.000010 0.106746
0.000010 0.017277 0.101914 0.084295 0.199035 0.501363 0.006655 0.089451
0.010949 0.006383 0.153079 0.149733 0.310032 0.270693 0.014540 0.084590
0.049162 0.000010 0.326788 0.159877 0.335919 0.128224 0.000010 0.000010
0.002676 0.007677 0.123779 0.067860 0.232384 0.398546 0.008152 0.158926
0.029859 0.004942 0.101726 0.108073 0.264208 0.383366 0.000010 0.107815
0.051218 0.000010 0.302522 0.169459 0.372927 0.103843 0.000010 0.000010
0.046101 0.010766 0.626903 0.040436 0.024685 0.215125 0.000010 0.035975
0.074538 0.005671 0.286630 0.174702 0.368703 0.089737 0.000010 0.000010
0.015982 0.000010 0.216717 0.148597 0.357779 0.188260 0.024908 0.047747
0.020852 0.005057 0.020412 0.106569 0.211016 0.519404 0.000010 0.116679
0.000010 0.030139 0.048411 0.052697 0.170052 0.609913 0.000010 0.088768
0.028927 0.025435 0.144336 0.104694 0.302386 0.232998 0.000010 0.161213
0.003430 0.000010 0.104723 0.086158 0.222188 0.421627 0.019513 0.142350
0.081657 0.000400 0.690293 0.000010 0.005721 0.221899 0.000010 0.000010
0.053181 0.001653 0.329298 0.159692 0.346039 0.106083 0.004044 0.000010
0.000010 0.023498 0.048590 0.095886 0.172461 0.561883 0.000415 0.097257
0.010546 0.005702 0.102926 0.037470 0.162592 0.562214 0.026557 0.091994
0.009449 0.000012 0.164273 0.110254 0.228140 0.304361 0.000010 0.183500
0.778062 0.000010 0.051562 0.000010 0.035441 0.128919 0.005835 0.000160
0.038287 0.002809 0.149755 0.117462 0.267319 0.261330 0.016813 0.146225
0.009406 0.016948 0.134430 0.080627 0.269260 0.373830 0.000010 0.115489
0.038962 0.008315 0.681681 0.011724 0.030161 0.225689 0.003009 0.000458
