0.053792 0.099105 0.444488 0.402605 0.000010
0.070080 0.047668 0.570658 0.304993 0.006600
0.042755 0.080048 0.454978 0.404821 0.017398
0.071686 0.020511 0.542819 0.325555 0.039430
0.051276 0.085989 0.454935 0.405558 0.002242
0.060825 0.077051 0.486395 0.363355 0.012374
0.074421 0.044550 0.511381 0.331972 0.037677
0.146148 0.000012 0.799970 0.053861 0.000010
0.117724 0.034291 0.805047 0.042929 0.000010
0.000010 0.000010 0.888425 0.080499 0.031057
0.115780 0.061074 0.730547 0.077093 0.015505
0.136426 0.026346 0.736055 0.077918 0.023255
0.218062 0.003899 0.000010 0.672877 0.105151
0.193748 0.083073 0.000010 0.597008 0.126161
0.243294 0.000010 0.000010 0.748554 0.008132
0.162158 0.117855 0.011896 0.610666 0.097425
0.051268 0.096743 0.454490 0.377327 0.020172
0.048319 0.094355 0.479220 0.377703 0.000402
0.101027 0.017177 0.828716 0.053070 0.000010
0.185482 0.000010 0.770734 0.043764 0.000010
0.136109 0.000010 0.792969 0.070903 0.000010
0.000010 0.000010 0.909429 0.067666 0.022885
0.139350 0.050425 0.730806 0.065707 0.013712
0.122195 0.017787 0.738771 0.076424 0.044823
0.221193 0.000010 0.000010 0.719083 0.059704
0.220365 0.009333 0.000010 0.729822 0.040470
0.257393 0.000010 0.000010 0.742577 0.000010
0.178792 0.079938 0.000010 0.581261 0.159999
0.049262 0.088010 0.466172 0.374039 0.022516
0.065221 0.063800 0.454462 0.361879 0.054638
0.081873 0.023289 0.796533 0.098295 0.000010
0.205553 0.000010 0.772519 0.016686 0.005232
0.000010 0.004515 0.890955 0.085952 0.018568
0.000010 0.000010 0.895396 0.066075 0.038509
0.121231 0.060620 0.740495 0.056672 0.020982
0.118729 0.044397 0.737742 0.057412 0.041720
0.204571 0.009557 0.000010 0.681901 0.103961
0.240355 0.006638 0.003698 0.728998 0.020311
0.200682 0.000010 0.000010 0.716674 0.082623
0.173039 0.093428 0.009409 0.611722 0.112401
0.050651 0.073478 0.492105 0.353943 0.029824
0.051540 0.070112 0.459403 0.358012 0.060933
0.138129 0.000997 0.799889 0.060975 0.000010
0.122472 0.000010 0.824906 0.047086 0.005525
0.000010 0.000010 0.909496 0.048584 0.041900
0.000010 0.000010 0.887656 0.078649 0.033675
0.000010 0.000010 0.903944 0.071705 0.024331
0.127622 0.049135 0.721970 0.076529 0.024744
0.111454 0.076070 0.736032 0.076434 0.000010
0.193760 0.012390 0.000010 0.688320 0.105520
0.258956 0.000010 0.000010 0.741014 0.000010
0.202244 0.018120 0.000010 0.762248 0.017377
0.197928 0.081406 0.013450 0.629887 0.077328
0.213746 0.000188 0.000010 0.719141 0.066915
0.177011 0.244026 0.000010 0.412139 0.166815
0.234906 0.024244 0.000010 0.682000 0.058840
0.078818 0.063365 0.052547 0.722623 0.082647
0.141363 0.075225 0.039862 0.651037 0.092514
0.059991 0.065550 0.052198 0.790678 0.031583
0.131843 0.069710 0.047657 0.666508 0.084282
0.085731 0.094070 0.410820 0.409368 0.000010
0.231874 0.044683 0.000010 0.650814 0.072619
0.193932 0.038027 0.000010 0.642633 0.125398
0.095430 0.064688 0.082145 0.688244 0.069494
0.041075 0.136779 0.163727 0.647900 0.010520
0.099116 0.126643 0.052978 0.687866 0.033397
0.094684 0.097722 0.069870 0.654819 0.082906
0.081903 0.078690 0.446574 0.355347 0.037486
0.050402 0.084383 0.459878 0.374986 0.030350
0.229466 0.019282 0.000010 0.667639 0.083603
0.184392 0.197439 0.000010 0.463773 0.154387
0.221066 0.018877 0.000010 0.689305 0.070742
0.100229 0.093983 0.064381 0.685205 0.056201
0.128135 0.088014 0.046299 0.619713 0.117838
0.123269 0.075564 0.025958 0.692055 0.083154
0.111822 0.082911 0.082600 0.633886 0.088782
0.044872 0.104659 0.405823 0.390187 0.054460
0.051515 0.105527 0.414123 0.389917 0.038918
0.078980 0.074531 0.451836 0.356905 0.037749
0.112565 0.038839 0.797585 0.051001 0.000010
0.000010 0.000010 0.902546 0.069096 0.028337
0.000010 0.000010 0.883805 0.076183 0.039992
0.000010 0.000010 0.907100 0.058933 0.033947
0.188275 0.049457 0.703869 0.051042 0.007355
0.134615 0.061549 0.734983 0.056831 0.012022
0.195219 0.029704 0.000010 0.680788 0.094279
0.251221 0.000010 0.000010 0.748749 0.000010
0.194821 0.043948 0.000010 0.703893 0.057328
0.167663 0.078810 0.026726 0.586026 0.140775
0.052025 0.057407 0.456586 0.374291 0.059690
0.060112 0.051809 0.647732 0.236280 0.004067
0.142424 0.013678 0.795697 0.047862 0.000338
0.122644 0.015760 0.807501 0.054085 0.000010
0.000010 0.000010 0.899371 0.068320 0.032290
0.000010 0.000010 0.906839 0.048800 0.044341
0.124531 0.034139 0.730946 0.079414 0.030970
0.120691 0.048037 0.731919 0.074796 0.024557
0.204398 0.014767 0.000010 0.678046 0.102779
0.212181 0.005590 0.000010 0.735544 0.046676
0.168057 0.103205 0.013144 0.612313 0.103281
0.226766 0.023885 0.000010 0.675186 0.074153
0.128045 0.380087 0.000010 0.260369 0.231490
0.243226 0.023698 0.000010 0.682409 0.050657
0.042304 0.070567 0.066275 0.761596 0.059258
0.096185 0.106344 0.050133 0.707128 0.040210
0.110548 0.089719 0.040051 0.673668 0.086013
0.070787 0.081131 0.458922 0.320279 0.068880
0.052706 0.075899 0.452466 0.388668 0.030261
0.139834 0.000010 0.801488 0.043779 0.014888
0.146383 0.000010 0.789931 0.050569 0.013107
0.000010 0.000010 0.911146 0.073782 0.015052
0.002055 0.015967 0.885991 0.044927 0.051060
0.129468 0.047144 0.723325 0.068347 0.031716
0.183353 0.034216 0.000010 0.677084 0.105337
0.221280 0.000010 0.000010 0.763982 0.014718
0.238653 0.000010 0.000010 0.761317 0.000010
0.181991 0.083558 0.005234 0.607112 0.122105
0.231722 0.031329 0.000010 0.679545 0.057394
0.189184 0.229368 0.000010 0.387254 0.194184
0.229787 0.000010 0.000010 0.678028 0.092165
0.086346 0.071495 0.055563 0.738188 0.048408
0.082934 0.065144 0.064838 0.742551 0.044533
0.104346 0.073552 0.038838 0.688659 0.094605
0.067926 0.096832 0.363826 0.458671 0.012744
0.080720 0.072617 0.484248 0.359472 0.002943
0.163235 0.000010 0.813621 0.023124 0.000010
0.102675 0.000010 0.822014 0.075291 0.000010
0.000010 0.000010 0.907016 0.078886 0.014079
0.000010 0.000010 0.898835 0.068466 0.032679
0.154354 0.036391 0.733326 0.069046 0.006884
0.111432 0.046305 0.719308 0.088691 0.034264
0.205126 0.024213 0.000010 0.634560 0.136091
0.249103 0.000010 0.000010 0.750845 0.000032
0.247218 0.000010 0.000010 0.752752 0.000010
0.177005 0.092146 0.010364 0.590086 0.130399
0.201981 0.068781 0.000010 0.680586 0.048642
0.166241 0.220440 0.000010 0.414811 0.198498
0.237418 0.005283 0.000010 0.685167 0.072122
0.000010 0.095573 0.096792 0.790515 0.017110
0.096491 0.111187 0.064771 0.642403 0.085147
0.117107 0.057542 0.117745 0.618379 0.089227
0.087581 0.048172 0.499763 0.310281 0.054203
0.074350 0.077677 0.486838 0.361125 0.000010
0.121097 0.000010 0.809290 0.069593 0.000010
0.095445 0.030191 0.825727 0.034588 0.014048
0.000010 0.000465 0.899865 0.063951 0.035709
0.000010 0.000010 0.896084 0.075934 0.027962
0.000010 0.000010 0.904808 0.072809 0.022363
0.127770 0.066378 0.717230 0.044486 0.044137
0.120150 0.046091 0.759397 0.074353 0.000010
0.196078 0.049557 0.000010 0.671437 0.082918
0.219092 0.026619 0.011055 0.684914 0.058320
0.253050 0.000010 0.000010 0.746920 0.000010
0.164443 0.088192 0.019469 0.599810 0.128086
0.192431 0.069013 0.000010 0.647638 0.090908
0.253428 0.026818 0.000010 0.676304 0.043440
0.098556 0.129611 0.040549 0.682462 0.048822
0.088519 0.104079 0.064659 0.692428 0.050315
0.124214 0.077199 0.058068 0.652847 0.087671
0.044014 0.110283 0.054942 0.760348 0.030413
0.259298 0.000010 0.022467 0.718215 0.000010
0.072302 0.039545 0.450757 0.376437 0.060959
0.151916 0.000010 0.805636 0.042428 0.000010
0.017981 0.008907 0.856056 0.060112 0.056945
0.000010 0.000010 0.892848 0.078507 0.028625
0.159876 0.066378 0.711196 0.062540 0.000010
0.129289 0.052944 0.744719 0.054246 0.018801
0.214280 0.055781 0.000010 0.726942 0.002987
0.214965 0.000010 0.000010 0.748396 0.036619
0.206855 0.000010 0.000010 0.718562 0.074563
0.248239 0.003803 0.000010 0.680106 0.067842
0.168730 0.224838 0.000010 0.416965 0.189457
0.230432 0.025396 0.000010 0.673939 0.070223
0.034496 0.072728 0.080649 0.753478 0.058649
0.084732 0.080337 0.058206 0.724054 0.052671
0.021079 0.133485 0.145505 0.646525 0.053406
0.073983 0.084253 0.047967 0.752779 0.041018
0.050173 0.081025 0.525284 0.310805 0.032713
0.285790 0.000010 0.011698 0.702492 0.000010
0.123541 0.004613 0.810504 0.059864 0.001479
0.000010 0.000010 0.896911 0.060976 0.042093
0.134974 0.017441 0.793648 0.053432 0.000505
0.140764 0.000464 0.799861 0.058901 0.000010
0.225291 0.015654 0.000010 0.668951 0.090093
0.067179 0.130020 0.044038 0.693686 0.065077
0.190007 0.232095 0.000010 0.408300 0.169588
0.226132 0.000010 0.000010 0.685887 0.087961
0.052733 0.081863 0.077249 0.740188 0.047967
0.117562 0.114961 0.037103 0.660618 0.069756
0.098122 0.062114 0.220007 0.539957 0.079799
0.097910 0.062002 0.457213 0.336929 0.045945
0.260930 0.000010 0.016176 0.722874 0.000010
0.000010 0.000010 0.888673 0.086677 0.024630
0.139903 0.069002 0.705100 0.053997 0.031998
0.133830 0.019153 0.738671 0.066830 0.041517
0.134239 0.042581 0.726769 0.093484 0.002927
0.237876 0.000010 0.000010 0.742105 0.019999
0.218313 0.000010 0.000010 0.727177 0.054490
0.223422 0.047014 0.000010 0.638337 0.091217
0.247879 0.008574 0.000010 0.664690 0.078847
0.189887 0.240167 0.000010 0.417032 0.152904
0.010296 0.111670 0.073543 0.767508 0.036982
0.080890 0.106375 0.072471 0.686310 0.053953
0.127553 0.110295 0.064188 0.631113 0.066851
0.114455 0.084540 0.046127 0.700245 0.054633
0.147475 0.087729 0.037089 0.632763 0.094944
0.257522 0.000010 0.018980 0.723478 0.000010
0.183595 0.179369 0.000010 0.469607 0.167419
0.216600 0.026759 0.000010 0.675474 0.081157
0.056264 0.092200 0.068105 0.730046 0.053385
0.078253 0.078247 0.066234 0.698070 0.079196
0.040471 0.169984 0.157095 0.627781 0.004668
0.106011 0.101253 0.035201 0.679325 0.078209
0.068597 0.092755 0.490865 0.335391 0.012392
0.269517 0.000010 0.004219 0.726245 0.000010
0.262633 0.000010 0.007990 0.729357 0.000010
0.264629 0.025611 0.014965 0.632003 0.062792
0.243729 0.011539 0.000010 0.735529 0.009192
0.130533 0.168974 0.057841 0.471084 0.171568
0.000010 0.075886 0.170722 0.753372 0.000010
0.000010 0.070950 0.218522 0.710508 0.000010
0.165144 0.047062 0.003159 0.776391 0.008244
0.163700 0.015483 0.000010 0.762370 0.058437
0.163969 0.035293 0.004684 0.757896 0.038157
0.262989 0.000010 0.026452 0.693276 0.017273
0.257202 0.000010 0.017188 0.725589 0.000010
0.230579 0.000010 0.000010 0.727988 0.041414
0.140818 0.232247 0.066446 0.441100 0.119390
0.000010 0.079914 0.195806 0.724260 0.000010
0.000010 0.104334 0.096469 0.799178 0.000010
0.180758 0.063624 0.000010 0.727446 0.028162
0.161391 0.026341 0.000010 0.735829 0.076429
0.299054 0.000010 0.137194 0.563732 0.000010
0.090173 0.073451 0.057191 0.745204 0.033981
0.286371 0.000010 0.008780 0.704829 0.000010
0.187460 0.189154 0.000010 0.460371 0.163005
0.113885 0.284875 0.031705 0.414068 0.155468
0.000010 0.110176 0.221818 0.667986 0.000010
0.000010 0.079272 0.161449 0.759259 0.000010
0.181375 0.052965 0.008675 0.744214 0.012771
0.171451 0.034716 0.010623 0.740202 0.043008
0.173044 0.000010 0.003509 0.766060 0.057377
0.264736 0.000010 0.092134 0.643109 0.000010
0.260876 0.000010 0.015958 0.723146 0.000010
0.262608 0.019197 0.005390 0.629315 0.083490
0.182770 0.182618 0.000010 0.458428 0.176173
0.155207 0.206136 0.078231 0.475992 0.084434
0.000010 0.065508 0.357696 0.576775 0.000010
0.000010 0.112129 0.172338 0.714374 0.001150
0.153253 0.037205 0.005731 0.755762 0.048049
0.173372 0.037791 0.010650 0.731208 0.046978
0.161859 0.050114 0.005943 0.753229 0.028855
0.294153 0.000010 0.157916 0.547912 0.000010
0.103696 0.054378 0.732364 0.093088 0.016473
0.131963 0.068863 0.727339 0.071825 0.000010
0.178573 0.061290 0.000010 0.659407 0.100720
0.246897 0.000010 0.000010 0.753073 0.000010
0.171687 0.083594 0.010924 0.608508 0.125287
0.257100 0.000010 0.012326 0.730553 0.000010
0.220872 0.000010 0.000010 0.772228 0.006880
0.178192 0.203035 0.000010 0.478598 0.140165
0.161258 0.155718 0.059511 0.490546 0.132967
0.000010 0.049410 0.241347 0.704198 0.005035
0.000010 0.089106 0.162225 0.748650 0.000010
0.174264 0.026298 0.016533 0.733564 0.049340
0.155895 0.037049 0.000010 0.758329 0.048718
0.173588 0.035453 0.014810 0.729759 0.046391
0.278758 0.000010 0.070765 0.650457 0.000010
0.225148 0.000010 0.000010 0.747412 0.027420
0.207322 0.239677 0.000010 0.376341 0.176650
0.000010 0.073441 0.180525 0.746015 0.000010
0.000010 0.106051 0.156814 0.737115 0.000010
0.000010 0.071171 0.291060 0.623015 0.014744
0.162750 0.038824 0.015336 0.766631 0.016459
0.268024 0.037173 0.000831 0.638000 0.055973
0.230259 0.000010 0.000010 0.701389 0.068332
0.175423 0.217587 0.000010 0.412248 0.194732
0.139252 0.184113 0.042969 0.486290 0.147377
0.000010 0.080274 0.177399 0.742307 0.000010
0.000010 0.090795 0.160189 0.748995 0.000010
0.176690 0.031100 0.000918 0.748121 0.043171
0.171964 0.024208 0.005307 0.764831 0.033690
0.168677 0.035798 0.009220 0.756323 0.029982
0.285084 0.000010 0.124222 0.590674 0.000010
0.281749 0.000010 0.017752 0.652514 0.047975
0.221315 0.000010 0.000010 0.741408 0.037257
0.165758 0.187895 0.000010 0.416007 0.230330
0.131356 0.157379 0.082743 0.480604 0.147918
0.000010 0.079245 0.179837 0.740898 0.000010
0.000010 0.092972 0.183939 0.723069 0.000010
0.183626 0.059414 0.003244 0.724823 0.028894
0.163732 0.060655 0.006007 0.758030 0.011576
0.160052 0.061446 0.013022 0.745361 0.020120
0.290028 0.012823 0.018164 0.654589 0.024397
0.232413 0.006213 0.000010 0.732034 0.029329
0.120751 0.240616 0.067520 0.451324 0.119789
0.000010 0.064535 0.175919 0.759526 0.000010
0.000010 0.065786 0.182165 0.734466 0.017572
0.168318 0.057382 0.014935 0.747358 0.012006
0.295385 0.000010 0.008215 0.614816 0.081575
0.247120 0.000010 0.000010 0.739970 0.012890
0.139729 0.217836 0.050748 0.462843 0.128843
0.000010 0.079378 0.170061 0.750541 0.000010
0.000010 0.086101 0.200989 0.712891 0.000010
0.184773 0.021892 0.004464 0.763640 0.025232
0.156546 0.031947 0.015732 0.768188 0.027587
0.285121 0.000010 0.140466 0.574393 0.000010
0.287170 0.000010 0.134763 0.578047 0.000010
0.134002 0.066582 0.057758 0.622507 0.119152
0.131427 0.091720 0.049456 0.648320 0.079077
0.058268 0.082364 0.494967 0.315779 0.048622
0.286062 0.008108 0.013779 0.634888 0.057163
0.229794 0.007134 0.000010 0.759972 0.003090
0.176032 0.233737 0.000010 0.405855 0.184366
0.000010 0.081981 0.175064 0.742934 0.000010
0.000010 0.088833 0.218733 0.692414 0.000010
0.144842 0.040102 0.017316 0.746524 0.051216
0.176145 0.007778 0.004848 0.747062 0.064167
0.291546 0.000010 0.148349 0.560085 0.000010
0.120795 0.049651 0.729245 0.085724 0.014586
0.226776 0.000010 0.000010 0.767308 0.005897
0.280409 0.000010 0.095181 0.624390 0.000010
0.176583 0.055650 0.008436 0.728447 0.030884
0.000010 0.071787 0.168305 0.747202 0.012695
0.156553 0.035671 0.015535 0.759316 0.032924
0.126757 0.211819 0.046821 0.496955 0.117648
0.172077 0.260250 0.000010 0.428207 0.139455
0.247964 0.033028 0.024466 0.604127 0.090415
0.000010 0.069388 0.373398 0.557195 0.000010
0.183647 0.070343 0.000010 0.681894 0.064106
0.297967 0.000010 0.702003 0.000010 0.000010
0.283206 0.000010 0.716764 0.000010 0.000010
0.315525 0.000010 0.684445 0.000010 0.000010
0.316975 0.000010 0.682995 0.000010 0.000010
0.214213 0.182417 0.000010 0.249849 0.353511
0.193227 0.235610 0.000010 0.277614 0.293539
0.199462 0.188999 0.000010 0.261116 0.350413
0.235876 0.173490 0.000010 0.260225 0.330399
0.284866 0.003395 0.682111 0.029617 0.000010
0.205692 0.000010 0.774050 0.020238 0.000010
0.235442 0.000010 0.757666 0.006872 0.000010
0.214302 0.001556 0.757814 0.021066 0.005263
0.216821 0.000010 0.767216 0.015943 0.000010
0.227699 0.000010 0.752869 0.003951 0.015472
0.280036 0.000010 0.719934 0.000010 0.000010
0.219175 0.000010 0.761270 0.019535 0.000010
0.235116 0.073352 0.517071 0.069108 0.105353
0.441394 0.000010 0.550641 0.007946 0.000010
0.324734 0.000010 0.675236 0.000010 0.000010
0.338429 0.000010 0.661541 0.000010 0.000010
0.331549 0.000010 0.668421 0.000010 0.000010
0.330177 0.000010 0.669793 0.000010 0.000010
0.355759 0.000010 0.644211 0.000010 0.000010
0.284435 0.000010 0.715535 0.000010 0.000010
0.335052 0.000010 0.664918 0.000010 0.000010
0.335503 0.000010 0.664467 0.000010 0.000010
0.342346 0.000010 0.657624 0.000010 0.000010
0.329202 0.000010 0.670768 0.000010 0.000010
0.274139 0.000010 0.725831 0.000010 0.000010
0.264858 0.000015 0.735107 0.000010 0.000010
0.287509 0.000010 0.712461 0.000010 0.000010
0.288422 0.000011 0.711547 0.000010 0.000010
0.293728 0.000205 0.706047 0.000010 0.000010
0.279123 0.000015 0.720842 0.000010 0.000010
0.275886 0.000010 0.724084 0.000010 0.000010
0.274795 0.000010 0.725175 0.000010 0.000010
0.272123 0.000010 0.727847 0.000010 0.000010
0.276559 0.000010 0.723411 0.000010 0.000010
0.278574 0.000010 0.721396 0.000010 0.000010
0.325327 0.000010 0.674643 0.000010 0.000010
0.321461 0.000010 0.678509 0.000010 0.000010
0.322024 0.000010 0.677946 0.000010 0.000010
0.306219 0.000010 0.693751 0.000010 0.000010
0.309745 0.000010 0.690225 0.000010 0.000010
0.305062 0.000010 0.694908 0.000010 0.000010
0.294502 0.000010 0.705468 0.000010 0.000010
0.306051 0.000018 0.693911 0.000010 0.000010
0.316531 0.000010 0.683439 0.000010 0.000010
0.308307 0.000010 0.691663 0.000010 0.000010
0.279479 0.000010 0.720491 0.000010 0.000010
0.282603 0.000010 0.717367 0.000010 0.000010
0.328660 0.000010 0.671310 0.000010 0.000010
0.281392 0.000010 0.718578 0.000010 0.000010
0.278828 0.000010 0.721142 0.000010 0.000010
0.287548 0.000010 0.712422 0.000010 0.000010
0.289147 0.000010 0.710823 0.000010 0.000010
0.273927 0.000010 0.726043 0.000010 0.000010
0.288255 0.000010 0.711708 0.000016 0.000010
0.272169 0.000010 0.727801 0.000010 0.000010
0.323292 0.000010 0.676678 0.000010 0.000010
0.302111 0.000010 0.697859 0.000010 0.000010
0.278758 0.009435 0.707154 0.000010 0.004643
0.310680 0.000010 0.689290 0.000010 0.000010
0.336481 0.000010 0.663489 0.000010 0.000010
0.277484 0.000779 0.721718 0.000010 0.000010
0.338594 0.000010 0.661376 0.000010 0.000010
0.290671 0.000010 0.709299 0.000010 0.000010
0.287112 0.000010 0.712858 0.000010 0.000010
0.315801 0.000010 0.684169 0.000010 0.000010
0.349738 0.000010 0.650232 0.000010 0.000010
0.336237 0.000010 0.663733 0.000010 0.000010
0.319008 0.000010 0.680962 0.000010 0.000010
0.317837 0.000010 0.682133 0.000010 0.000010
0.315766 0.111321 0.377952 0.055074 0.139888
0.242273 0.000570 0.733055 0.000010 0.024092
0.251513 0.000010 0.748457 0.000010 0.000010
0.247583 0.000010 0.744344 0.003929 0.004135
0.240564 0.000010 0.751084 0.008332 0.000010
0.250904 0.000018 0.728333 0.000010 0.020735
0.240270 0.000010 0.755339 0.002769 0.001613
0.228176 0.000010 0.753840 0.017964 0.000010
0.219262 0.000010 0.763017 0.017701 0.000010
0.271125 0.000010 0.728845 0.000010 0.000010
0.308793 0.000010 0.691177 0.000010 0.000010
0.275724 0.000010 0.724246 0.000010 0.000010
0.287679 0.000010 0.704407 0.007894 0.000010
0.290400 0.000010 0.709009 0.000571 0.000010
0.280365 0.000010 0.719605 0.000010 0.000010
0.231201 0.000010 0.757193 0.011585 0.000010
0.281552 0.000010 0.717285 0.000010 0.001142
0.266951 0.000010 0.717681 0.015348 0.000010
0.344643 0.000010 0.655327 0.000010 0.000010
0.298610 0.000010 0.701360 0.000010 0.000010
0.288498 0.000010 0.709197 0.000010 0.002285
0.261855 0.000366 0.737759 0.000010 0.000010
0.316399 0.000010 0.683571 0.000010 0.000010
0.255300 0.207553 0.009973 0.177915 0.349259
0.288973 0.282483 0.052737 0.068077 0.307730
0.307531 0.243245 0.046046 0.136882 0.266297
0.249882 0.071664 0.580394 0.034076 0.063984
0.263114 0.170656 0.004190 0.146475 0.415565
0.261273 0.171957 0.000010 0.173973 0.392788
0.309088 0.129931 0.299990 0.072952 0.188038
0.274532 0.137556 0.294025 0.084851 0.209036
0.264124 0.292534 0.142935 0.072479 0.227928
0.035449 0.801841 0.009543 0.074537 0.078630
0.293001 0.179966 0.000010 0.133642 0.393382
0.256073 0.208822 0.000010 0.137868 0.397227
0.327444 0.095388 0.282542 0.103164 0.191461
0.324864 0.278621 0.040527 0.094538 0.261451
0.429488 0.093827 0.174819 0.056141 0.245724
0.261209 0.198408 0.000010 0.172151 0.368222
0.283969 0.140348 0.309998 0.070445 0.195239
0.299064 0.097370 0.299936 0.074481 0.229149
0.256074 0.145799 0.360465 0.088582 0.149080
0.248426 0.089996 0.559528 0.035298 0.066752
0.379543 0.085928 0.280671 0.064015 0.189843
0.421730 0.098707 0.192747 0.065215 0.221600
0.232313 0.204233 0.000010 0.146396 0.417048
0.413163 0.133547 0.184586 0.072561 0.196142
0.289023 0.161628 0.006859 0.138215 0.404276
0.317207 0.105002 0.329009 0.072698 0.176084
0.315520 0.095331 0.314241 0.076054 0.198855
0.238800 0.082880 0.519802 0.044276 0.114242
0.272588 0.196990 0.000010 0.146478 0.383934
0.432194 0.075785 0.182256 0.080054 0.229711
0.280447 0.221102 0.000010 0.134415 0.364025
0.293202 0.337127 0.123111 0.072225 0.174335
0.312161 0.258770 0.146193 0.073917 0.208959
0.266113 0.172176 0.000010 0.131130 0.430571
0.260475 0.209554 0.000010 0.154130 0.375831
0.429426 0.067631 0.182726 0.085930 0.234287
0.261018 0.051654 0.572653 0.058515 0.056160
0.261764 0.096631 0.435267 0.076462 0.129877
0.309678 0.117712 0.313139 0.069765 0.189706
0.332806 0.270032 0.102600 0.079406 0.215155
0.427661 0.104914 0.190536 0.076791 0.200097
0.273731 0.347990 0.107652 0.078993 0.191634
0.231643 0.088005 0.572235 0.035864 0.072253
0.309612 0.311778 0.135178 0.083129 0.160302
0.272071 0.187048 0.000010 0.151800 0.389072
0.421401 0.082953 0.170303 0.065718 0.259625
0.283013 0.140382 0.312995 0.073868 0.189742
0.306015 0.113621 0.309326 0.041787 0.229250
0.295501 0.115259 0.312475 0.062194 0.214572
0.411879 0.106301 0.161100 0.069692 0.251028
0.275024 0.173752 0.000010 0.133521 0.417692
0.295118 0.282571 0.022668 0.094282 0.305361
0.278573 0.284252 0.137928 0.080045 0.219202
0.243317 0.062988 0.582068 0.042022 0.069604
0.273751 0.176497 0.000010 0.174724 0.375018
0.272791 0.206286 0.000010 0.138683 0.382229
0.278058 0.073483 0.482280 0.063464 0.102715
0.327761 0.076221 0.320569 0.075322 0.200127
0.246913 0.048494 0.553157 0.070892 0.080544
0.427950 0.089082 0.181584 0.091242 0.210142
0.293559 0.294416 0.118889 0.098791 0.194345
0.305400 0.288839 0.099766 0.094924 0.211071
0.321468 0.066541 0.343966 0.080579 0.187445
0.280797 0.148605 0.000010 0.176946 0.393641
0.267191 0.186491 0.000010 0.128954 0.417354
0.257503 0.202039 0.000010 0.159107 0.381342
0.269552 0.082349 0.465951 0.047240 0.134908
0.289463 0.147034 0.193002 0.082211 0.288291
0.222928 0.077844 0.561127 0.066724 0.071377
0.287746 0.181625 0.000010 0.128727 0.401892
0.433169 0.064803 0.174469 0.078204 0.249355
0.325659 0.276939 0.044530 0.106654 0.246218
0.429001 0.111962 0.241365 0.066053 0.151619
0.295163 0.294400 0.125277 0.062877 0.222284
0.265381 0.184041 0.000010 0.139954 0.410614
0.253229 0.216325 0.000010 0.148245 0.382191
0.280476 0.197607 0.000761 0.126106 0.395049
0.296334 0.131932 0.316107 0.076906 0.178721
0.265716 0.074902 0.534940 0.034877 0.089565
0.233618 0.088979 0.557375 0.069600 0.050427
0.305752 0.191968 0.212137 0.087993 0.202150
0.449975 0.098938 0.173293 0.052651 0.225144
0.282124 0.322452 0.130672 0.094406 0.170346
0.324950 0.320928 0.085811 0.087234 0.181078
0.316477 0.360066 0.074619 0.061232 0.187605
0.284016 0.421159 0.073086 0.053271 0.168468
0.067941 0.308089 0.019894 0.050264 0.553812
0.291755 0.176509 0.000010 0.130129 0.401597
0.215171 0.582878 0.088716 0.022649 0.090586
0.276962 0.239458 0.243975 0.084554 0.155051
0.281676 0.362766 0.059631 0.112121 0.183808
0.288522 0.346281 0.082724 0.089107 0.193367
0.332245 0.293102 0.048926 0.065619 0.260108
0.292199 0.347929 0.093112 0.082107 0.184652
0.032887 0.222569 0.017505 0.000010 0.727029
0.303608 0.186366 0.000010 0.132452 0.377564
0.353865 0.205648 0.047588 0.092892 0.300008
0.234856 0.585818 0.069743 0.033670 0.075914
0.242194 0.500306 0.087327 0.043400 0.126773
0.328902 0.141135 0.000010 0.095200 0.434753
0.264409 0.229407 0.000010 0.148984 0.357190
0.266689 0.404697 0.108097 0.036124 0.184393
0.314758 0.145181 0.000010 0.126539 0.413512
0.032911 0.300676 0.001324 0.001165 0.663925
0.296791 0.159940 0.000010 0.125047 0.418213
0.336338 0.173711 0.047995 0.143929 0.298027
0.230083 0.564112 0.081935 0.041549 0.082321
0.227674 0.491769 0.072553 0.059128 0.148877
0.320178 0.282401 0.055977 0.114873 0.226571
0.284260 0.171734 0.000010 0.121511 0.422484
0.270326 0.397530 0.115432 0.041166 0.175545
0.288795 0.406390 0.072096 0.067289 0.165430
0.315661 0.149662 0.000010 0.130413 0.404254
0.043270 0.248582 0.037882 0.026574 0.643692
0.314159 0.162359 0.000010 0.133099 0.390373
0.338517 0.210391 0.023263 0.123578 0.304252
0.257970 0.531785 0.078901 0.063038 0.068306
0.198102 0.597114 0.083871 0.030874 0.090041
0.328434 0.259507 0.131847 0.063527 0.216684
0.263371 0.421881 0.095943 0.064718 0.154086
0.000559 0.290982 0.003022 0.000010 0.705427
0.290297 0.157534 0.000010 0.126377 0.425782
0.221306 0.545562 0.082518 0.064366 0.086248
0.192377 0.567494 0.067147 0.036542 0.136440
0.295013 0.308178 0.124058 0.055549 0.217202
0.032195 0.806638 0.015293 0.053331 0.092543
0.307259 0.293808 0.100386 0.088787 0.209759
0.290317 0.382194 0.089300 0.037568 0.200620
0.018473 0.256060 0.012105 0.011775 0.701587
0.285718 0.200017 0.000010 0.122696 0.391560
0.338310 0.196963 0.037079 0.152315 0.275332
0.232388 0.518543 0.104599 0.066665 0.077805
0.238829 0.593873 0.079645 0.013031 0.074623
0.275775 0.359103 0.074055 0.067042 0.224025
0.304915 0.246016 0.198845 0.079849 0.170375
0.298160 0.323984 0.038390 0.074111 0.265355
0.303602 0.290273 0.187042 0.063672 0.155411
0.289377 0.389461 0.078608 0.047029 0.195524
0.049057 0.281014 0.031508 0.061138 0.577283
0.286354 0.187469 0.000010 0.126264 0.399903
0.235872 0.584975 0.075964 0.049702 0.053487
0.313166 0.253462 0.066212 0.128862 0.238299
0.265709 0.376706 0.063062 0.094288 0.200236
0.280197 0.182602 0.000010 0.139570 0.397621
0.303052 0.346303 0.057287 0.078713 0.214645
0.303933 0.345932 0.073580 0.076348 0.200207
0.298863 0.394907 0.082240 0.043692 0.180299
0.043311 0.279313 0.030901 0.036766 0.609709
0.306925 0.161832 0.000010 0.109569 0.421665
0.239113 0.565014 0.074576 0.058223 0.063074
0.249259 0.542117 0.082040 0.048305 0.078279
0.274749 0.344445 0.072510 0.097378 0.210919
0.136512 0.125841 0.026812 0.081641 0.629193
0.158232 0.039531 0.000466 0.072981 0.728790
0.000010 0.323559 0.024269 0.029668 0.622494
0.100901 0.224996 0.052856 0.114662 0.506585
0.086744 0.360567 0.018131 0.169670 0.364888
0.067195 0.402307 0.047968 0.073952 0.408578
0.088798 0.336432 0.020866 0.168628 0.385277
0.148083 0.111169 0.011723 0.054422 0.674603
0.131575 0.125377 0.038114 0.051804 0.653130
0.000010 0.434498 0.002278 0.000010 0.563204
0.008209 0.289996 0.027184 0.057784 0.616826
0.112249 0.146741 0.012697 0.061927 0.666386
0.112322 0.088170 0.013407 0.025824 0.760277
0.019295 0.329290 0.017733 0.044767 0.588915
0.069107 0.513939 0.014004 0.136770 0.266181
0.104572 0.158406 0.007434 0.044880 0.684708
0.139733 0.111188 0.006347 0.029416 0.713317
0.062017 0.292583 0.022686 0.087411 0.535303
0.000010 0.394541 0.000010 0.012534 0.592905
0.000010 0.453772 0.011040 0.000010 0.535168
0.000010 0.395801 0.010823 0.000010 0.593356
0.000010 0.197275 0.027358 0.073656 0.701701
0.151393 0.021279 0.015159 0.043738 0.768431
0.121791 0.218661 0.021343 0.113650 0.524555
0.021283 0.317530 0.019604 0.007359 0.634224
0.089981 0.670978 0.037546 0.084958 0.116537
0.095410 0.164666 0.007992 0.058035 0.673898
0.090126 0.260001 0.017196 0.038145 0.594532
0.088846 0.175321 0.023358 0.061180 0.651294
0.000010 0.426095 0.009774 0.000010 0.564111
0.000010 0.393499 0.007457 0.000010 0.599025
0.000010 0.469909 0.011172 0.000010 0.518899
0.093450 0.339996 0.047533 0.066611 0.452411
0.121553 0.053277 0.011492 0.053494 0.760184
0.136007 0.167932 0.015924 0.013117 0.667020
0.049728 0.245285 0.019214 0.053859 0.631914
0.176033 0.231414 0.109322 0.122578 0.360652
0.082225 0.157857 0.011366 0.030297 0.718255
0.154115 0.129113 0.005590 0.037694 0.673488
0.116296 0.124325 0.012497 0.065351 0.681531
0.154163 0.145788 0.046789 0.092877 0.560382
0.000010 0.446763 0.016971 0.015018 0.521238
0.000010 0.457904 0.001448 0.000010 0.540628
0.000010 0.310188 0.021932 0.033305 0.634565
0.137289 0.070576 0.016608 0.044646 0.730881
0.150253 0.024263 0.021534 0.050712 0.753238
0.029925 0.541905 0.022097 0.128655 0.277418
0.113171 0.283142 0.064933 0.180354 0.358400
0.062541 0.396695 0.029691 0.202894 0.308178
0.094005 0.339386 0.022226 0.178790 0.365593
0.092185 0.242799 0.027056 0.062098 0.575863
0.000010 0.438825 0.011483 0.005550 0.544131
0.047775 0.317082 0.018904 0.046950 0.569289
0.000010 0.415675 0.000010 0.000010 0.584295
0.085743 0.197016 0.098416 0.072808 0.546017
0.069638 0.336094 0.027214 0.178584 0.388470
0.036679 0.680658 0.013163 0.051072 0.218428
0.060419 0.366570 0.031064 0.162139 0.379809
0.111308 0.085286 0.027065 0.038982 0.737360
0.094685 0.175156 0.005726 0.093548 0.630885
0.089732 0.177693 0.017189 0.079830 0.635556
0.000010 0.423009 0.018264 0.000010 0.558707
0.000010 0.433776 0.006262 0.000010 0.559941
0.023933 0.298800 0.004988 0.045092 0.627187
0.053848 0.279825 0.012547 0.077084 0.576696
0.116005 0.091311 0.000010 0.040028 0.752647
0.077940 0.341552 0.019974 0.149258 0.411276
0.077071 0.279432 0.012746 0.074943 0.555809
0.104765 0.193130 0.025684 0.091331 0.585090
0.146137 0.323518 0.050080 0.170162 0.310103
0.069758 0.637094 0.015708 0.109418 0.168021
0.103620 0.093757 0.012962 0.013297 0.776363
0.100322 0.132152 0.018513 0.068345 0.680667
0.000010 0.426960 0.010270 0.000010 0.562750
0.000010 0.420723 0.000010 0.000010 0.579247
0.005416 0.286465 0.021114 0.058053 0.628952
0.007759 0.290543 0.013563 0.104487 0.583647
0.159214 0.205719 0.005138 0.113137 0.516792
0.169435 0.200551 0.065067 0.106565 0.458382
0.042902 0.593163 0.002146 0.104127 0.257661
0.094545 0.169852 0.023822 0.018578 0.693202
0.106277 0.150780 0.020522 0.065262 0.657160
0.127258 0.121112 0.017025 0.040779 0.693826
0.161489 0.296307 0.082860 0.105007 0.354338
0.000010 0.436377 0.000414 0.000010 0.563189
0.000010 0.419136 0.001285 0.020983 0.558587
0.136098 0.149743 0.017323 0.074173 0.622663
0.000010 0.307792 0.007403 0.054140 0.630655
0.086404 0.255231 0.014229 0.072048 0.572088
0.000010 0.372417 0.003648 0.003156 0.620769
0.075334 0.330504 0.028058 0.061458 0.504647
0.335201 0.174417 0.030321 0.158114 0.301947
0.292563 0.358188 0.052750 0.093675 0.202824
0.270391 0.386154 0.051363 0.093137 0.198954
0.309796 0.266304 0.044553 0.099685 0.279663
0.046881 0.330032 0.016093 0.093116 0.513879
0.772859 0.016235 0.000010 0.000010 0.210886
0.041299 0.870250 0.002133 0.054239 0.032078
0.287333 0.168078 0.000010 0.125155 0.419423
0.281580 0.338384 0.067587 0.090878 0.221570
0.331630 0.175922 0.094286 0.130777 0.267385
0.051278 0.290039 0.044781 0.031245 0.582659
0.787645 0.000010 0.000010 0.000010 0.212325
0.692748 0.021099 0.000010 0.006720 0.279424
0.026076 0.844934 0.000528 0.050829 0.077633
0.311478 0.191664 0.017641 0.139922 0.339295
0.348459 0.177831 0.050451 0.150758 0.272501
0.324759 0.252470 0.030465 0.087762 0.304544
0.277603 0.164768 0.000010 0.130170 0.427448
0.407349 0.128531 0.061969 0.117701 0.284449
0.396434 0.170477 0.075810 0.093566 0.263713
0.407983 0.139020 0.071951 0.093411 0.287635
0.617816 0.088962 0.033780 0.014449 0.244992
0.635847 0.023443 0.020957 0.008424 0.311329
0.027503 0.837336 0.001229 0.081768 0.052165
0.281529 0.197105 0.000010 0.143680 0.377675
0.303768 0.195001 0.000010 0.117675 0.383546
0.255404 0.418672 0.074854 0.092063 0.159007
0.019869 0.279764 0.009081 0.031518 0.659769
0.275124 0.166802 0.000010 0.108709 0.449355
0.420196 0.130045 0.056732 0.101570 0.291456
0.405826 0.155579 0.047240 0.094762 0.296594
0.755565 0.000010 0.000010 0.000010 0.244405
0.636704 0.074858 0.010626 0.031115 0.246696
0.290697 0.374038 0.053992 0.043919 0.237355
0.308389 0.236694 0.058034 0.139355 0.257528
0.309709 0.163910 0.034363 0.124322 0.367696
0.009625 0.304535 0.009260 0.019181 0.657400
0.390766 0.163541 0.083312 0.082838 0.279543
0.405365 0.152285 0.049838 0.094658 0.297854
0.735624 0.021498 0.000010 0.000010 0.242858
0.715552 0.037570 0.000010 0.000010 0.246857
0.642883 0.081169 0.017462 0.013758 0.244728
0.076133 0.339912 0.041936 0.133184 0.408835
0.304613 0.317848 0.050868 0.086436 0.240236
0.319177 0.228703 0.038994 0.139400 0.273726
0.338613 0.172122 0.036387 0.144030 0.308849
0.023928 0.334268 0.015024 0.027553 0.599227
0.410262 0.058192 0.191110 0.098165 0.242271
0.402957 0.156660 0.086502 0.114631 0.239251
0.730372 0.023803 0.000010 0.000010 0.245805
0.696608 0.025644 0.000010 0.024040 0.253699
0.662763 0.075166 0.000969 0.011891 0.249211
0.247515 0.198848 0.000010 0.159857 0.393770
0.315555 0.273786 0.042105 0.098626 0.269926
0.004010 0.267794 0.009198 0.000010 0.718988
0.040555 0.811398 0.012759 0.037230 0.098059
0.411323 0.137486 0.073054 0.085932 0.292206
0.408689 0.180313 0.074033 0.083435 0.253530
0.710998 0.072380 0.000010 0.000010 0.216603
0.675134 0.057087 0.014550 0.000010 0.253220
0.035450 0.869943 0.006705 0.042426 0.045477
0.111948 0.116610 0.024250 0.022726 0.724466
0.337132 0.181935 0.061544 0.158990 0.260399
0.021952 0.297174 0.002505 0.025436 0.652934
0.034172 0.822810 0.019639 0.061598 0.061780
0.401841 0.204960 0.053551 0.067935 0.271713
0.390136 0.148462 0.093832 0.058696 0.308874
0.398280 0.132629 0.072704 0.116607 0.279780
0.676349 0.043170 0.000010 0.026102 0.254369
0.686684 0.039097 0.000010 0.000010 0.274199
0.011705 0.833450 0.000010 0.068776 0.086059
0.000010 0.283343 0.016394 0.030135 0.670119
0.022927 0.526538 0.015908 0.096114 0.338514
0.028486 0.261074 0.028839 0.082825 0.598775
0.000010 0.270375 0.007617 0.083665 0.638334
0.107107 0.000010 0.033876 0.041640 0.817367
0.112980 0.030616 0.000680 0.023375 0.832350
0.062522 0.000010 0.000010 0.000010 0.937448
0.079560 0.229046 0.021273 0.018925 0.651195
0.059358 0.242134 0.046891 0.020831 0.630787
0.072180 0.081045 0.009988 0.014954 0.821833
0.123753 0.063411 0.018996 0.032586 0.761253
0.029323 0.279188 0.020080 0.089060 0.582349
0.028122 0.583607 0.020370 0.085596 0.282305
0.000212 0.275842 0.011099 0.045429 0.667417
0.117380 0.000010 0.029549 0.000010 0.853051
0.046052 0.201082 0.010722 0.043246 0.698898
0.071776 0.330141 0.027766 0.050565 0.519753
0.076457 0.241053 0.027748 0.054653 0.600089
0.062357 0.024938 0.024659 0.000010 0.888036
0.059800 0.017668 0.013476 0.000010 0.909046
0.051827 0.563327 0.010664 0.077241 0.296941
0.000010 0.253518 0.000010 0.001028 0.745433
0.086257 0.000010 0.000641 0.015662 0.897431
0.118213 0.000010 0.008159 0.000712 0.872906
0.082091 0.317216 0.000707 0.040829 0.559157
0.076941 0.259321 0.020837 0.013460 0.629441
0.047243 0.221067 0.004818 0.023132 0.703740
0.060188 0.010103 0.024170 0.000010 0.905530
0.049855 0.008354 0.011741 0.000010 0.930040
0.000010 0.240276 0.012153 0.077398 0.670162
0.013190 0.555571 0.030901 0.098351 0.301987
0.042706 0.240601 0.000010 0.051341 0.665341
0.000010 0.272731 0.007371 0.008983 0.710904
0.075861 0.000010 0.000357 0.000010 0.923762
0.070455 0.195398 0.046713 0.026438 0.660996
0.044414 0.090239 0.014362 0.003593 0.847393
0.059483 0.035615 0.012382 0.000010 0.892510
0.089729 0.001821 0.005540 0.001669 0.901240
0.035371 0.275082 0.009751 0.037282 0.642513
0.053856 0.493077 0.018227 0.143942 0.290899
0.006221 0.306385 0.000867 0.013273 0.673255
0.034554 0.294829 0.020997 0.105385 0.544235
0.075751 0.000010 0.000010 0.000010 0.924219
0.108274 0.018629 0.027912 0.043883 0.801302
0.137784 0.213773 0.106840 0.053090 0.488512
0.030582 0.193479 0.010518 0.013644 0.751777
0.040974 0.342120 0.013025 0.009353 0.594528
0.083307 0.017821 0.008150 0.008731 0.881991
0.067598 0.000010 0.001522 0.000010 0.930860
0.043970 0.262137 0.037254 0.080295 0.576343
0.010891 0.565488 0.020685 0.100711 0.302224
0.040241 0.276653 0.007794 0.045378 0.629935
0.008752 0.273307 0.002558 0.037398 0.677985
0.103933 0.000010 0.011209 0.000010 0.884838
0.077914 0.000010 0.000348 0.000010 0.921719
0.058940 0.299113 0.022959 0.072857 0.546130
0.045545 0.234766 0.031147 0.005595 0.682947
0.058173 0.008101 0.004804 0.000010 0.928912
0.042793 0.020032 0.001329 0.000010 0.935836
0.058206 0.000010 0.013155 0.000010 0.928619
0.000010 0.278904 0.011743 0.065802 0.643541
0.022812 0.545931 0.021808 0.073749 0.335701
0.010853 0.307338 0.020659 0.031138 0.630011
0.068612 0.000010 0.000010 0.000010 0.931358
0.130734 0.000010 0.013331 0.000010 0.855915
0.044203 0.252273 0.030230 0.045145 0.628149
0.122182 0.225542 0.026664 0.047145 0.578466
0.074108 0.014013 0.011534 0.009330 0.891015
0.051224 0.000010 0.009825 0.000010 0.938931
0.074595 0.077361 0.016206 0.000010 0.831828
0.012840 0.329470 0.022086 0.049155 0.586449
0.038246 0.572685 0.019350 0.113590 0.256128
0.082360 0.197183 0.016357 0.051161 0.652939
0.068409 0.200551 0.013719 0.056014 0.661307
0.080003 0.000010 0.035545 0.000010 0.884431
0.060025 0.008122 0.003635 0.002028 0.926191
0.094227 0.233131 0.048172 0.049059 0.575412
0.043524 0.159510 0.015092 0.012793 0.769082
0.062666 0.039234 0.010142 0.021060 0.866899
0.036892 0.000010 0.000010 0.000010 0.963078
0.067952 0.035334 0.013061 0.020722 0.862931
0.010165 0.291033 0.010202 0.019660 0.668941
0.086060 0.332821 0.007485 0.003208 0.570425
0.106811 0.345649 0.007095 0.132158 0.408288
0.092526 0.146105 0.011887 0.000010 0.749472
0.082195 0.211175 0.003613 0.035797 0.667220
0.004102 0.449002 0.013048 0.039435 0.494412
0.000010 0.348556 0.000010 0.007272 0.644151
0.323438 0.296288 0.094453 0.072591 0.213230
0.127918 0.000010 0.010932 0.006346 0.854795
0.092699 0.258638 0.013254 0.034319 0.601090
0.068457 0.238216 0.011007 0.019471 0.662848
0.076422 0.204760 0.015939 0.025827 0.677052
0.120712 0.081519 0.012967 0.061414 0.723388
0.094201 0.229771 0.000167 0.030192 0.645668
0.000017 0.374792 0.000742 0.000010 0.624439
0.000010 0.404878 0.015102 0.003535 0.576475
0.298294 0.179714 0.000010 0.121485 0.400497
0.119559 0.000010 0.026369 0.005244 0.848817
0.065355 0.275935 0.013294 0.065999 0.579417
0.088908 0.143245 0.031539 0.041730 0.694577
0.003007 0.385289 0.006252 0.052757 0.552695
0.003606 0.387452 0.006979 0.037957 0.564006
0.004947 0.345091 0.024228 0.032586 0.593148
0.041668 0.224687 0.005720 0.107064 0.620861
0.098248 0.301976 0.004400 0.044823 0.550553
0.047661 0.277201 0.002288 0.003408 0.669441
0.048352 0.408182 0.000010 0.058486 0.484969
0.008504 0.200997 0.005235 0.000010 0.785254
0.105491 0.274519 0.031478 0.045382 0.543130
0.065944 0.502812 0.012867 0.065725 0.352652
0.103561 0.298673 0.015367 0.027472 0.554927
0.108281 0.212813 0.023668 0.024921 0.630317
0.102488 0.128966 0.024275 0.049682 0.694589
0.004294 0.327881 0.016736 0.032448 0.618642
0.000010 0.410864 0.008077 0.018037 0.563012
0.028613 0.333709 0.010638 0.084522 0.542518
0.108249 0.324295 0.024228 0.092144 0.451085
0.086986 0.266981 0.009322 0.029359 0.607352
0.122777 0.083986 0.000010 0.058345 0.734883
0.000010 0.385981 0.000010 0.012777 0.601222
0.000010 0.304941 0.010832 0.022620 0.661597
0.071245 0.334665 0.007104 0.096780 0.490207
0.110724 0.177456 0.012247 0.040203 0.659369
0.069012 0.240559 0.000010 0.002656 0.687763
0.036447 0.406459 0.008436 0.058263 0.490395
0.017689 0.456497 0.000010 0.010777 0.515028
0.020047 0.330550 0.025790 0.093060 0.530553
0.082443 0.300609 0.004907 0.039598 0.572443
0.075550 0.254816 0.009496 0.048520 0.611618
0.087625 0.184682 0.022238 0.011500 0.693955
0.070692 0.213297 0.009311 0.000010 0.706690
0.000010 0.311607 0.000010 0.000010 0.688363
0.006956 0.402601 0.009080 0.022904 0.558459
0.046993 0.642211 0.000010 0.083384 0.227401
0.048230 0.620934 0.019125 0.106840 0.204871
0.055187 0.694509 0.022392 0.078129 0.149784
0.043110 0.657685 0.015020 0.086744 0.197440
0.034641 0.676906 0.000941 0.103974 0.183537
0.055349 0.679114 0.000585 0.095404 0.169547
0.052986 0.699005 0.031596 0.060739 0.155673
0.073369 0.573928 0.008231 0.160178 0.184295
0.061005 0.625170 0.007631 0.099452 0.206743
0.044642 0.590774 0.021083 0.114362 0.229139
0.047477 0.655680 0.006051 0.071627 0.219165
0.038905 0.648340 0.011556 0.087537 0.213662
0.078318 0.532173 0.000476 0.176817 0.212216
0.037108 0.667963 0.018005 0.116555 0.160370
