0.409872 0.086583 0.503545
0.304912 0.042200 0.652888
0.412438 0.074854 0.512708
0.343398 0.036197 0.620405
0.412334 0.074115 0.513552
0.371823 0.074802 0.553375
0.353888 0.061249 0.584863
0.055106 0.005361 0.939533
0.021925 0.039064 0.939011
0.000225 0.000010 0.999765
0.068984 0.077459 0.853557
0.082691 0.053123 0.864186
0.896202 0.103788 0.000010
0.796383 0.197624 0.005993
0.973281 0.022017 0.004702
0.779831 0.204119 0.016050
0.386716 0.098782 0.514501
0.375385 0.081893 0.542722
0.022233 0.014754 0.963013
0.071542 0.011009 0.917449
0.071182 0.000010 0.928808
0.000010 0.000010 0.999980
0.067866 0.073189 0.858945
0.083118 0.054834 0.862048
0.941982 0.058008 0.000010
0.935571 0.062774 0.001655
0.954021 0.032908 0.013071
0.782387 0.217603 0.000010
0.381771 0.091281 0.526948
0.391853 0.091714 0.516433
0.066719 0.013938 0.919343
0.049158 0.027053 0.923789
0.000010 0.000010 0.999980
0.000010 0.000010 0.999980
0.052074 0.082254 0.865672
0.057499 0.080534 0.861968
0.894649 0.105341 0.000010
0.936617 0.048462 0.014921
0.935003 0.064987 0.000010
0.791540 0.193682 0.014778
0.363260 0.079060 0.557680
0.379250 0.100973 0.519777
0.052699 0.009049 0.938252
0.038493 0.000010 0.961497
0.000010 0.000010 0.999980
0.000783 0.000010 0.999207
0.000010 0.000010 0.999980
0.076785 0.076745 0.846470
0.059747 0.080792 0.859461
0.894467 0.105523 0.000010
0.981429 0.000010 0.018561
0.950405 0.049585 0.000010
0.816727 0.160646 0.022627
0.927864 0.072126 0.000010
0.593683 0.406307 0.000010
0.898310 0.101680 0.000010
0.840150 0.113294 0.046556
0.807470 0.148183 0.044348
0.883760 0.073387 0.042852
0.813497 0.135587 0.050916
0.438801 0.090495 0.470704
0.865475 0.134515 0.000010
0.852145 0.147845 0.000010
0.806579 0.109648 0.083773
0.696531 0.132848 0.170621
0.795242 0.152202 0.052556
0.773427 0.155170 0.071403
0.387504 0.100531 0.511965
0.387422 0.092034 0.520544
0.887832 0.112158 0.000010
0.650313 0.349677 0.000010
0.902423 0.097567 0.000010
0.801850 0.132838 0.065312
0.772089 0.177718 0.050193
0.837111 0.138527 0.024361
0.763236 0.147681 0.089083
0.414091 0.129254 0.456654
0.410533 0.121403 0.468064
0.388066 0.094988 0.516946
0.029704 0.041395 0.928901
0.000010 0.000010 0.999980
0.002152 0.000010 0.997838
0.000010 0.000010 0.999980
0.080272 0.078976 0.840752
0.053011 0.082536 0.864453
0.880523 0.119467 0.000010
0.995147 0.000010 0.004843
0.893878 0.106112 0.000010
0.771290 0.194765 0.033944
0.398546 0.085437 0.516018
0.216951 0.041664 0.741385
0.041233 0.024490 0.934278
0.036377 0.019895 0.943728
0.000010 0.000010 0.999980
0.000010 0.000010 0.999980
0.082604 0.062529 0.854867
0.070291 0.073207 0.856502
0.890180 0.109810 0.000010
0.938230 0.061760 0.000010
0.787047 0.194183 0.018770
0.890973 0.109017 0.000010
0.408650 0.591340 0.000010
0.902483 0.096561 0.000956
0.851781 0.092261 0.055957
0.816677 0.134182 0.049141
0.808340 0.152217 0.039443
0.353087 0.122234 0.524679
0.405671 0.082820 0.511509
0.056221 0.002351 0.941427
0.065229 0.005177 0.929595
0.000010 0.000010 0.999980
0.000010 0.000010 0.999980
0.072823 0.079144 0.848033
0.873842 0.125493 0.000665
0.970545 0.029445 0.000010
0.978057 0.009254 0.012689
0.795252 0.192969 0.011779
0.890193 0.104810 0.004997
0.581896 0.414937 0.003166
0.906899 0.093091 0.000010
0.849140 0.099175 0.051685
0.847122 0.091214 0.061664
0.825029 0.138515 0.036455
0.490021 0.098928 0.411050
0.375862 0.069262 0.554875
0.027107 0.013884 0.959009
0.047357 0.000010 0.952633
0.000010 0.000010 0.999980
0.000010 0.000010 0.999980
0.078599 0.056184 0.865217
0.088462 0.073644 0.837894
0.854147 0.145517 0.000336
0.986031 0.006324 0.007645
0.987362 0.010769 0.001869
0.778112 0.204944 0.016944
0.866383 0.133607 0.000010
0.600301 0.399689 0.000010
0.908927 0.091063 0.000010
0.837741 0.079343 0.082916
0.761834 0.171368 0.066798
0.749041 0.120677 0.130282
0.344600 0.080617 0.574783
0.372775 0.070142 0.557083
0.056606 0.000010 0.943384
0.006155 0.038771 0.955074
0.000010 0.000010 0.999980
0.000010 0.000010 0.999980
0.000010 0.000010 0.999980
0.049494 0.108662 0.841844
0.060979 0.051600 0.887421
0.865884 0.134106 0.000010
0.888492 0.090336 0.021172
0.984964 0.000010 0.015026
0.780022 0.195165 0.024814
0.841117 0.158873 0.000010
0.897310 0.099185 0.003505
0.795748 0.165407 0.038845
0.798504 0.138108 0.063387
0.794498 0.143120 0.062382
0.838575 0.117724 0.043701
0.954415 0.000010 0.045575
0.415925 0.071012 0.513063
0.051520 0.000010 0.948470
0.008797 0.024324 0.966880
0.000010 0.000010 0.999980
0.072123 0.086212 0.841665
0.051521 0.076068 0.872410
0.910668 0.089322 0.000010
0.955749 0.044241 0.000010
0.930190 0.069800 0.000010
0.910726 0.089264 0.000010
0.599575 0.400415 0.000010
0.892107 0.107883 0.000010
0.833967 0.095023 0.071010
0.833448 0.110338 0.056214
0.701689 0.152102 0.146209
0.854827 0.103698 0.041475
0.311082 0.091350 0.597568
0.961502 0.000010 0.038488
0.042245 0.012598 0.945158
0.000010 0.000010 0.999980
0.045886 0.025741 0.928373
0.053365 0.008979 0.937657
0.889378 0.110612 0.000010
0.795283 0.166817 0.037900
0.597904 0.402086 0.000010
0.912719 0.087271 0.000010
0.829665 0.099876 0.070458
0.791734 0.170621 0.037644
0.638411 0.114143 0.247446
0.379111 0.093468 0.527421
0.961329 0.000010 0.038661
0.000170 0.000010 0.999820
0.061381 0.107459 0.831161
0.076488 0.057599 0.865913
0.092278 0.054605 0.853118
0.965653 0.022562 0.011785
0.949963 0.050027 0.000010
0.851460 0.148530 0.000010
0.896329 0.103661 0.000010
0.598877 0.401113 0.000010
0.827030 0.113881 0.059089
0.787561 0.141216 0.071223
0.763003 0.165863 0.071133
0.828193 0.125736 0.046070
0.791248 0.166388 0.042364
0.958660 0.000010 0.041330
0.662873 0.337117 0.000010
0.887936 0.112054 0.000010
0.821223 0.116821 0.061956
0.809848 0.126785 0.063367
0.671893 0.164060 0.164047
0.808987 0.157822 0.033192
0.344896 0.093992 0.561112
0.974298 0.000010 0.025692
0.967754 0.000010 0.032236
0.858858 0.105236 0.035907
0.945447 0.054543 0.000010
0.624224 0.307961 0.067815
0.769585 0.062668 0.167748
0.719051 0.057176 0.223773
0.932267 0.065464 0.002269
0.936487 0.063503 0.000010
0.923405 0.072710 0.003885
0.915595 0.037084 0.047322
0.961958 0.000010 0.038032
0.942570 0.057420 0.000010
0.575396 0.342977 0.081627
0.732444 0.071144 0.196412
0.821083 0.093934 0.084983
0.893972 0.103016 0.003012
0.912596 0.087394 0.000010
0.807529 0.000010 0.192461
0.853283 0.092912 0.053805
0.965618 0.000010 0.034372
0.651085 0.343208 0.005707
0.542638 0.418999 0.038364
0.662247 0.109408 0.228345
0.771074 0.071703 0.157222
0.908399 0.079061 0.012541
0.909946 0.076867 0.013188
0.948327 0.047282 0.004391
0.870517 0.000010 0.129473
0.962646 0.000010 0.037344
0.863842 0.111676 0.024482
0.650945 0.346409 0.002646
0.610191 0.293035 0.096774
0.562870 0.050098 0.387033
0.720451 0.108802 0.170747
0.916651 0.080386 0.002963
0.903124 0.084258 0.012618
0.911869 0.081089 0.007043
0.783421 0.000010 0.216569
0.079958 0.067412 0.852631
0.066654 0.080106 0.853239
0.848991 0.150999 0.000010
0.982673 0.000010 0.017317
0.794667 0.189732 0.015602
0.966596 0.000010 0.033394
0.984670 0.012991 0.002340
0.658866 0.341124 0.000010
0.650589 0.274837 0.074574
0.710236 0.040077 0.249687
0.757373 0.083965 0.158662
0.908128 0.071802 0.020070
0.922412 0.077578 0.000010
0.900518 0.081407 0.018075
0.872794 0.021299 0.105907
0.953555 0.046435 0.000010
0.577034 0.420291 0.002674
0.759780 0.060839 0.179381
0.748286 0.097928 0.153787
0.625363 0.066567 0.308070
0.923119 0.060506 0.016375
0.866977 0.114755 0.018268
0.921504 0.078486 0.000010
0.603381 0.396609 0.000010
0.638594 0.309134 0.052271
0.752146 0.072860 0.174993
0.749765 0.093728 0.156507
0.924007 0.074000 0.001992
0.935587 0.059430 0.004983
0.920524 0.069199 0.010277
0.826288 0.000010 0.173702
0.900529 0.057767 0.041703
0.953102 0.046888 0.000010
0.614612 0.385320 0.000068
0.627385 0.276019 0.096596
0.753168 0.069139 0.177693
0.731641 0.083860 0.184498
0.895344 0.097978 0.006678
0.910831 0.082526 0.006643
0.899036 0.086499 0.014465
0.885278 0.071420 0.043302
0.941224 0.058766 0.000010
0.574271 0.346391 0.079338
0.773708 0.051380 0.174912
0.752910 0.066623 0.180468
0.905214 0.078063 0.016724
0.870327 0.096767 0.032906
0.956096 0.043894 0.000010
0.603378 0.334027 0.062594
0.761502 0.069465 0.169033
0.716935 0.080456 0.202609
0.937650 0.054850 0.007500
0.924097 0.059782 0.016121
0.805235 0.000010 0.194755
0.812594 0.000010 0.187396
0.780087 0.156095 0.063817
0.789429 0.156627 0.053944
0.330302 0.106041 0.563656
0.875776 0.085811 0.038413
0.961327 0.038663 0.000010
0.591229 0.408761 0.000010
0.755097 0.072564 0.172340
0.697735 0.078157 0.224108
0.903248 0.081480 0.015271
0.929090 0.064384 0.006526
0.795120 0.000010 0.204870
0.081892 0.065592 0.852517
0.971993 0.027997 0.000010
0.858491 0.004366 0.137144
0.895948 0.091711 0.012340
0.760193 0.074771 0.165035
0.917545 0.067423 0.015032
0.630936 0.314446 0.054618
0.596246 0.403744 0.000010
0.825726 0.130148 0.044126
0.543131 0.049978 0.406890
0.864351 0.135639 0.000010
0.097152 0.025351 0.877497
0.063589 0.047379 0.889032
0.066847 0.070447 0.862706
0.070116 0.057037 0.872848
0.504021 0.495969 0.000010
0.499278 0.500712 0.000010
0.507071 0.492919 0.000010
0.523932 0.476058 0.000010
0.106108 0.054625 0.839267
0.062135 0.010192 0.927673
0.066364 0.014966 0.918670
0.053745 0.036925 0.909330
0.063578 0.012238 0.924184
0.055693 0.035930 0.908378
0.074732 0.033007 0.892261
0.056329 0.028965 0.914706
0.172828 0.194067 0.633105
0.195772 0.072897 0.731331
0.083875 0.055394 0.860731
0.064357 0.077992 0.857650
0.075927 0.061758 0.862315
0.074987 0.076315 0.848698
0.091398 0.072112 0.836490
0.056958 0.054910 0.888132
0.091678 0.054803 0.853519
0.055887 0.089044 0.855069
0.048897 0.100895 0.850208
0.103375 0.048841 0.847784
0.051291 0.049766 0.898943
0.055534 0.046293 0.898173
0.049533 0.057350 0.893116
0.085641 0.024639 0.889720
0.070307 0.057912 0.871781
0.051232 0.052343 0.896425
0.075563 0.028190 0.896248
0.049710 0.046088 0.904203
0.050435 0.050697 0.898868
0.057529 0.046041 0.896430
0.082235 0.027895 0.889870
0.089518 0.051988 0.858494
0.086655 0.043034 0.870312
0.065685 0.065648 0.868667
0.052902 0.054782 0.892316
0.043116 0.063565 0.893319
0.059979 0.044676 0.895346
0.055015 0.038638 0.906347
0.083134 0.054007 0.862859
0.047719 0.089036 0.863245
0.076356 0.059801 0.863843
0.065964 0.036192 0.897845
0.076640 0.021309 0.902051
0.083516 0.048430 0.868055
0.046212 0.062879 0.890909
0.088151 0.019309 0.892539
0.077270 0.033429 0.889301
0.055709 0.050508 0.893784
0.045196 0.037132 0.917672
0.089330 0.033858 0.876812
0.057143 0.051501 0.891356
0.085034 0.058016 0.856951
0.053971 0.069324 0.876704
0.066794 0.066177 0.867028
0.051717 0.070556 0.877727
0.045472 0.097900 0.856627
0.049351 0.062215 0.888434
0.104487 0.038314 0.857198
0.069751 0.046363 0.883886
0.059620 0.054763 0.885617
0.060138 0.056733 0.883129
0.085628 0.080782 0.833590
0.081626 0.064348 0.854027
0.064993 0.068978 0.866029
0.075715 0.060942 0.863342
0.224893 0.285177 0.489930
0.044415 0.065399 0.890186
0.063557 0.024811 0.911632
0.055588 0.041962 0.902450
0.056080 0.034979 0.908941
0.057918 0.057551 0.884531
0.049820 0.037414 0.912766
0.079696 0.007157 0.913147
0.070041 0.008790 0.921170
0.062008 0.044808 0.893184
0.071996 0.060309 0.867695
0.068317 0.044695 0.886988
0.093820 0.037954 0.868225
0.075618 0.051320 0.873062
0.062299 0.052556 0.885145
0.069845 0.011032 0.919122
0.045959 0.070490 0.883551
0.094556 0.025806 0.879637
0.087989 0.077901 0.834110
0.067041 0.057996 0.874963
0.081213 0.043187 0.875601
0.039283 0.058309 0.902409
0.069872 0.067551 0.862577
0.434805 0.525482 0.039714
0.307231 0.591340 0.101429
0.388032 0.519552 0.092416
0.122292 0.165855 0.711852
0.431865 0.536506 0.031629
0.463729 0.530778 0.005493
0.265213 0.339011 0.395776
0.267058 0.351667 0.381275
0.265479 0.530829 0.203692
0.073187 0.910342 0.016470
0.433461 0.548349 0.018190
0.416840 0.565800 0.017359
0.313679 0.308966 0.377354
0.345186 0.563134 0.091680
0.348742 0.376979 0.274279
0.450487 0.542672 0.006841
0.250044 0.347975 0.401981
0.277703 0.330089 0.392209
0.234205 0.310368 0.455427
0.125723 0.186974 0.687303
0.299815 0.312634 0.387551
0.349033 0.360204 0.290763
0.417357 0.576722 0.005921
0.339740 0.378901 0.281359
0.435101 0.525442 0.039457
0.262187 0.307163 0.430650
0.279176 0.308828 0.411996
0.150623 0.211167 0.638210
0.428954 0.546927 0.024119
0.376332 0.342529 0.281139
0.416268 0.562955 0.020777
0.260901 0.551743 0.187356
0.287622 0.495217 0.217161
0.429885 0.552461 0.017654
0.428293 0.551067 0.020640
0.382690 0.337315 0.279994
0.154088 0.141728 0.704184
0.213156 0.243794 0.543050
0.263881 0.325304 0.410815
0.309485 0.521624 0.168892
0.357588 0.351524 0.290888
0.262801 0.571012 0.166187
0.117297 0.183831 0.698872
0.276374 0.518530 0.205096
0.437845 0.543317 0.018838
0.363072 0.372155 0.264773
0.247367 0.346634 0.405999
0.243166 0.350303 0.406531
0.254566 0.338402 0.407032
0.355542 0.390369 0.254088
0.435665 0.555368 0.008966
0.345542 0.587933 0.066525
0.276171 0.523421 0.200408
0.127193 0.160847 0.711961
0.462303 0.514735 0.022962
0.423128 0.562010 0.014862
0.193425 0.205077 0.601498
0.285005 0.292826 0.422169
0.171059 0.151743 0.677198
0.378683 0.341508 0.279809
0.299797 0.518383 0.181820
0.310545 0.528893 0.160562
0.280381 0.271432 0.448186
0.475068 0.502580 0.022351
0.417978 0.560889 0.021134
0.431191 0.548560 0.020250
0.183904 0.234452 0.581643
0.310384 0.424373 0.265243
0.148856 0.169062 0.682082
0.431814 0.557529 0.010657
0.384793 0.343156 0.272051
0.356212 0.546574 0.097214
0.320119 0.327582 0.352299
0.268862 0.541716 0.189422
0.432970 0.553676 0.013354
0.414335 0.564006 0.021660
0.411284 0.555649 0.033067
0.257127 0.331724 0.411150
0.144610 0.192578 0.662812
0.148795 0.169861 0.681345
0.296556 0.411702 0.291742
0.350573 0.373507 0.275920
0.276485 0.529389 0.194127
0.303386 0.548473 0.148141
0.266962 0.597194 0.135844
0.234028 0.636626 0.129346
0.248541 0.727901 0.023559
0.436877 0.561168 0.001955
0.121073 0.740255 0.138671
0.248856 0.426169 0.324975
0.305981 0.584693 0.109326
0.284978 0.576521 0.138500
0.316063 0.577888 0.106049
0.277867 0.569627 0.152505
0.230078 0.753383 0.016539
0.438113 0.556487 0.005401
0.374962 0.519154 0.105884
0.142005 0.738754 0.119242
0.177762 0.682347 0.139890
0.431086 0.545424 0.023490
0.425259 0.567514 0.007227
0.203376 0.629168 0.167456
0.450010 0.534480 0.015511
0.213480 0.785388 0.001133
0.438507 0.550351 0.011142
0.424840 0.474413 0.100747
0.152025 0.715874 0.132102
0.194428 0.686802 0.118770
0.348911 0.540431 0.110657
0.428673 0.562224 0.009103
0.210054 0.612665 0.177281
0.251411 0.620819 0.127770
0.455508 0.530855 0.013637
0.244779 0.716445 0.038776
0.440759 0.524983 0.034258
0.405542 0.524072 0.070386
0.187459 0.679565 0.132976
0.122259 0.747790 0.129951
0.287577 0.510236 0.202188
0.225486 0.622513 0.152000
0.200820 0.799170 0.000010
0.435478 0.541905 0.022617
0.171646 0.698249 0.130105
0.141812 0.749317 0.108871
0.254978 0.555521 0.189501
0.052323 0.925339 0.022338
0.302876 0.534300 0.162824
0.230652 0.621082 0.148266
0.228086 0.763395 0.008519
0.414970 0.569116 0.015914
0.427758 0.483091 0.089151
0.178515 0.662179 0.159306
0.119644 0.747055 0.133301
0.263055 0.610437 0.126508
0.270982 0.450984 0.278034
0.308120 0.606712 0.085168
0.245399 0.489212 0.265389
0.238571 0.625327 0.136103
0.256938 0.709757 0.033306
0.425246 0.557761 0.016993
0.152467 0.719997 0.127536
0.367360 0.512103 0.120537
0.281477 0.608203 0.110319
0.435819 0.555197 0.008984
0.289788 0.599444 0.110768
0.285831 0.583610 0.130560
0.237373 0.620612 0.142015
0.238861 0.728566 0.032573
0.424567 0.555037 0.020396
0.168632 0.705657 0.125711
0.168780 0.696306 0.134913
0.297409 0.580066 0.122524
0.363406 0.598297 0.038297
0.412001 0.574905 0.013094
0.209691 0.770212 0.020097
0.327655 0.607474 0.064871
0.326371 0.649112 0.024518
0.218225 0.723630 0.058145
0.332986 0.639939 0.027075
0.358955 0.616092 0.024953
0.332728 0.615669 0.051603
0.127583 0.872407 0.000010
0.245888 0.730833 0.023279
0.338967 0.640350 0.020683
0.340551 0.639332 0.020116
0.224880 0.761334 0.013786
0.237237 0.742872 0.019891
0.325089 0.662003 0.012908
0.338706 0.644027 0.017267
0.282097 0.692151 0.025752
0.150038 0.849952 0.000010
0.114644 0.877186 0.008170
0.127216 0.864469 0.008315
0.291238 0.687433 0.021329
0.388816 0.586685 0.024499
0.348664 0.619614 0.031721
0.199867 0.780591 0.019542
0.132314 0.811866 0.055821
0.326116 0.662548 0.011337
0.269630 0.705631 0.024739
0.317711 0.653932 0.028358
0.123559 0.867825 0.008616
0.136795 0.860210 0.002995
0.121029 0.869723 0.009248
0.241563 0.697697 0.060740
0.373941 0.606911 0.019148
0.299287 0.673566 0.027147
0.274458 0.707782 0.017760
0.320588 0.534287 0.145125
0.296914 0.688203 0.014884
0.338449 0.643515 0.018036
0.351559 0.628502 0.019939
0.356370 0.576616 0.067014
0.134950 0.850014 0.015035
0.098623 0.901367 0.000010
0.213122 0.769215 0.017663
0.366915 0.607411 0.025674
0.390193 0.575534 0.034272
0.207243 0.769232 0.023525
0.349021 0.569770 0.081210
0.326563 0.640309 0.033128
0.341155 0.629215 0.029630
0.289136 0.675702 0.035162
0.129996 0.860592 0.009413
0.240704 0.738315 0.020981
0.124847 0.875143 0.000010
0.281059 0.602747 0.116194
0.334063 0.634935 0.031002
0.101425 0.880364 0.018210
0.303587 0.661347 0.035066
0.342243 0.623598 0.034159
0.349819 0.638799 0.011382
0.336153 0.643560 0.020287
0.121498 0.863130 0.015372
0.127999 0.869278 0.002723
0.243595 0.753841 0.002563
0.279573 0.706168 0.014259
0.353540 0.642033 0.004427
0.317520 0.657454 0.025026
0.288810 0.694670 0.016520
0.336260 0.630151 0.033589
0.341286 0.587928 0.070786
0.167694 0.807936 0.024370
0.322086 0.658121 0.019793
0.348671 0.627575 0.023754
0.092739 0.896531 0.010730
0.131280 0.868710 0.000010
0.246039 0.737712 0.016249
0.282421 0.708849 0.008730
0.368524 0.613517 0.017959
0.342951 0.566378 0.090671
0.180549 0.815448 0.004002
0.287066 0.681603 0.031332
0.333546 0.636515 0.029939
0.340012 0.633515 0.026473
0.290722 0.596187 0.113092
0.119381 0.880609 0.000010
0.158525 0.841465 0.000010
0.351339 0.618783 0.029877
0.239214 0.759241 0.001545
0.292550 0.687513 0.019937
0.175446 0.824544 0.000010
0.250653 0.714331 0.035016
0.442655 0.480046 0.077299
0.300073 0.596552 0.103375
0.284924 0.617165 0.097911
0.348214 0.555939 0.095847
0.271284 0.712191 0.016525
0.462435 0.425738 0.111827
0.036078 0.954559 0.009363
0.436988 0.552280 0.010732
0.296770 0.584094 0.119135
0.392223 0.452673 0.155104
0.225389 0.724938 0.049673
0.477284 0.425683 0.097033
0.482416 0.406526 0.111058
0.038035 0.955916 0.006049
0.423214 0.517863 0.058923
0.431875 0.462250 0.105875
0.354460 0.566065 0.079475
0.433991 0.542398 0.023611
0.431715 0.438733 0.129552
0.386877 0.466716 0.146406
0.406317 0.449848 0.143835
0.422682 0.438097 0.139221
0.453641 0.414899 0.131460
0.067052 0.926952 0.005997
0.435197 0.552155 0.012648
0.419433 0.564483 0.016084
0.257477 0.617733 0.124791
0.234632 0.759603 0.005765
0.415216 0.573059 0.011726
0.422697 0.449876 0.127427
0.408648 0.476548 0.114804
0.491275 0.408785 0.099941
0.456021 0.432451 0.111528
0.255095 0.638207 0.106698
0.381187 0.509638 0.109175
0.412513 0.510412 0.077075
0.215349 0.780391 0.004260
0.374142 0.471116 0.154742
0.403519 0.480836 0.115646
0.478958 0.408923 0.112120
0.456773 0.427721 0.115505
0.440915 0.433987 0.125097
0.294787 0.655289 0.049925
0.312449 0.584203 0.103347
0.396979 0.515981 0.087039
0.431827 0.481235 0.086938
0.214891 0.771141 0.013968
0.386296 0.327831 0.285873
0.404995 0.435551 0.159454
0.477146 0.406882 0.115973
0.488043 0.404046 0.107911
0.457894 0.435351 0.106755
0.431911 0.546263 0.021826
0.348515 0.559586 0.091899
0.206014 0.790934 0.003052
0.039985 0.937406 0.022609
0.398222 0.454864 0.146914
0.377103 0.476195 0.146702
0.437227 0.461606 0.101167
0.447514 0.421894 0.130592
0.023109 0.962556 0.014335
0.319000 0.647574 0.033426
0.422091 0.459808 0.118101
0.227402 0.772588 0.000010
0.050956 0.920447 0.028597
0.368066 0.509706 0.122228
0.358803 0.475700 0.165498
0.424751 0.433133 0.142116
0.490319 0.413429 0.096252
0.448496 0.442245 0.109259
0.056517 0.943473 0.000010
0.226541 0.761044 0.012416
0.191299 0.793343 0.015358
0.278763 0.695618 0.025619
0.279809 0.718794 0.001397
0.401213 0.553820 0.044967
0.362274 0.629949 0.007777
0.398790 0.592109 0.009101
0.262921 0.711017 0.026062
0.237363 0.710022 0.052614
0.319036 0.669426 0.011538
0.353751 0.616580 0.029669
0.280951 0.701718 0.017331
0.161298 0.816213 0.022490
0.246872 0.748896 0.004232
0.378208 0.577259 0.044533
0.284312 0.704637 0.011051
0.243357 0.722290 0.034353
0.277118 0.689635 0.033247
0.304615 0.665919 0.029466
0.264964 0.712341 0.022695
0.169878 0.815243 0.014879
0.215767 0.784223 0.000010
0.380404 0.616100 0.003497
0.368331 0.612701 0.018969
0.256575 0.738493 0.004932
0.241235 0.731140 0.027625
0.263155 0.732391 0.004453
0.306076 0.660599 0.033326
0.311247 0.675016 0.013737
0.271129 0.723945 0.004926
0.171278 0.797412 0.031310
0.277727 0.722263 0.000010
0.210237 0.789362 0.000401
0.353730 0.642925 0.003346
0.262609 0.683530 0.053861
0.298448 0.686923 0.014629
0.317525 0.668659 0.013816
0.341372 0.647630 0.010998
0.244170 0.747797 0.008033
0.245503 0.732868 0.021629
0.214638 0.785352 0.000010
0.286915 0.694680 0.018405
0.382191 0.617799 0.000010
0.373227 0.590565 0.036209
0.270084 0.593314 0.136602
0.257775 0.733671 0.008553
0.197785 0.787759 0.014455
0.344916 0.641242 0.013841
0.344913 0.652567 0.002520
0.279960 0.680558 0.039482
0.174326 0.806919 0.018755
0.256411 0.737107 0.006481
0.237911 0.762079 0.000010
0.374665 0.599304 0.026031
0.403476 0.586585 0.009939
0.269463 0.704806 0.025730
0.227211 0.739764 0.033026
0.328574 0.663682 0.007743
0.295702 0.698832 0.005466
0.333657 0.648324 0.018019
0.251316 0.745537 0.003146
0.162423 0.814986 0.022591
0.221609 0.759706 0.018685
0.384836 0.603433 0.011731
0.380772 0.591921 0.027307
0.252608 0.715183 0.032209
0.286897 0.672287 0.040816
0.352108 0.630901 0.016991
0.311703 0.672847 0.015451
0.310286 0.670598 0.019116
0.221037 0.759570 0.019393
0.186902 0.790515 0.022583
0.299441 0.679564 0.020995
0.299791 0.684657 0.015552
0.379009 0.573926 0.047065
0.353801 0.640738 0.005461
0.273237 0.666242 0.060522
0.275181 0.710464 0.014355
0.338459 0.649951 0.011590
0.329643 0.669370 0.000986
0.337333 0.644295 0.018372
0.219404 0.775638 0.004958
0.214194 0.772001 0.013805
0.314739 0.670455 0.014805
0.282227 0.699386 0.018386
0.289750 0.703929 0.006321
0.169915 0.819357 0.010728
0.177388 0.822602 0.000010
0.294359 0.547670 0.157971
0.380660 0.595609 0.023731
0.266816 0.713698 0.019486
0.256970 0.729296 0.013734
0.275848 0.703363 0.020789
0.375613 0.604192 0.020195
0.284311 0.710774 0.004914
0.157386 0.842604 0.000010
0.150182 0.839110 0.010708
0.432405 0.553083 0.014513
0.395589 0.565959 0.038452
0.282515 0.701939 0.015547
0.317145 0.644872 0.037982
0.207266 0.792213 0.000521
0.197694 0.801333 0.000973
0.202888 0.775803 0.021309
0.325297 0.670532 0.004171
0.266633 0.722042 0.011325
0.228975 0.769558 0.001466
0.220241 0.779749 0.000010
0.241349 0.758641 0.000010
0.265675 0.690655 0.043670
0.187107 0.794007 0.018886
0.246222 0.730462 0.023316
0.276990 0.688816 0.034194
0.328986 0.640164 0.030851
0.211708 0.778575 0.009717
0.163167 0.833278 0.003555
0.254721 0.737106 0.008174
0.285396 0.678984 0.035621
0.260159 0.723871 0.015970
0.362643 0.628891 0.008466
0.167092 0.832898 0.000010
0.214247 0.781277 0.004476
0.279538 0.710966 0.009496
0.312819 0.666540 0.020642
0.250758 0.749188 0.000054
0.210663 0.779825 0.009512
0.149797 0.850193 0.000010
0.256719 0.720265 0.023016
0.257152 0.733061 0.009787
0.276691 0.708295 0.015014
0.268696 0.703118 0.028186
0.259644 0.728617 0.011739
0.178358 0.821632 0.000010
0.177822 0.816835 0.005344
0.150662 0.849328 0.000010
0.166162 0.809104 0.024734
0.116175 0.852168 0.031656
0.138160 0.841828 0.020012
0.146082 0.851019 0.002899
0.145931 0.848802 0.005267
0.097940 0.859532 0.042528
0.235121 0.750585 0.014293
0.167461 0.818768 0.013772
0.180387 0.793451 0.026162
0.132070 0.856908 0.011023
0.141596 0.842590 0.015814
0.268657 0.726351 0.004992
0.152235 0.825231 0.022534
0.151789 0.824672 0.023540
0.165383 0.809185 0.025432
0.159085 0.824599 0.016316
0.153948 0.833640 0.012412
0.119195 0.852481 0.028324
0.257504 0.727707 0.014788
0.268085 0.708883 0.023032
0.281456 0.698249 0.020295
0.301072 0.691891 0.007037
0.275097 0.697763 0.027140
0.250218 0.719234 0.030548
0.245335 0.733106 0.021559
0.248847 0.719383 0.031770
0.305342 0.685764 0.008894
0.207725 0.769870 0.022405
0.230268 0.737910 0.031823
0.310223 0.664522 0.025255
0.262490 0.716942 0.020568
0.234196 0.743698 0.022106
0.225459 0.747555 0.026986
0.271653 0.714215 0.014132
0.257290 0.701927 0.040783
0.287757 0.699265 0.012978
0.286709 0.683683 0.029608
0.282149 0.706858 0.010994
0.274494 0.701456 0.024050
0.348778 0.626316 0.024906
0.273696 0.711422 0.014882
0.303463 0.655281 0.041255
0.261802 0.710195 0.028003
0.227876 0.740292 0.031832
0.260402 0.720855 0.018742
0.291234 0.692621 0.016146
0.283670 0.698888 0.017442
0.249661 0.726876 0.023463
0.277558 0.701842 0.020600
0.132414 0.849669 0.017917
0.144256 0.834614 0.021130
0.118699 0.855244 0.026057
0.168825 0.814529 0.016645
0.170630 0.807196 0.022174
0.130079 0.849701 0.020220
0.192961 0.791843 0.015196
0.207188 0.776737 0.016075
0.099381 0.754182 0.146437
0.142608 0.850390 0.007002
0.155754 0.800415 0.043831
0.273550 0.706520 0.019930
0.135601 0.840225 0.024173
0.293369 0.694832 0.011800
0.185121 0.787126 0.027752
0.133337 0.845475 0.021189
0.130320 0.850619 0.019061
0.170405 0.822355 0.007240
0.085427 0.889505 0.025068
0.197326 0.780293 0.022381
0.120919 0.862961 0.016121
0.111041 0.870081 0.018878
0.128766 0.847729 0.023505
0.153620 0.824886 0.021494
0.082577 0.882964 0.034460
0.093094 0.887489 0.019417
0.130603 0.839260 0.030137
0.116351 0.858856 0.024793
0.137445 0.855292 0.007262
0.146816 0.831978 0.021206
0.169738 0.819088 0.011175
0.142422 0.848091 0.009487
0.130410 0.849247 0.020343
0.154214 0.829052 0.016734
0.227312 0.741393 0.031295
0.109580 0.869759 0.020661
0.135216 0.858700 0.006084
0.148005 0.836135 0.015859
0.143475 0.833438 0.023087
0.159684 0.828420 0.011896
0.185784 0.738177 0.076039
0.159951 0.817914 0.022134
0.110330 0.880102 0.009567
0.181484 0.801881 0.016634
0.118107 0.838341 0.043552
0.227669 0.755068 0.017263
0.311957 0.674054 0.013990
0.240760 0.754103 0.005137
0.264519 0.718931 0.016549
0.241713 0.753252 0.005035
0.246032 0.747572 0.006396
0.147034 0.834425 0.018541
0.336578 0.663412 0.000010
0.270776 0.707329 0.021895
0.297949 0.672474 0.029578
0.226968 0.760554 0.012478
0.166589 0.822244 0.011168
0.187695 0.789550 0.022755
0.173311 0.815003 0.011686
0.330527 0.666986 0.002487
0.160688 0.831061 0.008251
0.273926 0.724767 0.001306
0.179252 0.802826 0.017922
0.132018 0.846706 0.021276
0.148012 0.827489 0.024499
0.128732 0.848406 0.022862
0.171506 0.816372 0.012123
0.193323 0.788561 0.018116
0.189325 0.788126 0.022549
0.135424 0.838173 0.026403
0.222867 0.776956 0.000178
0.212025 0.773654 0.014321
0.258298 0.719281 0.022421
0.217829 0.782161 0.000010
0.324113 0.675877 0.000010
0.261092 0.723232 0.015675
0.202664 0.791501 0.005835
0.310198 0.683132 0.006669
0.294810 0.705180 0.000010
0.303753 0.659565 0.036682
0.191683 0.777498 0.030819
0.195822 0.801996 0.002181
0.181266 0.184573 0.634161
0.205819 0.260359 0.533822
0.147575 0.200349 0.652076
0.116143 0.179641 0.704216
0.179979 0.150609 0.669412
0.199469 0.245750 0.554781
0.211443 0.228962 0.559595
0.199928 0.272949 0.527122
0.205217 0.243999 0.550784
0.183736 0.201364 0.614900
0.152605 0.161933 0.685462
0.171761 0.182526 0.645713
0.191766 0.188605 0.619629
0.163753 0.158843 0.677404
0.446963 0.539307 0.013730
0.286002 0.512156 0.201843
0.167363 0.154525 0.678112
0.365356 0.364303 0.270341
0.366204 0.346676 0.287121
0.166334 0.265568 0.568098
0.432457 0.556930 0.010613
0.259338 0.333937 0.406725
0.203607 0.279905 0.516488
0.308782 0.314030 0.377188
0.387308 0.470522 0.142170
0.220961 0.241339 0.537700
0.134233 0.091974 0.773793
0.075180 0.189162 0.735658
0.265200 0.350111 0.384689
0.118060 0.168079 0.713861
0.444634 0.538880 0.016487
0.322590 0.385993 0.291417
0.442180 0.554942 0.002878
0.401272 0.576678 0.022050
0.259325 0.524672 0.216003
0.295719 0.510792 0.193490
0.269978 0.547399 0.182623
0.294879 0.573789 0.131332
0.432573 0.552473 0.014954
0.432965 0.547342 0.019694
0.144389 0.714619 0.140992
0.379575 0.417394 0.203030
0.402324 0.501605 0.096071
0.431714 0.528587 0.039699
0.473339 0.403986 0.122676
0.051326 0.937066 0.011607
0.374318 0.609105 0.016577
0.049689 0.934855 0.015456
0.000010 0.989174 0.010816
0.050935 0.941843 0.007222
0.047215 0.936078 0.016707
0.106983 0.871977 0.021040
0.031004 0.947666 0.021330
0.029478 0.968155 0.002366
0.034559 0.949288 0.016153
0.021737 0.960623 0.017640
0.032141 0.956749 0.011110
0.029882 0.934799 0.035319
0.070685 0.909435 0.019879
0.012460 0.967546 0.019995
0.017402 0.961637 0.020960
0.002108 0.989332 0.008561
0.012365 0.969343 0.018291
0.115327 0.883224 0.001448
0.047322 0.939563 0.013115
0.032442 0.953299 0.014260
0.043717 0.934936 0.021347
0.029322 0.969049 0.001629
0.046145 0.942597 0.011258
0.056197 0.936081 0.007722
0.036587 0.953149 0.010265
0.034307 0.946914 0.018779
0.042545 0.942884 0.014571
0.052750 0.928418 0.018832
0.106879 0.876895 0.016226
0.134100 0.841280 0.024620
0.048538 0.887979 0.063483
0.160456 0.831024 0.008520
0.053219 0.933066 0.013715
0.118909 0.868642 0.012449
0.034655 0.963212 0.002133
0.122144 0.843773 0.034083
0.050373 0.944352 0.005276
0.055870 0.940706 0.003425
0.078291 0.904790 0.016919
0.072056 0.922150 0.005795
0.042487 0.957503 0.000010
0.214816 0.782502 0.002682
0.053399 0.926991 0.019610
0.092430 0.831016 0.076554
0.100665 0.875844 0.023492
0.046082 0.938357 0.015561
0.129794 0.796765 0.073441
0.137443 0.848706 0.013851
0.086860 0.899090 0.014050
0.111642 0.877367 0.010991
0.045080 0.910072 0.044848
0.047616 0.932330 0.020053
0.079898 0.866874 0.053228
0.090492 0.834033 0.075475
0.074332 0.880368 0.045300
0.083137 0.854576 0.062287
0.095812 0.837763 0.066425
0.060026 0.899064 0.040910
0.090123 0.803169 0.106708
0.075169 0.849397 0.075434
0.031158 0.919703 0.049140
0.092139 0.867626 0.040235
0.079975 0.862200 0.057826
0.144991 0.813998 0.041011
0.048737 0.890934 0.060329
0.102768 0.856359 0.040873
0.026026 0.949754 0.024220
0.116513 0.821731 0.061756
0.094609 0.816450 0.088940
0.071261 0.882122 0.046617
0.040377 0.920735 0.038889
0.130601 0.801337 0.068062
0.057745 0.901745 0.040510
0.054875 0.908895 0.036230
0.067862 0.895198 0.036940
0.084962 0.855981 0.059057
0.062770 0.887026 0.050205
0.089056 0.862158 0.048786
0.109826 0.825420 0.064754
0.075180 0.860222 0.064599
0.094363 0.882317 0.023320
0.088542 0.863335 0.048122
0.068289 0.824223 0.107487
0.000010 0.946665 0.053325
0.038999 0.918715 0.042286
0.026752 0.922595 0.050653
0.096292 0.852903 0.050805
0.103012 0.836789 0.060199
0.066077 0.869077 0.064846
0.077697 0.873266 0.049037
0.086341 0.860067 0.053592
0.039415 0.897471 0.063114
0.085773 0.850833 0.063394
0.064769 0.882447 0.052784
0.045121 0.864338 0.090541
0.091339 0.857117 0.051544
0.059844 0.879735 0.060421
0.095974 0.868805 0.035220
0.081160 0.863369 0.055471
0.099470 0.858178 0.042353
0.026729 0.912372 0.060899
0.071371 0.873354 0.055275
0.075327 0.866750 0.057923
0.084530 0.864871 0.050599
0.140345 0.755118 0.104538
0.111858 0.874096 0.014047
0.047987 0.917544 0.034469
0.092876 0.837818 0.069307
0.097023 0.810342 0.092635
0.129302 0.790799 0.079899
0.025011 0.938346 0.036644
0.073250 0.838689 0.088061
0.098910 0.841680 0.059411
0.029389 0.917142 0.053469
0.108972 0.798324 0.092704
0.093093 0.851972 0.054936
0.059437 0.910443 0.030120
0.057692 0.872664 0.069644
0.094342 0.812530 0.093128
0.093700 0.809650 0.096650
0.108019 0.842446 0.049536
0.035753 0.925163 0.039084
0.024066 0.941840 0.034094
0.096202 0.798719 0.105079
0.077225 0.822963 0.099813
0.079658 0.849566 0.070776
0.080882 0.891538 0.027580
0.114493 0.820977 0.064530
0.016530 0.941303 0.042166
0.113272 0.845823 0.040905
0.128447 0.811255 0.060298
0.143870 0.819060 0.037070
0.106825 0.835160 0.058014
0.108671 0.810861 0.080468
0.027822 0.916419 0.055759
0.076737 0.880422 0.042841
0.088751 0.829725 0.081524
0.083513 0.884951 0.031536
0.090410 0.875710 0.033880
0.050476 0.895477 0.054046
0.039038 0.878129 0.082832
0.111355 0.841242 0.047403
0.057178 0.904377 0.038445
0.146670 0.757099 0.096231
0.073690 0.864991 0.061319
0.097305 0.804011 0.098684
0.095860 0.853949 0.050192
0.049615 0.876344 0.074041
0.086166 0.834957 0.078877
0.052349 0.899371 0.048280
0.073835 0.887111 0.039054
0.070067 0.886807 0.043126
0.007895 0.965271 0.026833
0.081331 0.867525 0.051144
0.068750 0.889674 0.041576
0.107800 0.843766 0.048434
0.073516 0.827491 0.098993
0.065781 0.882460 0.051759
0.078349 0.852756 0.068895
0.114850 0.820464 0.064686
0.111357 0.820310 0.068333
0.086834 0.782564 0.130602
0.085360 0.834563 0.080076
0.096898 0.855811 0.047292
0.097855 0.855424 0.046721
0.091910 0.842508 0.065582
0.068619 0.881446 0.049935
0.071989 0.869532 0.058479
0.073515 0.875771 0.050714
0.099359 0.784488 0.116153
0.052654 0.887127 0.060220
0.064116 0.885037 0.050847
0.000010 0.957870 0.042120
0.092158 0.858901 0.048941
0.093721 0.802636 0.103643
0.092769 0.822800 0.084432
0.076165 0.857137 0.066698
0.064659 0.866533 0.068808
0.002511 0.976577 0.020913
0.081365 0.845718 0.072917
0.093318 0.806875 0.099807
0.072662 0.878394 0.048944
0.182012 0.753769 0.064219
0.093036 0.848696 0.058268
0.072596 0.871360 0.056043
0.052241 0.881928 0.065831
0.127259 0.816286 0.056455
0.077690 0.905607 0.016703
0.051337 0.896085 0.052578
0.043406 0.898260 0.058334
0.168599 0.817082 0.014319
0.043670 0.916956 0.039373
0.048573 0.923298 0.028129
0.084158 0.844442 0.071400
0.065251 0.888559 0.046190
0.114192 0.852855 0.032953
0.095859 0.833062 0.071079
0.067319 0.863595 0.069086
0.091391 0.875032 0.033576
0.071857 0.869642 0.058502
0.069006 0.892633 0.038361
0.027723 0.920773 0.051504
0.063171 0.901337 0.035492
0.058173 0.907319 0.034507
0.043922 0.857535 0.098543
0.029038 0.933627 0.037334
0.070979 0.850154 0.078867
0.077397 0.888761 0.033842
0.056396 0.912673 0.030930
0.095706 0.865901 0.038393
0.053140 0.887685 0.059175
0.097553 0.848062 0.054386
0.035584 0.898812 0.065604
0.059601 0.912585 0.027814
0.129575 0.804709 0.065716
0.109939 0.812045 0.078016
0.107991 0.817092 0.074917
0.092571 0.888256 0.019173
0.139668 0.784244 0.076088
0.052184 0.881981 0.065834
0.091608 0.885647 0.022744
0.137506 0.831430 0.031064
0.081886 0.869929 0.048184
0.120080 0.793926 0.085994
0.101600 0.821589 0.076811
0.098218 0.845944 0.055838
0.082395 0.861252 0.056353
0.126429 0.840434 0.033137
0.099048 0.871764 0.029188
0.058499 0.913721 0.027780
0.098819 0.765459 0.135722
0.109197 0.812091 0.078712
0.169670 0.775336 0.054995
0.081878 0.837735 0.080387
0.081108 0.882867 0.036025
0.159355 0.753186 0.087459
0.087268 0.873124 0.039608
0.134327 0.824256 0.041417
0.115247 0.787721 0.097031
0.003994 0.954083 0.041923
0.103893 0.859156 0.036952
0.158413 0.769998 0.071589
0.094604 0.862500 0.042896
0.015671 0.951147 0.033182
0.056643 0.910100 0.033257
0.092389 0.885445 0.022166
0.104027 0.845208 0.050765
0.102151 0.841541 0.056308
0.123784 0.851092 0.025124
0.086406 0.894753 0.018841
0.046451 0.936382 0.017168
0.121209 0.805754 0.073037
0.069258 0.879531 0.051210
0.115232 0.846714 0.038054
0.097615 0.787226 0.115159
0.062188 0.817321 0.120491
0.054494 0.913220 0.032287
0.035763 0.885894 0.078343
0.138246 0.780947 0.080807
0.070214 0.883817 0.045969
0.046808 0.905075 0.048118
0.047919 0.909425 0.042656
0.040516 0.922356 0.037128
0.062418 0.893675 0.043907
0.091885 0.859494 0.048621
0.018250 0.931703 0.050047
0.100110 0.845478 0.054412
0.097918 0.795611 0.106471
0.101730 0.844541 0.053729
0.072266 0.893876 0.033858
0.128936 0.822133 0.048930
0.066876 0.900704 0.032420
0.167064 0.805308 0.027628
0.075150 0.865048 0.059802
0.072102 0.869501 0.058397
0.090475 0.853116 0.056408
0.099768 0.842816 0.057416
0.079049 0.879724 0.041228
0.022783 0.943039 0.034178
0.082668 0.870021 0.047310
0.109275 0.795202 0.095523
0.040703 0.920024 0.039274
0.078174 0.868113 0.053712
0.146504 0.767564 0.085932
0.079327 0.856435 0.064238
0.071961 0.891798 0.036240
0.145269 0.827283 0.027448
0.167253 0.748512 0.084235
0.111158 0.853168 0.035674
0.000010 0.936606 0.063384
0.130230 0.775626 0.094145
0.111069 0.847514 0.041417
0.108076 0.840754 0.051170
0.087611 0.850837 0.061552
0.121043 0.778993 0.099965
0.146759 0.791608 0.061634
0.024654 0.928215 0.047131
0.014063 0.929522 0.056415
0.111385 0.840296 0.048319
0.105027 0.856981 0.037992
0.053798 0.883751 0.062450
0.058616 0.895121 0.046262
0.066513 0.890528 0.042958
0.092548 0.801611 0.105841
0.036755 0.932736 0.030509
0.141163 0.799204 0.059633
0.079419 0.876009 0.044572
0.080873 0.866338 0.052789
0.064211 0.857400 0.078389
0.028128 0.919173 0.052699
0.125355 0.838267 0.036378
0.146646 0.765416 0.087938
0.096824 0.803382 0.099794
0.048554 0.909821 0.041625
0.061281 0.875869 0.062850
0.078409 0.841431 0.080160
0.002089 0.941473 0.056438
0.107618 0.859462 0.032920
0.051153 0.922953 0.025894
0.069764 0.888665 0.041572
0.058914 0.894958 0.046128
0.010811 0.946080 0.043109
0.091523 0.801311 0.107165
0.146225 0.821403 0.032372
0.185716 0.802151 0.012133
0.099014 0.793760 0.107226
0.095657 0.850274 0.054069
0.140612 0.809734 0.049653
0.032669 0.932573 0.034758
0.188398 0.673355 0.138247
0.054709 0.918594 0.026696
0.061257 0.894739 0.044004
0.117942 0.776469 0.105588
0.093456 0.864062 0.042482
0.119339 0.758592 0.122070
0.106167 0.842719 0.051113
0.078757 0.885658 0.035585
0.082769 0.871409 0.045822
0.085417 0.845086 0.069497
0.063662 0.826986 0.109352
0.062877 0.893827 0.043296
0.149292 0.746120 0.104589
0.010343 0.919148 0.070509
0.125439 0.776800 0.097760
0.057125 0.910011 0.032865
0.109403 0.794493 0.096104
0.127835 0.844633 0.027532
0.047048 0.918819 0.034133
0.020979 0.932538 0.046483
0.118130 0.753924 0.127946
0.131108 0.783818 0.085074
0.120225 0.829902 0.049873
0.019023 0.949285 0.031692
0.098051 0.790528 0.111421
0.092984 0.866410 0.040606
0.143359 0.832119 0.024522
0.051711 0.894953 0.053336
0.112554 0.855635 0.031811
0.097374 0.867458 0.035168
0.082777 0.884498 0.032725
0.224078 0.745066 0.030856
0.065226 0.901137 0.033636
0.130648 0.815406 0.053946
0.120399 0.857854 0.021747
0.105460 0.802275 0.092266
0.110998 0.848670 0.040333
0.089872 0.859647 0.050481
0.096741 0.871444 0.031815
0.109473 0.803317 0.087210
0.013910 0.946509 0.039581
0.096182 0.840301 0.063517
0.053316 0.907811 0.038873
0.071508 0.864285 0.064207
0.098209 0.780579 0.121212
0.028978 0.943708 0.027314
0.081804 0.859443 0.058752
0.131455 0.766987 0.101558
0.059998 0.883446 0.056556
0.104580 0.844148 0.051272
0.126526 0.822698 0.050776
0.074707 0.879924 0.045369
0.051952 0.900147 0.047902
0.061936 0.905983 0.032082
0.093344 0.875323 0.031333
0.094910 0.881206 0.023883
0.116517 0.788214 0.095269
0.091077 0.850940 0.057983
0.051274 0.906326 0.042400
0.000010 0.954667 0.045323
0.063952 0.880003 0.056045
0.098518 0.799606 0.101877
0.045125 0.916489 0.038386
0.074994 0.871724 0.053282
0.019797 0.933623 0.046580
0.123790 0.859453 0.016757
0.177888 0.801272 0.020841
0.139711 0.835207 0.025082
0.173618 0.822653 0.003729
0.230668 0.755909 0.013423
0.172410 0.811506 0.016084
0.164691 0.814303 0.021007
0.315346 0.683053 0.001601
0.148330 0.828084 0.023586
0.119336 0.870277 0.010386
0.110572 0.862219 0.027209
0.260506 0.722016 0.017478
0.324739 0.675045 0.000216
0.132619 0.844391 0.022991
0.159936 0.828886 0.011178
0.202535 0.764650 0.032815
0.149391 0.837896 0.012713
0.103988 0.877935 0.018077
0.264480 0.728616 0.006904
0.143021 0.825495 0.031484
0.376868 0.623122 0.000010
0.133606 0.849359 0.017035
0.189513 0.785857 0.024630
0.329885 0.670105 0.000010
0.141380 0.844610 0.014010
0.113399 0.869532 0.017069
0.272946 0.727044 0.000010
0.165061 0.803172 0.031766
0.137931 0.847099 0.014970
0.167418 0.798941 0.033641
0.441568 0.558422 0.000010
0.472342 0.520307 0.007350
0.411117 0.588873 0.000010
0.412707 0.587283 0.000010
0.445687 0.538041 0.016272
