0.075236 0.018800 0.000010 0.227145 0.299024 0.379775 0.000010
0.033240 0.011890 0.000010 0.296339 0.383596 0.274916 0.000010
0.052001 0.026637 0.007945 0.218529 0.315937 0.378941 0.000010
0.027162 0.000010 0.022847 0.259770 0.385180 0.301939 0.003093
0.083833 0.000010 0.000010 0.206180 0.328401 0.381556 0.000010
0.044052 0.041846 0.000010 0.229402 0.345917 0.338764 0.000010
0.036734 0.011151 0.028145 0.272573 0.339446 0.311941 0.000010
0.000010 0.000010 0.000010 0.519808 0.461789 0.018364 0.000010
0.006251 0.013217 0.000010 0.517699 0.462804 0.000010 0.000010
0.000010 0.000010 0.000010 0.035239 0.964429 0.000010 0.000292
0.054265 0.001935 0.006523 0.467438 0.425835 0.043994 0.000010
0.027684 0.000010 0.015433 0.513558 0.395855 0.047451 0.000010
0.023795 0.000010 0.096539 0.000010 0.000010 0.746429 0.133206
0.073381 0.020713 0.108333 0.000010 0.007499 0.647612 0.142453
0.000010 0.000011 0.026813 0.021406 0.000010 0.841198 0.110552
0.084170 0.048760 0.084648 0.000010 0.022278 0.655991 0.104144
0.083048 0.018079 0.008777 0.208562 0.326729 0.354795 0.000010
0.081962 0.007677 0.000010 0.216127 0.346446 0.347767 0.000010
0.000013 0.000010 0.000010 0.516196 0.483752 0.000010 0.000010
0.000010 0.000010 0.000010 0.587053 0.382687 0.028354 0.001877
0.000010 0.000010 0.000010 0.537591 0.435289 0.027080 0.000010
0.000010 0.000010 0.000010 0.000010 0.999940 0.000010 0.000010
0.043568 0.006670 0.009080 0.511787 0.391719 0.037166 0.000010
0.013931 0.005985 0.032643 0.475364 0.427423 0.044643 0.000010
0.000010 0.006282 0.073871 0.000010 0.000010 0.802564 0.117252
0.003836 0.019625 0.041910 0.011074 0.000010 0.802921 0.120623
0.016401 0.000010 0.001503 0.029800 0.000010 0.840542 0.111733
0.079602 0.012035 0.140503 0.000010 0.004051 0.627984 0.135815
0.075207 0.016266 0.010473 0.218135 0.330935 0.348974 0.000010
0.051165 0.020672 0.040373 0.226551 0.312961 0.343864 0.004414
0.001855 0.000010 0.000010 0.460005 0.494339 0.043771 0.000010
0.000010 0.000010 0.011246 0.624474 0.355149 0.005096 0.004014
0.000010 0.000010 0.000010 0.067198 0.932752 0.000010 0.000010
0.000010 0.000010 0.000010 0.000010 0.999940 0.000010 0.000010
0.035935 0.024139 0.012306 0.476395 0.428585 0.022630 0.000010
0.021589 0.023363 0.030841 0.473862 0.427909 0.022426 0.000010
0.000010 0.029902 0.094722 0.000010 0.000010 0.745055 0.130292
0.017128 0.000010 0.024697 0.028915 0.000010 0.810026 0.119214
0.003689 0.000010 0.094890 0.000010 0.000010 0.796065 0.105325
0.062945 0.044575 0.098590 0.000010 0.018910 0.658535 0.116436
0.032122 0.045183 0.016082 0.234781 0.345603 0.326219 0.000010
0.080050 0.000010 0.044385 0.208460 0.332990 0.334095 0.000010
0.000010 0.000010 0.000010 0.546936 0.435503 0.017522 0.000010
0.000010 0.000010 0.000010 0.536713 0.463237 0.000010 0.000010
0.000010 0.000010 0.000010 0.000010 0.999940 0.000010 0.000010
0.000010 0.000010 0.000010 0.055425 0.941258 0.000010 0.003276
0.000010 0.000010 0.000010 0.000010 0.999940 0.000010 0.000010
0.052575 0.000010 0.013993 0.475645 0.411792 0.045974 0.000010
0.043647 0.024414 0.000010 0.462515 0.434133 0.035270 0.000010
0.000010 0.032684 0.092273 0.000010 0.000010 0.744845 0.130168
0.000010 0.012531 0.000010 0.032064 0.000010 0.838416 0.116959
0.011744 0.023617 0.035602 0.003418 0.000010 0.846237 0.079373
0.063549 0.029335 0.066368 0.001583 0.021991 0.685560 0.131613
0.000010 0.023632 0.064276 0.000010 0.000010 0.790685 0.121377
0.185409 0.074593 0.146654 0.000010 0.000010 0.451141 0.142184
0.012675 0.028596 0.064435 0.010331 0.000010 0.762140 0.121813
0.073733 0.000010 0.065775 0.000010 0.062639 0.744216 0.053617
0.073864 0.014131 0.080720 0.000010 0.049242 0.693757 0.088276
0.061632 0.020134 0.012208 0.000010 0.061004 0.807481 0.037531
0.063228 0.019352 0.071027 0.000010 0.056613 0.701284 0.088487
0.082420 0.012116 0.000010 0.194378 0.295017 0.397086 0.018973
0.037430 0.025245 0.062228 0.000010 0.000010 0.719275 0.155802
0.052578 0.000671 0.127878 0.000400 0.000010 0.712687 0.105775
0.058059 0.021377 0.055914 0.002254 0.087914 0.714808 0.059673
0.132671 0.011929 0.000010 0.007246 0.168318 0.643349 0.036477
0.135735 0.001528 0.020589 0.000010 0.062770 0.715293 0.064076
0.097985 0.014426 0.076517 0.004728 0.073983 0.683933 0.048428
0.079954 0.003518 0.027698 0.226882 0.306997 0.341015 0.013936
0.087315 0.000010 0.016716 0.215044 0.326372 0.354532 0.000010
0.026038 0.010356 0.074199 0.002606 0.000010 0.736943 0.149849
0.163447 0.050755 0.139632 0.000010 0.000010 0.510193 0.135953
0.000010 0.039101 0.065306 0.000010 0.000010 0.758772 0.136791
0.090329 0.020366 0.042129 0.005633 0.066842 0.712522 0.062179
0.072416 0.027820 0.104106 0.000010 0.054653 0.653622 0.087372
0.081811 0.003636 0.070048 0.000010 0.035654 0.727131 0.081711
0.053099 0.046441 0.073356 0.006577 0.086028 0.660404 0.074095
0.071824 0.037314 0.044666 0.182050 0.293535 0.370601 0.000010
0.109534 0.000219 0.028048 0.194735 0.293525 0.373931 0.000010
0.043593 0.041288 0.023415 0.220578 0.317288 0.338855 0.014983
0.016918 0.006865 0.000010 0.514897 0.455099 0.006201 0.000010
0.000010 0.000010 0.000010 0.000010 0.999940 0.000010 0.000010
0.000010 0.000010 0.000010 0.130453 0.869497 0.000010 0.000010
0.000010 0.000010 0.000010 0.000010 0.999940 0.000010 0.000010
0.051628 0.000302 0.002641 0.543304 0.344862 0.036550 0.020713
0.040139 0.025300 0.004087 0.488295 0.417495 0.024674 0.000010
0.043519 0.002622 0.095406 0.000010 0.000010 0.749543 0.108890
0.000010 0.000010 0.000010 0.023428 0.000010 0.860421 0.116111
0.022384 0.041704 0.055339 0.000010 0.000010 0.768411 0.112143
0.017441 0.073894 0.118001 0.000010 0.036788 0.623420 0.130447
0.056662 0.006852 0.044758 0.216850 0.322079 0.352790 0.000010
0.040212 0.000010 0.000010 0.325243 0.442440 0.192075 0.000010
0.012242 0.000010 0.000010 0.551567 0.428768 0.007393 0.000010
0.004647 0.000257 0.000010 0.505505 0.478727 0.010843 0.000010
0.000010 0.000010 0.000010 0.038084 0.961866 0.000010 0.000010
0.000010 0.000010 0.000010 0.000010 0.999940 0.000010 0.000010
0.019716 0.015440 0.019967 0.483265 0.413707 0.047896 0.000010
0.037626 0.003573 0.018837 0.502141 0.397771 0.040043 0.000010
0.001381 0.031536 0.093023 0.000010 0.000010 0.739786 0.134254
0.000010 0.035455 0.051192 0.000010 0.000010 0.815712 0.097611
0.096944 0.017312 0.092795 0.000010 0.024346 0.661148 0.107444
0.027352 0.009167 0.074121 0.006656 0.000010 0.751045 0.131650
0.304379 0.091214 0.197562 0.000010 0.000010 0.274147 0.132678
0.021861 0.017542 0.057290 0.014617 0.000010 0.763863 0.124816
0.080239 0.000711 0.043111 0.000010 0.077225 0.772491 0.026212
0.096986 0.022243 0.022405 0.000010 0.059210 0.727785 0.071361
0.104965 0.000010 0.074757 0.000010 0.047858 0.707874 0.064526
0.073057 0.011857 0.057832 0.216549 0.328862 0.303161 0.008681
0.050550 0.028277 0.018840 0.217676 0.316235 0.368412 0.000010
0.000010 0.000010 0.007780 0.565253 0.422849 0.004088 0.000010
0.000010 0.007684 0.001270 0.558893 0.416201 0.015931 0.000010
0.000010 0.000010 0.000010 0.000010 0.999940 0.000010 0.000010
0.000010 0.000010 0.000010 0.104509 0.888894 0.000010 0.006557
0.050883 0.000010 0.019186 0.477846 0.411156 0.037257 0.003662
0.040952 0.005718 0.096782 0.000010 0.006999 0.735663 0.113875
0.000010 0.011157 0.032167 0.014710 0.000010 0.856169 0.085777
0.000010 0.000010 0.006065 0.026337 0.000010 0.861082 0.106485
0.072541 0.018836 0.096421 0.000010 0.016846 0.649873 0.145472
0.036045 0.008445 0.053528 0.011238 0.000010 0.750501 0.140233
0.169586 0.075958 0.168835 0.004463 0.000010 0.427576 0.153571
0.006458 0.003353 0.090461 0.006813 0.000010 0.752785 0.140120
0.060645 0.026171 0.031641 0.000010 0.064517 0.760988 0.056028
0.077101 0.000019 0.021921 0.000010 0.072560 0.759250 0.069140
0.068034 0.020370 0.082005 0.000010 0.046025 0.719515 0.064041
0.078284 0.031530 0.000016 0.159289 0.268923 0.447459 0.014499
0.053340 0.019555 0.000010 0.249409 0.329106 0.335731 0.012849
0.000010 0.000010 0.000010 0.591717 0.408233 0.000010 0.000010
0.000010 0.000010 0.000010 0.505856 0.484127 0.009977 0.000010
0.000010 0.000010 0.000010 0.000010 0.999940 0.000010 0.000010
0.000010 0.000010 0.000010 0.000010 0.999940 0.000010 0.000010
0.043940 0.000010 0.000010 0.510798 0.399143 0.044844 0.001254
0.034732 0.007887 0.025807 0.459676 0.417777 0.054112 0.000010
0.015610 0.021360 0.123276 0.000010 0.004816 0.692819 0.142109
0.000010 0.000010 0.020927 0.024779 0.000010 0.848276 0.105987
0.000010 0.000010 0.016445 0.017694 0.000010 0.849565 0.116265
0.071703 0.029444 0.109843 0.000010 0.019377 0.633850 0.135774
0.070097 0.016072 0.046936 0.000282 0.000010 0.745757 0.120845
0.168141 0.068180 0.174200 0.000010 0.000010 0.449636 0.139822
0.000010 0.030432 0.064551 0.000010 0.000010 0.758176 0.146812
0.107186 0.000010 0.000015 0.000010 0.107053 0.785717 0.000010
0.116877 0.007099 0.073722 0.000010 0.074328 0.670094 0.057870
0.042306 0.029403 0.077798 0.036031 0.102497 0.646825 0.065140
0.034630 0.018436 0.039600 0.254394 0.343765 0.292488 0.016687
0.051989 0.028798 0.000010 0.246142 0.334085 0.338966 0.000010
0.000010 0.000010 0.000010 0.523136 0.458748 0.018076 0.000010
0.006242 0.000010 0.000010 0.502701 0.491016 0.000010 0.000010
0.000010 0.000010 0.000010 0.000010 0.997771 0.000010 0.002179
0.000010 0.000010 0.000010 0.014830 0.985120 0.000010 0.000010
0.000010 0.000010 0.000010 0.000010 0.999940 0.000010 0.000010
0.052211 0.016503 0.032551 0.470070 0.411347 0.012397 0.004921
0.034721 0.001908 0.000010 0.494950 0.433615 0.034786 0.000010
0.054454 0.011515 0.076368 0.000010 0.000010 0.732553 0.125089
0.037663 0.000010 0.062958 0.032096 0.000010 0.761401 0.105862
0.000010 0.000010 0.000010 0.028473 0.000010 0.856182 0.115306
0.088039 0.009260 0.111731 0.000010 0.027230 0.643472 0.120257
0.052509 0.035678 0.083884 0.000010 0.000010 0.710358 0.117551
0.030976 0.007647 0.040983 0.013795 0.000010 0.754204 0.152384
0.106628 0.041019 0.037283 0.000010 0.047120 0.711209 0.056731
0.086834 0.033327 0.033630 0.000010 0.071302 0.712261 0.062636
0.079911 0.009368 0.080530 0.006334 0.062151 0.691657 0.070049
0.101728 0.023062 0.010143 0.000010 0.066526 0.768273 0.030258
0.000010 0.000010 0.000010 0.078903 0.000010 0.851886 0.069171
0.050211 0.000010 0.044536 0.214979 0.319340 0.360146 0.010779
0.000010 0.000010 0.000010 0.573849 0.419817 0.006293 0.000010
0.000010 0.000010 0.014442 0.214909 0.764922 0.000010 0.005697
0.000010 0.000010 0.000010 0.000443 0.999507 0.000010 0.000010
0.048319 0.014257 0.000010 0.480014 0.399870 0.032095 0.025435
0.041983 0.011195 0.009649 0.505971 0.409604 0.021589 0.000010
0.061773 0.012500 0.006587 0.000010 0.000010 0.799753 0.119368
0.001069 0.008768 0.050210 0.000010 0.000010 0.831757 0.108176
0.000010 0.022157 0.076836 0.003339 0.000010 0.794698 0.102949
0.007984 0.010903 0.058246 0.004289 0.000010 0.755908 0.162660
0.205052 0.031568 0.171347 0.000010 0.000010 0.457347 0.134667
0.021346 0.023494 0.072410 0.000835 0.000010 0.754298 0.127607
0.086452 0.000010 0.039940 0.000010 0.090189 0.759108 0.024291
0.090697 0.000010 0.034586 0.000010 0.071028 0.745340 0.058330
0.100538 0.053296 0.040061 0.004085 0.149517 0.647473 0.005028
0.093047 0.003767 0.027881 0.000010 0.058776 0.777384 0.039135
0.049220 0.031911 0.021553 0.243764 0.374917 0.278626 0.000010
0.000010 0.000010 0.000010 0.064662 0.000010 0.833928 0.101370
0.000010 0.000278 0.000010 0.512676 0.474810 0.012207 0.000010
0.000010 0.000010 0.000010 0.000010 0.999940 0.000010 0.000010
0.000010 0.015879 0.000010 0.513134 0.456992 0.013964 0.000010
0.000010 0.000010 0.000010 0.539799 0.442329 0.017832 0.000010
0.026197 0.005851 0.096544 0.007202 0.000010 0.748509 0.115686
0.119189 0.024409 0.049496 0.000010 0.054837 0.711872 0.040187
0.211227 0.033252 0.148779 0.000010 0.000010 0.450956 0.155766
0.000010 0.018872 0.090374 0.000010 0.000010 0.762503 0.128221
0.094964 0.001841 0.037831 0.000010 0.085967 0.758969 0.020416
0.080040 0.050517 0.058871 0.000010 0.046914 0.691427 0.072222
0.054362 0.017846 0.062440 0.078065 0.179115 0.551082 0.057090
0.070974 0.000010 0.031839 0.232064 0.316466 0.324432 0.024215
0.000010 0.000010 0.000010 0.065803 0.000010 0.850750 0.083407
0.000010 0.000010 0.000010 0.014164 0.981155 0.000010 0.004642
0.078850 0.000010 0.021592 0.487807 0.385583 0.026148 0.000010
0.024652 0.000010 0.029579 0.504546 0.405366 0.035836 0.000010
0.044276 0.000010 0.000010 0.484287 0.410542 0.060864 0.000010
0.000010 0.000010 0.033444 0.022343 0.000010 0.828671 0.115512
0.000010 0.005799 0.066317 0.000010 0.000010 0.812394 0.115461
0.042920 0.021354 0.085800 0.004188 0.000010 0.707824 0.137903
0.007225 0.016245 0.074725 0.007364 0.000010 0.741578 0.152854
0.216005 0.037253 0.132376 0.000255 0.000010 0.459232 0.154870
0.122289 0.000020 0.013612 0.000010 0.085188 0.764070 0.014811
0.106261 0.011739 0.040807 0.000010 0.082699 0.706127 0.052356
0.090984 0.033520 0.059284 0.009228 0.066386 0.664067 0.076531
0.098344 0.000010 0.042344 0.000010 0.056402 0.732643 0.070248
0.082254 0.019892 0.076645 0.005198 0.041303 0.671618 0.103089
0.000010 0.000010 0.000010 0.070404 0.000010 0.848993 0.080563
0.159384 0.034858 0.147860 0.000010 0.000010 0.514239 0.143638
0.014925 0.028925 0.080445 0.008923 0.000010 0.750517 0.116255
0.091771 0.013774 0.036567 0.000010 0.079201 0.745107 0.033570
0.072282 0.021197 0.063466 0.000010 0.074337 0.717666 0.051041
0.157427 0.016625 0.000010 0.000894 0.167119 0.621911 0.036014
0.086352 0.029064 0.058942 0.000010 0.044968 0.707054 0.073611
0.072973 0.024827 0.002228 0.218953 0.361919 0.313781 0.005319
0.000010 0.000010 0.000010 0.054791 0.000010 0.859307 0.085862
0.000010 0.000014 0.000010 0.060858 0.000010 0.868453 0.070644
0.005135 0.030451 0.071618 0.057166 0.000010 0.718887 0.116734
0.014928 0.014297 0.012755 0.000010 0.000010 0.816627 0.141373
0.129203 0.055116 0.160419 0.026528 0.046363 0.500217 0.082153
0.088083 0.000010 0.000010 0.000010 0.183652 0.728225 0.000010
0.082940 0.002696 0.000010 0.003136 0.225351 0.685856 0.000010
0.043163 0.021899 0.010650 0.011126 0.003831 0.835646 0.073685
0.027598 0.005525 0.055938 0.000010 0.000010 0.821776 0.089142
0.038713 0.008284 0.038006 0.000010 0.015123 0.814606 0.085257
0.000010 0.010631 0.025943 0.067599 0.000010 0.783219 0.112587
0.000010 0.011461 0.000010 0.058648 0.000010 0.839627 0.090234
0.000010 0.011988 0.050081 0.008376 0.000010 0.809616 0.119919
0.188736 0.057841 0.104235 0.040999 0.044418 0.468503 0.095268
0.094751 0.000010 0.000010 0.000010 0.210070 0.695138 0.000010
0.119635 0.000010 0.000010 0.000010 0.111465 0.768861 0.000010
0.079149 0.000010 0.019300 0.002096 0.007572 0.784253 0.107620
0.040287 0.000467 0.069727 0.000010 0.006884 0.790899 0.091726
0.000010 0.000010 0.000010 0.226343 0.000010 0.675260 0.098357
0.079405 0.005136 0.015457 0.000010 0.068675 0.769334 0.061984
0.000010 0.000010 0.000010 0.062421 0.000010 0.831709 0.105829
0.167520 0.033935 0.147803 0.009075 0.000010 0.508313 0.133343
0.202910 0.098186 0.130135 0.000010 0.039530 0.426824 0.102405
0.111429 0.019241 0.000010 0.000010 0.232980 0.636321 0.000010
0.098783 0.000010 0.000010 0.000010 0.175715 0.725462 0.000010
0.052376 0.016297 0.010282 0.012073 0.009922 0.803525 0.095525
0.027040 0.024512 0.043974 0.019097 0.005744 0.798751 0.080881
0.006535 0.002491 0.055543 0.009243 0.005301 0.828480 0.092407
0.000010 0.000010 0.006701 0.151239 0.006525 0.750098 0.085418
0.000010 0.000010 0.000010 0.064611 0.000010 0.848632 0.086717
0.021486 0.003669 0.085578 0.039725 0.000010 0.714757 0.134776
0.152692 0.043972 0.157498 0.001536 0.000010 0.500342 0.143949
0.165124 0.055371 0.065332 0.043730 0.056425 0.504017 0.110001
0.069664 0.000010 0.000010 0.076765 0.317455 0.536086 0.000010
0.122432 0.005217 0.000010 0.000010 0.188404 0.683917 0.000010
0.042486 0.011709 0.050799 0.002248 0.012301 0.811920 0.068537
0.026528 0.027799 0.044987 0.009428 0.013215 0.788852 0.089191
0.050835 0.016348 0.029876 0.013649 0.004306 0.811205 0.073782
0.000010 0.000010 0.000010 0.247876 0.005163 0.659645 0.087287
0.039294 0.008276 0.008037 0.461367 0.429783 0.053234 0.000010
0.043277 0.021929 0.000010 0.496719 0.399214 0.038841 0.000010
0.063955 0.008309 0.090830 0.000010 0.005343 0.713675 0.117877
0.000010 0.000010 0.000010 0.036478 0.000010 0.868429 0.095053
0.062317 0.031465 0.104446 0.000010 0.022069 0.652618 0.127074
0.000010 0.000010 0.000010 0.057899 0.000010 0.862194 0.079868
0.000095 0.000010 0.033023 0.013820 0.000010 0.862458 0.090583
0.153381 0.067370 0.126174 0.001933 0.000010 0.523879 0.127253
0.102846 0.066440 0.113064 0.016745 0.056853 0.521496 0.122556
0.070514 0.000010 0.000010 0.000010 0.255391 0.674055 0.000010
0.106632 0.000010 0.000010 0.000010 0.174295 0.719033 0.000010
0.036846 0.003110 0.049697 0.015709 0.015279 0.795044 0.084315
0.000010 0.063209 0.042054 0.000010 0.006623 0.808848 0.079246
0.041249 0.008809 0.048791 0.021373 0.009559 0.789202 0.081017
0.007681 0.000010 0.000010 0.137217 0.000010 0.758801 0.096271
0.011314 0.003613 0.035081 0.005963 0.000010 0.828387 0.115632
0.202775 0.049531 0.153428 0.005646 0.000010 0.422117 0.166493
0.084583 0.002043 0.000010 0.000010 0.194470 0.718873 0.000010
0.119674 0.000010 0.000010 0.000010 0.170298 0.709987 0.000010
0.089917 0.000010 0.000010 0.038308 0.278240 0.593505 0.000010
0.032538 0.023075 0.017002 0.007875 0.018895 0.823267 0.077349
0.024384 0.020955 0.061502 0.037171 0.000010 0.725679 0.130298
0.019586 0.000010 0.071968 0.000010 0.000010 0.782127 0.126289
0.161626 0.070957 0.159089 0.000010 0.000010 0.442375 0.165932
0.145306 0.052924 0.126995 0.014189 0.039492 0.513840 0.107253
0.099018 0.000010 0.000010 0.000010 0.188978 0.711964 0.000010
0.108549 0.000053 0.000010 0.000010 0.176262 0.715106 0.000010
0.042110 0.001848 0.039720 0.000378 0.009961 0.806430 0.099552
0.030711 0.010790 0.033780 0.012622 0.005385 0.825159 0.081553
0.039439 0.013600 0.033839 0.026283 0.000010 0.816462 0.070367
0.000010 0.000010 0.000010 0.210889 0.000010 0.712801 0.076270
0.000010 0.011074 0.057882 0.061466 0.000010 0.745051 0.124506
0.006518 0.004896 0.057019 0.001991 0.000010 0.832005 0.097561
0.154662 0.046784 0.203585 0.000010 0.000010 0.450253 0.144695
0.137647 0.030070 0.135452 0.019679 0.078760 0.509832 0.088561
0.094253 0.000010 0.000010 0.000010 0.191700 0.714007 0.000010
0.092838 0.014731 0.000010 0.000010 0.197796 0.694605 0.000010
0.061037 0.013311 0.028779 0.012361 0.004382 0.785581 0.094549
0.037766 0.041353 0.011348 0.003967 0.011778 0.811487 0.082301
0.052933 0.026553 0.018854 0.019043 0.006658 0.801594 0.074365
0.000010 0.025823 0.031770 0.064519 0.000010 0.745909 0.131960
0.025878 0.000010 0.035097 0.004025 0.000010 0.815737 0.119244
0.204141 0.049054 0.104022 0.012976 0.066797 0.472677 0.090333
0.084662 0.000010 0.000010 0.000010 0.188696 0.726602 0.000010
0.089621 0.000010 0.000010 0.000010 0.195962 0.714378 0.000010
0.069752 0.002950 0.012353 0.019802 0.009137 0.807376 0.078630
0.000010 0.021479 0.078595 0.053370 0.000010 0.704362 0.142174
0.016517 0.000010 0.025425 0.004817 0.000010 0.832225 0.120996
0.163216 0.071147 0.116836 0.025927 0.039489 0.491207 0.092178
0.100900 0.000010 0.000010 0.000010 0.185847 0.713213 0.000010
0.106652 0.000010 0.000010 0.000010 0.210675 0.682633 0.000010
0.000010 0.044921 0.022107 0.018431 0.000010 0.823111 0.091410
0.039456 0.007883 0.028888 0.012382 0.015214 0.824210 0.071967
0.000010 0.000010 0.000010 0.226905 0.001316 0.686374 0.085376
0.000010 0.000010 0.000010 0.226381 0.000010 0.700639 0.072941
0.040525 0.039760 0.105626 0.002270 0.064811 0.657518 0.089490
0.070913 0.034809 0.056428 0.000010 0.057841 0.677979 0.102020
0.064310 0.023711 0.036129 0.230299 0.354721 0.290821 0.000010
0.000010 0.024625 0.061143 0.057324 0.000010 0.724406 0.132482
0.006610 0.018035 0.015393 0.009800 0.000010 0.843783 0.106370
0.210844 0.036907 0.163206 0.000010 0.000010 0.447606 0.141418
0.097035 0.000761 0.000010 0.000010 0.183106 0.719068 0.000010
0.098154 0.006644 0.000010 0.000010 0.229039 0.666133 0.000010
0.029498 0.029191 0.054076 0.012801 0.014831 0.801856 0.057748
0.024428 0.000010 0.060119 0.001188 0.013209 0.806749 0.094297
0.000010 0.000010 0.000010 0.236614 0.005862 0.677388 0.080106
0.041791 0.003490 0.007338 0.484774 0.409630 0.052968 0.000010
0.013254 0.001143 0.028700 0.000010 0.000010 0.859897 0.096986
0.000010 0.011378 0.000860 0.163531 0.000010 0.722770 0.101441
0.048307 0.024110 0.028813 0.016150 0.006215 0.786650 0.089755
0.095828 0.000010 0.001610 0.000010 0.180202 0.722330 0.000010
0.033194 0.018936 0.035623 0.006337 0.019347 0.816232 0.070332
0.165797 0.062132 0.107677 0.013353 0.044394 0.526839 0.079809
0.217501 0.059834 0.124042 0.000010 0.000010 0.470094 0.128510
0.014410 0.030524 0.099766 0.062487 0.000010 0.684463 0.108340
0.074228 0.000010 0.000010 0.084165 0.329279 0.512298 0.000010
0.073301 0.013949 0.065506 0.000010 0.000010 0.745418 0.101806
0.000010 0.000010 0.000010 0.703518 0.232182 0.000010 0.064260
0.010258 0.000010 0.000010 0.737877 0.219645 0.000010 0.032190
0.016141 0.003237 0.000010 0.769808 0.165807 0.000010 0.044988
0.000010 0.000010 0.000010 0.785716 0.156006 0.000010 0.058238
0.148609 0.037736 0.289886 0.000010 0.000010 0.273642 0.250108
0.174708 0.070816 0.235761 0.000010 0.000010 0.298445 0.220249
0.140027 0.056090 0.287041 0.000010 0.000010 0.281154 0.235668
0.112633 0.069444 0.263776 0.000010 0.000010 0.289024 0.265103
0.020434 0.000010 0.000010 0.683911 0.219817 0.041777 0.034040
0.000010 0.000010 0.000010 0.631623 0.351632 0.012234 0.004481
0.000010 0.000010 0.000010 0.660032 0.314834 0.005925 0.019178
0.013318 0.000010 0.010137 0.641183 0.327060 0.008282 0.000010
0.000010 0.006171 0.000010 0.644689 0.336042 0.007547 0.005531
0.000010 0.000010 0.019650 0.644813 0.321415 0.000010 0.014092
0.000010 0.000010 0.011096 0.736305 0.223087 0.004419 0.025072
0.000010 0.005296 0.000010 0.617076 0.349718 0.003505 0.024385
0.079369 0.000010 0.082394 0.456846 0.212641 0.067862 0.100877
0.000010 0.005131 0.000010 0.777649 0.020556 0.063869 0.132776
0.000010 0.000010 0.003891 0.778206 0.150970 0.000010 0.066903
0.000010 0.000010 0.000010 0.797978 0.126558 0.000010 0.075424
0.000010 0.000032 0.000011 0.804031 0.127686 0.000010 0.068220
0.021538 0.000683 0.000010 0.790975 0.132939 0.000010 0.053845
0.000010 0.014598 0.000010 0.818324 0.093325 0.000010 0.073724
0.012148 0.000010 0.000010 0.729023 0.224816 0.000010 0.033982
0.000010 0.015361 0.000010 0.801842 0.123261 0.001618 0.057898
0.000010 0.001257 0.000010 0.777532 0.143236 0.000010 0.077945
0.004684 0.002248 0.000010 0.781098 0.131684 0.000010 0.080266
0.000010 0.017283 0.000204 0.765725 0.151761 0.008063 0.056955
0.000010 0.022265 0.000010 0.761180 0.208475 0.000010 0.008049
0.006001 0.016360 0.000010 0.722444 0.243998 0.007648 0.003539
0.000010 0.000010 0.011995 0.796552 0.173551 0.000010 0.017871
0.000010 0.001265 0.000010 0.758243 0.200868 0.008860 0.030745
0.005513 0.021098 0.000010 0.752897 0.191863 0.011085 0.017534
0.000010 0.008020 0.016502 0.798310 0.177139 0.000010 0.000010
0.000010 0.000010 0.025908 0.778677 0.193007 0.002378 0.000010
0.000010 0.010418 0.000010 0.779758 0.197494 0.000010 0.012301
0.013534 0.000287 0.004662 0.766416 0.205306 0.000010 0.009784
0.000010 0.002132 0.000010 0.716302 0.241304 0.000010 0.040231
0.000010 0.001238 0.011749 0.718021 0.234242 0.000010 0.034730
0.000010 0.001196 0.000010 0.757886 0.167175 0.000010 0.073713
0.000010 0.007279 0.000010 0.825654 0.122273 0.000010 0.044764
0.000010 0.002708 0.003637 0.822120 0.122700 0.000010 0.048815
0.000010 0.000388 0.000010 0.873861 0.101978 0.000010 0.023743
0.000010 0.006074 0.000010 0.910571 0.067403 0.000010 0.015922
0.000010 0.005052 0.000010 0.924263 0.067328 0.000010 0.003327
0.000010 0.000010 0.000010 0.927880 0.072070 0.000010 0.000010
0.011375 0.000010 0.006513 0.726957 0.201789 0.004008 0.049348
0.022709 0.000010 0.000010 0.750445 0.176746 0.000010 0.050070
0.008787 0.000010 0.000010 0.704948 0.218947 0.000010 0.067288
0.000010 0.006601 0.010831 0.778780 0.191993 0.000010 0.011775
0.000010 0.000010 0.000010 0.717418 0.236830 0.000010 0.045712
0.000010 0.000010 0.000010 0.844936 0.101968 0.000010 0.053056
0.008479 0.008484 0.000010 0.759637 0.203109 0.000010 0.020270
0.000010 0.000010 0.000010 0.728290 0.228897 0.012023 0.030759
0.000010 0.000010 0.013624 0.756169 0.202871 0.000010 0.027306
0.000010 0.003971 0.016470 0.821461 0.151120 0.000010 0.006958
0.000010 0.000010 0.000010 0.799878 0.191032 0.000010 0.009050
0.000010 0.006418 0.012447 0.775069 0.178741 0.026543 0.000772
0.000010 0.020960 0.000010 0.713781 0.241768 0.000010 0.023461
0.000010 0.009203 0.000010 0.770163 0.157099 0.002736 0.060779
0.000018 0.000010 0.000010 0.726465 0.212978 0.000010 0.060509
0.012441 0.003957 0.012384 0.675691 0.251905 0.001463 0.042159
0.000010 0.000010 0.002046 0.791859 0.156370 0.000010 0.049695
0.000010 0.000010 0.000010 0.794878 0.127416 0.000010 0.077666
0.019085 0.000989 0.000010 0.698687 0.250732 0.000010 0.030488
0.000010 0.000010 0.000010 0.812037 0.117527 0.001473 0.068932
0.000010 0.015805 0.000010 0.742401 0.207611 0.000430 0.033733
0.000010 0.000010 0.014477 0.731427 0.218302 0.000010 0.035765
0.000010 0.000010 0.000010 0.854243 0.106723 0.000010 0.038993
0.000010 0.000010 0.013806 0.782286 0.123031 0.000010 0.080846
0.000010 0.002962 0.000010 0.800270 0.124496 0.000010 0.072242
0.001874 0.010052 0.000010 0.797520 0.141648 0.000010 0.048886
0.000010 0.000010 0.007126 0.768241 0.166840 0.000010 0.057763
0.114295 0.000010 0.109724 0.421163 0.097918 0.073652 0.183238
0.006133 0.000010 0.026983 0.659272 0.290354 0.000010 0.017238
0.000010 0.000010 0.000835 0.671947 0.296994 0.000010 0.030194
0.000010 0.006726 0.003038 0.655268 0.304431 0.000010 0.030516
0.005730 0.003651 0.000010 0.673833 0.296314 0.005360 0.015102
0.003743 0.000010 0.026937 0.672698 0.273800 0.000010 0.022801
0.000010 0.006674 0.006618 0.667569 0.306645 0.000010 0.012473
0.000010 0.001775 0.000010 0.663369 0.308397 0.021736 0.004703
0.000010 0.000010 0.000010 0.659532 0.321634 0.018794 0.000010
0.005546 0.005161 0.005519 0.714198 0.246508 0.000010 0.023058
0.003391 0.001575 0.000010 0.745361 0.188748 0.000010 0.060906
0.004349 0.000010 0.010081 0.703783 0.247165 0.000994 0.033617
0.001676 0.000010 0.000010 0.706552 0.226644 0.026082 0.039025
0.013145 0.000010 0.000010 0.703135 0.234616 0.009175 0.039909
0.000010 0.013631 0.001241 0.716147 0.232304 0.000010 0.036656
0.000010 0.000274 0.000010 0.680748 0.300141 0.018807 0.000010
0.000010 0.000010 0.019970 0.710617 0.236990 0.000010 0.032392
0.000010 0.000010 0.000010 0.690574 0.252026 0.030797 0.026573
0.000010 0.000010 0.015144 0.763264 0.139530 0.000010 0.082032
0.000010 0.000010 0.011888 0.740443 0.201583 0.000010 0.046056
0.000010 0.000010 0.014648 0.691337 0.243086 0.000010 0.050899
0.000010 0.024006 0.000010 0.706674 0.259443 0.000010 0.009847
0.000010 0.000010 0.009152 0.755389 0.174833 0.000010 0.060597
0.134529 0.076867 0.267950 0.016535 0.004888 0.189591 0.309640
0.262849 0.013731 0.232808 0.077703 0.009535 0.083990 0.319384
0.207230 0.034773 0.200355 0.087628 0.000010 0.163506 0.306497
0.051533 0.027472 0.048368 0.514248 0.238887 0.030644 0.088848
0.110854 0.058852 0.330704 0.014220 0.000010 0.162710 0.322650
0.110331 0.062631 0.307129 0.000010 0.000010 0.190794 0.329096
0.099021 0.035452 0.138177 0.337498 0.075628 0.086150 0.228073
0.108904 0.033098 0.166589 0.297696 0.099644 0.096532 0.197537
0.262281 0.030059 0.170149 0.151506 0.049076 0.083482 0.253447
0.078883 0.839206 0.043790 0.000010 0.000010 0.008865 0.029237
0.097082 0.083708 0.296378 0.000010 0.000010 0.149546 0.373266
0.162682 0.048676 0.316997 0.000010 0.000010 0.159178 0.312448
0.075389 0.020391 0.138973 0.316549 0.075377 0.122198 0.251122
0.253109 0.020789 0.186813 0.082889 0.000010 0.119914 0.336476
0.063671 0.025223 0.171027 0.278680 0.000010 0.091259 0.370131
0.138506 0.065300 0.287202 0.000010 0.000010 0.194287 0.314686
0.107095 0.037113 0.148156 0.310419 0.107161 0.079964 0.210092
0.081934 0.014428 0.176733 0.305449 0.100298 0.086655 0.234503
0.124805 0.023860 0.110114 0.334215 0.141266 0.093973 0.171766
0.096094 0.000010 0.046434 0.486974 0.238120 0.032308 0.100061
0.060512 0.024131 0.131566 0.346574 0.053765 0.086189 0.297263
0.063234 0.031747 0.151175 0.297449 0.000391 0.096394 0.359610
0.160397 0.046876 0.342802 0.000010 0.000010 0.165035 0.284871
0.078463 0.055912 0.127098 0.289618 0.000010 0.103543 0.345356
0.118934 0.035360 0.316147 0.025104 0.000010 0.157931 0.346515
0.096648 0.010146 0.132606 0.348759 0.101889 0.089727 0.220226
0.075963 0.018854 0.146566 0.334729 0.094146 0.090492 0.239250
0.085775 0.000010 0.092570 0.456574 0.217055 0.043090 0.104927
0.124794 0.075028 0.303535 0.005865 0.000010 0.167504 0.323264
0.035843 0.038342 0.155903 0.286552 0.000010 0.114851 0.368499
0.138283 0.089504 0.274826 0.000010 0.000010 0.152778 0.344590
0.307741 0.027754 0.112402 0.156268 0.026188 0.085332 0.284316
0.243848 0.011415 0.144815 0.186339 0.028562 0.091181 0.293839
0.108277 0.069378 0.348506 0.000010 0.000010 0.154081 0.319737
0.154462 0.058601 0.295624 0.001988 0.000010 0.172988 0.316328
0.043926 0.017960 0.159260 0.281388 0.003033 0.119267 0.375167
0.039415 0.016760 0.036721 0.511819 0.232501 0.057209 0.105574
0.073224 0.026872 0.098935 0.391686 0.178223 0.080443 0.150617
0.111527 0.004208 0.143976 0.329888 0.097450 0.084743 0.228208
0.247970 0.019170 0.148720 0.158735 0.006451 0.102642 0.316311
0.064364 0.038538 0.128633 0.297519 0.000010 0.109244 0.361693
0.314109 0.034493 0.136980 0.150985 0.012217 0.093796 0.257419
0.072505 0.019569 0.054048 0.479929 0.255552 0.028779 0.089618
0.312726 0.000010 0.103437 0.200170 0.006359 0.104069 0.273229
0.134424 0.053792 0.305602 0.000425 0.000010 0.174358 0.331389
0.071436 0.004565 0.190847 0.274071 0.000010 0.102583 0.356487
0.135401 0.007241 0.151070 0.334578 0.092267 0.088183 0.191260
0.095637 0.016534 0.177799 0.316329 0.103371 0.052132 0.238198
0.094264 0.023993 0.169952 0.333838 0.092248 0.075736 0.209969
0.069153 0.033449 0.179995 0.260015 0.000010 0.101094 0.356284
0.114928 0.055323 0.320086 0.000010 0.000010 0.147486 0.362157
0.257212 0.018937 0.233121 0.057807 0.000010 0.116199 0.316714
0.269677 0.010443 0.156715 0.139397 0.053752 0.090305 0.279710
0.051255 0.013141 0.037569 0.467747 0.275663 0.030947 0.123679
0.116555 0.060441 0.289164 0.001901 0.000010 0.193228 0.338701
0.149375 0.057778 0.285794 0.000010 0.000010 0.154387 0.352645
0.073191 0.001436 0.076606 0.453766 0.181699 0.069692 0.143610
0.032388 0.048980 0.145114 0.346653 0.092379 0.088345 0.246141
0.026807 0.027237 0.055962 0.477446 0.236438 0.067101 0.109009
0.057518 0.027647 0.138528 0.284798 0.000010 0.126089 0.365409
0.284787 0.005700 0.128009 0.150591 0.025245 0.114027 0.291640
0.294820 0.000010 0.137911 0.130880 0.021066 0.112331 0.302981
0.065918 0.000010 0.140954 0.363371 0.105606 0.097218 0.226923
0.080162 0.073083 0.310289 0.005861 0.000010 0.201806 0.328790
0.117977 0.074119 0.329851 0.005462 0.000010 0.147110 0.325471
0.132587 0.073613 0.302789 0.005024 0.000010 0.177786 0.308191
0.068978 0.014838 0.102184 0.429349 0.181301 0.048629 0.154721
0.111725 0.037379 0.227962 0.223882 0.046690 0.095562 0.256800
0.074853 0.006980 0.057452 0.468309 0.252396 0.062787 0.077224
0.116780 0.065025 0.296994 0.000010 0.000010 0.141799 0.379381
0.037807 0.020360 0.179133 0.280950 0.000010 0.114324 0.367417
0.272991 0.000010 0.172153 0.087911 0.000010 0.132836 0.334089
0.090608 0.021315 0.092187 0.362890 0.005008 0.100959 0.327033
0.279212 0.011476 0.161381 0.166285 0.020841 0.078441 0.282363
0.138019 0.045543 0.329543 0.000010 0.000010 0.160764 0.326111
0.136770 0.086259 0.299775 0.004337 0.000010 0.163168 0.309681
0.115308 0.085006 0.308386 0.014722 0.000010 0.141299 0.335269
0.098429 0.036334 0.127486 0.324701 0.102373 0.086761 0.223917
0.068399 0.012875 0.073017 0.509584 0.194610 0.040145 0.101371
0.078886 0.015503 0.038829 0.483296 0.238058 0.067360 0.078068
0.166279 0.024943 0.144454 0.239240 0.058268 0.103262 0.263554
0.064004 0.028542 0.150761 0.286711 0.000010 0.089801 0.380171
0.266119 0.058891 0.108630 0.159734 0.029492 0.104216 0.272918
0.296945 0.018452 0.113570 0.126867 0.011843 0.107204 0.325118
0.331982 0.025121 0.117356 0.125298 0.000010 0.080523 0.319710
0.395479 0.023266 0.105723 0.102863 0.013866 0.066022 0.292780
0.263118 0.055884 0.529616 0.020793 0.003120 0.051908 0.075561
0.139097 0.033680 0.300425 0.000010 0.000010 0.150044 0.376734
0.595580 0.000010 0.049868 0.112006 0.021228 0.030873 0.190436
0.228487 0.012473 0.112290 0.259735 0.076442 0.098766 0.211805
0.341879 0.018131 0.124190 0.095144 0.004704 0.131007 0.284945
0.312926 0.033654 0.132401 0.119239 0.011297 0.106017 0.284466
0.278459 0.004908 0.189683 0.099216 0.000010 0.090188 0.337536
0.334426 0.010035 0.125291 0.130998 0.013709 0.098906 0.286633
0.198233 0.034196 0.714613 0.021418 0.000010 0.000010 0.031520
0.129853 0.051027 0.272257 0.000010 0.000010 0.147597 0.399246
0.190862 0.004190 0.217475 0.096010 0.000010 0.120207 0.371247
0.578027 0.003588 0.030335 0.087734 0.020310 0.041773 0.238233
0.503620 0.000010 0.077624 0.105741 0.024566 0.054290 0.234150
0.084275 0.053889 0.323795 0.000010 0.000010 0.113939 0.424083
0.176727 0.050647 0.263739 0.000010 0.000010 0.159178 0.349688
0.386995 0.015588 0.131319 0.146769 0.016868 0.049377 0.253084
0.114376 0.025614 0.308729 0.000010 0.000010 0.147248 0.404013
0.274122 0.034158 0.644922 0.000010 0.000010 0.000010 0.046769
0.103255 0.053736 0.311287 0.000010 0.000010 0.138892 0.392809
0.171952 0.000010 0.218745 0.092328 0.000010 0.174128 0.342827
0.568912 0.000010 0.042595 0.111333 0.015124 0.052701 0.209325
0.492604 0.000010 0.102910 0.092702 0.018008 0.070634 0.223132
0.265079 0.011277 0.153145 0.090069 0.006750 0.137021 0.336658
0.121164 0.049640 0.324720 0.000010 0.000010 0.139425 0.365031
0.391841 0.003408 0.123960 0.159231 0.015613 0.055284 0.250663
0.374030 0.030623 0.103792 0.110272 0.006983 0.081995 0.292305
0.096089 0.051902 0.299315 0.000010 0.000010 0.150512 0.402161
0.214308 0.046097 0.629876 0.035950 0.010239 0.027880 0.035651
0.084060 0.075444 0.287667 0.001182 0.002662 0.148826 0.400159
0.184817 0.016748 0.216197 0.053282 0.000010 0.147566 0.381379
0.508340 0.022014 0.024803 0.122533 0.004338 0.077208 0.240764
0.599809 0.000010 0.050923 0.092863 0.029362 0.033643 0.193390
0.226738 0.029625 0.146624 0.163122 0.031932 0.078088 0.323872
0.416762 0.004045 0.104745 0.148415 0.002427 0.081685 0.241920
0.220895 0.080701 0.691158 0.000010 0.000010 0.000010 0.007216
0.100642 0.054079 0.328020 0.000010 0.000010 0.143412 0.373827
0.550790 0.000010 0.049925 0.102100 0.022249 0.075304 0.199623
0.556062 0.011747 0.103031 0.093908 0.009936 0.044946 0.180370
0.297780 0.010786 0.168300 0.190055 0.002652 0.077794 0.252633
0.130056 0.779115 0.053105 0.000012 0.000010 0.000010 0.037692
0.256167 0.038707 0.149856 0.148882 0.009182 0.108009 0.289198
0.365688 0.011275 0.138338 0.117984 0.019710 0.052869 0.294138
0.225179 0.039123 0.683969 0.000726 0.005725 0.008487 0.036790
0.119720 0.079026 0.283814 0.000010 0.000010 0.129785 0.387634
0.152277 0.039330 0.194792 0.081377 0.000010 0.180776 0.351438
0.517323 0.000010 0.036681 0.115849 0.036113 0.077142 0.216882
0.593748 0.000010 0.032280 0.102430 0.020785 0.021013 0.229733
0.345852 0.009733 0.168162 0.121490 0.000010 0.083927 0.270826
0.209527 0.039480 0.118715 0.249423 0.035815 0.094744 0.252297
0.319094 0.000010 0.194285 0.075914 0.000010 0.094606 0.316082
0.262211 0.030592 0.105541 0.234073 0.036176 0.080899 0.250509
0.366026 0.018814 0.131142 0.112929 0.012119 0.062205 0.296766
0.248634 0.044088 0.554845 0.017141 0.017454 0.060735 0.057103
0.107190 0.078772 0.293124 0.000010 0.000010 0.132422 0.388472
0.583670 0.000010 0.015893 0.105794 0.014387 0.063151 0.217096
0.229720 0.020487 0.170244 0.114221 0.000010 0.154692 0.310626
0.352476 0.020198 0.142366 0.090189 0.010900 0.109829 0.274042
0.103600 0.078477 0.290947 0.000010 0.000010 0.149298 0.377658
0.307845 0.037390 0.156804 0.109724 0.000010 0.102315 0.285911
0.349087 0.000010 0.138611 0.121168 0.002192 0.098397 0.290535
0.387103 0.002831 0.117876 0.128185 0.005523 0.061329 0.297152
0.228318 0.064362 0.587227 0.029831 0.005316 0.032880 0.052066
0.101551 0.056101 0.312831 0.000010 0.000010 0.122618 0.406880
0.567954 0.000010 0.024172 0.113662 0.007533 0.074044 0.212625
0.536313 0.003690 0.036495 0.121675 0.009108 0.063734 0.228985
0.323173 0.016642 0.146694 0.095297 0.017263 0.111211 0.289721
0.078875 0.053930 0.581445 0.013808 0.018697 0.088430 0.164816
0.025755 0.013497 0.670759 0.007249 0.000010 0.088900 0.193830
0.253024 0.086710 0.606677 0.000010 0.022045 0.017604 0.013930
0.181962 0.054506 0.477137 0.044723 0.022215 0.121049 0.098409
0.323112 0.048163 0.344601 0.010634 0.011301 0.178239 0.083948
0.357634 0.055248 0.393523 0.040873 0.019377 0.074568 0.058777
0.264645 0.084408 0.356000 0.004858 0.017278 0.170603 0.102208
0.117824 0.000010 0.620336 0.019959 0.000010 0.065962 0.175899
0.106699 0.020486 0.601463 0.027085 0.019391 0.056615 0.168261
0.403063 0.031813 0.565081 0.000010 0.000013 0.000010 0.000010
0.241104 0.062690 0.606437 0.013365 0.012321 0.053591 0.010492
0.126514 0.023148 0.617767 0.000010 0.013046 0.066061 0.153455
0.086880 0.003249 0.716163 0.014717 0.001644 0.034021 0.143326
0.275503 0.067111 0.572642 0.000882 0.012925 0.038506 0.032432
0.425356 0.105988 0.248382 0.002862 0.012184 0.135602 0.069625
0.137014 0.027778 0.643188 0.004906 0.003044 0.050166 0.133903
0.077154 0.037510 0.662966 0.013603 0.000010 0.039890 0.168867
0.251202 0.054094 0.514934 0.018249 0.008446 0.090848 0.062227
0.366944 0.028891 0.604125 0.000010 0.000010 0.000010 0.000010
0.440371 0.010765 0.541928 0.006905 0.000010 0.000010 0.000010
0.389258 0.000748 0.603199 0.006765 0.000010 0.000010 0.000010
0.159208 0.048735 0.696543 0.014177 0.010442 0.070885 0.000010
0.023909 0.000010 0.714973 0.018473 0.003228 0.058617 0.180791
0.197453 0.025460 0.487541 0.023677 0.005065 0.124568 0.136235
0.291756 0.035082 0.620977 0.011849 0.007239 0.005205 0.027893
0.157858 0.584151 0.080606 0.038019 0.004707 0.047286 0.087372
0.127041 0.045217 0.641369 0.011026 0.000010 0.065122 0.110215
0.208687 0.062033 0.563760 0.021766 0.000497 0.042274 0.100983
0.140464 0.042075 0.615840 0.012540 0.012961 0.066187 0.109932
0.384091 0.045577 0.565330 0.000010 0.004972 0.000010 0.000010
0.379640 0.013990 0.604649 0.001691 0.000010 0.000010 0.000010
0.459783 0.006353 0.527916 0.000010 0.005918 0.000010 0.000010
0.331023 0.014405 0.435185 0.063112 0.003325 0.074235 0.078715
0.034862 0.021177 0.703604 0.002638 0.008320 0.059267 0.170131
0.135573 0.034945 0.615355 0.020380 0.001310 0.017314 0.175123
0.233600 0.017480 0.607638 0.000010 0.016560 0.054838 0.069875
0.168764 0.075662 0.333891 0.133932 0.020814 0.136746 0.130191
0.136158 0.026762 0.680847 0.007177 0.003682 0.032625 0.112749
0.100136 0.031621 0.624272 0.012651 0.000010 0.050491 0.180820
0.105982 0.021487 0.637097 0.010309 0.004342 0.075529 0.145254
0.107954 0.046320 0.523007 0.070641 0.000010 0.107207 0.144861
0.429101 0.018731 0.539141 0.000010 0.012997 0.000010 0.000010
0.437212 0.017559 0.545189 0.000010 0.000010 0.000010 0.000010
0.260342 0.067110 0.628814 0.005519 0.012643 0.025562 0.000010
0.025939 0.051142 0.669939 0.017523 0.002778 0.048154 0.184524
0.027414 0.000010 0.690429 0.007695 0.017162 0.061153 0.196138
0.473331 0.085980 0.270176 0.000010 0.022361 0.122484 0.025658
0.230793 0.064814 0.335626 0.052712 0.030956 0.188645 0.096454
0.328390 0.084902 0.288212 0.001168 0.029659 0.203484 0.064183
0.286652 0.063789 0.337893 0.009834 0.015968 0.183953 0.101911
0.195205 0.057977 0.542778 0.035629 0.000010 0.064693 0.103709
0.429786 0.007541 0.555878 0.000010 0.006765 0.000010 0.000010
0.273156 0.055875 0.555520 0.023402 0.000010 0.048092 0.043945
0.394498 0.010366 0.595095 0.000011 0.000010 0.000010 0.000010
0.158158 0.050914 0.531835 0.104004 0.024660 0.078524 0.051905
0.270796 0.079912 0.368329 0.003060 0.024958 0.182319 0.070627
