0.024782 0.000010 0.053105 0.398842 0.079661 0.443600
0.015854 0.006578 0.069903 0.302609 0.035358 0.569698
0.030933 0.017110 0.042065 0.400912 0.054847 0.454132
0.000010 0.037625 0.071514 0.323838 0.024994 0.542020
0.000010 0.002836 0.050667 0.403292 0.088992 0.454204
0.041940 0.011753 0.060394 0.358711 0.041958 0.485245
0.012474 0.037835 0.075302 0.329424 0.034509 0.510457
0.000010 0.000010 0.146215 0.054959 0.000010 0.798796
0.020415 0.000010 0.117358 0.041627 0.017213 0.803378
0.000010 0.031128 0.000010 0.081863 0.000010 0.886979
0.005060 0.016289 0.114588 0.076788 0.057948 0.729328
0.000010 0.023131 0.136085 0.077800 0.028222 0.734752
0.000010 0.098729 0.221830 0.667402 0.012019 0.000010
0.020662 0.121141 0.196697 0.590924 0.070567 0.000010
0.000010 0.007628 0.249237 0.743104 0.000010 0.000010
0.048638 0.092393 0.164129 0.602788 0.080442 0.011610
0.019418 0.020579 0.050046 0.374194 0.082031 0.453732
0.012044 0.000932 0.047508 0.375244 0.085895 0.478377
0.000010 0.000010 0.099681 0.053253 0.019770 0.827276
0.000010 0.000010 0.184496 0.045667 0.000010 0.769807
0.000010 0.000010 0.135360 0.072718 0.000010 0.791892
0.000010 0.024164 0.000010 0.068048 0.000010 0.907758
0.009107 0.013991 0.138943 0.064984 0.043576 0.729399
0.006230 0.044954 0.121960 0.076260 0.013017 0.737579
0.000010 0.058588 0.228252 0.713131 0.000010 0.000010
0.017294 0.035427 0.224905 0.722354 0.000010 0.000010
0.000010 0.000010 0.261985 0.735336 0.002649 0.000010
0.011929 0.156565 0.181590 0.576382 0.073524 0.000010
0.018608 0.022261 0.048607 0.370983 0.074221 0.465320
0.019800 0.053886 0.065351 0.358839 0.048442 0.453682
0.000320 0.000010 0.081476 0.098744 0.024120 0.795330
0.000010 0.005816 0.205147 0.017662 0.000010 0.771354
0.000010 0.016163 0.000010 0.085940 0.008676 0.889201
0.000010 0.039206 0.000010 0.066944 0.000010 0.893820
0.024433 0.020409 0.120112 0.055228 0.040886 0.738932
0.026918 0.041172 0.117839 0.056070 0.021726 0.736274
0.025320 0.093917 0.208205 0.672538 0.000010 0.000010
0.000010 0.016355 0.244311 0.723000 0.012487 0.003837
0.000010 0.081323 0.206684 0.711963 0.000010 0.000010
0.045018 0.107868 0.174977 0.604451 0.058527 0.009160
0.047654 0.028678 0.050233 0.349029 0.033470 0.490936
0.000010 0.058516 0.049790 0.356104 0.076725 0.458855
0.000010 0.000010 0.136935 0.060821 0.003611 0.798612
0.008336 0.002162 0.122199 0.044353 0.000010 0.822941
0.000010 0.042552 0.000010 0.049435 0.000010 0.907983
0.000010 0.034118 0.000010 0.079588 0.000010 0.886264
0.000010 0.024571 0.000010 0.072891 0.000010 0.902508
0.000010 0.024003 0.125880 0.076481 0.052803 0.720822
0.030101 0.000010 0.110296 0.074254 0.051061 0.734278
0.028678 0.095755 0.197153 0.678394 0.000010 0.000010
0.005165 0.000010 0.265334 0.729471 0.000010 0.000010
0.022643 0.014569 0.206946 0.755822 0.000010 0.000010
0.028560 0.073191 0.200274 0.622981 0.061577 0.013417
0.018531 0.055448 0.217366 0.708635 0.000010 0.000010
0.075645 0.162199 0.176343 0.403729 0.182073 0.000010
0.027435 0.054443 0.239576 0.674593 0.003944 0.000010
0.000010 0.080952 0.080467 0.718244 0.067611 0.052717
0.013746 0.089220 0.143626 0.645605 0.067995 0.039809
0.018908 0.030241 0.061966 0.784769 0.051989 0.052127
0.019179 0.081622 0.133811 0.660672 0.057068 0.047649
0.013378 0.000010 0.085452 0.406050 0.085045 0.410065
0.024146 0.068079 0.235491 0.643937 0.028337 0.000010
0.000010 0.122259 0.198080 0.637742 0.041899 0.000010
0.019637 0.067437 0.096839 0.682724 0.051132 0.082231
0.012240 0.010278 0.040447 0.643572 0.129968 0.163496
0.001917 0.031285 0.099997 0.683808 0.129935 0.053059
0.013161 0.081442 0.096314 0.649548 0.089761 0.069774
0.003716 0.037589 0.081531 0.353339 0.077856 0.445969
0.000010 0.030691 0.050300 0.372641 0.087230 0.459127
0.008107 0.079544 0.233724 0.661709 0.016905 0.000010
0.050334 0.150373 0.184071 0.457303 0.157910 0.000010
0.035759 0.060886 0.223684 0.679650 0.000010 0.000010
0.018516 0.054251 0.101654 0.679803 0.081606 0.064170
0.026466 0.114802 0.130383 0.614072 0.068190 0.046088
0.003094 0.081272 0.125478 0.687390 0.076695 0.026072
0.045530 0.085753 0.113847 0.626400 0.046263 0.082208
0.040154 0.053088 0.045056 0.385362 0.071582 0.404758
0.001930 0.039066 0.051200 0.388078 0.106313 0.413413
0.040013 0.036722 0.078689 0.352382 0.041377 0.450817
0.014193 0.000010 0.111711 0.050400 0.027576 0.796110
0.000010 0.029134 0.000010 0.069851 0.000010 0.900985
0.008183 0.035788 0.000010 0.074309 0.000010 0.881701
0.000010 0.034080 0.000010 0.060334 0.000010 0.905556
0.000010 0.007102 0.187321 0.051042 0.051854 0.702671
0.026390 0.011085 0.133607 0.055058 0.040474 0.733386
0.000858 0.091650 0.199773 0.675322 0.032387 0.000010
0.000010 0.000010 0.258360 0.741600 0.000010 0.000010
0.040113 0.054094 0.198825 0.695483 0.011474 0.000010
0.074608 0.135373 0.170599 0.576926 0.016233 0.026262
0.006771 0.059208 0.051959 0.372462 0.053642 0.455958
0.000157 0.004630 0.059803 0.235318 0.053389 0.646703
0.000010 0.000010 0.138423 0.046017 0.021375 0.794164
0.005151 0.000010 0.122057 0.054218 0.012488 0.806075
0.015896 0.024014 0.000010 0.063680 0.000010 0.896390
0.000010 0.044573 0.000010 0.050204 0.000010 0.905193
0.016259 0.030653 0.124227 0.078373 0.020965 0.729523
0.007798 0.024262 0.119431 0.074524 0.043300 0.730685
0.027498 0.094716 0.208075 0.669691 0.000010 0.000010
0.028829 0.032762 0.215090 0.723299 0.000010 0.000010
0.017956 0.099435 0.169672 0.606553 0.093234 0.013150
0.007397 0.070952 0.231314 0.669487 0.020840 0.000010
0.093062 0.227445 0.123921 0.252449 0.303112 0.000010
0.015627 0.046638 0.247902 0.675591 0.014232 0.000010
0.002295 0.059074 0.044664 0.756539 0.070907 0.066521
0.023347 0.037802 0.097241 0.701072 0.090584 0.049954
0.000010 0.082754 0.111244 0.669326 0.096662 0.040004
0.013204 0.068285 0.070932 0.317934 0.071513 0.458131
0.031196 0.029814 0.052493 0.384598 0.050339 0.451560
0.000010 0.015553 0.139999 0.044235 0.000010 0.800193
0.012388 0.007104 0.146518 0.046535 0.000010 0.787445
0.000010 0.016464 0.000010 0.074023 0.000010 0.909482
0.008535 0.051369 0.001731 0.045222 0.008581 0.884560
0.000010 0.030699 0.128488 0.068279 0.050510 0.722014
0.004862 0.101382 0.186841 0.671997 0.034908 0.000010
0.006339 0.010186 0.227324 0.756132 0.000010 0.000010
0.000010 0.000010 0.244402 0.755558 0.000010 0.000010
0.019672 0.118101 0.184704 0.601435 0.070929 0.005159
0.009114 0.053528 0.234493 0.673906 0.028949 0.000010
0.075823 0.188882 0.188668 0.379036 0.167581 0.000010
0.001608 0.089947 0.235530 0.672894 0.000010 0.000010
0.026103 0.046386 0.088743 0.731620 0.051723 0.055426
0.000010 0.043105 0.084711 0.738229 0.068999 0.064945
0.019684 0.092509 0.107204 0.682708 0.059191 0.038704
0.030886 0.011816 0.067364 0.454268 0.072592 0.363074
0.022472 0.002694 0.080509 0.356382 0.054642 0.483301
0.008160 0.000010 0.161393 0.018842 0.000010 0.811585
0.002404 0.000010 0.102589 0.074490 0.000010 0.820498
0.000010 0.015429 0.000010 0.079189 0.000010 0.905352
0.000010 0.033334 0.000010 0.069315 0.000010 0.897322
0.000010 0.005029 0.152773 0.068717 0.041518 0.731952
0.010635 0.034504 0.111130 0.087651 0.038090 0.717989
0.021077 0.131515 0.209647 0.627723 0.010030 0.000010
0.000010 0.000020 0.255417 0.744534 0.000010 0.000010
0.000010 0.000010 0.253111 0.746849 0.000010 0.000010
0.029690 0.126076 0.179633 0.583763 0.070611 0.010227
0.015038 0.045289 0.204935 0.674585 0.060143 0.000010
0.068113 0.193978 0.166188 0.407059 0.164651 0.000010
0.025472 0.060027 0.240291 0.674189 0.000010 0.000010
0.000010 0.014937 0.000010 0.785977 0.102475 0.096591
0.005634 0.083048 0.096504 0.638432 0.111608 0.064774
0.029083 0.086852 0.119359 0.611860 0.035290 0.117556
0.018900 0.053306 0.088940 0.306913 0.033198 0.498744
0.031356 0.000010 0.073791 0.356842 0.052190 0.485812
0.000010 0.000010 0.119620 0.071934 0.000010 0.808415
0.000010 0.012323 0.093653 0.034996 0.034707 0.824310
0.000010 0.036720 0.000010 0.064852 0.000010 0.898397
0.010205 0.023463 0.000010 0.072752 0.000010 0.893559
0.000010 0.023534 0.000010 0.073229 0.000010 0.903207
0.019172 0.043710 0.126193 0.043762 0.051316 0.715847
0.007545 0.000010 0.118822 0.074412 0.041054 0.758157
0.009951 0.080246 0.199494 0.665949 0.044350 0.000010
0.000010 0.054380 0.223012 0.679046 0.032529 0.011023
0.000010 0.000010 0.259412 0.740548 0.000010 0.000010
0.008759 0.125059 0.166548 0.595283 0.084912 0.019439
0.035458 0.086238 0.195709 0.640104 0.042482 0.000010
0.005916 0.040077 0.257764 0.670378 0.025856 0.000010
0.041050 0.046215 0.099020 0.675481 0.097964 0.040269
0.032555 0.048090 0.089113 0.686239 0.079579 0.064424
0.008859 0.085595 0.127230 0.647848 0.072517 0.057951
0.023836 0.029325 0.045324 0.754145 0.092593 0.054776
0.000010 0.000010 0.266492 0.711055 0.000010 0.022423
0.000010 0.057616 0.071130 0.373936 0.047218 0.450090
0.000010 0.000010 0.152136 0.043411 0.000010 0.804424
0.000010 0.057304 0.018175 0.060668 0.009173 0.854671
0.000010 0.029972 0.000010 0.078730 0.000010 0.891268
0.016278 0.000010 0.158044 0.061295 0.054594 0.709778
0.013403 0.018802 0.128617 0.053265 0.042658 0.743255
0.010363 0.000287 0.217997 0.720686 0.050656 0.000010
0.002958 0.034635 0.220237 0.742150 0.000010 0.000010
0.016463 0.063625 0.210621 0.709272 0.000010 0.000010
0.009590 0.063477 0.253022 0.673883 0.000018 0.000010
0.032218 0.186174 0.168456 0.411884 0.201258 0.000010
0.021075 0.066039 0.235596 0.666373 0.010906 0.000010
0.000010 0.057677 0.035614 0.749358 0.076522 0.080819
0.000010 0.051103 0.085569 0.719826 0.085207 0.058284
0.051181 0.051643 0.020560 0.639978 0.091628 0.145010
0.003562 0.040168 0.075472 0.748117 0.084738 0.047943
0.035114 0.032438 0.049923 0.307158 0.051299 0.524070
0.000010 0.000010 0.290304 0.697554 0.000010 0.012111
0.006829 0.001216 0.123556 0.059413 0.000010 0.808977
0.000794 0.042497 0.000010 0.061432 0.000010 0.895257
0.021165 0.000010 0.134590 0.052223 0.000010 0.792002
0.002322 0.000010 0.141018 0.058302 0.000010 0.798338
0.002435 0.087287 0.230723 0.663140 0.016404 0.000010
0.025118 0.063141 0.068032 0.687542 0.112307 0.043860
0.032703 0.166528 0.189644 0.402973 0.208142 0.000010
0.011674 0.079982 0.230487 0.677837 0.000010 0.000010
0.000405 0.047730 0.053789 0.736152 0.084529 0.077395
0.050777 0.066489 0.118944 0.653068 0.074139 0.036583
0.017141 0.077797 0.099985 0.535120 0.050295 0.219661
0.000010 0.043073 0.096593 0.335064 0.068724 0.456536
0.000010 0.000010 0.268365 0.715497 0.000010 0.016108
0.000010 0.025557 0.000010 0.087298 0.000010 0.887115
0.000010 0.027773 0.136479 0.053364 0.078660 0.703713
0.000010 0.039406 0.132354 0.066550 0.024300 0.737381
0.000010 0.000808 0.131735 0.093039 0.048992 0.725416
0.000010 0.019637 0.243688 0.736644 0.000010 0.000010
0.000010 0.053036 0.225491 0.721442 0.000010 0.000010
0.020573 0.087453 0.227521 0.631681 0.032762 0.000010
0.014665 0.074307 0.252496 0.658202 0.000320 0.000010
0.037023 0.149698 0.189082 0.411561 0.212626 0.000010
0.000010 0.036836 0.010321 0.763871 0.115318 0.073644
0.012914 0.052541 0.082230 0.681407 0.098655 0.072253
0.032853 0.064089 0.128837 0.624681 0.085655 0.063886
0.000010 0.051479 0.115257 0.695514 0.091565 0.046176
0.018584 0.091763 0.148634 0.627646 0.076221 0.037151
0.000010 0.000010 0.264267 0.716851 0.000010 0.018852
0.034544 0.163234 0.183924 0.463961 0.154328 0.000010
0.026554 0.076754 0.220696 0.668239 0.007747 0.000010
0.012492 0.052008 0.057947 0.725216 0.084432 0.067905
0.021302 0.077057 0.079873 0.692359 0.063219 0.066190
0.018560 0.004569 0.039129 0.623157 0.157882 0.156703
0.029998 0.075553 0.107219 0.673175 0.079046 0.035010
0.026654 0.011939 0.068257 0.331875 0.071487 0.489788
0.000010 0.000010 0.276674 0.719076 0.000010 0.004220
0.000010 0.000010 0.268049 0.723571 0.000010 0.008350
0.029375 0.058015 0.268622 0.624302 0.004811 0.014877
0.011923 0.006438 0.248402 0.728684 0.004544 0.000010
0.055050 0.167586 0.131201 0.464172 0.124730 0.057262
0.000010 0.000010 0.000010 0.750212 0.078729 0.171029
0.000010 0.000010 0.000010 0.708762 0.072345 0.218863
0.019988 0.005549 0.167731 0.770089 0.033525 0.003117
0.003487 0.056070 0.167537 0.756994 0.015902 0.000010
0.007905 0.035407 0.167084 0.752112 0.032724 0.004768
0.007613 0.012130 0.268034 0.685907 0.000010 0.026306
0.000010 0.000010 0.265439 0.717619 0.000010 0.016913
0.007642 0.036118 0.235331 0.720889 0.000010 0.000010
0.058235 0.116043 0.139462 0.434148 0.186410 0.065703
0.000010 0.000010 0.000010 0.722180 0.081992 0.195798
0.000010 0.000010 0.000010 0.793331 0.110720 0.095919
0.000010 0.023225 0.181072 0.722513 0.073152 0.000028
0.000010 0.073243 0.165434 0.730418 0.030884 0.000010
0.000010 0.000010 0.303276 0.559439 0.000010 0.137255
0.004128 0.033001 0.091416 0.740696 0.073472 0.057286
0.000010 0.000010 0.292499 0.698579 0.000010 0.008892
0.033723 0.158585 0.187272 0.455061 0.165350 0.000010
0.099863 0.150763 0.111678 0.404306 0.202742 0.030648
0.013686 0.000010 0.000010 0.665945 0.098562 0.221787
0.000010 0.000010 0.000010 0.754662 0.084100 0.161208
0.015524 0.009594 0.184076 0.737923 0.044164 0.008718
0.021810 0.039946 0.174552 0.733881 0.019175 0.010636
0.000010 0.056277 0.178118 0.761665 0.000010 0.003920
0.000010 0.000010 0.270104 0.637761 0.000010 0.092105
0.000010 0.000010 0.268404 0.715767 0.000010 0.015800
0.003821 0.078856 0.267760 0.623382 0.020893 0.005289
0.043869 0.171584 0.182568 0.452611 0.149359 0.000010
0.055737 0.080565 0.154132 0.469006 0.163030 0.077531
0.000010 0.000010 0.000010 0.574456 0.068187 0.357327
0.000842 0.004156 0.000010 0.712089 0.110412 0.172491
0.010603 0.045722 0.156403 0.749640 0.031828 0.005804
0.026680 0.043030 0.176251 0.724512 0.018918 0.010609
0.014458 0.026380 0.164444 0.746675 0.041900 0.006142
0.000010 0.000010 0.299824 0.542466 0.000010 0.157680
0.012697 0.016865 0.102227 0.092610 0.044519 0.731083
0.026155 0.000010 0.130679 0.069984 0.047450 0.725722
0.009460 0.097839 0.181775 0.653809 0.057108 0.000010
0.000010 0.000010 0.252976 0.746984 0.000010 0.000010
0.031742 0.120837 0.173934 0.602058 0.060612 0.010816
0.000010 0.000010 0.262136 0.725201 0.000010 0.012634
0.000010 0.006726 0.224098 0.769147 0.000010 0.000010
0.067370 0.135963 0.177470 0.470955 0.148232 0.000010
0.067557 0.127969 0.161974 0.482402 0.101271 0.058828
0.000010 0.003855 0.000010 0.701035 0.053994 0.241096
0.000010 0.000010 0.000010 0.745987 0.091676 0.162307
0.001319 0.046849 0.178094 0.728250 0.028660 0.016829
0.059020 0.037078 0.157877 0.746005 0.000010 0.000010
0.007799 0.043432 0.176463 0.724140 0.033130 0.015035
0.000010 0.000010 0.283396 0.645522 0.000010 0.071052
0.001777 0.024999 0.230099 0.741701 0.001415 0.000010
0.049820 0.172179 0.205693 0.370631 0.201667 0.000010
0.000010 0.000010 0.000010 0.744044 0.075218 0.180708
0.000010 0.000010 0.000010 0.734549 0.108506 0.156915
0.000010 0.013556 0.000010 0.620025 0.075829 0.290570
0.022011 0.013268 0.166149 0.759550 0.023723 0.015299
0.020385 0.050774 0.272667 0.630525 0.025015 0.000634
0.000010 0.063206 0.233936 0.695746 0.007092 0.000010
0.071917 0.189187 0.174867 0.404480 0.159539 0.000010
0.053113 0.143404 0.138624 0.479885 0.142536 0.042438
0.000010 0.000010 0.000010 0.739260 0.083489 0.177221
0.000010 0.000010 0.000010 0.748070 0.091197 0.160702
0.000089 0.040193 0.180374 0.742893 0.035332 0.001119
0.010068 0.030655 0.176448 0.758126 0.019408 0.005295
0.011614 0.027185 0.171782 0.750135 0.029911 0.009373
0.000010 0.000010 0.289123 0.586480 0.000010 0.124367
0.010639 0.040056 0.288169 0.643926 0.000010 0.017201
0.000010 0.036763 0.227044 0.736163 0.000010 0.000010
0.046939 0.225206 0.166408 0.410016 0.151420 0.000010
0.030006 0.145019 0.132111 0.475268 0.135277 0.082318
0.000010 0.000243 0.000010 0.737308 0.082521 0.179908
0.011944 0.000010 0.000010 0.720673 0.083073 0.184290
0.012698 0.025622 0.186530 0.718816 0.053141 0.003193
0.040474 0.008247 0.167093 0.749377 0.029126 0.005684
0.024902 0.017258 0.163048 0.738196 0.043604 0.012992
0.025873 0.016354 0.294263 0.645720 0.000010 0.017778
0.000010 0.024026 0.236005 0.725507 0.014443 0.000010
0.049234 0.116822 0.119500 0.444926 0.202706 0.066812
0.000010 0.000010 0.000010 0.752634 0.072233 0.175104
0.000010 0.017983 0.000010 0.731087 0.068643 0.182267
0.001162 0.009864 0.171420 0.741965 0.060605 0.014985
0.020946 0.067921 0.299495 0.604323 0.000010 0.007305
0.000010 0.009503 0.251287 0.734320 0.004869 0.000010
0.071885 0.124562 0.139388 0.453916 0.160387 0.049862
0.000010 0.000010 0.000010 0.743107 0.087956 0.168907
0.000010 0.000010 0.000010 0.709275 0.090040 0.200655
0.040748 0.015423 0.187761 0.752591 0.000010 0.003467
0.005341 0.026078 0.159794 0.762371 0.030367 0.016049
0.000010 0.000010 0.291257 0.568557 0.000010 0.140155
0.000010 0.000010 0.291986 0.573277 0.000010 0.134707
0.039197 0.115793 0.136765 0.615376 0.035423 0.057447
0.034175 0.075921 0.133062 0.641726 0.065846 0.049271
0.024795 0.048067 0.057458 0.313048 0.062570 0.494062
0.025597 0.045754 0.290113 0.625376 0.000010 0.013150
0.014152 0.000010 0.233919 0.751899 0.000010 0.000010
0.036809 0.180944 0.175284 0.400725 0.206228 0.000010
0.000010 0.003034 0.000010 0.739657 0.082124 0.175165
0.001255 0.000010 0.000010 0.690645 0.089111 0.218969
0.027210 0.047840 0.148323 0.739277 0.020176 0.017174
0.000010 0.059078 0.178456 0.741714 0.015552 0.005189
0.000010 0.000010 0.298229 0.553837 0.000010 0.147905
0.007324 0.015169 0.120397 0.085159 0.044094 0.727858
0.000010 0.005671 0.232078 0.762221 0.000010 0.000010
0.000819 0.000010 0.287713 0.616830 0.000010 0.094618
0.022618 0.027766 0.179624 0.721569 0.040107 0.008316
0.000010 0.012568 0.000010 0.743927 0.075079 0.168406
0.017778 0.029986 0.160354 0.752376 0.024061 0.015445
0.062495 0.113892 0.126452 0.489324 0.161780 0.046058
0.059982 0.135456 0.170354 0.421227 0.212972 0.000010
0.031494 0.084865 0.252245 0.596820 0.010385 0.024191
0.000010 0.000010 0.000010 0.553822 0.073362 0.372786
0.011957 0.061226 0.186688 0.676070 0.064049 0.000010
0.000010 0.000010 0.298901 0.000010 0.000010 0.701059
0.000010 0.000010 0.284130 0.000010 0.000010 0.715830
0.000010 0.000010 0.316565 0.000010 0.000010 0.683395
0.000010 0.000010 0.318149 0.000010 0.000010 0.681811
0.039302 0.347770 0.215186 0.245815 0.151917 0.000010
0.072931 0.286639 0.192629 0.270809 0.176982 0.000010
0.058083 0.344004 0.200499 0.255803 0.141602 0.000010
0.069925 0.323596 0.236343 0.254153 0.115973 0.000010
0.000010 0.000010 0.283449 0.027730 0.008229 0.680573
0.000010 0.000010 0.205398 0.021640 0.000010 0.772932
0.000010 0.000010 0.236666 0.007206 0.000010 0.756098
0.000010 0.000920 0.211730 0.020702 0.010395 0.756243
0.000131 0.000010 0.218281 0.015837 0.000010 0.765731
0.000010 0.015864 0.227587 0.004851 0.000010 0.751679
0.000010 0.000010 0.281106 0.000010 0.000010 0.718854
0.004145 0.000010 0.218588 0.017655 0.000010 0.759592
0.000010 0.101414 0.233544 0.068480 0.080429 0.516123
0.000010 0.000010 0.443319 0.007272 0.000010 0.549379
0.000010 0.000010 0.326183 0.000010 0.000010 0.673777
0.000010 0.000010 0.339615 0.000010 0.000010 0.660345
0.000010 0.000010 0.333278 0.000010 0.000010 0.666682
0.000010 0.000010 0.331211 0.000010 0.000010 0.668749
0.000010 0.000010 0.357872 0.000010 0.000010 0.642088
0.000010 0.000010 0.285149 0.000010 0.000010 0.714811
0.000010 0.000010 0.336782 0.000010 0.000010 0.663178
0.000010 0.000010 0.336951 0.000010 0.000010 0.663009
0.000010 0.000010 0.343320 0.000010 0.000010 0.656640
0.000010 0.000010 0.331000 0.000010 0.000010 0.668960
0.000010 0.000010 0.276002 0.000010 0.000010 0.723958
0.004228 0.000010 0.263136 0.000010 0.000010 0.732606
0.000010 0.000010 0.288571 0.000010 0.000010 0.711389
0.000010 0.000010 0.290181 0.000010 0.000010 0.709779
0.005626 0.000010 0.291183 0.000010 0.000010 0.703160
0.000010 0.000010 0.280882 0.000010 0.000010 0.719078
0.000010 0.000010 0.277136 0.000010 0.000010 0.722824
0.000010 0.000010 0.276517 0.000010 0.000010 0.723443
0.000010 0.000010 0.273117 0.000010 0.000010 0.726843
0.000010 0.000010 0.278273 0.000010 0.000010 0.721687
0.000010 0.000010 0.280440 0.000010 0.000010 0.719520
0.000010 0.000010 0.327034 0.000010 0.000010 0.672926
0.000010 0.000010 0.323268 0.000010 0.000010 0.676692
0.000010 0.000010 0.323710 0.000010 0.000010 0.676250
0.000010 0.000010 0.307763 0.000010 0.000010 0.692197
0.000010 0.000010 0.311767 0.000010 0.000010 0.688193
0.000010 0.000010 0.306897 0.000010 0.000010 0.693063
0.000010 0.000010 0.296708 0.000010 0.000010 0.703252
0.000010 0.000010 0.306833 0.000010 0.000010 0.693127
0.000010 0.000010 0.317386 0.000010 0.000010 0.682574
0.000010 0.000010 0.309056 0.000010 0.000010 0.690904
0.000010 0.000010 0.281618 0.000010 0.000010 0.718342
0.000010 0.000010 0.283559 0.000010 0.000010 0.716401
0.000010 0.000010 0.330152 0.000010 0.000010 0.669808
0.000010 0.000010 0.282908 0.000010 0.000010 0.717052
0.000010 0.000010 0.280244 0.000010 0.000010 0.719716
0.000010 0.000010 0.288376 0.000010 0.000010 0.711584
0.000010 0.000010 0.290750 0.000010 0.000010 0.709210
0.000010 0.000010 0.275367 0.000010 0.000010 0.724593
0.000010 0.000010 0.289718 0.000011 0.000010 0.710241
0.008691 0.000010 0.267267 0.000010 0.000010 0.724012
0.000010 0.000010 0.324591 0.000010 0.000010 0.675369
0.000010 0.000010 0.302747 0.000010 0.000010 0.697213
0.003388 0.003690 0.278764 0.000010 0.008553 0.705595
0.000010 0.000010 0.311970 0.000010 0.000010 0.687990
0.000010 0.000010 0.337748 0.000010 0.000010 0.662212
0.000010 0.000010 0.276892 0.000010 0.002697 0.720381
0.000010 0.000010 0.339214 0.000010 0.000010 0.660746
0.000010 0.000010 0.292289 0.000010 0.000010 0.707671
0.000010 0.000010 0.288103 0.000010 0.000010 0.711857
0.000010 0.000010 0.316701 0.000010 0.000010 0.683259
0.000010 0.000010 0.350853 0.000010 0.000010 0.649107
0.000010 0.000010 0.337792 0.000010 0.000010 0.662168
0.000010 0.000010 0.320619 0.000010 0.000010 0.679341
0.000010 0.000010 0.318624 0.000010 0.000010 0.681336
0.000010 0.135328 0.313816 0.054734 0.118819 0.377293
0.000010 0.023335 0.243052 0.000010 0.002112 0.731481
0.000010 0.000010 0.252842 0.000010 0.000010 0.747118
0.005391 0.001619 0.247515 0.002790 0.000010 0.742676
0.000425 0.000010 0.241377 0.008599 0.000010 0.749579
0.000010 0.020646 0.251372 0.000010 0.001015 0.726947
0.005135 0.000010 0.240249 0.001035 0.000010 0.753561
0.000010 0.000010 0.230242 0.017528 0.000010 0.752200
0.000010 0.000010 0.218789 0.019246 0.000010 0.761935
0.000010 0.000010 0.272659 0.000010 0.000010 0.727301
0.000010 0.000010 0.309979 0.000010 0.000010 0.689981
0.000010 0.001303 0.275601 0.000010 0.000010 0.723066
0.000010 0.000010 0.288124 0.008596 0.000010 0.703250
0.000010 0.000010 0.289925 0.000505 0.001947 0.707603
0.003241 0.000010 0.279627 0.000010 0.000010 0.717102
0.000010 0.000010 0.231952 0.012186 0.000010 0.755833
0.000010 0.001581 0.282510 0.000010 0.000010 0.715879
0.000010 0.000010 0.267602 0.015954 0.000010 0.716414
0.000010 0.000010 0.346102 0.000010 0.000010 0.653858
0.000010 0.000010 0.299742 0.000010 0.000010 0.700218
0.000010 0.002835 0.289323 0.000010 0.000010 0.707812
0.007572 0.000010 0.257980 0.000010 0.000010 0.734418
0.000010 0.000010 0.317437 0.000010 0.000010 0.682523
0.077296 0.340743 0.255143 0.170665 0.146508 0.009645
0.015748 0.300601 0.285416 0.067186 0.278500 0.052548
0.036232 0.259024 0.305750 0.133318 0.220117 0.045559
0.026369 0.061499 0.249459 0.032021 0.051796 0.578855
0.058647 0.406120 0.264548 0.141646 0.125286 0.003753
0.063331 0.384970 0.262350 0.168093 0.121247 0.000010
0.034909 0.181884 0.308713 0.069950 0.105515 0.299028
0.033059 0.203633 0.274449 0.081792 0.114023 0.293043
0.032198 0.222002 0.259847 0.070329 0.273265 0.142360
0.839854 0.051567 0.024424 0.005927 0.078219 0.000010
0.083761 0.385618 0.293411 0.126485 0.110715 0.000010
0.048443 0.389694 0.256192 0.133584 0.172077 0.000010
0.020668 0.185293 0.327773 0.100921 0.083519 0.281826
0.022512 0.254549 0.321144 0.092793 0.268578 0.040423
0.026714 0.237230 0.430319 0.053552 0.077966 0.174219
0.065748 0.360864 0.261339 0.165698 0.146340 0.000010
0.037289 0.188965 0.283502 0.067545 0.113714 0.308985
0.014895 0.223595 0.299507 0.073050 0.089678 0.299275
0.023683 0.144947 0.254590 0.086724 0.130478 0.359578
0.000010 0.062872 0.245741 0.034989 0.097965 0.558423
0.024931 0.183788 0.379588 0.061383 0.070376 0.279934
0.032972 0.214150 0.422231 0.061856 0.076810 0.191981
0.047311 0.410339 0.232402 0.142170 0.167768 0.000010
0.057378 0.187497 0.412866 0.067825 0.090893 0.183541
0.035764 0.396194 0.290503 0.134436 0.136548 0.006556
0.010097 0.170987 0.316501 0.071655 0.102405 0.328355
0.019200 0.193645 0.315308 0.074193 0.084085 0.313569
0.000010 0.111329 0.238750 0.043588 0.087675 0.518650
0.076253 0.374941 0.272761 0.140394 0.135641 0.000010
0.039223 0.220908 0.433238 0.076356 0.048753 0.181522
0.089286 0.355218 0.279890 0.127269 0.148327 0.000010
0.030026 0.169309 0.287407 0.070119 0.320499 0.122640
0.012495 0.203297 0.308739 0.072920 0.256838 0.145712
0.069842 0.421179 0.267524 0.125375 0.116070 0.000010
0.059263 0.367203 0.260023 0.149084 0.164416 0.000010
0.019615 0.226617 0.430309 0.083382 0.057791 0.182285
0.016261 0.053636 0.260358 0.057261 0.041032 0.571451
0.026529 0.126391 0.260843 0.074301 0.077652 0.434284
0.004387 0.184989 0.308740 0.069087 0.120129 0.312668
0.019621 0.208862 0.330146 0.077622 0.261686 0.102064
0.039746 0.192187 0.427452 0.073092 0.077657 0.189867
0.036621 0.185603 0.268823 0.076383 0.325831 0.106739
0.019419 0.069602 0.230242 0.034621 0.075144 0.570972
0.000010 0.154614 0.303919 0.082511 0.324333 0.134613
0.054463 0.380689 0.272329 0.147238 0.145270 0.000010
0.004643 0.252115 0.422087 0.064317 0.086761 0.170077
0.007056 0.185309 0.282654 0.072725 0.140031 0.312225
0.017239 0.223735 0.305978 0.040285 0.104175 0.308588
0.023860 0.209579 0.295115 0.060261 0.099491 0.311694
0.034577 0.243196 0.412551 0.066343 0.082882 0.160450
0.057139 0.409881 0.275890 0.128654 0.128426 0.000010
0.020120 0.298620 0.292824 0.092159 0.273883 0.022394
0.011453 0.214347 0.274623 0.079023 0.283090 0.137464
0.013245 0.066816 0.242142 0.041484 0.055422 0.580890
0.061158 0.367369 0.274443 0.168400 0.128620 0.000010
0.059244 0.374179 0.272191 0.134018 0.160357 0.000010
0.000647 0.100255 0.277789 0.062949 0.076965 0.481394
0.049118 0.193258 0.328151 0.071485 0.038563 0.319425
0.026890 0.077204 0.247082 0.068603 0.028369 0.551853
0.029835 0.201840 0.428909 0.088290 0.070188 0.180939
0.007207 0.188986 0.289788 0.097797 0.297814 0.118409
0.000010 0.200124 0.297403 0.093651 0.309464 0.099347
0.000010 0.182849 0.321630 0.080072 0.071997 0.343442
0.073283 0.384959 0.282349 0.170629 0.088771 0.000010
0.072692 0.407402 0.267807 0.123112 0.128976 0.000010
0.074244 0.373383 0.257286 0.152556 0.142522 0.000010
0.015029 0.131613 0.269658 0.045590 0.073300 0.464810
0.038119 0.282048 0.289419 0.078893 0.119166 0.192355
0.006122 0.069594 0.221824 0.066200 0.076167 0.560092
0.067671 0.393704 0.287970 0.122995 0.127650 0.000010
0.022476 0.241395 0.434502 0.075904 0.051737 0.173985
0.000010 0.238215 0.320616 0.105889 0.290996 0.044275
0.021443 0.144566 0.428824 0.063439 0.101233 0.240495
0.013259 0.217299 0.291448 0.062037 0.291218 0.124739
0.046727 0.403161 0.266247 0.135958 0.147898 0.000010
0.086800 0.372686 0.252565 0.141231 0.146707 0.000010
0.085946 0.385150 0.280568 0.118879 0.128997 0.000459
0.037119 0.172754 0.295944 0.073881 0.105318 0.314984
0.010956 0.087215 0.264660 0.034270 0.069020 0.533878
0.014760 0.048586 0.232943 0.068117 0.079510 0.556084
0.025732 0.196566 0.303754 0.085846 0.176579 0.211523
0.030592 0.216859 0.450686 0.049190 0.080202 0.172472
0.060381 0.164467 0.277370 0.089863 0.278266 0.129652
0.020059 0.175230 0.319209 0.086434 0.313632 0.085436
0.025965 0.180863 0.310118 0.059627 0.349244 0.074184
0.025506 0.163210 0.275488 0.052498 0.410517 0.072780
0.057203 0.547643 0.067790 0.046514 0.261746 0.019104
0.036866 0.394545 0.292353 0.127330 0.148896 0.000010
0.000010 0.081786 0.197431 0.023093 0.609767 0.087912
0.012695 0.150718 0.273241 0.083603 0.236339 0.243405
0.019446 0.179095 0.276468 0.110377 0.355485 0.059128
0.035353 0.187385 0.282223 0.086835 0.325988 0.082215
0.005930 0.254304 0.329043 0.064586 0.297650 0.048486
0.010844 0.180249 0.285406 0.081430 0.349211 0.092859
0.035042 0.720141 0.034320 0.000010 0.193245 0.017242
0.053499 0.370322 0.303053 0.128593 0.144523 0.000010
0.006659 0.292822 0.352383 0.091570 0.209163 0.047402
0.005509 0.074010 0.222771 0.034457 0.594320 0.068934
0.000010 0.119439 0.228911 0.043991 0.521372 0.086277
0.054818 0.424873 0.330422 0.090904 0.098973 0.000010
0.051498 0.350223 0.264069 0.144604 0.189595 0.000010
0.016827 0.180365 0.259679 0.034920 0.400567 0.107642
0.025619 0.405569 0.316041 0.124456 0.128305 0.000010
0.036163 0.657604 0.033211 0.000010 0.271854 0.001157
0.053926 0.409433 0.297728 0.120553 0.118350 0.000010
0.000010 0.288384 0.334220 0.142792 0.186805 0.047788
0.000010 0.078141 0.216058 0.041316 0.583594 0.080882
0.000010 0.144019 0.217366 0.059667 0.507061 0.071878
0.012908 0.220470 0.316946 0.113332 0.280821 0.055522
0.049204 0.414317 0.284976 0.117318 0.134175 0.000010
0.004772 0.171624 0.262230 0.041418 0.404603 0.115353
0.032669 0.160098 0.280676 0.065394 0.389502 0.071660
0.052748 0.396189 0.316973 0.125763 0.108317 0.000010
0.045973 0.637498 0.044045 0.024374 0.210731 0.037379
0.077617 0.380371 0.315459 0.126354 0.100190 0.000010
0.020059 0.296658 0.336322 0.121905 0.201767 0.023290
0.024273 0.066197 0.246980 0.061217 0.523304 0.078029
0.000010 0.086739 0.184492 0.029586 0.615678 0.083495
0.031640 0.210163 0.325037 0.061136 0.240805 0.131220
0.005157 0.150102 0.255625 0.064587 0.429062 0.095467
0.083069 0.695853 0.000922 0.000010 0.218221 0.001925
0.055333 0.417267 0.291178 0.121858 0.114354 0.000010
0.000010 0.082449 0.207423 0.063878 0.564584 0.081656
0.013888 0.133328 0.181636 0.037019 0.567827 0.066303
0.011793 0.211823 0.290341 0.055313 0.307355 0.123375
0.780042 0.066844 0.021446 0.000010 0.131648 0.000010
0.039827 0.203451 0.302530 0.085687 0.268679 0.099826
0.013373 0.194765 0.283164 0.037565 0.382112 0.089021
0.041405 0.696503 0.020852 0.009417 0.220337 0.011486
0.081215 0.382853 0.285642 0.115864 0.134416 0.000010
0.040872 0.266100 0.337057 0.148586 0.170502 0.036883
0.000010 0.076115 0.221112 0.066903 0.531988 0.103871
0.000010 0.072195 0.224052 0.013255 0.611484 0.079005
0.011007 0.218942 0.270858 0.065954 0.359580 0.073659
0.040055 0.164518 0.302063 0.076657 0.218840 0.197867
0.000010 0.259815 0.293351 0.073778 0.335025 0.038021
0.030246 0.150165 0.299157 0.061351 0.272823 0.186257
0.020164 0.190498 0.282389 0.046639 0.382150 0.078161
0.044793 0.571259 0.048068 0.058746 0.246089 0.031045
0.079950 0.390743 0.287097 0.119576 0.122624 0.000010
0.000010 0.051685 0.222009 0.050400 0.600367 0.075529
0.021574 0.232385 0.309768 0.126696 0.243555 0.066020
0.022116 0.195925 0.259792 0.092662 0.366997 0.062507
0.080492 0.389014 0.280616 0.133599 0.116270 0.000010
0.039678 0.208149 0.297528 0.076001 0.321866 0.056778
0.000010 0.190624 0.295868 0.076007 0.364443 0.073048
0.004319 0.175296 0.292393 0.043392 0.402654 0.081947
0.065501 0.602630 0.042543 0.032971 0.226075 0.030280
0.057832 0.412863 0.307834 0.105153 0.116308 0.000010
0.000010 0.058205 0.225745 0.058641 0.583169 0.074229
0.004926 0.075118 0.238537 0.048819 0.550959 0.081640
0.018253 0.206045 0.269652 0.096113 0.337861 0.072076
0.054451 0.620061 0.139494 0.077917 0.081675 0.026402
0.013714 0.718383 0.164373 0.071571 0.030947 0.001012
0.087914 0.616013 0.000010 0.024553 0.248222 0.023288
0.055288 0.499696 0.101293 0.110826 0.180571 0.052326
0.049966 0.361272 0.083751 0.165808 0.321816 0.017388
0.057458 0.405317 0.063346 0.070250 0.356570 0.047059
0.085736 0.380361 0.086821 0.162140 0.265088 0.019854
0.000010 0.663070 0.149280 0.053886 0.121901 0.011853
0.020951 0.645153 0.135590 0.050102 0.110193 0.038012
0.037569 0.561884 0.000010 0.000010 0.399108 0.001419
0.063910 0.611747 0.008489 0.053861 0.235495 0.026498
0.024909 0.657713 0.114798 0.060890 0.128803 0.012886
0.003709 0.752008 0.117720 0.025785 0.087315 0.013462
0.068885 0.583043 0.017958 0.040822 0.272425 0.016867
0.108192 0.262226 0.062823 0.129118 0.425344 0.012297
0.028611 0.676173 0.107027 0.043468 0.137218 0.007503
0.037626 0.702837 0.143891 0.026983 0.082058 0.006606
0.054818 0.529359 0.061473 0.083785 0.248443 0.022121
0.033887 0.593995 0.000010 0.011396 0.360702 0.000010
0.016938 0.533326 0.000010 0.000010 0.439286 0.010430
0.007224 0.593049 0.000010 0.000010 0.388505 0.011201
0.050961 0.696854 0.000010 0.070921 0.153936 0.027318
0.000010 0.758027 0.157018 0.043812 0.025580 0.015553
0.026405 0.518454 0.122916 0.111574 0.199668 0.020982
0.036988 0.628624 0.020406 0.005732 0.289021 0.019229
0.585430 0.102545 0.080478 0.042390 0.159801 0.029356
0.045740 0.665726 0.099040 0.055153 0.126760 0.007581
0.062528 0.586792 0.090329 0.034470 0.209276 0.016604
0.043120 0.643756 0.090831 0.058870 0.140254 0.023169
0.050154 0.560788 0.000010 0.000010 0.380710 0.008327
0.020124 0.596745 0.000010 0.000010 0.376728 0.006382
0.012615 0.518707 0.000010 0.000010 0.458261 0.010397
0.016841 0.448553 0.090977 0.065772 0.330573 0.047285
0.021805 0.750493 0.126162 0.052664 0.036789 0.012087
0.035881 0.658571 0.138348 0.011207 0.140197 0.015795
0.018625 0.626591 0.051290 0.053057 0.231425 0.019012
0.076068 0.354546 0.175458 0.116523 0.169109 0.108295
0.027999 0.710257 0.085275 0.028978 0.136157 0.011333
0.031543 0.664771 0.157032 0.035858 0.105125 0.005671
0.022164 0.673287 0.120017 0.063824 0.108216 0.012492
0.047167 0.552210 0.156988 0.089169 0.108064 0.046401
0.023903 0.522447 0.000010 0.013950 0.423623 0.016068
0.024348 0.538622 0.000010 0.000010 0.437000 0.000010
0.067673 0.629458 0.000010 0.029389 0.252414 0.021056
0.051188 0.719507 0.142214 0.041918 0.028811 0.016362
0.000010 0.741355 0.154907 0.050722 0.031193 0.021813
0.088229 0.274639 0.022196 0.122679 0.471659 0.020598
0.065809 0.353032 0.111741 0.175222 0.230111 0.064085
0.086539 0.303284 0.058453 0.196336 0.326941 0.028447
0.065350 0.360587 0.091332 0.173838 0.287496 0.021397
0.058857 0.568799 0.092367 0.058400 0.195095 0.026483
0.012884 0.544554 0.000010 0.005833 0.426009 0.010710
0.058716 0.562893 0.047346 0.043322 0.269645 0.018079
0.020481 0.584482 0.000010 0.000010 0.395008 0.000010
0.050808 0.539932 0.086885 0.069645 0.154882 0.097849
0.081848 0.383362 0.067141 0.172496 0.268921 0.026232
0.152396 0.214514 0.026922 0.041202 0.553799 0.011166
0.087061 0.375598 0.057172 0.155946 0.294215 0.030009
0.016955 0.728372 0.116222 0.038331 0.072996 0.027125
0.063215 0.622556 0.097282 0.088501 0.123135 0.005310
0.058738 0.627296 0.091877 0.075858 0.129427 0.016804
0.010841 0.561204 0.000010 0.000010 0.410439 0.017495
0.032026 0.559586 0.000010 0.000010 0.403324 0.005044
0.037452 0.621835 0.023444 0.043272 0.269376 0.004621
0.042590 0.571754 0.053727 0.074351 0.245595 0.011984
0.009245 0.744027 0.120933 0.039857 0.085928 0.000010
0.083559 0.406208 0.075756 0.143110 0.272466 0.018901
0.034531 0.550852 0.077362 0.072384 0.252575 0.012296
0.050966 0.577475 0.106467 0.088055 0.151681 0.025354
0.084848 0.303988 0.143544 0.163693 0.254950 0.048977
0.135098 0.164378 0.059717 0.100388 0.526636 0.013783
0.036352 0.765867 0.108278 0.011588 0.064828 0.013087
0.024979 0.672819 0.104208 0.066671 0.113002 0.018321
0.043874 0.561474 0.000010 0.000010 0.385602 0.009030
0.011136 0.582375 0.000010 0.000010 0.406459 0.000010
0.071660 0.623571 0.005499 0.053574 0.225391 0.020305
0.081703 0.577886 0.007412 0.099368 0.220905 0.012726
0.042208 0.509229 0.160352 0.109487 0.173944 0.004781
0.061371 0.450657 0.170129 0.102026 0.151321 0.064496
0.110682 0.255127 0.035393 0.096545 0.501693 0.000561
0.024957 0.685267 0.097347 0.017509 0.151169 0.023751
0.036981 0.648813 0.108899 0.062996 0.121922 0.020388
0.035454 0.685008 0.130923 0.038640 0.093025 0.016950
0.046343 0.348913 0.159459 0.101448 0.261765 0.082071
0.000010 0.565188 0.000010 0.000010 0.434772 0.000010
0.043934 0.556693 0.000010 0.019699 0.379583 0.000081
0.000010 0.612024 0.136123 0.074058 0.160168 0.017618
0.071864 0.625717 0.000010 0.049892 0.245811 0.006705
0.065261 0.564758 0.086346 0.067405 0.202547 0.013682
0.064564 0.615202 0.000010 0.000010 0.317649 0.002565
0.073348 0.498662 0.073217 0.056800 0.270745 0.027227
0.012338 0.294392 0.334782 0.156219 0.172041 0.030227
0.020042 0.198343 0.286270 0.092457 0.350338 0.052551
0.023309 0.193274 0.264518 0.091349 0.376739 0.050810
0.029316 0.272185 0.305928 0.097417 0.250709 0.044444
0.073393 0.508835 0.045562 0.088159 0.268866 0.015186
0.030762 0.195323 0.773589 0.000010 0.000306 0.000010
0.957150 0.000010 0.010051 0.000010 0.032769 0.000010
0.056849 0.411290 0.287904 0.120828 0.123119 0.000010
0.027145 0.215710 0.276582 0.088862 0.324479 0.067222
0.008861 0.260708 0.330263 0.129607 0.176288 0.094272
0.066623 0.576015 0.051392 0.027073 0.234983 0.043913
0.019685 0.191496 0.788789 0.000010 0.000010 0.000010
0.012742 0.265752 0.694140 0.005729 0.021626 0.000010
0.936186 0.032390 0.000010 0.000010 0.031394 0.000010
0.052266 0.330562 0.310707 0.135785 0.153274 0.017405
0.006196 0.265052 0.347468 0.149391 0.181445 0.050448
0.001450 0.298282 0.321419 0.087790 0.260477 0.030582
0.044482 0.419369 0.278489 0.126472 0.131177 0.000010
0.037908 0.274822 0.407178 0.114140 0.104171 0.061780
0.007873 0.255604 0.395029 0.092593 0.173171 0.075729
0.000010 0.275780 0.405578 0.092812 0.153939 0.071881
0.009333 0.233726 0.617373 0.013485 0.092271 0.033810
0.000010 0.300075 0.637393 0.007479 0.033835 0.021209
0.817727 0.026235 0.005034 0.023653 0.127341 0.000010
0.091400 0.369250 0.281512 0.136371 0.121456 0.000010
0.050811 0.375413 0.303516 0.113804 0.156446 0.000010
0.020808 0.155006 0.247684 0.090983 0.411332 0.074188
0.026282 0.655092 0.020007 0.030456 0.259301 0.008862
0.071610 0.440135 0.276185 0.103622 0.108438 0.000010
0.006326 0.281695 0.420040 0.100893 0.134259 0.056787
0.038034 0.286093 0.404701 0.091750 0.132464 0.046958
0.014482 0.228346 0.757142 0.000010 0.000010 0.000010
0.016260 0.234492 0.636046 0.029607 0.072732 0.010862
0.032951 0.231169 0.284913 0.041756 0.355773 0.053439
0.036326 0.251136 0.305580 0.136026 0.213226 0.057707
0.047912 0.359936 0.309943 0.119783 0.128397 0.034029
0.073016 0.651031 0.009710 0.014930 0.242759 0.008554
0.010773 0.270266 0.389042 0.082129 0.164476 0.083312
0.000010 0.284932 0.401969 0.094066 0.169364 0.049659
0.017822 0.228691 0.736456 0.000010 0.017010 0.000010
0.010289 0.233669 0.715911 0.000010 0.040111 0.000010
0.020938 0.231950 0.642219 0.011647 0.075583 0.017664
0.048891 0.404614 0.074637 0.129475 0.301393 0.040991
0.008334 0.234635 0.299979 0.086031 0.320277 0.050744
0.000010 0.263754 0.315554 0.138029 0.244050 0.038602
0.000010 0.299250 0.335936 0.143098 0.185196 0.036511
0.088678 0.592579 0.023055 0.022783 0.258840 0.014065
0.037339 0.234198 0.412349 0.093718 0.032006 0.190389
0.000010 0.228539 0.399582 0.113555 0.171916 0.086398
0.007405 0.232723 0.730844 0.000010 0.029009 0.000010
0.030445 0.241441 0.697524 0.020201 0.010380 0.000010
0.037011 0.235393 0.663036 0.008536 0.054949 0.001075
0.035939 0.386427 0.247001 0.156762 0.173861 0.000010
0.022349 0.262656 0.313430 0.096530 0.263510 0.041525
0.045364 0.711483 0.005614 0.000010 0.228820 0.008711
0.730682 0.070938 0.025692 0.000010 0.171027 0.001652
0.003275 0.284081 0.411057 0.085165 0.143468 0.072954
0.000010 0.244698 0.406315 0.083413 0.191611 0.073954
0.017815 0.202568 0.710889 0.000010 0.068708 0.000010
0.015295 0.240099 0.675167 0.000010 0.055193 0.014236
0.903647 0.000010 0.006142 0.000010 0.090181 0.000010
0.021637 0.715542 0.116103 0.021953 0.100494 0.024270
0.013798 0.254059 0.335371 0.157283 0.178035 0.061454
0.057560 0.647017 0.021381 0.022518 0.249501 0.002023
0.869994 0.036432 0.020512 0.000010 0.069421 0.003630
0.000010 0.261112 0.396780 0.067772 0.220684 0.053642
0.010031 0.300010 0.389364 0.057998 0.148863 0.093734
0.000010 0.270419 0.396849 0.115965 0.143917 0.072840
0.024809 0.242506 0.676998 0.023105 0.032573 0.000010
0.005059 0.261878 0.687159 0.000010 0.045884 0.000010
0.955684 0.044276 0.000010 0.000010 0.000010 0.000010
