0.069987 0.000010 0.143292 0.022102 0.384943 0.379666
0.027697 0.000010 0.195937 0.013210 0.489434 0.273712
0.051284 0.000010 0.134324 0.031264 0.401683 0.381435
0.023267 0.023418 0.170816 0.000010 0.478938 0.303551
0.080687 0.000010 0.129171 0.000010 0.406847 0.383274
0.039296 0.000010 0.149633 0.040819 0.428792 0.341450
0.036489 0.017753 0.178529 0.013764 0.438935 0.314530
0.000010 0.000010 0.369312 0.000010 0.628148 0.002510
0.000010 0.000010 0.359783 0.006454 0.633733 0.000010
0.000010 0.009681 0.021550 0.000010 0.968740 0.000010
0.052890 0.000010 0.326406 0.004019 0.581179 0.035496
0.030203 0.000954 0.360927 0.000010 0.566082 0.041823
0.023394 0.177255 0.017495 0.000010 0.000010 0.781836
0.074176 0.189461 0.027818 0.021387 0.007842 0.679317
0.000010 0.077259 0.050758 0.000010 0.000010 0.871952
0.086114 0.142930 0.008469 0.050137 0.026597 0.685753
0.083958 0.000249 0.128295 0.020704 0.407994 0.358800
0.077694 0.000010 0.134329 0.010164 0.429087 0.348716
0.000010 0.000010 0.345429 0.000010 0.654531 0.000010
0.000010 0.000010 0.425635 0.000010 0.565661 0.008674
0.000010 0.000010 0.375852 0.000010 0.613060 0.011058
0.000010 0.000010 0.000010 0.000010 0.999950 0.000010
0.042294 0.000010 0.360521 0.007692 0.559863 0.029620
0.013725 0.023724 0.331628 0.006110 0.586514 0.038300
0.000010 0.133162 0.030532 0.004895 0.000010 0.831391
0.002008 0.102519 0.037753 0.019636 0.000010 0.838074
0.012534 0.051796 0.060279 0.000010 0.000010 0.875370
0.081421 0.218622 0.015526 0.015331 0.007594 0.661506
0.076352 0.000010 0.138981 0.019556 0.412397 0.352705
0.048700 0.038150 0.146814 0.022067 0.397451 0.346818
0.000010 0.000010 0.308609 0.000010 0.655954 0.035407
0.000010 0.000010 0.453020 0.000010 0.546940 0.000010
0.000010 0.000293 0.054235 0.000010 0.945441 0.000010
0.000010 0.000010 0.000010 0.000010 0.999950 0.000010
0.037150 0.000010 0.334056 0.026062 0.585775 0.016948
0.021466 0.019574 0.331131 0.025411 0.585760 0.016658
0.000010 0.169031 0.018173 0.032115 0.000010 0.780660
0.015845 0.083328 0.056800 0.000010 0.000010 0.844006
0.004513 0.146496 0.023191 0.000010 0.000010 0.825779
0.063664 0.162197 0.015969 0.047097 0.021672 0.689401
0.033538 0.004835 0.148371 0.048661 0.434586 0.330010
0.080363 0.039179 0.131648 0.000010 0.412432 0.336368
0.000010 0.000010 0.383747 0.000010 0.615346 0.000877
0.000010 0.000010 0.360485 0.000010 0.639475 0.000010
0.000010 0.000010 0.000012 0.000010 0.999948 0.000010
0.000010 0.008309 0.042995 0.000010 0.948666 0.000010
0.000010 0.000010 0.000010 0.000010 0.999950 0.000010
0.056358 0.000301 0.333042 0.000010 0.569753 0.040536
0.039342 0.000010 0.322417 0.024809 0.587581 0.025841
0.000010 0.167921 0.010220 0.035574 0.003648 0.782627
0.000010 0.048519 0.063740 0.011976 0.000010 0.875745
0.005719 0.068990 0.026773 0.025777 0.000010 0.872731
0.062699 0.139720 0.031285 0.029935 0.019280 0.717081
0.000010 0.125936 0.025210 0.024493 0.000010 0.824341
0.192081 0.226678 0.021170 0.079217 0.000010 0.480844
0.007790 0.127112 0.042798 0.029574 0.000010 0.792716
0.070106 0.097217 0.000010 0.000010 0.069338 0.763319
0.073990 0.128812 0.008041 0.015239 0.054341 0.719577
0.055458 0.036963 0.000010 0.016412 0.066115 0.825043
0.062823 0.117949 0.007016 0.021523 0.062422 0.728267
0.083036 0.000010 0.134372 0.012469 0.362239 0.407874
0.030745 0.156377 0.030901 0.024795 0.000010 0.757172
0.052875 0.178626 0.027083 0.002453 0.000010 0.738953
0.055843 0.086599 0.000511 0.022929 0.097756 0.736363
0.133925 0.011911 0.000010 0.014132 0.177863 0.662160
0.135435 0.054090 0.000010 0.002474 0.068599 0.739392
0.096580 0.097706 0.000010 0.017791 0.085651 0.702262
0.079482 0.029477 0.151163 0.004934 0.389231 0.345714
0.091809 0.005057 0.132459 0.000010 0.410637 0.360029
0.021427 0.158720 0.034833 0.010444 0.000010 0.774565
0.167304 0.212413 0.030134 0.053718 0.000010 0.536421
0.000010 0.139112 0.024635 0.040510 0.000010 0.795722
0.086414 0.077022 0.008559 0.021799 0.073744 0.732462
0.072768 0.150805 0.008360 0.029928 0.060824 0.677315
0.080628 0.116933 0.000010 0.004899 0.043568 0.753962
0.051372 0.113415 0.009449 0.047906 0.094759 0.683100
0.077492 0.027834 0.106335 0.042467 0.369640 0.376231
0.110724 0.018532 0.120533 0.002919 0.369240 0.378053
0.041229 0.028825 0.148113 0.041490 0.396495 0.343848
0.007244 0.000010 0.357708 0.008159 0.626868 0.000010
0.000010 0.000010 0.001703 0.000010 0.998257 0.000010
0.000010 0.003081 0.087115 0.002142 0.907642 0.000010
0.000010 0.000010 0.000010 0.000010 0.999950 0.000010
0.052684 0.000777 0.401236 0.000010 0.512884 0.032410
0.037142 0.000010 0.344962 0.024813 0.576565 0.016508
0.042692 0.153041 0.019666 0.005487 0.000010 0.779103
0.000010 0.047626 0.055735 0.000010 0.000010 0.896609
0.019984 0.116709 0.018247 0.043412 0.000010 0.801638
0.017367 0.195072 0.011934 0.076216 0.042417 0.656995
0.057044 0.037208 0.135744 0.008193 0.405935 0.355875
0.038546 0.000010 0.213157 0.000010 0.559741 0.188536
0.002566 0.000010 0.386470 0.000010 0.610934 0.000010
0.000010 0.000010 0.356851 0.000010 0.643109 0.000010
0.000010 0.000010 0.024731 0.000281 0.974958 0.000010
0.000010 0.000010 0.000010 0.000010 0.999950 0.000010
0.018947 0.008675 0.339333 0.016982 0.573483 0.042580
0.041999 0.000010 0.349658 0.008317 0.565787 0.034229
0.000010 0.167893 0.026640 0.031202 0.000010 0.774245
0.000010 0.101922 0.020015 0.034157 0.000010 0.843887
0.099537 0.149406 0.011915 0.019528 0.028154 0.691461
0.024996 0.140031 0.039603 0.010927 0.000010 0.784433
0.315567 0.279185 0.008964 0.098372 0.000010 0.297902
0.016019 0.120719 0.047893 0.018501 0.000010 0.796859
0.075137 0.056001 0.000010 0.000010 0.081696 0.787145
0.094191 0.065276 0.000010 0.021818 0.066411 0.752294
0.107330 0.106868 0.000010 0.000010 0.055972 0.729810
0.074079 0.056546 0.142549 0.012674 0.408440 0.305713
0.053457 0.004234 0.137084 0.032456 0.399208 0.373560
0.000010 0.000010 0.390350 0.000010 0.609610 0.000010
0.000010 0.000010 0.394714 0.005304 0.598244 0.001719
0.000010 0.000010 0.000010 0.000010 0.999950 0.000010
0.000010 0.000351 0.088698 0.000010 0.910921 0.000010
0.050145 0.012096 0.337654 0.000010 0.568275 0.031820
0.039223 0.160312 0.015991 0.007414 0.011001 0.766058
0.000010 0.066908 0.039930 0.009817 0.000010 0.883325
0.000010 0.052639 0.052380 0.000010 0.000010 0.894951
0.073226 0.186987 0.011053 0.020330 0.022957 0.685447
0.036489 0.125928 0.041104 0.009112 0.000010 0.787357
0.173945 0.255406 0.040137 0.078516 0.000010 0.451986
0.005303 0.165279 0.037869 0.003979 0.000010 0.787559
0.058320 0.063702 0.000010 0.024932 0.070809 0.782226
0.074497 0.061501 0.000010 0.000010 0.080228 0.783755
0.068036 0.112703 0.000010 0.023527 0.054903 0.740821
0.076046 0.004630 0.103460 0.031249 0.328815 0.455800
0.051952 0.000010 0.169259 0.020016 0.416580 0.342184
0.000010 0.000010 0.406528 0.000010 0.593432 0.000010
0.000010 0.000010 0.343688 0.000010 0.656272 0.000010
0.000010 0.000010 0.000010 0.000010 0.999950 0.000010
0.000010 0.000010 0.000012 0.000010 0.999948 0.000010
0.036770 0.000010 0.364232 0.000010 0.563176 0.035801
0.037814 0.007630 0.320462 0.012297 0.571454 0.050342
0.016575 0.203987 0.026314 0.022254 0.004737 0.726133
0.000010 0.068434 0.054960 0.000010 0.000010 0.876576
0.000010 0.070122 0.049260 0.000010 0.000010 0.880587
0.072581 0.188594 0.020964 0.030667 0.021727 0.665467
0.065225 0.111131 0.028240 0.018162 0.000010 0.777231
0.174755 0.251077 0.027436 0.071222 0.000010 0.475499
0.000010 0.146601 0.030096 0.028903 0.000010 0.794380
0.098468 0.000010 0.000010 0.000010 0.108952 0.792550
0.118328 0.101497 0.000010 0.008630 0.081966 0.689568
0.038678 0.112462 0.027960 0.031364 0.122315 0.667221
0.033489 0.045207 0.171819 0.018931 0.434674 0.295881
0.045716 0.000010 0.164206 0.028406 0.420647 0.341015
0.000010 0.000010 0.360927 0.000010 0.635123 0.003920
0.000010 0.000010 0.337464 0.000010 0.662496 0.000010
0.000010 0.000475 0.019383 0.000010 0.980111 0.000010
0.000010 0.000010 0.017303 0.003102 0.979565 0.000010
0.000010 0.000010 0.000013 0.000010 0.999947 0.000010
0.050871 0.028199 0.332563 0.017083 0.565365 0.005919
0.028797 0.000010 0.345709 0.003420 0.597500 0.024564
0.053670 0.143553 0.024772 0.013722 0.000010 0.764273
0.039347 0.112241 0.050855 0.000010 0.005681 0.791866
0.000010 0.048511 0.059067 0.000010 0.000010 0.892392
0.089873 0.177683 0.018983 0.011074 0.029716 0.672671
0.051648 0.152579 0.017433 0.038506 0.000010 0.739824
0.026785 0.120694 0.051354 0.007620 0.000010 0.793537
0.104812 0.066825 0.000010 0.042792 0.053767 0.731793
0.084034 0.069465 0.000010 0.034119 0.078536 0.733836
0.080954 0.112202 0.010515 0.011684 0.070105 0.714540
0.097714 0.027629 0.000010 0.019374 0.069724 0.785549
0.000010 0.009576 0.105419 0.000010 0.000010 0.884975
0.047954 0.047804 0.144469 0.000010 0.396754 0.363009
0.000010 0.000010 0.398798 0.000010 0.601162 0.000010
0.000010 0.019427 0.150187 0.000010 0.830356 0.000010
0.000010 0.004473 0.009474 0.000010 0.986023 0.000010
0.050579 0.000010 0.351730 0.014344 0.550546 0.032791
0.041439 0.000010 0.355754 0.012549 0.576301 0.013947
0.055735 0.074972 0.022785 0.012549 0.000010 0.833949
0.000010 0.104318 0.023367 0.009268 0.000010 0.863027
0.000010 0.125482 0.029205 0.022776 0.000010 0.822518
0.000010 0.153713 0.042048 0.009448 0.000010 0.794771
0.212313 0.245592 0.022255 0.036642 0.000010 0.483188
0.015525 0.141079 0.035140 0.023570 0.000010 0.784676
0.081162 0.051570 0.000010 0.000010 0.094244 0.773004
0.086690 0.069438 0.000010 0.000010 0.076010 0.767842
0.096444 0.038439 0.000010 0.052444 0.157779 0.654884
0.090761 0.047642 0.000010 0.001957 0.063187 0.796443
0.055465 0.003617 0.155993 0.036540 0.465840 0.282546
0.000010 0.019459 0.100960 0.000010 0.000010 0.879550
0.000010 0.000010 0.357188 0.000010 0.642772 0.000010
0.000010 0.003842 0.008041 0.000010 0.988087 0.000010
0.000010 0.000010 0.361663 0.011337 0.624075 0.002905
0.000010 0.000010 0.380161 0.000010 0.618341 0.001468
0.024771 0.151663 0.037096 0.007680 0.000010 0.778780
0.116895 0.071641 0.000010 0.023221 0.059725 0.728507
0.215406 0.235182 0.033981 0.036786 0.000010 0.478635
0.000010 0.156606 0.030485 0.018175 0.000010 0.794714
0.089347 0.045915 0.000010 0.001334 0.091043 0.772351
0.080605 0.096332 0.000010 0.052696 0.053665 0.716692
0.052241 0.093892 0.054188 0.018507 0.213012 0.568159
0.070501 0.040406 0.161690 0.000010 0.396761 0.330632
0.000010 0.000932 0.096016 0.000010 0.000010 0.903021
0.000010 0.008854 0.018965 0.000010 0.972151 0.000010
0.081159 0.008768 0.347450 0.000010 0.543285 0.019328
0.028362 0.014497 0.353917 0.000010 0.573246 0.029969
0.037989 0.000010 0.340684 0.000010 0.569643 0.051664
0.000010 0.088566 0.048918 0.000010 0.000010 0.862486
0.000010 0.127375 0.024850 0.005022 0.000010 0.842734
0.038991 0.159627 0.038557 0.022925 0.000010 0.739890
0.002711 0.158263 0.044044 0.016758 0.000010 0.778214
0.219244 0.218565 0.036397 0.040445 0.000010 0.485339
0.111762 0.025711 0.000010 0.000010 0.088154 0.774354
0.104914 0.067756 0.000010 0.011826 0.088468 0.727025
0.091732 0.097347 0.016512 0.035034 0.073286 0.686090
0.098429 0.080735 0.000010 0.000010 0.063082 0.757735
0.079383 0.136933 0.019732 0.020900 0.045769 0.697282
0.000010 0.020681 0.097610 0.000010 0.000010 0.881679
0.164245 0.228095 0.027265 0.037359 0.000010 0.543026
0.012029 0.141059 0.037300 0.029663 0.000010 0.779940
0.086880 0.056048 0.000010 0.011354 0.084279 0.761428
0.068968 0.091196 0.000010 0.021171 0.082345 0.736310
0.162290 0.005531 0.000010 0.018090 0.172274 0.641804
0.085505 0.102176 0.000010 0.028089 0.052524 0.731696
0.072265 0.001532 0.145622 0.024075 0.439190 0.317315
0.000010 0.020368 0.087283 0.000010 0.000010 0.892319
0.000010 0.000010 0.091128 0.000010 0.000010 0.908832
0.006689 0.126408 0.090466 0.030922 0.000010 0.745505
0.008984 0.091338 0.025497 0.015460 0.000010 0.858710
0.134442 0.196495 0.030920 0.059789 0.059931 0.518424
0.078107 0.000010 0.000010 0.000010 0.187336 0.734527
0.074096 0.000010 0.000010 0.002439 0.233974 0.689471
0.042261 0.041784 0.019729 0.022498 0.009953 0.863774
0.026841 0.102152 0.012414 0.007306 0.000010 0.851278
0.038181 0.079239 0.006359 0.010814 0.019799 0.845607
0.000010 0.079221 0.095139 0.010651 0.001054 0.813925
0.000010 0.027246 0.085241 0.014588 0.000010 0.872905
0.000010 0.109487 0.037746 0.011681 0.000010 0.841066
0.192889 0.153491 0.043343 0.060547 0.060939 0.488791
0.086777 0.000010 0.000010 0.000010 0.215219 0.697974
0.111649 0.000010 0.000010 0.000010 0.114598 0.773723
0.077427 0.076853 0.022356 0.000010 0.007830 0.815525
0.038827 0.117933 0.006763 0.003536 0.012027 0.820915
0.000010 0.017552 0.210499 0.000010 0.054020 0.717909
0.075911 0.053049 0.000010 0.004355 0.074380 0.792296
0.000010 0.038692 0.098176 0.000010 0.000010 0.863102
0.173265 0.216841 0.039996 0.036672 0.000010 0.533216
0.209771 0.187482 0.003342 0.101828 0.046856 0.450721
0.103984 0.000010 0.000010 0.019651 0.240348 0.635997
0.089509 0.000010 0.000010 0.000010 0.180965 0.729496
0.050222 0.057995 0.031286 0.016928 0.010848 0.832722
0.024085 0.081415 0.029393 0.026475 0.012833 0.825799
0.002847 0.102914 0.022950 0.003705 0.010894 0.856690
0.000010 0.037766 0.144614 0.000010 0.041507 0.776093
0.000010 0.000010 0.096290 0.000010 0.000010 0.903670
0.021459 0.151618 0.076191 0.004496 0.000010 0.746226
0.158329 0.234643 0.032268 0.046419 0.000010 0.528331
0.168638 0.123553 0.053212 0.056880 0.069367 0.528351
0.069957 0.000010 0.023579 0.000010 0.363889 0.542555
0.116717 0.000010 0.000010 0.003057 0.192311 0.687896
0.039813 0.078876 0.014509 0.014432 0.015078 0.837293
0.024406 0.087602 0.026041 0.029366 0.015322 0.817263
0.049019 0.064050 0.023166 0.017175 0.010220 0.836370
0.000010 0.019589 0.220913 0.000010 0.067874 0.691603
0.038118 0.000010 0.316266 0.011983 0.587602 0.046021
0.037854 0.000010 0.345834 0.022704 0.565329 0.028269
0.064846 0.159982 0.001752 0.012472 0.012952 0.747996
0.000010 0.021215 0.065658 0.000010 0.000010 0.913097
0.063634 0.180524 0.007112 0.032990 0.029003 0.686737
0.000010 0.000010 0.086437 0.000010 0.000010 0.913523
0.000010 0.072534 0.034055 0.000010 0.000010 0.893382
0.156107 0.195009 0.029397 0.069843 0.000010 0.549634
0.106351 0.178973 0.037744 0.068323 0.061241 0.547367
0.060733 0.000010 0.000010 0.000010 0.261112 0.678125
0.098534 0.000010 0.000010 0.000010 0.179570 0.721866
0.034934 0.088607 0.028418 0.005233 0.020737 0.822070
0.000010 0.080217 0.010881 0.063495 0.010109 0.835287
0.039970 0.084405 0.031962 0.010682 0.016813 0.816167
0.011798 0.033220 0.151325 0.000010 0.015648 0.787999
0.006639 0.095030 0.033291 0.004325 0.000010 0.860705
0.205036 0.246927 0.046956 0.052163 0.000010 0.448907
0.076406 0.000010 0.000010 0.000010 0.198920 0.724644
0.111298 0.000010 0.000010 0.000010 0.174259 0.714413
0.089108 0.000010 0.000190 0.000010 0.308845 0.601837
0.029441 0.053660 0.019624 0.023502 0.022189 0.851585
0.020676 0.127684 0.074584 0.021621 0.000010 0.755425
0.016233 0.137500 0.030536 0.000010 0.000010 0.815710
0.166813 0.261430 0.024044 0.072984 0.000010 0.474719
0.148781 0.185059 0.025651 0.054882 0.048367 0.537259
0.090707 0.000010 0.000010 0.000010 0.194217 0.715047
0.102005 0.000010 0.000010 0.000010 0.181595 0.716370
0.039946 0.090794 0.017918 0.003057 0.011217 0.837068
0.028143 0.071673 0.025047 0.011720 0.010027 0.853390
0.038468 0.064393 0.034062 0.014680 0.007531 0.840865
0.000010 0.016044 0.195516 0.000010 0.046895 0.741526
0.000010 0.117278 0.096718 0.010932 0.000010 0.775053
0.000010 0.105142 0.030908 0.004916 0.000010 0.859014
0.161580 0.284233 0.028390 0.049929 0.000301 0.475567
0.141817 0.178097 0.026263 0.033906 0.089764 0.530153
0.086367 0.000010 0.000010 0.000010 0.196788 0.716815
0.085660 0.000010 0.000010 0.013177 0.202469 0.698673
0.059864 0.074076 0.030112 0.014489 0.006765 0.814693
0.036582 0.050071 0.017528 0.041502 0.014443 0.839874
0.050102 0.053241 0.024841 0.028013 0.015407 0.828396
0.000010 0.096035 0.102541 0.025154 0.000010 0.776250
0.021240 0.094445 0.034169 0.000010 0.000010 0.850126
0.209461 0.148988 0.021515 0.052066 0.074748 0.493222
0.075207 0.000010 0.000010 0.000010 0.192802 0.731961
0.081905 0.000010 0.000010 0.000010 0.200513 0.717552
0.067308 0.049416 0.030654 0.003469 0.015262 0.833891
0.000010 0.151913 0.095630 0.019794 0.000010 0.732644
0.006377 0.086726 0.041270 0.000010 0.000010 0.865608
0.168335 0.160351 0.033386 0.075024 0.050616 0.512288
0.091980 0.000010 0.000010 0.000010 0.190190 0.717800
0.097684 0.000010 0.000010 0.000010 0.218533 0.683753
0.000010 0.067729 0.032076 0.043816 0.004801 0.851567
0.038099 0.060564 0.020868 0.009215 0.021378 0.849875
0.000010 0.008933 0.204934 0.000644 0.058696 0.726783
0.000010 0.000010 0.208638 0.000010 0.051796 0.739536
0.039940 0.153661 0.011131 0.041088 0.071678 0.682502
0.068692 0.117941 0.009754 0.035210 0.062906 0.705497
0.066137 0.027843 0.148084 0.024818 0.440239 0.292880
0.000010 0.123380 0.095342 0.026471 0.000010 0.754787
0.001521 0.066148 0.037063 0.018387 0.000010 0.876871
0.216681 0.247246 0.019304 0.041891 0.000010 0.474868
0.088601 0.000010 0.000010 0.000268 0.189782 0.721328
0.090640 0.000010 0.000010 0.005081 0.235078 0.669181
0.026954 0.078897 0.014934 0.030171 0.024749 0.824296
0.023442 0.106987 0.017029 0.000010 0.015820 0.836712
0.000010 0.018229 0.212899 0.000010 0.063313 0.705539
0.039819 0.000010 0.338347 0.006807 0.571335 0.043682
0.007530 0.075299 0.024860 0.001627 0.000010 0.890675
0.000010 0.041878 0.161474 0.011772 0.034178 0.750688
0.045164 0.074611 0.028799 0.024900 0.012155 0.814370
0.089642 0.000010 0.000010 0.000010 0.187461 0.722868
0.030305 0.066154 0.015447 0.021104 0.024221 0.842769
0.170034 0.145024 0.020402 0.065322 0.052584 0.546634
0.222475 0.192577 0.023859 0.064354 0.000010 0.496725
0.017937 0.147033 0.091687 0.033270 0.000010 0.710063
0.073846 0.000010 0.032437 0.000010 0.375220 0.518478
0.074140 0.116467 0.018268 0.015581 0.000033 0.775511
0.000010 0.015148 0.547828 0.000010 0.436995 0.000010
0.001841 0.000010 0.560075 0.000010 0.438053 0.000010
0.014731 0.000010 0.594871 0.001864 0.388515 0.000010
0.000010 0.004904 0.612080 0.000010 0.382987 0.000010
0.155344 0.461399 0.027593 0.041981 0.000010 0.313673
0.180400 0.384550 0.024683 0.073762 0.000010 0.336596
0.147532 0.450917 0.017259 0.060936 0.000010 0.323346
0.114486 0.444492 0.040591 0.071343 0.000010 0.329078
0.019945 0.000010 0.520387 0.000010 0.422734 0.036915
0.000010 0.000010 0.455344 0.000010 0.544616 0.000010
0.000010 0.000010 0.487831 0.000010 0.512129 0.000010
0.006146 0.000010 0.467881 0.000010 0.525943 0.000010
0.000010 0.000010 0.470691 0.000010 0.529269 0.000010
0.000010 0.004339 0.477910 0.000010 0.517722 0.000010
0.000010 0.000681 0.558260 0.000010 0.441029 0.000010
0.000010 0.000010 0.458024 0.003506 0.538439 0.000010
0.081340 0.133666 0.360407 0.000010 0.350481 0.074097
0.000010 0.021877 0.647005 0.012871 0.226923 0.091315
0.000010 0.017799 0.605584 0.000010 0.376587 0.000010
0.000010 0.015311 0.631068 0.000010 0.353591 0.000010
0.000010 0.005205 0.631610 0.005392 0.357773 0.000010
0.024953 0.000010 0.611463 0.001034 0.362530 0.000010
0.000010 0.014279 0.648318 0.014277 0.323106 0.000010
0.004740 0.000010 0.556080 0.000010 0.439150 0.000010
0.000010 0.000010 0.628848 0.016613 0.351247 0.003272
0.001844 0.019850 0.615636 0.000387 0.362273 0.000010
0.019912 0.000010 0.623394 0.007075 0.349599 0.000010
0.000010 0.011366 0.592984 0.016466 0.374283 0.004892
0.000010 0.000010 0.564404 0.000015 0.435551 0.000010
0.000010 0.000010 0.535985 0.002675 0.461310 0.000010
0.000010 0.000010 0.588674 0.000010 0.411286 0.000010
0.000010 0.000010 0.575522 0.000010 0.424438 0.000010
0.000010 0.000010 0.565997 0.016641 0.417332 0.000010
0.000010 0.000010 0.582528 0.000010 0.417432 0.000010
0.000010 0.000010 0.571338 0.000010 0.428622 0.000010
0.000010 0.000010 0.571447 0.000010 0.428513 0.000010
0.000010 0.000010 0.563982 0.000010 0.435978 0.000010
0.000010 0.000010 0.542398 0.001437 0.456135 0.000010
0.000010 0.006986 0.544260 0.000010 0.448724 0.000010
0.000010 0.020606 0.595640 0.000159 0.383575 0.000010
0.000010 0.000010 0.636269 0.001562 0.362140 0.000010
0.000010 0.001124 0.636221 0.002115 0.360521 0.000010
0.000010 0.000010 0.644282 0.000010 0.355678 0.000010
0.000010 0.000010 0.661995 0.000010 0.337965 0.000010
0.000010 0.000010 0.661904 0.000010 0.338056 0.000010
0.000010 0.000010 0.655180 0.000014 0.344775 0.000010
0.010731 0.013879 0.560502 0.000010 0.413955 0.000923
0.024250 0.000014 0.584212 0.000010 0.391504 0.000010
0.020274 0.006036 0.552182 0.000010 0.421488 0.000010
0.000010 0.000010 0.577407 0.000010 0.422553 0.000010
0.000010 0.000010 0.555526 0.000010 0.444434 0.000010
0.000010 0.000010 0.654316 0.000010 0.345644 0.000010
0.000010 0.000010 0.567406 0.000196 0.432368 0.000010
0.000010 0.000016 0.549909 0.000010 0.447088 0.002967
0.000010 0.000801 0.570314 0.000010 0.428855 0.000010
0.000010 0.000010 0.605440 0.000010 0.394520 0.000010
0.000010 0.000010 0.584321 0.000010 0.415639 0.000010
0.000010 0.000010 0.573395 0.002017 0.416681 0.007887
0.000010 0.000010 0.536646 0.010252 0.453072 0.000010
0.003119 0.005738 0.599206 0.010149 0.379780 0.002008
0.000010 0.012359 0.565311 0.000010 0.422300 0.000010
0.010771 0.017746 0.516881 0.003628 0.450964 0.000010
0.000010 0.002870 0.612879 0.000010 0.384221 0.000010
0.009610 0.000010 0.629865 0.006785 0.353721 0.000010
0.011359 0.000010 0.531844 0.000558 0.456219 0.000010
0.000010 0.006863 0.637443 0.000010 0.349439 0.006235
0.000010 0.000010 0.568966 0.007892 0.423113 0.000010
0.000010 0.008822 0.555643 0.000010 0.435505 0.000010
0.000010 0.000013 0.650582 0.000010 0.349375 0.000010
0.000010 0.037170 0.619029 0.000010 0.343771 0.000010
0.000010 0.008083 0.629698 0.008496 0.353702 0.000010
0.000011 0.000010 0.613581 0.011106 0.375282 0.000010
0.000010 0.014377 0.597081 0.000010 0.388512 0.000010
0.119135 0.209231 0.370160 0.000010 0.210028 0.091436
0.004174 0.012983 0.492713 0.000010 0.490110 0.000010
0.000010 0.000010 0.499868 0.000010 0.500092 0.000010
0.000010 0.002116 0.492083 0.004240 0.501541 0.000010
0.000010 0.000010 0.497713 0.000010 0.502247 0.000010
0.003203 0.015865 0.502162 0.000010 0.478749 0.000010
0.000010 0.000010 0.490263 0.000010 0.509697 0.000010
0.000010 0.000010 0.488110 0.000010 0.511163 0.000697
0.000010 0.000010 0.477079 0.000010 0.522881 0.000010
0.000010 0.000010 0.536636 0.002513 0.460821 0.000010
0.005816 0.009178 0.577509 0.001380 0.406106 0.000010
0.002881 0.007161 0.530525 0.000010 0.459413 0.000010
0.001854 0.000010 0.537668 0.000010 0.436684 0.023775
0.015102 0.000010 0.537394 0.000010 0.442219 0.005265
0.000010 0.000010 0.540894 0.011710 0.447366 0.000010
0.000010 0.000010 0.497831 0.000010 0.502129 0.000010
0.000010 0.012399 0.538997 0.000010 0.448574 0.000010
0.000010 0.000010 0.519381 0.000010 0.459415 0.021174
0.000010 0.042086 0.599650 0.000010 0.358234 0.000010
0.001162 0.011452 0.570607 0.000010 0.416759 0.000010
0.000010 0.022394 0.531788 0.000010 0.445788 0.000010
0.000010 0.000010 0.526873 0.004449 0.468648 0.000010
0.000010 0.019232 0.588856 0.000010 0.391881 0.000010
0.139561 0.470891 0.084182 0.074150 0.000894 0.230321
0.275869 0.428859 0.149703 0.013203 0.012088 0.120278
0.215356 0.390615 0.158438 0.032587 0.000327 0.202676
0.051244 0.092966 0.403603 0.026795 0.391116 0.034277
0.114338 0.542434 0.083518 0.057168 0.000010 0.202531
0.113142 0.529904 0.058772 0.061692 0.000010 0.236480
0.101426 0.276457 0.313458 0.033181 0.164629 0.110849
0.113230 0.281946 0.277042 0.032990 0.177646 0.117147
0.272481 0.322575 0.182806 0.030494 0.078965 0.112680
0.080247 0.064491 0.004974 0.838904 0.000010 0.011374
0.092329 0.550541 0.081816 0.080587 0.000010 0.194717
0.164942 0.521697 0.070424 0.048165 0.000010 0.194763
0.078031 0.289128 0.307155 0.018956 0.154042 0.152688
0.262272 0.396226 0.162269 0.019204 0.000010 0.160019
0.067839 0.401358 0.333624 0.021159 0.042164 0.133855
0.136649 0.500453 0.063001 0.065122 0.000010 0.234765
0.109702 0.277001 0.285580 0.035243 0.190980 0.101493
0.086164 0.315301 0.291087 0.014462 0.179951 0.113035
0.127761 0.210636 0.293610 0.022778 0.233440 0.111775
0.098075 0.096168 0.383843 0.000010 0.383122 0.038781
0.061993 0.311526 0.355531 0.020828 0.129018 0.121104
0.064445 0.373287 0.336511 0.028129 0.056029 0.141599
0.163831 0.531701 0.056934 0.048214 0.000010 0.199309
0.079853 0.342123 0.331981 0.052082 0.048270 0.145692
0.121600 0.546810 0.099489 0.032479 0.000010 0.199612
0.099934 0.262676 0.323355 0.008334 0.192190 0.113510
0.076635 0.294166 0.312407 0.016920 0.182715 0.117157
0.088087 0.146287 0.362584 0.000010 0.353558 0.049474
0.126075 0.513119 0.080175 0.074358 0.000010 0.206263
0.037011 0.384575 0.335430 0.033947 0.046939 0.162098
0.132812 0.508902 0.078650 0.086481 0.000010 0.193146
0.318579 0.281932 0.197665 0.027541 0.051766 0.122518
0.253492 0.321925 0.224580 0.010171 0.062549 0.127283
0.108898 0.554603 0.074379 0.069240 0.000010 0.192870
0.157070 0.500891 0.070896 0.056905 0.000010 0.214229
0.044160 0.393066 0.326632 0.014037 0.055365 0.166740
0.040200 0.090241 0.407630 0.015361 0.381583 0.064985
0.075435 0.183549 0.330218 0.026268 0.289385 0.095145
0.115002 0.278794 0.309076 0.003424 0.183262 0.110441
0.256598 0.342172 0.211475 0.017555 0.030499 0.141701
0.066253 0.351585 0.340432 0.034734 0.050354 0.156641
0.328080 0.285719 0.186794 0.034955 0.038857 0.125595
0.074103 0.097459 0.378014 0.019099 0.397431 0.033893
0.322692 0.264028 0.230511 0.000010 0.044419 0.138340
0.136165 0.521828 0.075537 0.052333 0.000010 0.214127
0.075700 0.411279 0.325791 0.002853 0.040806 0.143572
0.139883 0.262137 0.303034 0.007042 0.181927 0.105976
0.100054 0.320161 0.302905 0.015869 0.184125 0.076886
0.098927 0.293210 0.306020 0.023088 0.181470 0.097286
0.075654 0.395957 0.317972 0.032000 0.033265 0.145152
0.117992 0.567948 0.062191 0.055331 0.000010 0.196528
0.264086 0.433171 0.133890 0.016877 0.000010 0.151966
0.281320 0.325129 0.181256 0.008769 0.077485 0.126042
0.049973 0.110412 0.376481 0.011117 0.411771 0.040246
0.117065 0.510913 0.075543 0.059161 0.000010 0.237308
0.147428 0.529363 0.069400 0.055882 0.000010 0.197917
0.074408 0.155778 0.375072 0.000560 0.311300 0.082882
0.031409 0.297622 0.326355 0.046330 0.182220 0.116064
0.026168 0.114740 0.379442 0.026078 0.378020 0.075552
0.059031 0.365039 0.329497 0.024075 0.050470 0.171888
0.296136 0.305573 0.196247 0.003342 0.048702 0.150000
0.305882 0.321564 0.183113 0.000010 0.038995 0.150435
0.067833 0.275210 0.333692 0.000010 0.201464 0.121790
0.077657 0.530720 0.079610 0.070811 0.000010 0.241192
0.117096 0.549550 0.078691 0.070084 0.000010 0.184569
0.135345 0.503883 0.074494 0.072545 0.000010 0.213723
0.071145 0.188361 0.357711 0.014427 0.305073 0.063284
0.114691 0.388401 0.231967 0.036700 0.104317 0.123925
0.077008 0.091864 0.362769 0.007078 0.394046 0.067235
0.111659 0.564269 0.066452 0.063839 0.000010 0.193772
0.042939 0.405282 0.337201 0.016438 0.039407 0.158732
0.282202 0.376639 0.165637 0.000010 0.000010 0.175502
0.090482 0.291073 0.379628 0.017378 0.080246 0.141194
0.289982 0.330580 0.204723 0.010855 0.051076 0.112784
0.141016 0.542544 0.067546 0.046443 0.000010 0.202441
0.140759 0.502224 0.071623 0.083803 0.000010 0.201581
0.115187 0.530440 0.088164 0.083116 0.000010 0.183084
0.099740 0.266581 0.299108 0.034190 0.189540 0.110841
0.069934 0.122909 0.407410 0.011853 0.342557 0.045336
0.080658 0.072938 0.377149 0.015603 0.381833 0.071819
0.171487 0.305350 0.251282 0.023498 0.114003 0.134380
0.069662 0.386465 0.358762 0.024591 0.025566 0.134954
0.274645 0.275306 0.197216 0.057064 0.057235 0.138534
0.307677 0.312059 0.194241 0.015272 0.021132 0.149618
0.344408 0.313549 0.191077 0.022006 0.009335 0.119624
0.409045 0.280784 0.167450 0.021472 0.017663 0.103586
0.290120 0.544383 0.016306 0.067415 0.028278 0.053499
0.135676 0.565500 0.063909 0.034378 0.000010 0.200527
0.622358 0.145223 0.151468 0.000010 0.030097 0.050844
0.236435 0.235838 0.255388 0.011512 0.138320 0.122507
0.355137 0.292600 0.156349 0.017002 0.010762 0.168149
0.324208 0.305813 0.175808 0.031815 0.022351 0.140005
0.289021 0.397730 0.180119 0.001991 0.000010 0.131129
0.347321 0.295291 0.186150 0.008703 0.027314 0.135220
0.227334 0.689791 0.003103 0.048399 0.031363 0.000010
0.128555 0.552913 0.065846 0.048710 0.000010 0.203966
0.197583 0.450123 0.185006 0.002037 0.000010 0.165241
0.603180 0.159097 0.142956 0.002741 0.019614 0.072412
0.528548 0.202425 0.155125 0.000010 0.030727 0.083164
0.077090 0.615616 0.092219 0.049631 0.000010 0.165434
0.179695 0.503367 0.056575 0.048726 0.000010 0.211627
0.403086 0.277328 0.188096 0.014833 0.038435 0.078222
0.110096 0.587494 0.078185 0.022771 0.000010 0.201444
0.301416 0.634436 0.000010 0.047029 0.017099 0.000010
0.104183 0.583456 0.068004 0.049745 0.000010 0.194603
0.176209 0.434621 0.171680 0.000010 0.000010 0.217470
0.592453 0.152888 0.153564 0.000010 0.023690 0.077396
0.514561 0.224718 0.139106 0.000010 0.025167 0.096438
0.275804 0.359639 0.168000 0.008598 0.007601 0.180357
0.120445 0.577007 0.068895 0.047026 0.000010 0.186617
0.408295 0.265864 0.197293 0.003893 0.040484 0.084170
0.388069 0.277031 0.174344 0.028613 0.012109 0.119835
0.090262 0.579269 0.079428 0.048683 0.000010 0.202348
0.243052 0.615520 0.015101 0.058543 0.045457 0.022327
0.081432 0.556288 0.091586 0.070604 0.000010 0.200080
0.187229 0.460796 0.141884 0.013400 0.000010 0.196682
0.529660 0.158359 0.170558 0.021150 0.014463 0.105810
0.626457 0.149203 0.134489 0.000010 0.034090 0.055750
0.235083 0.346717 0.216402 0.026812 0.055968 0.119018
0.432576 0.242395 0.186118 0.004069 0.024770 0.110072
0.250922 0.638942 0.000010 0.094109 0.016008 0.000010
0.099621 0.582642 0.077951 0.051958 0.000010 0.187818
0.573491 0.156583 0.141383 0.000010 0.030615 0.097919
0.581678 0.189614 0.131494 0.014678 0.017741 0.064795
0.311192 0.314241 0.216847 0.010508 0.041460 0.105752
0.135644 0.078944 0.005982 0.779410 0.000010 0.000010
0.265430 0.327025 0.202105 0.036253 0.027470 0.141718
0.380369 0.311709 0.182119 0.009998 0.026913 0.088892
0.251375 0.666674 0.000010 0.052884 0.029047 0.000010
0.120058 0.557209 0.066051 0.076051 0.000010 0.180620
0.157447 0.414982 0.163771 0.037350 0.000010 0.226440
0.537278 0.153843 0.159478 0.000010 0.045670 0.103721
0.620288 0.152423 0.156014 0.000010 0.022403 0.048861
0.362327 0.323114 0.172280 0.010731 0.014928 0.116619
0.216260 0.269838 0.259204 0.037629 0.092027 0.125042
0.327950 0.390569 0.147852 0.000010 0.000010 0.133608
0.272331 0.253029 0.253948 0.028305 0.082480 0.109907
0.380001 0.308365 0.180068 0.015729 0.017304 0.098534
0.276156 0.559676 0.005624 0.054096 0.045890 0.058558
0.108169 0.560932 0.068672 0.074908 0.000010 0.187309
0.608688 0.130097 0.155878 0.000010 0.017411 0.087916
0.240592 0.360078 0.178555 0.018709 0.008164 0.193904
0.367369 0.305026 0.145349 0.019507 0.018712 0.144037
0.103082 0.556714 0.062159 0.077234 0.000010 0.200801
0.318689 0.328287 0.181602 0.036663 0.000010 0.134749
0.362446 0.309067 0.182297 0.000010 0.011339 0.134841
0.400408 0.296038 0.187230 0.000792 0.017507 0.098025
0.254328 0.584873 0.012829 0.079494 0.039260 0.029217
0.098581 0.594015 0.080299 0.053058 0.000010 0.174037
0.592466 0.132941 0.161243 0.000010 0.013815 0.099525
0.557303 0.161569 0.168829 0.002711 0.018123 0.091464
0.336510 0.321359 0.152821 0.016242 0.025269 0.147799
0.095495 0.671684 0.031467 0.060885 0.039419 0.101050
0.041915 0.784880 0.036302 0.021300 0.014170 0.101433
0.281214 0.578872 0.000010 0.096159 0.039640 0.004105
0.199095 0.515796 0.041614 0.064764 0.051533 0.127199
0.344065 0.369965 0.015148 0.058013 0.025931 0.186879
0.382755 0.396313 0.031944 0.067929 0.045214 0.075844
0.282179 0.400232 0.013948 0.092759 0.029240 0.181642
0.140610 0.719306 0.042649 0.000010 0.018617 0.078808
0.124646 0.691097 0.041194 0.029199 0.045144 0.068719
0.453901 0.465168 0.000010 0.064729 0.016181 0.000010
0.271683 0.566466 0.000010 0.076975 0.041208 0.043658
0.146159 0.697847 0.011330 0.032711 0.034724 0.077229
0.105171 0.788239 0.025202 0.014447 0.027548 0.039393
0.305760 0.551212 0.000010 0.081143 0.031251 0.030624
0.447310 0.264711 0.010132 0.115600 0.019546 0.142701
0.156558 0.708273 0.015966 0.037996 0.025116 0.056091
0.096646 0.750979 0.040626 0.048006 0.012679 0.051064
0.275421 0.522964 0.013058 0.065057 0.032489 0.091010
0.433130 0.494576 0.000010 0.066647 0.005628 0.000010
0.502575 0.432565 0.000010 0.044035 0.020805 0.000010
0.455733 0.483534 0.000010 0.037862 0.022851 0.000010
0.195666 0.639898 0.000010 0.066479 0.041312 0.056635
0.042661 0.817980 0.037882 0.005113 0.026940 0.069425
0.215530 0.553686 0.036281 0.033983 0.025117 0.135404
0.323527 0.590881 0.000010 0.050071 0.035500 0.000010
0.164941 0.130676 0.046993 0.584839 0.014115 0.058436
0.151444 0.684828 0.020189 0.055396 0.019921 0.068222
0.232227 0.602729 0.023200 0.070537 0.025744 0.045563
0.159759 0.663470 0.013555 0.053393 0.039227 0.070596
0.438803 0.460626 0.000010 0.076610 0.023942 0.000010
0.434480 0.499284 0.000010 0.048919 0.017297 0.000010
0.515107 0.424129 0.000010 0.040028 0.020716 0.000010
0.359256 0.444226 0.055399 0.028495 0.034963 0.077661
0.052356 0.799083 0.018309 0.029691 0.031455 0.069106
0.157371 0.707594 0.040210 0.043883 0.022106 0.028836
0.259385 0.619600 0.000010 0.030366 0.038363 0.052277
0.184052 0.392352 0.128070 0.082008 0.064120 0.149398
0.161103 0.723487 0.008665 0.038900 0.030990 0.036855
0.117547 0.725713 0.043453 0.039146 0.011541 0.062600
0.124240 0.711485 0.023180 0.031626 0.026686 0.082784
0.123901 0.593958 0.076859 0.056202 0.031961 0.117118
0.489599 0.421868 0.000010 0.057157 0.030872 0.000494
0.494801 0.441576 0.000010 0.051451 0.012151 0.000010
0.291431 0.578491 0.000010 0.083250 0.036615 0.010203
0.042112 0.777436 0.034755 0.058521 0.027994 0.059182
0.046992 0.806209 0.030870 0.000010 0.039094 0.076826
0.498734 0.251941 0.000010 0.095889 0.031022 0.122404
0.247764 0.372154 0.051338 0.073018 0.056954 0.198772
0.346237 0.306372 0.001898 0.093332 0.041975 0.210186
0.304737 0.382256 0.016663 0.071337 0.030325 0.194683
0.215862 0.584984 0.034513 0.068293 0.028031 0.068318
0.494309 0.435053 0.000010 0.046505 0.024112 0.000010
0.304056 0.534119 0.017083 0.074472 0.023468 0.046803
0.464631 0.476196 0.000010 0.054930 0.004223 0.000010
0.182937 0.528517 0.073492 0.062318 0.077076 0.075660
0.289247 0.388036 0.004098 0.089507 0.040481 0.188632
0.577479 0.205504 0.000010 0.158021 0.019939 0.039047
0.317366 0.371229 0.005887 0.095507 0.042278 0.167733
0.092956 0.760567 0.022759 0.028785 0.043055 0.051878
0.141159 0.648294 0.015277 0.071810 0.018993 0.104468
0.149555 0.645832 0.019707 0.067289 0.028697 0.088921
0.473353 0.451159 0.000010 0.044485 0.030983 0.000010
0.464517 0.454950 0.000010 0.063770 0.016743 0.000010
0.303998 0.588201 0.000010 0.052085 0.019289 0.036418
0.275560 0.556676 0.000010 0.056413 0.030255 0.081086
0.104977 0.788675 0.018230 0.017855 0.015328 0.054935
0.292900 0.416487 0.007567 0.091682 0.032231 0.159133
0.277005 0.555449 0.013369 0.046207 0.024576 0.083394
0.171489 0.599443 0.036945 0.060153 0.027920 0.104050
0.269365 0.343130 0.069358 0.089061 0.033451 0.195635
0.548115 0.164149 0.028915 0.141051 0.007991 0.109779
0.081905 0.802160 0.014949 0.047118 0.033577 0.020290
0.134672 0.694710 0.020377 0.035319 0.031833 0.083089
0.446584 0.458856 0.000010 0.073490 0.021050 0.000010
0.471484 0.471370 0.000010 0.044306 0.012820 0.000010
0.258662 0.580532 0.000010 0.086142 0.034732 0.039922
0.252390 0.541309 0.000010 0.091523 0.027275 0.087492
0.187194 0.566394 0.048151 0.048139 0.005751 0.144371
0.163490 0.500588 0.092345 0.066686 0.041724 0.135167
0.529757 0.238884 0.000010 0.118123 0.009742 0.103483
0.174682 0.703576 0.025819 0.034968 0.034453 0.026502
0.140579 0.676342 0.025968 0.047246 0.031003 0.078860
0.108560 0.731721 0.035572 0.042833 0.025468 0.055846
0.275740 0.389502 0.104984 0.052022 0.049402 0.128351
0.500155 0.455518 0.000010 0.032089 0.012217 0.000010
0.440778 0.464602 0.000010 0.072986 0.012709 0.008915
0.180491 0.659022 0.039203 0.000010 0.024421 0.096854
0.285189 0.573045 0.000010 0.086485 0.021665 0.033605
0.222924 0.582232 0.007886 0.074817 0.031704 0.080437
0.355150 0.550096 0.000010 0.079803 0.014931 0.000010
0.292660 0.505662 0.023263 0.082451 0.032759 0.063204
0.158807 0.454573 0.148090 0.007065 0.000010 0.231455
0.348885 0.315724 0.164562 0.019390 0.000010 0.151429
0.377465 0.302071 0.149109 0.021236 0.004879 0.145240
0.243617 0.402624 0.164310 0.027316 0.000010 0.162124
0.296134 0.494898 0.002033 0.085834 0.028962 0.092139
0.000010 0.661847 0.238420 0.000010 0.000010 0.099703
0.043097 0.001154 0.000010 0.955719 0.000010 0.000010
0.108687 0.581333 0.067343 0.053776 0.000010 0.188851
0.324550 0.328768 0.162210 0.024759 0.015251 0.144463
0.171349 0.396091 0.200782 0.005781 0.028159 0.197839
0.264483 0.558610 0.025715 0.079245 0.046507 0.025440
0.000010 0.679969 0.223963 0.000010 0.000010 0.096038
0.000010 0.645516 0.221727 0.000010 0.000010 0.132727
0.025402 0.045388 0.000010 0.929180 0.000010 0.000010
0.137390 0.495291 0.115976 0.046672 0.000010 0.204661
0.170145 0.420046 0.179646 0.002314 0.000010 0.227839
0.248998 0.440896 0.155357 0.000010 0.000010 0.154730
0.118885 0.577918 0.076989 0.039009 0.000010 0.187189
0.082504 0.467195 0.217745 0.032419 0.000010 0.200128
0.154169 0.438929 0.227202 0.003689 0.002540 0.173471
0.128558 0.475664 0.207672 0.000010 0.013848 0.174248
0.037630 0.594506 0.236800 0.000010 0.000010 0.131044
0.000010 0.646625 0.231917 0.000010 0.000010 0.121428
0.128520 0.032235 0.000010 0.813789 0.000010 0.025436
0.108174 0.535235 0.062698 0.087608 0.000010 0.206276
0.138922 0.551965 0.076215 0.046382 0.000010 0.186506
0.416109 0.245988 0.157379 0.019106 0.020585 0.140832
0.292825 0.623697 0.000010 0.038728 0.024666 0.020074
0.096444 0.598846 0.066142 0.070062 0.000010 0.168495
0.108021 0.485710 0.219157 0.000010 0.000010 0.187092
0.107700 0.487874 0.197270 0.029801 0.000010 0.177344
0.000010 0.669440 0.213725 0.000010 0.000010 0.116805
0.016651 0.604103 0.222427 0.000010 0.000010 0.156799
0.353678 0.348285 0.172248 0.031129 0.000010 0.094648
0.209965 0.378412 0.169553 0.033868 0.004792 0.203411
0.114889 0.516830 0.129013 0.043944 0.008678 0.186646
0.277403 0.613224 0.000010 0.084887 0.023597 0.000879
0.145870 0.454714 0.218230 0.005330 0.016484 0.159373
0.144164 0.479754 0.199973 0.000010 0.000010 0.176089
0.000010 0.641710 0.229913 0.000010 0.000010 0.128347
0.000010 0.648391 0.233868 0.000010 0.000010 0.117711
0.017312 0.612609 0.228275 0.000010 0.000010 0.141784
0.323371 0.410159 0.027374 0.056710 0.042947 0.139439
0.319042 0.364312 0.164640 0.005738 0.000283 0.145985
0.234873 0.407481 0.151544 0.000010 0.000010 0.206082
0.173145 0.442693 0.166222 0.000010 0.000010 0.217920
0.292403 0.562113 0.000010 0.101572 0.029321 0.014582
0.022027 0.386311 0.330884 0.032318 0.056053 0.172406
0.151636 0.413661 0.229895 0.000010 0.012196 0.192602
0.000010 0.641428 0.237888 0.000010 0.000010 0.120653
0.000010 0.626797 0.224813 0.000010 0.000010 0.148361
0.000010 0.624218 0.219626 0.009287 0.000010 0.146849
0.167960 0.516817 0.066399 0.033152 0.000010 0.215661
0.260400 0.400414 0.156097 0.018124 0.000010 0.164955
0.262719 0.658929 0.000010 0.053573 0.024758 0.000010
0.175369 0.080355 0.013301 0.730955 0.000010 0.000010
0.124631 0.472621 0.234663 0.000010 0.000010 0.168066
0.169746 0.437938 0.221006 0.000010 0.009398 0.161903
0.012658 0.652251 0.214833 0.000010 0.000010 0.120238
0.000010 0.633542 0.235862 0.000010 0.000010 0.130566
0.091854 0.006253 0.000010 0.901863 0.000010 0.000010
0.119458 0.747733 0.036974 0.031427 0.030563 0.033845
0.170289 0.400828 0.181574 0.009939 0.006153 0.231217
0.283954 0.615257 0.000010 0.069443 0.018583 0.012753
0.071284 0.042350 0.015305 0.869960 0.000010 0.001090
0.196611 0.445296 0.209050 0.000010 0.000010 0.149024
0.132063 0.478363 0.230694 0.005467 0.020840 0.132572
0.120198 0.461315 0.203410 0.000010 0.016520 0.198546
0.000010 0.633971 0.208722 0.000010 0.000010 0.157276
0.000010 0.659428 0.225686 0.000010 0.000010 0.114856
0.000010 0.049994 0.000010 0.949966 0.000010 0.000010
