0.087104 0.143188 0.000010 0.385790 0.383908
0.037333 0.195717 0.000010 0.490298 0.276642
0.076791 0.134256 0.000010 0.402650 0.386293
0.017815 0.170537 0.025772 0.479755 0.306120
0.076027 0.129345 0.000010 0.407390 0.387227
0.073619 0.149885 0.000010 0.429774 0.346713
0.046406 0.178276 0.017979 0.439779 0.317560
0.000010 0.368576 0.000010 0.629624 0.001780
0.003628 0.360120 0.000010 0.636232 0.000010
0.000010 0.022099 0.009533 0.968349 0.000010
0.054918 0.325751 0.000010 0.582833 0.036488
0.028539 0.359948 0.001305 0.567888 0.042320
0.014585 0.017322 0.182339 0.000010 0.785744
0.087058 0.027930 0.193276 0.007875 0.683861
0.000010 0.049373 0.075888 0.000010 0.874719
0.125721 0.008815 0.145989 0.026845 0.692630
0.099089 0.128443 0.000954 0.408695 0.362819
0.083985 0.134466 0.000010 0.429635 0.351903
0.000010 0.344245 0.000010 0.655725 0.000010
0.000010 0.425278 0.000010 0.567099 0.007603
0.000010 0.375586 0.000010 0.614296 0.010098
0.000010 0.000010 0.000010 0.999960 0.000010
0.047799 0.359804 0.000010 0.561660 0.030727
0.018181 0.330939 0.023760 0.588094 0.039026
0.000010 0.029654 0.134773 0.000010 0.835553
0.015072 0.037371 0.104337 0.000010 0.843210
0.006300 0.059884 0.053931 0.000010 0.879875
0.090095 0.015332 0.221409 0.007756 0.665408
0.090757 0.139096 0.000010 0.413163 0.356974
0.065551 0.146759 0.039006 0.398232 0.350453
0.000010 0.307685 0.000010 0.657400 0.034895
0.000010 0.451635 0.000010 0.548335 0.000010
0.000010 0.054857 0.000010 0.945113 0.000010
0.000010 0.000010 0.000010 0.999960 0.000010
0.059388 0.333782 0.000010 0.587611 0.019208
0.043663 0.330952 0.019445 0.587436 0.018504
0.023413 0.018138 0.172036 0.000010 0.786403
0.008930 0.056267 0.086586 0.000010 0.848207
0.000010 0.022400 0.148329 0.000010 0.829251
0.101029 0.016391 0.165220 0.021870 0.695491
0.075126 0.148683 0.005139 0.435631 0.335421
0.073539 0.131610 0.042505 0.413061 0.339284
0.000010 0.382876 0.000010 0.617035 0.000069
0.000010 0.358407 0.000010 0.641563 0.000010
0.000010 0.000010 0.000010 0.999960 0.000010
0.000010 0.042464 0.008344 0.949172 0.000010
0.000010 0.000010 0.000010 0.999960 0.000010
0.051727 0.332583 0.002731 0.571333 0.041626
0.060347 0.321828 0.000010 0.589585 0.028230
0.025220 0.010677 0.171304 0.003918 0.788880
0.000010 0.063372 0.053626 0.000010 0.882982
0.025000 0.026284 0.070961 0.000010 0.877745
0.083920 0.031627 0.142756 0.019219 0.722479
0.010776 0.025391 0.132245 0.000010 0.831578
0.258975 0.022802 0.230237 0.000010 0.487976
0.029741 0.042552 0.129625 0.000010 0.798071
0.063826 0.000010 0.099408 0.069116 0.767639
0.082017 0.008350 0.131176 0.054241 0.724216
0.065695 0.000010 0.037538 0.065976 0.830782
0.076536 0.006924 0.120381 0.062511 0.733648
0.090952 0.134379 0.000010 0.362840 0.411819
0.046973 0.030965 0.159597 0.000010 0.762455
0.049862 0.026582 0.181180 0.000010 0.742365
0.071027 0.000505 0.088730 0.097810 0.741927
0.140575 0.000261 0.013651 0.177890 0.667623
0.130875 0.000010 0.057108 0.068507 0.743501
0.107246 0.000010 0.099521 0.085847 0.707375
0.080133 0.150954 0.030559 0.389928 0.348426
0.087587 0.131944 0.005929 0.411492 0.363048
0.024927 0.034417 0.161813 0.000010 0.778833
0.210613 0.031300 0.216183 0.000010 0.541893
0.029755 0.024959 0.143171 0.000010 0.802105
0.100319 0.008661 0.079092 0.073897 0.738031
0.095252 0.008283 0.152778 0.061077 0.682609
0.079692 0.000010 0.118797 0.043434 0.758067
0.090043 0.009858 0.115196 0.094975 0.689929
0.112535 0.106537 0.028863 0.370587 0.381478
0.109495 0.120301 0.019531 0.369938 0.380736
0.075741 0.148461 0.029759 0.397420 0.348620
0.014321 0.356996 0.000010 0.628663 0.000010
0.000010 0.001952 0.000010 0.998018 0.000010
0.000012 0.086402 0.004644 0.908931 0.000010
0.000010 0.000010 0.000010 0.999960 0.000010
0.050117 0.400372 0.001660 0.514839 0.033013
0.058135 0.344760 0.000010 0.578305 0.018790
0.042151 0.019154 0.155493 0.000010 0.783192
0.000010 0.054144 0.045839 0.000010 0.899998
0.054795 0.018314 0.118509 0.000010 0.808372
0.083184 0.012844 0.197242 0.042494 0.664237
0.060667 0.135683 0.038464 0.406549 0.358637
0.035383 0.212887 0.000010 0.560768 0.190952
0.000010 0.387536 0.000010 0.612434 0.000010
0.000010 0.355442 0.000010 0.644528 0.000010
0.000010 0.023321 0.000010 0.976649 0.000010
0.000010 0.000010 0.000010 0.999960 0.000010
0.032978 0.338782 0.008883 0.575197 0.044160
0.047729 0.349082 0.000010 0.567579 0.035600
0.023044 0.026519 0.170347 0.000010 0.780080
0.015379 0.020575 0.110722 0.000010 0.853314
0.110309 0.012179 0.153175 0.028252 0.696085
0.030242 0.038926 0.142270 0.000010 0.788552
0.399516 0.011505 0.283585 0.000010 0.305385
0.027561 0.047664 0.123050 0.000010 0.801716
0.070211 0.000010 0.056395 0.081310 0.792074
0.107836 0.000010 0.067576 0.066545 0.758033
0.099516 0.000010 0.110039 0.055971 0.734464
0.082088 0.142288 0.057909 0.409278 0.308436
0.079620 0.136929 0.005101 0.400268 0.378081
0.000010 0.388907 0.000010 0.611063 0.000010
0.000010 0.393063 0.000010 0.601336 0.005581
0.000010 0.000010 0.000010 0.999960 0.000010
0.000010 0.088488 0.000155 0.911338 0.000010
0.046061 0.336882 0.014306 0.570064 0.032687
0.040032 0.015561 0.163226 0.011038 0.770143
0.000010 0.039613 0.070903 0.000010 0.889464
0.000010 0.051193 0.050807 0.000010 0.897981
0.086647 0.010892 0.189348 0.023167 0.689946
0.038232 0.040987 0.129396 0.000010 0.791376
0.240805 0.041728 0.258509 0.000010 0.458948
0.004097 0.037235 0.167262 0.000010 0.791396
0.076072 0.000010 0.064927 0.070858 0.788133
0.068906 0.000010 0.062950 0.080033 0.788101
0.084558 0.000010 0.113988 0.055025 0.746419
0.100198 0.103874 0.005905 0.329329 0.460694
0.067400 0.169344 0.000010 0.417297 0.345950
0.000014 0.404322 0.000010 0.595644 0.000010
0.000010 0.342056 0.000010 0.657914 0.000010
0.000010 0.000010 0.000010 0.999960 0.000010
0.000010 0.000010 0.000010 0.999960 0.000010
0.032866 0.364280 0.000010 0.564711 0.038133
0.047298 0.319857 0.007834 0.573164 0.051847
0.031241 0.026263 0.206725 0.004668 0.731104
0.000010 0.053457 0.066927 0.000010 0.879596
0.000010 0.047890 0.068597 0.000010 0.883493
0.095182 0.020917 0.191354 0.022011 0.670536
0.076277 0.028200 0.113541 0.000010 0.781972
0.234822 0.028730 0.254369 0.000010 0.482069
0.012988 0.030598 0.154323 0.000010 0.802081
0.089978 0.000010 0.000010 0.109150 0.800852
0.119130 0.000010 0.104662 0.082022 0.694177
0.062439 0.027912 0.114073 0.122609 0.672968
0.048082 0.171293 0.045739 0.435750 0.299136
0.068642 0.164233 0.000010 0.421545 0.345569
0.000010 0.360677 0.000010 0.636359 0.002944
0.000010 0.336197 0.000010 0.663773 0.000010
0.000010 0.019380 0.000351 0.980249 0.000010
0.000010 0.018397 0.000010 0.981573 0.000010
0.000010 0.000010 0.000010 0.999960 0.000010
0.064576 0.332253 0.028907 0.567076 0.007188
0.030649 0.344903 0.000010 0.599256 0.025182
0.061116 0.024400 0.145779 0.000010 0.768695
0.032900 0.050963 0.114973 0.005466 0.795699
0.000010 0.057797 0.046911 0.000010 0.895271
0.094241 0.018968 0.180382 0.029776 0.676633
0.080277 0.017658 0.156254 0.000010 0.745801
0.028627 0.050815 0.122962 0.000010 0.797585
0.137497 0.000058 0.069647 0.054165 0.738633
0.109753 0.000010 0.071292 0.078763 0.740182
0.086749 0.010273 0.113618 0.070256 0.719103
0.110841 0.000010 0.028140 0.069720 0.791290
0.000010 0.103824 0.007961 0.000010 0.888195
0.039376 0.144799 0.051929 0.397334 0.366563
0.000010 0.397149 0.000010 0.602821 0.000010
0.000010 0.149924 0.019009 0.831047 0.000010
0.000010 0.009336 0.004259 0.986386 0.000010
0.061531 0.351548 0.000010 0.552195 0.034716
0.051265 0.354896 0.000010 0.578313 0.015516
0.061457 0.022711 0.077205 0.000010 0.838617
0.001328 0.022921 0.107579 0.000010 0.868162
0.005133 0.029739 0.134735 0.000010 0.830383
0.003178 0.041646 0.156444 0.000010 0.798722
0.239878 0.022959 0.249584 0.000010 0.487569
0.031607 0.034804 0.143488 0.000010 0.790091
0.074714 0.000010 0.053418 0.094026 0.777832
0.079920 0.000010 0.071833 0.075817 0.772421
0.139991 0.000010 0.039560 0.158306 0.662133
0.087706 0.000010 0.048353 0.063017 0.800914
0.085845 0.155653 0.004360 0.467277 0.286865
0.000010 0.100287 0.018186 0.000010 0.881508
0.000010 0.355450 0.000010 0.644520 0.000010
0.000010 0.008063 0.003714 0.988203 0.000010
0.003438 0.361101 0.000010 0.626726 0.008725
0.000010 0.378901 0.000010 0.620256 0.000823
0.027207 0.036660 0.153257 0.000010 0.782867
0.132790 0.000010 0.073131 0.059798 0.734270
0.243487 0.034735 0.238713 0.000010 0.483056
0.001954 0.030986 0.165076 0.000010 0.801974
0.085493 0.000010 0.046833 0.090766 0.776898
0.123257 0.000010 0.098796 0.054294 0.723643
0.064357 0.053803 0.095565 0.213480 0.572795
0.062572 0.162099 0.044555 0.397323 0.333450
0.000010 0.094161 0.000010 0.000010 0.905809
0.000010 0.019640 0.008356 0.971984 0.000010
0.071131 0.347546 0.015011 0.545114 0.021199
0.023130 0.353394 0.017266 0.575095 0.031116
0.032443 0.341048 0.000010 0.571200 0.055299
0.000010 0.047671 0.087150 0.000010 0.865159
0.000010 0.024049 0.129067 0.000010 0.846864
0.054618 0.038562 0.162199 0.000010 0.744611
0.012993 0.043651 0.160636 0.000010 0.782710
0.250336 0.037312 0.222490 0.000010 0.489852
0.104847 0.000010 0.027466 0.087992 0.779685
0.110338 0.000010 0.069509 0.088549 0.731594
0.117859 0.016627 0.099850 0.073601 0.692063
0.090102 0.000010 0.084222 0.063032 0.762634
0.092553 0.019915 0.139567 0.045801 0.702164
0.000010 0.096224 0.018793 0.000010 0.884963
0.191667 0.028222 0.232398 0.000010 0.547702
0.033789 0.037415 0.143562 0.000010 0.785224
0.092382 0.000010 0.057154 0.084243 0.766210
0.083165 0.000010 0.092722 0.082367 0.741735
0.173256 0.000010 0.006803 0.172530 0.647400
0.105705 0.000010 0.104208 0.052725 0.737353
0.090957 0.145423 0.002172 0.440250 0.321199
0.000010 0.085648 0.018450 0.000010 0.895882
0.000010 0.089805 0.000010 0.000010 0.910165
0.029525 0.090379 0.128961 0.000010 0.751125
0.017452 0.025244 0.093606 0.000010 0.863688
0.183684 0.031612 0.199617 0.060494 0.524593
0.073202 0.000010 0.000010 0.186997 0.739781
0.072020 0.000010 0.000010 0.233652 0.694307
0.057106 0.019653 0.043628 0.010078 0.869535
0.027796 0.011852 0.104268 0.000010 0.856074
0.042089 0.005849 0.081334 0.019973 0.850755
0.000010 0.094900 0.084062 0.001247 0.819782
0.000010 0.085133 0.034366 0.000010 0.880481
0.000711 0.037738 0.114719 0.000010 0.846822
0.242238 0.044228 0.156811 0.061622 0.495101
0.082394 0.000010 0.000010 0.215010 0.702576
0.101030 0.000010 0.000010 0.114951 0.784000
0.067233 0.022375 0.082296 0.007690 0.820406
0.035517 0.005853 0.120936 0.012060 0.825634
0.000010 0.209385 0.016447 0.054314 0.719844
0.074578 0.000010 0.054404 0.074217 0.796792
0.000010 0.096944 0.037691 0.000010 0.865344
0.200292 0.040801 0.221206 0.000010 0.537691
0.296518 0.005086 0.191221 0.047596 0.459579
0.118169 0.000010 0.000010 0.240408 0.641403
0.080964 0.000010 0.000010 0.181096 0.737921
0.059329 0.030979 0.060562 0.011017 0.838114
0.042859 0.029016 0.083531 0.013128 0.831466
0.000740 0.022346 0.105027 0.010873 0.861014
0.000010 0.143584 0.036590 0.041494 0.778322
0.000010 0.094243 0.000010 0.000010 0.905727
0.020116 0.075568 0.154459 0.000010 0.749848
0.194549 0.033357 0.238623 0.000010 0.533461
0.214320 0.054297 0.126891 0.069839 0.534652
0.065257 0.023622 0.000010 0.363958 0.547152
0.115699 0.000010 0.000010 0.191979 0.692302
0.047448 0.014281 0.080626 0.015086 0.842560
0.045256 0.025884 0.090198 0.015562 0.823101
0.058518 0.023045 0.066205 0.010224 0.842008
0.000010 0.219387 0.018206 0.068425 0.693971
0.047579 0.316013 0.000010 0.589066 0.047332
0.056868 0.345349 0.000010 0.567292 0.030481
0.070146 0.001802 0.162773 0.012928 0.752350
0.000010 0.064292 0.019411 0.000010 0.916277
0.087844 0.007236 0.183826 0.029185 0.691909
0.000010 0.085100 0.000010 0.000010 0.914870
0.000010 0.033024 0.071931 0.000010 0.895024
0.214667 0.030766 0.198330 0.000010 0.556227
0.163385 0.038384 0.181964 0.061922 0.554345
0.054645 0.000010 0.000010 0.261099 0.684236
0.093467 0.000010 0.000010 0.179320 0.727192
0.034471 0.027688 0.090384 0.020789 0.826668
0.045759 0.010992 0.086371 0.011100 0.845778
0.043634 0.031433 0.086737 0.016944 0.821252
0.004441 0.150835 0.036587 0.015883 0.792254
0.005457 0.032540 0.097013 0.000010 0.864980
0.246680 0.048310 0.251192 0.000010 0.453808
0.072123 0.000010 0.000010 0.198644 0.729213
0.106165 0.000010 0.000010 0.174005 0.719810
0.083176 0.000530 0.000010 0.308784 0.607500
0.044808 0.019358 0.055819 0.022320 0.857695
0.034636 0.074407 0.130619 0.000010 0.760327
0.006503 0.030603 0.142864 0.000010 0.820021
0.227661 0.025465 0.265524 0.000010 0.481340
0.193257 0.026436 0.188306 0.048879 0.543122
0.084461 0.000010 0.000010 0.194061 0.721459
0.098750 0.000010 0.000010 0.181193 0.720037
0.036754 0.017107 0.093067 0.011421 0.841650
0.032890 0.024433 0.073634 0.010114 0.858928
0.045822 0.033358 0.066432 0.007858 0.846530
0.000010 0.194888 0.015127 0.046819 0.743157
0.000010 0.096260 0.122731 0.000010 0.780989
0.000010 0.030148 0.106799 0.000010 0.863033
0.201452 0.028773 0.288101 0.000993 0.480682
0.167635 0.026385 0.180683 0.090297 0.535000
0.080211 0.000010 0.000010 0.196681 0.723087
0.094264 0.000010 0.000010 0.202217 0.703499
0.066677 0.029787 0.076889 0.006958 0.819689
0.068849 0.017349 0.051892 0.014727 0.847184
0.070040 0.024431 0.055104 0.015732 0.834692
0.009818 0.103151 0.103654 0.000010 0.783366
0.012068 0.034080 0.099140 0.000010 0.854703
0.250814 0.021984 0.152420 0.075532 0.499250
0.063484 0.000010 0.000010 0.193319 0.743177
0.076305 0.000010 0.000010 0.200333 0.723341
0.064674 0.029918 0.051174 0.015407 0.838827
0.000010 0.096369 0.162546 0.000010 0.741065
0.000010 0.040622 0.089710 0.000010 0.869648
0.230798 0.034180 0.163319 0.051496 0.520207
0.078563 0.000010 0.000010 0.190963 0.730454
0.091153 0.000010 0.000010 0.218601 0.690226
0.028929 0.031653 0.072684 0.006061 0.860674
0.041314 0.020024 0.061858 0.021615 0.855189
0.000010 0.202971 0.007260 0.059657 0.730102
0.000010 0.207557 0.000010 0.051887 0.740536
0.072342 0.011086 0.155760 0.072012 0.688800
0.095402 0.009752 0.120089 0.063181 0.711576
0.085605 0.148382 0.028616 0.440944 0.296453
0.007595 0.096282 0.133585 0.000010 0.762528
0.012884 0.036705 0.068336 0.000010 0.882065
0.248557 0.020147 0.251896 0.000010 0.479390
0.084736 0.000010 0.000010 0.189487 0.725756
0.091177 0.000010 0.000010 0.234928 0.673874
0.049099 0.014461 0.080622 0.025106 0.830712
0.014520 0.016671 0.111449 0.015753 0.841607
0.000010 0.210958 0.016789 0.064104 0.708139
0.044492 0.337812 0.000010 0.572956 0.044731
0.003868 0.023984 0.077094 0.000010 0.895044
0.000010 0.160048 0.046889 0.035710 0.757342
0.062145 0.028580 0.076604 0.012353 0.820318
0.084042 0.000010 0.000010 0.187393 0.728545
0.043822 0.015150 0.068018 0.024390 0.848620
0.223932 0.021426 0.148185 0.053080 0.553378
0.274581 0.025625 0.196923 0.000010 0.502861
0.042705 0.091739 0.150353 0.000010 0.715194
0.067059 0.032923 0.000010 0.375325 0.524683
0.081847 0.018249 0.119500 0.000035 0.780368
0.000010 0.546754 0.014171 0.439055 0.000010
0.000010 0.559564 0.000010 0.440406 0.000010
0.015156 0.593907 0.000010 0.390917 0.000010
0.000010 0.610600 0.003879 0.385501 0.000010
0.189612 0.028543 0.465289 0.000010 0.316547
0.242381 0.026245 0.389190 0.000010 0.342174
0.199098 0.018597 0.454862 0.000010 0.327433
0.175690 0.041981 0.448664 0.000010 0.333656
0.016254 0.519673 0.000010 0.425182 0.038880
0.000010 0.453718 0.000010 0.546252 0.000010
0.000010 0.485640 0.000010 0.514330 0.000010
0.002469 0.468271 0.000010 0.528293 0.000957
0.000010 0.468539 0.000010 0.531431 0.000010
0.000010 0.476878 0.003438 0.519665 0.000010
0.000010 0.556574 0.000010 0.443396 0.000010
0.000010 0.457707 0.000010 0.540928 0.001345
0.075021 0.360103 0.137764 0.352157 0.074955
0.004063 0.645972 0.026605 0.230023 0.093337
0.000010 0.604053 0.016828 0.379099 0.000010
0.000010 0.629725 0.014284 0.355971 0.000010
0.000010 0.630260 0.008631 0.361089 0.000010
0.024002 0.610118 0.000618 0.365251 0.000010
0.000010 0.647364 0.025273 0.327344 0.000010
0.002317 0.555958 0.000010 0.441705 0.000010
0.008834 0.628169 0.000010 0.354739 0.008248
0.000680 0.614174 0.020095 0.365041 0.000010
0.025221 0.622290 0.000010 0.352469 0.000010
0.000010 0.591973 0.020414 0.377984 0.009620
0.000010 0.561163 0.000010 0.438807 0.000010
0.000010 0.535402 0.000010 0.464568 0.000010
0.000010 0.586296 0.000010 0.413673 0.000010
0.000010 0.573011 0.000010 0.426959 0.000010
0.013412 0.564825 0.000010 0.420774 0.000980
0.000010 0.579623 0.000010 0.420347 0.000010
0.000010 0.569037 0.000010 0.430933 0.000010
0.000010 0.568588 0.000010 0.431382 0.000010
0.000014 0.561818 0.000010 0.438149 0.000010
0.000010 0.540888 0.000010 0.459082 0.000010
0.000010 0.541838 0.006208 0.451934 0.000010
0.000010 0.593341 0.019841 0.386798 0.000010
0.000010 0.634367 0.000010 0.365603 0.000010
0.000010 0.634195 0.001880 0.363904 0.000010
0.000010 0.641239 0.000010 0.358731 0.000010
0.000010 0.658404 0.000010 0.341566 0.000010
0.000010 0.658295 0.000010 0.341675 0.000010
0.000010 0.651377 0.000010 0.348593 0.000010
0.003033 0.559860 0.018082 0.416606 0.002418
0.022471 0.583545 0.000010 0.393964 0.000010
0.012097 0.551793 0.012016 0.424085 0.000010
0.000010 0.574275 0.000010 0.425695 0.000010
0.000010 0.553830 0.000010 0.446140 0.000010
0.000010 0.651487 0.000010 0.348483 0.000010
0.000010 0.564797 0.000010 0.435173 0.000010
0.000010 0.547946 0.000010 0.449816 0.002218
0.000010 0.569178 0.000010 0.430792 0.000010
0.000010 0.602595 0.000010 0.397375 0.000010
0.000010 0.581610 0.000010 0.418360 0.000010
0.000010 0.571596 0.000010 0.419661 0.008723
0.003424 0.538531 0.000010 0.458025 0.000010
0.009879 0.597687 0.006960 0.382823 0.002651
0.000010 0.564299 0.011295 0.424386 0.000010
0.012170 0.515431 0.018718 0.453671 0.000010
0.000010 0.611630 0.001764 0.386586 0.000010
0.014767 0.628637 0.000010 0.356575 0.000010
0.010627 0.530806 0.000010 0.458547 0.000010
0.000010 0.636966 0.007077 0.351305 0.004642
0.001055 0.569761 0.000010 0.427576 0.001597
0.000010 0.554014 0.007927 0.438039 0.000010
0.000010 0.648359 0.000010 0.351611 0.000010
0.000010 0.617481 0.036268 0.346231 0.000010
0.001702 0.628546 0.012693 0.357048 0.000010
0.009226 0.612295 0.000010 0.378460 0.000010
0.000010 0.595909 0.013357 0.390714 0.000010
0.112933 0.370348 0.213835 0.211229 0.091655
0.003527 0.491147 0.012661 0.492655 0.000010
0.000010 0.497832 0.000010 0.502138 0.000010
0.000010 0.491294 0.004748 0.503938 0.000010
0.000010 0.495585 0.000010 0.504385 0.000010
0.001818 0.500678 0.016178 0.481316 0.000010
0.000010 0.488215 0.000010 0.511755 0.000010
0.000010 0.485929 0.000010 0.513885 0.000166
0.000010 0.475557 0.000010 0.524413 0.000010
0.001114 0.535253 0.000010 0.463612 0.000010
0.004187 0.576290 0.010832 0.408681 0.000010
0.000010 0.529587 0.008619 0.461775 0.000010
0.000010 0.536221 0.000010 0.439371 0.024388
0.013329 0.536247 0.000010 0.444761 0.005654
0.001355 0.540089 0.007340 0.451206 0.000010
0.000015 0.495939 0.000010 0.504025 0.000010
0.000010 0.537683 0.011446 0.450851 0.000010
0.000010 0.517713 0.000010 0.461858 0.020408
0.000010 0.597641 0.041204 0.361134 0.000010
0.000010 0.569296 0.011529 0.419155 0.000010
0.000010 0.530308 0.021509 0.448163 0.000010
0.000010 0.527161 0.000010 0.472809 0.000010
0.000010 0.587388 0.018267 0.394325 0.000010
0.202372 0.085915 0.475406 0.000677 0.235631
0.280179 0.150626 0.435927 0.012653 0.120614
0.238828 0.159385 0.396025 0.000846 0.204916
0.073037 0.403206 0.094524 0.393153 0.036080
0.162853 0.084609 0.547159 0.000010 0.205369
0.165873 0.060026 0.533869 0.000010 0.240222
0.127434 0.313801 0.280032 0.165837 0.112895
0.139388 0.277148 0.285216 0.178983 0.119266
0.293457 0.183962 0.328268 0.079693 0.114620
0.837988 0.024265 0.063373 0.001442 0.072933
0.163582 0.083351 0.553649 0.000010 0.199408
0.204661 0.071634 0.526292 0.000010 0.197403
0.090799 0.307312 0.292982 0.155032 0.153874
0.272573 0.163919 0.402523 0.000010 0.160975
0.083127 0.333516 0.405645 0.043325 0.134386
0.191859 0.064357 0.504484 0.000010 0.239290
0.137829 0.285912 0.280441 0.192221 0.103597
0.095380 0.290833 0.318888 0.181190 0.113709
0.144304 0.293940 0.213770 0.234618 0.113367
0.090339 0.383675 0.101247 0.384937 0.039802
0.077088 0.355422 0.314843 0.130314 0.122333
0.086268 0.336342 0.377064 0.057375 0.142952
0.204117 0.058151 0.535635 0.000010 0.202087
0.123128 0.332688 0.346406 0.049251 0.148527
0.147452 0.100395 0.551065 0.000010 0.201079
0.103116 0.323082 0.266357 0.193505 0.113940
0.088332 0.312162 0.297405 0.184019 0.118082
0.083611 0.361704 0.149063 0.355466 0.050157
0.190503 0.081661 0.517503 0.000010 0.210323
0.064163 0.335225 0.388713 0.048333 0.163566
0.208491 0.080511 0.512802 0.000010 0.198186
0.336200 0.199182 0.287846 0.052283 0.124490
0.255698 0.225601 0.327721 0.063059 0.127921
0.168654 0.075764 0.559068 0.000010 0.196504
0.204397 0.072328 0.505784 0.000010 0.217481
0.052852 0.326409 0.396960 0.056393 0.167385
0.051349 0.407079 0.091986 0.383472 0.066115
0.096068 0.330279 0.186010 0.290794 0.096850
0.113479 0.308857 0.282640 0.184450 0.110575
0.266292 0.212636 0.347878 0.030633 0.142562
0.093650 0.340840 0.355686 0.051336 0.158488
0.351697 0.188473 0.292460 0.039615 0.127756
0.088301 0.377767 0.099549 0.399241 0.035142
0.311156 0.232000 0.272483 0.045136 0.139226
0.179900 0.076700 0.526511 0.000010 0.216879
0.073467 0.325484 0.415914 0.041773 0.143360
0.141603 0.302902 0.265827 0.183156 0.106513
0.110761 0.302807 0.323662 0.185344 0.077426
0.116231 0.306094 0.296438 0.182694 0.098542
0.100611 0.317933 0.399910 0.034544 0.147002
0.164788 0.063447 0.572458 0.000010 0.199297
0.273121 0.134897 0.438796 0.000010 0.153176
0.282367 0.182658 0.330757 0.077778 0.126441
0.057076 0.376160 0.112474 0.413415 0.040874
0.166832 0.076823 0.515094 0.000010 0.241242
0.194271 0.070893 0.533969 0.000010 0.200857
0.071832 0.374472 0.157729 0.312816 0.083151
0.070363 0.326331 0.300820 0.183849 0.118638
0.047209 0.378893 0.116513 0.379941 0.077444
0.076680 0.329728 0.369264 0.051274 0.173054
0.291698 0.197223 0.311433 0.049195 0.150451
0.285811 0.185840 0.336122 0.039331 0.152896
0.063186 0.333395 0.278875 0.202695 0.121850
0.139530 0.080881 0.534404 0.000010 0.245174
0.177531 0.080073 0.554166 0.000010 0.188220
0.197858 0.075978 0.507894 0.000010 0.218260
0.081346 0.357298 0.190410 0.306702 0.064245
0.144421 0.232311 0.391861 0.105307 0.126099
0.080027 0.362466 0.093927 0.395619 0.067961
0.166526 0.067662 0.568354 0.000010 0.197448
0.054244 0.337349 0.409218 0.040081 0.159108
0.268360 0.167477 0.387660 0.000010 0.176493
0.101174 0.379596 0.295461 0.081532 0.142236
0.293384 0.205931 0.335921 0.051517 0.113246
0.180220 0.068459 0.546458 0.000010 0.204853
0.212688 0.073327 0.507217 0.000010 0.206758
0.187293 0.089715 0.534943 0.000010 0.188038
0.126971 0.299246 0.269933 0.190941 0.112909
0.077467 0.406936 0.125279 0.344412 0.045906
0.091883 0.376720 0.074499 0.383640 0.073258
0.187723 0.251705 0.309858 0.114969 0.135745
0.087664 0.358475 0.390519 0.026967 0.136376
0.319901 0.199282 0.280702 0.057853 0.142261
0.313876 0.196207 0.318510 0.021328 0.150080
0.355388 0.192848 0.321537 0.009732 0.120495
0.419231 0.169732 0.288406 0.017834 0.104797
0.346560 0.016914 0.550231 0.029574 0.056721
0.163565 0.064713 0.570024 0.000010 0.201688
0.596151 0.156935 0.163555 0.029854 0.053505
0.240495 0.256469 0.240808 0.138912 0.123316
0.362668 0.157926 0.298926 0.011107 0.169374
0.344368 0.177707 0.313312 0.022726 0.141887
0.283572 0.181171 0.404242 0.000010 0.131005
0.346106 0.188196 0.302375 0.027340 0.135983
0.268528 0.003265 0.695662 0.032535 0.000010
0.169429 0.067056 0.557330 0.000010 0.206176
0.192937 0.185930 0.455985 0.000010 0.165138
0.594220 0.145567 0.167488 0.020093 0.072633
0.507818 0.159324 0.216984 0.031073 0.084801
0.119200 0.093114 0.620309 0.000010 0.167368
0.220483 0.057929 0.507171 0.000010 0.214407
0.408000 0.189715 0.283945 0.038883 0.079457
0.127085 0.078885 0.592084 0.000010 0.201936
0.341152 0.000010 0.640658 0.018170 0.000010
0.145892 0.069095 0.587997 0.000010 0.197005
0.163886 0.173151 0.444468 0.000010 0.218485
0.573577 0.157606 0.165067 0.024146 0.079605
0.500426 0.142528 0.235137 0.024945 0.096964
0.276154 0.169072 0.365738 0.008062 0.180974
0.159626 0.070012 0.581555 0.000010 0.188797
0.402497 0.199200 0.273042 0.040586 0.084675
0.404567 0.176600 0.284515 0.012416 0.121903
0.131779 0.080389 0.583293 0.000010 0.204530
0.292689 0.015630 0.620626 0.046602 0.024453
0.142874 0.092659 0.560564 0.000010 0.203893
0.193583 0.143079 0.466321 0.000010 0.197007
0.537919 0.173839 0.165146 0.014592 0.108505
0.607996 0.137108 0.161309 0.034400 0.059187
0.253001 0.217435 0.352460 0.056741 0.120363
0.426384 0.188015 0.250047 0.025165 0.110388
0.336632 0.000010 0.645060 0.018287 0.000010
0.143903 0.079098 0.586752 0.000010 0.190236
0.555041 0.145770 0.168028 0.030546 0.100615
0.583377 0.133803 0.198756 0.018551 0.065513
0.313215 0.218690 0.320628 0.041782 0.105685
0.841667 0.019718 0.080201 0.010164 0.048250
0.290756 0.203520 0.333648 0.028061 0.144016
0.380125 0.183625 0.319960 0.027395 0.088895
0.298530 0.000010 0.671033 0.030417 0.000010
0.185843 0.067573 0.561137 0.000010 0.185437
0.185173 0.165005 0.421296 0.000010 0.228516
0.523853 0.162818 0.162712 0.045643 0.104974
0.602697 0.159947 0.163872 0.022558 0.050925
0.363265 0.173631 0.330838 0.015136 0.117130
0.244622 0.260168 0.274647 0.093077 0.127486
0.317795 0.149499 0.398441 0.000010 0.134255
0.290886 0.255187 0.259068 0.083289 0.111570
0.386139 0.181872 0.315379 0.017795 0.098815
0.320117 0.006512 0.565610 0.046838 0.060923
0.173521 0.070084 0.564889 0.000010 0.191496
0.593724 0.159581 0.140331 0.017378 0.088986
0.250556 0.179508 0.366292 0.008555 0.195089
0.377387 0.147200 0.310983 0.019068 0.145363
0.170716 0.063844 0.560672 0.000010 0.204758
0.344100 0.183568 0.335419 0.000010 0.136903
0.344447 0.185000 0.322717 0.011639 0.136197
0.391510 0.188429 0.303624 0.017935 0.098502
0.321793 0.013446 0.590775 0.040810 0.033176
0.143909 0.081562 0.598207 0.000010 0.176312
0.574841 0.164197 0.146190 0.014132 0.100640
0.548037 0.170993 0.170674 0.018395 0.091900
0.343491 0.153981 0.327848 0.025851 0.148829
0.147766 0.031894 0.676523 0.040177 0.103641
0.058643 0.035709 0.789725 0.014590 0.101333
0.366369 0.000010 0.583688 0.041351 0.008581
0.253800 0.042197 0.520797 0.052586 0.130620
0.391123 0.016408 0.374564 0.026813 0.191092
0.439118 0.033142 0.401393 0.046464 0.079882
0.362472 0.015165 0.404307 0.030429 0.187626
0.133564 0.042630 0.726408 0.019054 0.078344
0.148224 0.040544 0.695593 0.046125 0.069515
0.509890 0.000010 0.471807 0.018283 0.000010
0.338871 0.000010 0.570788 0.042843 0.047488
0.172168 0.011342 0.703398 0.035314 0.077778
0.116064 0.024401 0.792565 0.028386 0.038584
0.375276 0.000010 0.557119 0.033050 0.034545
0.546059 0.012388 0.270088 0.021048 0.150417
0.187650 0.015897 0.713446 0.025935 0.057072
0.137175 0.040825 0.756640 0.013020 0.052340
0.329938 0.013677 0.528252 0.033657 0.094476
0.490601 0.000010 0.501370 0.008009 0.000010
0.535999 0.000010 0.440981 0.023000 0.000010
0.484471 0.000010 0.491277 0.024232 0.000010
0.253827 0.000010 0.643871 0.042713 0.059578
0.044798 0.037181 0.822708 0.027242 0.068069
0.242344 0.036765 0.558117 0.025793 0.136980
0.364706 0.000010 0.598328 0.036946 0.000010
0.698771 0.052464 0.130066 0.021953 0.096746
0.198980 0.020171 0.689602 0.020993 0.070254
0.292522 0.023868 0.607833 0.026905 0.048872
0.205410 0.013812 0.668185 0.040022 0.072571
0.504881 0.000010 0.468646 0.026453 0.000010
0.473765 0.000010 0.506813 0.019402 0.000010
0.546639 0.000010 0.430695 0.022646 0.000010
0.378826 0.055610 0.450488 0.036133 0.078943
0.077364 0.018038 0.803491 0.031863 0.069243
0.194203 0.040404 0.712484 0.022854 0.030055
0.283567 0.000010 0.624042 0.039391 0.052990
0.254473 0.129017 0.396611 0.065428 0.154471
0.193315 0.008866 0.728594 0.031652 0.037574
0.149858 0.043978 0.730801 0.011929 0.063434
0.149566 0.023383 0.716275 0.027186 0.083589
0.171943 0.076620 0.598384 0.033204 0.119849
0.536515 0.000010 0.428066 0.032810 0.002599
0.535276 0.000010 0.450013 0.014691 0.000010
0.364008 0.000010 0.583184 0.038493 0.014305
0.093480 0.034436 0.782302 0.029122 0.060660
0.043091 0.030163 0.811864 0.039527 0.075354
0.578636 0.000010 0.258250 0.033440 0.129664
0.309416 0.052258 0.376629 0.058087 0.203610
0.424689 0.003685 0.311681 0.043144 0.216801
0.363789 0.017599 0.387581 0.031503 0.199529
0.273508 0.035030 0.590695 0.029304 0.071463
0.531044 0.000010 0.442700 0.026236 0.000010
0.365937 0.017729 0.541086 0.024960 0.050288
0.509872 0.000010 0.483551 0.006557 0.000010
0.236107 0.073287 0.533226 0.078731 0.078648
0.365840 0.005193 0.392604 0.041737 0.194626
0.714920 0.002275 0.211569 0.022027 0.049208
0.399588 0.007196 0.375625 0.043582 0.174010
0.116304 0.022190 0.765827 0.043851 0.051829
0.203109 0.015342 0.652615 0.020131 0.108804
0.207464 0.020159 0.650422 0.029654 0.092301
0.509880 0.000010 0.457239 0.032861 0.000010
0.518890 0.000010 0.461979 0.019111 0.000010
0.347036 0.000010 0.593981 0.020532 0.038440
0.322341 0.000010 0.561915 0.031720 0.084013
0.118633 0.017587 0.793276 0.016022 0.054482
0.371885 0.009057 0.420772 0.033302 0.164984
0.314727 0.013477 0.560176 0.025729 0.085891
0.222858 0.037610 0.604163 0.028645 0.106725
0.344783 0.071060 0.348295 0.034409 0.201454
0.668763 0.032489 0.170257 0.009188 0.119303
0.122201 0.014854 0.807279 0.034288 0.021378
0.163596 0.020244 0.699459 0.032669 0.084032
0.511082 0.000010 0.465394 0.023504 0.000010
0.508621 0.000010 0.476438 0.014920 0.000010
0.334443 0.000010 0.584946 0.036445 0.044156
0.333236 0.000010 0.545454 0.028930 0.092369
0.225917 0.048350 0.571925 0.006721 0.147087
0.220529 0.092891 0.504997 0.042769 0.138814
0.631143 0.001238 0.244161 0.011774 0.111684
0.203065 0.025990 0.708823 0.035153 0.026970
0.180203 0.026123 0.681219 0.031850 0.080606
0.144871 0.035653 0.736291 0.026131 0.057053
0.317528 0.105995 0.394554 0.050395 0.131529
0.523895 0.000010 0.462233 0.013852 0.000010
0.502537 0.000010 0.471209 0.015023 0.011221
0.172919 0.039437 0.666181 0.024800 0.096662
0.361370 0.000010 0.577539 0.023425 0.037656
0.286581 0.008788 0.587532 0.032636 0.084462
0.425297 0.000010 0.557683 0.017000 0.000010
0.363015 0.024302 0.510943 0.034044 0.067697
0.159852 0.148655 0.459713 0.000010 0.231770
0.358190 0.166524 0.322399 0.000010 0.152877
0.387483 0.150663 0.309676 0.005472 0.146706
0.261018 0.165925 0.409432 0.000010 0.163615
0.370135 0.003042 0.499539 0.030286 0.096998
0.000010 0.238261 0.664222 0.000010 0.097496
0.904408 0.016620 0.023835 0.000010 0.055127
0.154353 0.068546 0.585857 0.000010 0.191235
0.339334 0.164019 0.335371 0.015420 0.145856
0.170634 0.201010 0.401506 0.028727 0.198123
0.332390 0.026421 0.563882 0.047953 0.029353
0.000010 0.223775 0.682392 0.000010 0.093813
0.000010 0.221647 0.648499 0.000010 0.129833
0.881634 0.010510 0.062074 0.000010 0.045773
0.175306 0.117361 0.500222 0.000010 0.207102
0.165574 0.180511 0.425942 0.000010 0.227962
0.241678 0.156757 0.447281 0.000010 0.154273
0.151318 0.077761 0.581851 0.000010 0.189060
0.106567 0.218871 0.472983 0.000010 0.201570
0.150833 0.228044 0.445266 0.002685 0.173173
0.114039 0.209417 0.487611 0.013992 0.174941
0.029064 0.237873 0.602454 0.000010 0.130599
0.000010 0.232111 0.649223 0.000010 0.118646
0.872434 0.007235 0.036418 0.001714 0.082200
0.185067 0.064463 0.539215 0.000010 0.211244
0.177319 0.077477 0.556525 0.000010 0.188669
0.424333 0.159461 0.253025 0.021150 0.142030
0.324483 0.000010 0.628837 0.025635 0.021035
0.157740 0.067628 0.603018 0.000010 0.171605
0.101765 0.219864 0.491952 0.000010 0.186409
0.128166 0.198394 0.495107 0.000010 0.178323
0.000010 0.213780 0.672298 0.000010 0.113902
0.009439 0.223404 0.611071 0.000010 0.156075
0.373944 0.174491 0.355133 0.000010 0.096422
0.234690 0.170341 0.383784 0.005562 0.205622
0.150985 0.129499 0.521013 0.009305 0.189198
0.351736 0.000010 0.618407 0.025344 0.004502
0.143081 0.219053 0.462337 0.016666 0.158863
0.128007 0.201953 0.492917 0.000010 0.177113
0.000010 0.229895 0.644113 0.000010 0.125972
0.000010 0.234148 0.651096 0.000010 0.114736
0.012985 0.228684 0.617660 0.000010 0.140661
0.369909 0.028109 0.414913 0.044197 0.142873
0.316351 0.165966 0.371090 0.000415 0.146178
0.219998 0.153297 0.419066 0.000010 0.207629
0.161700 0.167649 0.451976 0.000010 0.218665
0.381907 0.000010 0.567519 0.031298 0.019266
0.047769 0.330969 0.389726 0.056889 0.174648
0.136723 0.231722 0.425427 0.012410 0.193718
0.000010 0.238200 0.643960 0.000010 0.117820
0.000010 0.224469 0.629103 0.000010 0.146407
0.003152 0.220284 0.629935 0.000010 0.146620
0.193322 0.067378 0.521977 0.000010 0.217312
0.270188 0.157199 0.406766 0.000010 0.165837
0.309707 0.000010 0.664137 0.026136 0.000010
0.845985 0.028399 0.086891 0.003922 0.034803
0.117986 0.235322 0.479158 0.000010 0.167524
0.158761 0.222149 0.447361 0.009931 0.161799
0.008022 0.215312 0.657721 0.000010 0.118936
0.000010 0.235963 0.636039 0.000010 0.127978
0.906832 0.026655 0.028471 0.000010 0.038032
0.145370 0.036468 0.752602 0.031487 0.034073
0.173359 0.182161 0.406114 0.006522 0.231844
0.343662 0.000010 0.620542 0.020089 0.015697
0.858680 0.029724 0.044423 0.007901 0.059272
0.181575 0.211285 0.457638 0.000010 0.149491
0.130825 0.231066 0.484818 0.021398 0.131893
0.109543 0.204740 0.470349 0.016600 0.198768
0.000010 0.208575 0.636207 0.000010 0.155198
0.000010 0.225893 0.662135 0.000010 0.111952
0.871901 0.000010 0.063010 0.000010 0.065069
0.338448 0.000010 0.616663 0.033471 0.011408
0.567493 0.000010 0.312911 0.026888 0.092698
0.307455 0.000010 0.567478 0.045063 0.079995
0.311524 0.000010 0.595225 0.025432 0.067808
0.000010 0.026904 0.863251 0.052527 0.057308
0.059878 0.013564 0.865523 0.023955 0.037081
0.000010 0.000010 0.970819 0.029151 0.000010
0.263921 0.020486 0.659776 0.033120 0.022697
0.285838 0.031690 0.613194 0.049040 0.020237
0.112929 0.000010 0.833152 0.037736 0.016173
0.091326 0.033226 0.797097 0.030729 0.047621
0.329636 0.003973 0.543519 0.031941 0.090931
0.624146 0.007985 0.258733 0.025556 0.083580
0.320621 0.000010 0.623245 0.030608 0.025516
0.000010 0.031344 0.917001 0.047922 0.003724
0.245478 0.000010 0.680339 0.030279 0.043895
0.368842 0.026365 0.515252 0.031359 0.058182
0.281029 0.024068 0.598298 0.035754 0.060851
0.058257 0.000010 0.887786 0.053937 0.000010
0.049244 0.000010 0.909291 0.041444 0.000010
0.600165 0.005325 0.293436 0.020006 0.081068
0.303465 0.000010 0.679542 0.016973 0.000010
0.022033 0.000010 0.925882 0.031224 0.020851
0.011105 0.024403 0.919029 0.028624 0.016839
0.352404 0.004717 0.573716 0.018541 0.050622
0.297871 0.029072 0.630544 0.026012 0.016501
0.263848 0.000010 0.689823 0.024860 0.021459
0.042531 0.000010 0.903232 0.054217 0.000010
0.046035 0.000010 0.914373 0.039573 0.000010
0.303541 0.000010 0.608346 0.030001 0.058102
0.597765 0.000010 0.270199 0.040620 0.091407
0.284547 0.000010 0.647299 0.016955 0.051188
0.328994 0.000010 0.644355 0.026631 0.000010
0.019461 0.000010 0.947900 0.032619 0.000010
0.233928 0.027961 0.656445 0.053448 0.028217
0.131932 0.000010 0.829652 0.038396 0.000010
0.070762 0.000010 0.889222 0.039996 0.000010
0.035313 0.000010 0.920527 0.038342 0.005807
0.318752 0.000010 0.620999 0.027032 0.033206
0.526492 0.005612 0.286442 0.028212 0.153243
0.353265 0.000010 0.627657 0.019058 0.000010
0.336225 0.000010 0.520507 0.036616 0.106643
0.000010 0.000010 0.978941 0.021029 0.000010
0.041876 0.017723 0.836224 0.049787 0.054391
0.242243 0.108138 0.508598 0.073110 0.067911
0.238540 0.000010 0.727049 0.032023 0.002379
0.385410 0.000813 0.580134 0.029394 0.004250
0.049523 0.000010 0.899694 0.040155 0.010617
0.028006 0.000010 0.939186 0.032788 0.000010
0.305448 0.010057 0.553010 0.049247 0.082237
0.602851 0.000010 0.273498 0.030400 0.093240
0.318208 0.000010 0.614047 0.025592 0.042143
0.323559 0.000010 0.633204 0.017811 0.025416
0.000010 0.019816 0.945095 0.035069 0.000010
0.000010 0.000010 0.966006 0.033964 0.000010
0.337702 0.010500 0.538089 0.035368 0.078341
0.281821 0.015910 0.660152 0.041681 0.000436
0.052178 0.000010 0.915638 0.032164 0.000010
0.054551 0.000010 0.915853 0.029576 0.000010
0.022428 0.000010 0.935252 0.042301 0.000010
0.343201 0.000010 0.580240 0.027829 0.048720
0.588393 0.001732 0.308093 0.031397 0.070385
0.354294 0.000010 0.588620 0.038275 0.018802
0.000010 0.000010 0.966629 0.033341 0.000010
0.000010 0.036533 0.922038 0.028340 0.013079
0.292703 0.006564 0.611668 0.045123 0.043941
0.255181 0.047326 0.608744 0.026599 0.062150
0.049126 0.001667 0.895139 0.038803 0.015265
0.030966 0.000010 0.932822 0.036192 0.000010
0.115105 0.007107 0.836075 0.039261 0.002452
0.375254 0.000010 0.548034 0.037548 0.039153
0.605135 0.000010 0.248815 0.030992 0.115048
0.235075 0.021090 0.655940 0.026502 0.061394
0.237868 0.007319 0.663144 0.030603 0.061065
0.000010 0.008095 0.928372 0.063512 0.000010
0.038433 0.000010 0.930032 0.031515 0.000010
0.268130 0.045377 0.581226 0.045841 0.059426
0.206589 0.000666 0.747531 0.035340 0.009875
0.068328 0.000010 0.874687 0.038299 0.018676
0.004925 0.000010 0.966217 0.028838 0.000010
0.070740 0.000010 0.867018 0.042441 0.019791
0.339724 0.000010 0.626920 0.026811 0.006535
0.367058 0.023253 0.585715 0.015564 0.008410
0.370108 0.021885 0.438260 0.015686 0.154060
0.182410 0.020360 0.770223 0.026996 0.000010
0.244913 0.012152 0.681368 0.018445 0.043122
0.497503 0.000010 0.449932 0.026472 0.026083
0.401796 0.000010 0.583165 0.015019 0.000010
0.290702 0.204264 0.347723 0.024488 0.132823
0.002767 0.036957 0.908037 0.023937 0.028301
0.290095 0.014613 0.620914 0.029495 0.044883
0.273484 0.006214 0.668832 0.028827 0.022643
0.239563 0.010450 0.687830 0.032743 0.029414
0.108218 0.029302 0.757156 0.024806 0.080518
0.262495 0.019250 0.663888 0.012945 0.041421
0.426335 0.000010 0.557002 0.016643 0.000010
0.464418 0.000010 0.505913 0.029649 0.000010
0.165362 0.078184 0.563268 0.000010 0.193177
0.000010 0.037158 0.901832 0.039684 0.021316
0.309348 0.000010 0.584535 0.033599 0.072507
0.172697 0.018857 0.713640 0.046957 0.047849
0.433526 0.000010 0.506911 0.018814 0.040739
0.437903 0.000010 0.515758 0.020373 0.025956
0.395093 0.000010 0.545588 0.037752 0.021558
0.260415 0.000010 0.608419 0.024979 0.106176
0.331698 0.021206 0.575352 0.014459 0.057284
0.320420 0.000258 0.657788 0.019873 0.001661
0.454127 0.001942 0.469895 0.009972 0.064064
0.238533 0.000010 0.736963 0.024484 0.000010
0.304894 0.041178 0.564673 0.032441 0.056814
0.531502 0.010806 0.363407 0.023023 0.071262
0.329188 0.027894 0.580385 0.023447 0.039087
0.243082 0.033245 0.657176 0.030964 0.035533
0.157979 0.023861 0.718914 0.037916 0.061330
0.378955 0.000010 0.570984 0.029931 0.020120
0.464628 0.000010 0.511576 0.023777 0.000010
0.375642 0.000010 0.516725 0.026655 0.080968
0.352667 0.034266 0.477017 0.027296 0.108755
0.299458 0.010986 0.624543 0.026992 0.038021
0.110273 0.015726 0.775441 0.021116 0.077445
0.452454 0.000010 0.539106 0.008421 0.000010
0.353235 0.000010 0.613488 0.029358 0.003909
0.365329 0.000854 0.501463 0.027005 0.105350
0.209897 0.033638 0.682577 0.020024 0.053864
0.276094 0.001534 0.697502 0.020201 0.004669
0.454473 0.007076 0.459721 0.017934 0.060797
0.509854 0.000207 0.475176 0.009856 0.004908
0.379301 0.000225 0.491584 0.037553 0.091337
0.333077 0.017587 0.587163 0.015721 0.046451
0.288037 0.002616 0.623768 0.028444 0.057134
0.219198 0.027480 0.707925 0.030035 0.015362
0.249663 0.006481 0.713848 0.029064 0.000944
0.354109 0.000010 0.632281 0.013589 0.000010
0.456579 0.000010 0.510555 0.021772 0.011084
0.677013 0.002289 0.226936 0.003974 0.089789
0.655461 0.015773 0.196409 0.020327 0.112030
0.727636 0.019532 0.148604 0.022111 0.082116
0.693179 0.017177 0.186705 0.014685 0.088255
0.714636 0.001465 0.169177 0.007412 0.107311
0.714106 0.013158 0.164832 0.002799 0.105105
0.731358 0.030571 0.150158 0.024819 0.063093
0.600186 0.014827 0.199610 0.011937 0.173439
0.658653 0.013123 0.207921 0.012284 0.108018
0.626358 0.012053 0.217033 0.024927 0.119629
0.687623 0.006135 0.218581 0.013247 0.074414
0.682738 0.007497 0.205777 0.016842 0.087147
0.557701 0.005409 0.231167 0.011432 0.194291
0.699570 0.000742 0.154308 0.027378 0.118002
