0.017361 0.000010 0.024977 0.014738 0.000010 0.251849 0.223264 0.310413 0.157378
0.009251 0.000010 0.009150 0.000010 0.000010 0.327897 0.300338 0.277250 0.076083
0.024045 0.010715 0.010587 0.000018 0.000010 0.249340 0.229030 0.358359 0.117897
0.000010 0.017555 0.001767 0.000010 0.000199 0.291035 0.301745 0.294132 0.093547
0.000010 0.000010 0.046617 0.000010 0.000010 0.237105 0.244592 0.332490 0.139155
0.036569 0.000015 0.012205 0.000010 0.000010 0.261537 0.260918 0.319028 0.109708
0.007923 0.026386 0.009476 0.000010 0.000010 0.299960 0.261004 0.279603 0.115628
0.000010 0.000010 0.000010 0.000010 0.000010 0.542390 0.398217 0.059333 0.000010
0.000010 0.000010 0.000010 0.000010 0.000010 0.542015 0.391860 0.066065 0.000010
0.000010 0.000010 0.000010 0.006262 0.000010 0.026282 0.967395 0.000010 0.000010
0.000010 0.000010 0.041821 0.000245 0.000010 0.493200 0.359380 0.105314 0.000010
0.000010 0.000010 0.023632 0.000010 0.000010 0.541956 0.321930 0.112431 0.000010
0.000010 0.087495 0.010746 0.029263 0.036697 0.000010 0.000010 0.072433 0.763336
0.018418 0.096219 0.078602 0.000010 0.069912 0.000010 0.000010 0.156269 0.580550
0.005766 0.016144 0.009250 0.000010 0.006905 0.015630 0.000010 0.055792 0.890493
0.048461 0.076612 0.062605 0.023535 0.031248 0.000010 0.011288 0.156469 0.589771
0.015827 0.011724 0.026056 0.018500 0.000010 0.242717 0.237960 0.344346 0.102859
0.005120 0.000010 0.021841 0.027773 0.000010 0.245377 0.264923 0.309689 0.125256
0.000010 0.000010 0.000010 0.000010 0.000010 0.538369 0.411765 0.049806 0.000010
0.000010 0.000010 0.000010 0.000145 0.003437 0.608513 0.316045 0.071820 0.000010
0.000010 0.000010 0.000010 0.000010 0.000010 0.560017 0.364183 0.075740 0.000010
0.000010 0.000010 0.000010 0.000010 0.000010 0.000010 0.999920 0.000010 0.000010
0.006515 0.007942 0.035452 0.007680 0.000010 0.535588 0.329941 0.076862 0.000010
0.000706 0.021894 0.014080 0.000010 0.000010 0.502251 0.359662 0.101377 0.000010
0.009608 0.062888 0.000010 0.012810 0.016351 0.000010 0.000010 0.052198 0.846114
0.018167 0.032407 0.016280 0.000010 0.022325 0.000815 0.000498 0.114990 0.794508
0.000010 0.000010 0.020591 0.019175 0.000271 0.026942 0.000010 0.027538 0.905454
0.011229 0.132051 0.066206 0.013480 0.064429 0.000010 0.000010 0.145156 0.567430
0.014555 0.012298 0.031347 0.003738 0.000010 0.252274 0.240892 0.356096 0.088790
0.017291 0.040298 0.005621 0.013804 0.000010 0.257529 0.229302 0.318811 0.117333
0.000010 0.000010 0.000010 0.000010 0.000010 0.484110 0.419457 0.096373 0.000010
0.000010 0.000010 0.000010 0.001689 0.005137 0.645807 0.288779 0.058548 0.000010
0.000010 0.000010 0.000010 0.000010 0.000010 0.063131 0.936205 0.000010 0.000605
0.000010 0.000010 0.000010 0.000010 0.000010 0.000010 0.999920 0.000010 0.000010
0.019052 0.000041 0.035506 0.000010 0.000010 0.501324 0.366189 0.077860 0.000010
0.017102 0.017282 0.023362 0.000010 0.000010 0.497948 0.365569 0.078707 0.000010
0.029642 0.080587 0.010503 0.000010 0.040289 0.000010 0.000010 0.107493 0.731456
0.000010 0.013335 0.009357 0.027471 0.016664 0.016792 0.004749 0.076798 0.834825
0.000010 0.082676 0.000010 0.013356 0.010172 0.000010 0.000010 0.112244 0.781512
0.045675 0.091083 0.032533 0.028497 0.043471 0.000010 0.005472 0.169098 0.584161
0.042091 0.014627 0.003921 0.000010 0.000010 0.264763 0.265982 0.287532 0.121063
0.000010 0.043908 0.030219 0.012288 0.000010 0.239581 0.248592 0.328847 0.096545
0.000010 0.000010 0.000010 0.000010 0.000010 0.569554 0.366925 0.063461 0.000010
0.000010 0.000010 0.000010 0.000010 0.000010 0.562715 0.391022 0.046203 0.000010
0.000010 0.000010 0.000010 0.000010 0.000010 0.000010 0.999920 0.000010 0.000010
0.000010 0.000010 0.000010 0.000010 0.005726 0.050752 0.943461 0.000010 0.000010
0.000010 0.000010 0.000010 0.000010 0.000010 0.000010 0.999920 0.000010 0.000010
0.000010 0.002696 0.040391 0.000010 0.000010 0.504070 0.340903 0.111900 0.000010
0.020773 0.000010 0.036208 0.000010 0.000010 0.487779 0.371593 0.083607 0.000010
0.030632 0.081329 0.000010 0.002943 0.041704 0.000010 0.000010 0.135848 0.707513
0.021810 0.000010 0.000010 0.000010 0.012057 0.028307 0.000164 0.019356 0.918276
0.026006 0.024023 0.007771 0.009584 0.000010 0.000010 0.000010 0.084677 0.847910
0.028222 0.055720 0.052839 0.018163 0.052197 0.000010 0.015213 0.134466 0.643169
0.025042 0.050596 0.016504 0.000010 0.021697 0.000010 0.000010 0.080970 0.805161
0.073503 0.135301 0.192516 0.017541 0.079659 0.000010 0.000010 0.037407 0.464053
0.032356 0.053637 0.017835 0.015589 0.022172 0.008558 0.000010 0.040069 0.809774
0.000010 0.065068 0.025398 0.000010 0.028874 0.000010 0.000010 0.504013 0.376607
0.012822 0.074670 0.041169 0.015413 0.028363 0.000010 0.019370 0.278917 0.529265
0.006599 0.011180 0.000010 0.000010 0.010611 0.000010 0.000010 0.631248 0.340322
0.015317 0.062033 0.045743 0.000010 0.040264 0.000010 0.017850 0.340220 0.478554
0.009963 0.000010 0.051423 0.002380 0.005535 0.217373 0.224956 0.299228 0.189131
0.024651 0.051515 0.039024 0.013160 0.066467 0.000015 0.000010 0.076862 0.728296
0.000010 0.108777 0.075078 0.000010 0.020106 0.000010 0.000010 0.089156 0.706843
0.017274 0.055122 0.012455 0.000010 0.028819 0.016033 0.023214 0.459859 0.387215
0.008411 0.000010 0.067771 0.000010 0.031194 0.035358 0.068620 0.585893 0.202734
0.000756 0.019181 0.067290 0.032826 0.024741 0.000010 0.012481 0.419843 0.422872
0.011975 0.071123 0.068069 0.000010 0.006378 0.012104 0.028275 0.361605 0.440460
0.000373 0.023345 0.055927 0.000010 0.004908 0.254053 0.232828 0.281429 0.147127
0.000010 0.008496 0.062464 0.000010 0.000010 0.246655 0.243252 0.319713 0.119391
0.008128 0.060666 0.042450 0.000010 0.057170 0.000010 0.000010 0.097037 0.734519
0.050037 0.128677 0.144058 0.036844 0.069566 0.000010 0.000010 0.075968 0.494830
0.044247 0.053142 0.012415 0.000010 0.036816 0.000010 0.000010 0.063210 0.790140
0.018726 0.044252 0.034681 0.002005 0.033038 0.019552 0.000010 0.472247 0.375489
0.027110 0.099700 0.045262 0.003582 0.039597 0.000010 0.022705 0.294408 0.467625
0.003998 0.064971 0.039245 0.009680 0.031641 0.000010 0.000010 0.364164 0.486280
0.043116 0.069584 0.022592 0.000010 0.034507 0.017705 0.036298 0.357944 0.418244
0.034372 0.042816 0.022031 0.018408 0.000010 0.203590 0.226302 0.277588 0.174882
0.000010 0.027194 0.070522 0.000010 0.000010 0.225146 0.209161 0.350341 0.117605
0.034063 0.016480 0.025843 0.000010 0.009071 0.248851 0.239052 0.301091 0.125539
0.000010 0.000010 0.000010 0.000010 0.000010 0.540775 0.385879 0.073286 0.000010
0.000010 0.000010 0.000010 0.000010 0.000010 0.000010 0.999920 0.000010 0.000010
0.006821 0.000010 0.000010 0.000010 0.000010 0.134004 0.856459 0.002666 0.000010
0.000010 0.000010 0.000010 0.000010 0.000010 0.000010 0.999920 0.000010 0.000010
0.000010 0.001244 0.042898 0.009461 0.024162 0.561867 0.286565 0.063334 0.010460
0.020249 0.000010 0.042551 0.000010 0.000010 0.509860 0.358752 0.068548 0.000010
0.001393 0.081495 0.053313 0.000010 0.023066 0.000010 0.000010 0.114660 0.726042
0.002569 0.000010 0.000010 0.000010 0.013177 0.019326 0.000010 0.048191 0.916698
0.041621 0.041470 0.030077 0.000010 0.021016 0.000010 0.000010 0.128123 0.737664
0.066435 0.099982 0.037852 0.000010 0.061918 0.000010 0.025830 0.142845 0.565117
0.000010 0.041152 0.028160 0.000010 0.000010 0.247948 0.235058 0.352577 0.095075
0.000010 0.000010 0.019426 0.000010 0.000010 0.356172 0.365889 0.215885 0.042588
0.000010 0.000010 0.000010 0.000010 0.000010 0.573077 0.359144 0.067718 0.000010
0.000010 0.000010 0.000010 0.000010 0.000010 0.528480 0.406466 0.064994 0.000010
0.000010 0.000010 0.000010 0.000010 0.000010 0.038623 0.961307 0.000010 0.000010
0.000010 0.000010 0.000010 0.000010 0.000010 0.000010 0.999920 0.000010 0.000010
0.011045 0.009358 0.013742 0.000010 0.000010 0.510118 0.344664 0.111044 0.000010
0.004342 0.017686 0.025316 0.008837 0.000010 0.525290 0.336200 0.082309 0.000010
0.028378 0.081342 0.007109 0.000010 0.047420 0.000010 0.000010 0.123657 0.712065
0.035963 0.041502 0.000010 0.014860 0.000010 0.000010 0.000010 0.059790 0.847844
0.015741 0.085781 0.060391 0.042688 0.031226 0.000010 0.013533 0.150454 0.600177
0.010745 0.059911 0.020839 0.028055 0.035693 0.000469 0.000010 0.076081 0.768198
0.088285 0.191768 0.295924 0.024854 0.099208 0.000010 0.000010 0.073396 0.226544
0.018708 0.041460 0.029223 0.020273 0.022427 0.009068 0.004359 0.025587 0.828895
0.000010 0.047757 0.000010 0.003359 0.009030 0.000010 0.000010 0.623343 0.316470
0.023953 0.022450 0.024270 0.016194 0.043360 0.000010 0.000010 0.494592 0.375161
0.000010 0.067802 0.075817 0.000010 0.022251 0.000010 0.004522 0.379535 0.450042
0.008793 0.055047 0.048885 0.001668 0.000010 0.241910 0.260245 0.253322 0.130120
0.024060 0.017421 0.018156 0.000010 0.000010 0.246374 0.235253 0.324053 0.134663
0.000010 0.000010 0.000010 0.000010 0.000010 0.587589 0.350801 0.061550 0.000010
0.000010 0.000010 0.000010 0.000010 0.000010 0.581479 0.343004 0.075457 0.000010
0.000010 0.000010 0.000010 0.000010 0.000010 0.000010 0.999920 0.000010 0.000010
0.000010 0.000010 0.000010 0.000010 0.011182 0.102840 0.885918 0.000010 0.000010
0.000010 0.004162 0.037592 0.000010 0.005661 0.505536 0.341174 0.105844 0.000010
0.005219 0.087695 0.025682 0.017567 0.030457 0.000010 0.000010 0.144212 0.689147
0.009052 0.016989 0.014755 0.000010 0.000010 0.007957 0.000010 0.075971 0.875246
0.000010 0.000010 0.000010 0.017514 0.000010 0.011507 0.010492 0.056169 0.904279
0.015775 0.084469 0.078491 0.000010 0.077975 0.000010 0.004883 0.163120 0.575266
0.011427 0.036852 0.050735 0.000010 0.043714 0.000010 0.007078 0.078575 0.771599
0.070994 0.155495 0.196321 0.000010 0.099963 0.000019 0.000010 0.058008 0.419180
0.007537 0.073255 0.009627 0.013610 0.045614 0.000010 0.006398 0.054452 0.789497
0.021503 0.033680 0.005817 0.000010 0.029556 0.000010 0.001615 0.507343 0.400466
0.000010 0.024948 0.000130 0.000010 0.057402 0.000010 0.000010 0.601790 0.315690
0.018185 0.074391 0.037733 0.000010 0.022528 0.000010 0.003383 0.386364 0.457395
0.029807 0.000665 0.033448 0.000010 0.007592 0.189362 0.180870 0.396652 0.161595
0.018112 0.000010 0.014581 0.000616 0.012449 0.281502 0.242172 0.329886 0.100671
0.000010 0.000010 0.000010 0.000010 0.000010 0.618177 0.342287 0.039476 0.000010
0.000010 0.000010 0.000010 0.000010 0.000010 0.528569 0.412492 0.058879 0.000010
0.000010 0.000010 0.000010 0.000010 0.000010 0.000010 0.999920 0.000010 0.000010
0.000010 0.000010 0.000010 0.000010 0.000010 0.000010 0.999920 0.000010 0.000010
0.000010 0.000010 0.042826 0.000010 0.002489 0.535117 0.336394 0.074694 0.008450
0.005181 0.020186 0.031239 0.000010 0.000010 0.484595 0.353622 0.105148 0.000010
0.022867 0.116309 0.012672 0.002455 0.062559 0.000010 0.000010 0.126301 0.656816
0.000010 0.018831 0.000010 0.000010 0.003464 0.021011 0.000010 0.056100 0.900555
0.002443 0.015985 0.000010 0.000010 0.013892 0.013879 0.000010 0.038268 0.915502
0.027903 0.102536 0.045497 0.026480 0.068250 0.000010 0.005407 0.168036 0.555880
0.015398 0.035684 0.061951 0.017307 0.031361 0.000010 0.000010 0.118653 0.719627
0.065491 0.161995 0.183857 0.001710 0.084381 0.000010 0.000010 0.072613 0.429934
0.032094 0.057995 0.002636 0.005725 0.051735 0.000010 0.000010 0.065181 0.784615
0.000010 0.012349 0.003385 0.001080 0.000015 0.000010 0.000010 0.784732 0.198409
0.004606 0.069741 0.082981 0.005882 0.016297 0.000010 0.034129 0.350021 0.436332
0.026902 0.071019 0.021088 0.000010 0.018837 0.044719 0.058531 0.305761 0.453133
0.016620 0.037669 0.008036 0.005408 0.005892 0.279943 0.274989 0.233303 0.138140
0.027092 0.000010 0.001237 0.016906 0.000010 0.275157 0.252225 0.307708 0.119655
0.000010 0.000010 0.000010 0.000010 0.000010 0.548218 0.385489 0.066233 0.000010
0.000010 0.000010 0.000010 0.000010 0.000010 0.527256 0.417968 0.054715 0.000010
0.000010 0.000010 0.000010 0.000010 0.000010 0.000010 0.999920 0.000010 0.000010
0.000010 0.000010 0.000010 0.000010 0.000010 0.000010 0.999920 0.000010 0.000010
0.000010 0.000010 0.000010 0.000010 0.000010 0.000010 0.999920 0.000010 0.000010
0.013190 0.017825 0.030041 0.010453 0.004649 0.496229 0.345690 0.081914 0.000010
0.000010 0.000010 0.019110 0.000417 0.000010 0.520060 0.368011 0.092363 0.000010
0.009706 0.065186 0.054884 0.000010 0.042044 0.000010 0.000010 0.156958 0.671192
0.000010 0.052142 0.029944 0.026778 0.011346 0.020213 0.004699 0.073553 0.781314
0.000010 0.000010 0.000012 0.000010 0.011776 0.021311 0.004298 0.033978 0.928596
0.008967 0.104808 0.072156 0.007649 0.058141 0.000010 0.008313 0.205504 0.534451
0.035230 0.070802 0.067654 0.000010 0.033518 0.000010 0.000010 0.105608 0.687159
0.008149 0.029027 0.015356 0.038370 0.054804 0.005300 0.000010 0.065308 0.783675
0.038715 0.036007 0.058059 0.003148 0.025709 0.000010 0.000010 0.431701 0.406642
0.029967 0.034164 0.034721 0.000010 0.037293 0.007120 0.004106 0.499589 0.353031
0.005732 0.072800 0.060662 0.000010 0.020849 0.013052 0.020924 0.320456 0.485514
0.020609 0.017231 0.004192 0.009204 0.013409 0.000010 0.000010 0.641235 0.294101
0.000010 0.000010 0.000010 0.000010 0.000010 0.066144 0.000010 0.000010 0.933786
0.000010 0.046960 0.000010 0.009143 0.006886 0.244467 0.233988 0.346287 0.112248
0.000010 0.000010 0.000010 0.000010 0.000010 0.595740 0.352267 0.051933 0.000010
0.000010 0.006494 0.000010 0.000010 0.005225 0.222177 0.736711 0.029352 0.000010
0.000010 0.000010 0.000010 0.000010 0.000010 0.000010 0.999920 0.000010 0.000010
0.011481 0.000010 0.048068 0.000010 0.028269 0.502385 0.341291 0.068475 0.000010
0.008714 0.000010 0.025585 0.000881 0.000010 0.532300 0.341924 0.090566 0.000010
0.011306 0.000010 0.058548 0.012270 0.023482 0.000010 0.000010 0.099805 0.794560
0.009335 0.036587 0.000010 0.015268 0.009337 0.000010 0.000010 0.103157 0.826284
0.027778 0.066749 0.000010 0.000136 0.007553 0.000010 0.000010 0.092598 0.805156
0.012279 0.045860 0.014004 0.008360 0.068258 0.000010 0.000010 0.075637 0.775582
0.028672 0.162796 0.209829 0.017014 0.076483 0.000010 0.000010 0.052416 0.452770
0.024866 0.062456 0.010651 0.027016 0.029308 0.000010 0.000010 0.061833 0.783850
0.000010 0.044241 0.005908 0.000010 0.021166 0.000010 0.000010 0.697132 0.231513
0.000010 0.032385 0.042183 0.000010 0.027520 0.000010 0.012084 0.490041 0.395757
0.048669 0.043842 0.011328 0.016314 0.000010 0.031286 0.052823 0.581396 0.214332
0.000010 0.028070 0.017623 0.018031 0.008311 0.000010 0.000010 0.517574 0.410360
0.030141 0.021313 0.015094 0.005221 0.000010 0.273525 0.297206 0.267670 0.089822
0.000010 0.000010 0.000010 0.000010 0.000010 0.055102 0.000010 0.000010 0.944828
0.000010 0.000012 0.000010 0.000010 0.000010 0.534577 0.404047 0.061314 0.000010
0.000010 0.000010 0.000010 0.000010 0.000010 0.000010 0.999920 0.000010 0.000010
0.000010 0.000010 0.000010 0.000010 0.000010 0.538472 0.384314 0.077154 0.000010
0.000010 0.000010 0.000010 0.000010 0.000010 0.564212 0.370284 0.065444 0.000010
0.004807 0.082768 0.016374 0.037274 0.011885 0.000010 0.007751 0.035929 0.803201
0.023283 0.046149 0.064991 0.000010 0.015207 0.000010 0.000010 0.495570 0.354769
0.030122 0.137494 0.195527 0.040831 0.095283 0.000010 0.000010 0.054429 0.446293
0.023308 0.079088 0.009984 0.000010 0.029202 0.000010 0.003432 0.046681 0.808284
0.000010 0.042640 0.033480 0.000010 0.000010 0.008763 0.002667 0.574083 0.338337
0.050595 0.053605 0.052646 0.000010 0.025281 0.000010 0.010936 0.325708 0.481210
0.015559 0.061222 0.022245 0.000010 0.026887 0.094644 0.119008 0.335512 0.324913
0.000010 0.029328 0.043529 0.002137 0.012986 0.256876 0.247211 0.260086 0.147838
0.000010 0.000010 0.000010 0.000010 0.000010 0.057378 0.000010 0.000010 0.942552
0.000010 0.000010 0.000010 0.000010 0.004139 0.004121 0.991680 0.000010 0.000010
0.000010 0.007772 0.065098 0.000010 0.000010 0.511289 0.320985 0.094816 0.000010
0.000010 0.020999 0.019716 0.000010 0.000010 0.529767 0.339435 0.090043 0.000010
0.000010 0.000010 0.038765 0.000010 0.000010 0.508778 0.344487 0.107920 0.000010
0.000010 0.021540 0.000010 0.010321 0.013470 0.009346 0.009175 0.057004 0.879124
0.007599 0.056598 0.006969 0.000010 0.015228 0.000010 0.000010 0.092326 0.821249
0.020724 0.074803 0.044277 0.015595 0.050301 0.000010 0.000010 0.086228 0.708052
0.016131 0.058352 0.035627 0.000010 0.057392 0.000273 0.004569 0.038446 0.789201
0.034688 0.119443 0.229701 0.008159 0.096092 0.000010 0.000010 0.064518 0.447378
0.000010 0.014583 0.027245 0.000010 0.013304 0.000010 0.000010 0.768251 0.176577
0.009841 0.041956 0.049054 0.010099 0.022594 0.000010 0.026067 0.458967 0.381413
0.026635 0.047771 0.080836 0.000010 0.028645 0.016723 0.025641 0.310077 0.463663
0.000010 0.040039 0.064046 0.000011 0.026788 0.000010 0.009989 0.392247 0.466861
0.018550 0.072295 0.021340 0.039378 0.051134 0.008860 0.002446 0.318333 0.467663
0.000010 0.000010 0.000010 0.000010 0.000010 0.061240 0.000010 0.000010 0.938690
0.033860 0.137927 0.164967 0.007277 0.079400 0.000010 0.000010 0.082741 0.493808
0.030821 0.068882 0.035872 0.000014 0.024004 0.003003 0.000010 0.064914 0.772480
0.011021 0.043600 0.000010 0.024474 0.019884 0.000010 0.005472 0.572017 0.323512
0.016188 0.062066 0.030076 0.000010 0.022031 0.000010 0.017291 0.475771 0.376558
0.014629 0.000010 0.068597 0.023065 0.028831 0.031151 0.066819 0.571573 0.195324
0.026606 0.059027 0.045716 0.000018 0.035059 0.000010 0.000010 0.405360 0.428194
0.021825 0.000015 0.019843 0.031907 0.000010 0.240630 0.295974 0.240865 0.148931
0.000010 0.000010 0.000010 0.000010 0.000010 0.044368 0.000010 0.000010 0.955562
0.000010 0.000010 0.000010 0.000010 0.000010 0.050271 0.000010 0.000010 0.949659
0.029330 0.048069 0.044126 0.000010 0.009397 0.055772 0.000010 0.000010 0.813277
0.015913 0.000010 0.041504 0.000010 0.031665 0.000010 0.000010 0.039751 0.871128
0.052248 0.150528 0.131080 0.000010 0.034536 0.025857 0.030087 0.164824 0.410830
0.000010 0.000010 0.000010 0.000010 0.006254 0.022512 0.025271 0.945913 0.000010
0.000010 0.000010 0.000010 0.000010 0.000010 0.058241 0.063652 0.872859 0.005198
0.017677 0.000010 0.028248 0.000010 0.000011 0.000010 0.000010 0.292499 0.661526
0.000010 0.044862 0.014003 0.000010 0.007649 0.000010 0.000010 0.270187 0.663260
0.007685 0.029722 0.011534 0.008964 0.008683 0.000010 0.000010 0.263405 0.669987
0.016361 0.013687 0.010234 0.003178 0.013345 0.060125 0.001492 0.038365 0.843212
0.011486 0.000010 0.000010 0.000010 0.000010 0.045130 0.010944 0.000010 0.932390
0.013954 0.033902 0.021821 0.000010 0.019060 0.001614 0.000888 0.062795 0.845957
0.055142 0.096429 0.150871 0.046241 0.045687 0.039546 0.028691 0.145617 0.391777
0.000010 0.000010 0.000010 0.000010 0.000010 0.024139 0.056767 0.919034 0.000010
0.000010 0.000010 0.000010 0.000010 0.000010 0.000010 0.000010 0.963379 0.036551
0.000010 0.012925 0.049227 0.011146 0.033686 0.000010 0.000010 0.257980 0.635007
0.000010 0.065251 0.008842 0.003560 0.016283 0.000010 0.000010 0.279808 0.626226
0.000010 0.000010 0.000010 0.000010 0.000010 0.202939 0.014577 0.000010 0.782425
0.000010 0.015220 0.031776 0.000010 0.036462 0.000010 0.005399 0.512782 0.398330
0.000010 0.000010 0.000010 0.000010 0.000010 0.059806 0.000010 0.000010 0.940124
0.033214 0.138642 0.147155 0.035619 0.071686 0.000010 0.000010 0.095486 0.478177
0.094548 0.121522 0.184207 0.023662 0.060051 0.000010 0.025030 0.147610 0.343361
0.006074 0.000010 0.000010 0.005270 0.000010 0.047787 0.069839 0.870990 0.000010
0.000010 0.000010 0.000010 0.000010 0.000010 0.000010 0.016139 0.983791 0.000010
0.013945 0.005223 0.010977 0.025104 0.021094 0.000010 0.000010 0.279353 0.644283
0.021104 0.035232 0.014812 0.000010 0.010139 0.000013 0.000010 0.266905 0.651775
0.000010 0.042805 0.000010 0.000010 0.015879 0.000010 0.000010 0.286187 0.655079
0.000010 0.000270 0.000010 0.000010 0.000010 0.127195 0.026803 0.000010 0.845682
0.000010 0.000010 0.000010 0.000010 0.000010 0.057794 0.000010 0.000010 0.942136
0.006534 0.070469 0.035798 0.017229 0.031042 0.034637 0.002849 0.000010 0.801433
0.042146 0.146299 0.128464 0.041017 0.078961 0.000010 0.000010 0.086336 0.476756
0.054237 0.058300 0.134734 0.027800 0.062013 0.045325 0.032174 0.193918 0.391498
0.000010 0.000010 0.000010 0.000010 0.000010 0.130847 0.164319 0.704774 0.000010
0.002701 0.000010 0.000010 0.000010 0.004915 0.017310 0.037172 0.937862 0.000010
0.010379 0.043615 0.016168 0.000010 0.000010 0.000010 0.000010 0.293763 0.636035
0.026306 0.039019 0.004773 0.000010 0.020588 0.000010 0.000010 0.287800 0.621483
0.013555 0.024525 0.017392 0.014623 0.000010 0.000010 0.000010 0.279611 0.650264
0.000010 0.000010 0.000010 0.000010 0.000010 0.219911 0.020403 0.000010 0.759627
0.000010 0.000010 0.044535 0.000010 0.000010 0.488982 0.360928 0.105506 0.000010
0.017656 0.000010 0.049445 0.000010 0.000010 0.521237 0.337408 0.072865 0.001359
0.008194 0.080046 0.066571 0.000716 0.037808 0.000010 0.000010 0.137473 0.669172
0.000010 0.000010 0.000010 0.000010 0.000010 0.030217 0.001376 0.041276 0.927080
0.031504 0.097625 0.036901 0.021888 0.057876 0.000010 0.009189 0.173516 0.571491
0.000010 0.000010 0.000010 0.000010 0.000010 0.040798 0.007800 0.000010 0.951342
0.000010 0.016122 0.020825 0.000010 0.000010 0.000010 0.009039 0.043207 0.910766
0.066381 0.115508 0.150723 0.019429 0.061176 0.000010 0.000010 0.077799 0.508964
0.064700 0.105544 0.081890 0.021704 0.068602 0.015069 0.041507 0.160026 0.440957
0.000010 0.000010 0.000010 0.000010 0.000010 0.053473 0.080399 0.866068 0.000010
0.000010 0.000010 0.000010 0.004247 0.000010 0.011196 0.016597 0.967910 0.000010
0.000871 0.043667 0.022176 0.000010 0.012933 0.003922 0.000010 0.264063 0.652348
0.052589 0.026498 0.000010 0.000010 0.000637 0.000010 0.000010 0.273259 0.646977
0.007892 0.043528 0.016236 0.010155 0.010249 0.004651 0.000010 0.259293 0.647985
0.000010 0.000010 0.013916 0.011501 0.000010 0.128001 0.000010 0.010258 0.836285
0.001291 0.018673 0.036957 0.000010 0.011867 0.000561 0.000010 0.072571 0.858061
0.047751 0.142373 0.185073 0.044196 0.108988 0.000179 0.000010 0.048721 0.422709
0.000010 0.000010 0.000010 0.000010 0.000010 0.026354 0.027015 0.946571 0.000010
0.001404 0.000010 0.000010 0.008365 0.000304 0.016077 0.020409 0.953410 0.000010
0.000010 0.000010 0.000010 0.000010 0.000010 0.090535 0.117998 0.791407 0.000010
0.021888 0.013343 0.003513 0.008478 0.005997 0.000010 0.000010 0.292814 0.653947
0.024024 0.043233 0.046198 0.015505 0.022106 0.035305 0.000010 0.000668 0.812952
0.000010 0.061531 0.023653 0.021570 0.019802 0.000010 0.000010 0.044691 0.828723
0.068205 0.150654 0.153407 0.019874 0.109212 0.000010 0.000010 0.088188 0.410439
0.049442 0.118965 0.143820 0.000010 0.060899 0.015413 0.019962 0.187281 0.404208
0.000010 0.000010 0.000010 0.000010 0.000010 0.027353 0.022971 0.949616 0.000010
0.000010 0.000010 0.000010 0.000010 0.000010 0.000010 0.023057 0.976873 0.000010
0.000010 0.032705 0.008169 0.011718 0.022581 0.000010 0.000010 0.271167 0.653630
0.007790 0.026273 0.013306 0.000010 0.004889 0.000010 0.000010 0.289625 0.658088
0.012791 0.030407 0.001613 0.013228 0.000010 0.000010 0.000010 0.299862 0.642069
0.000010 0.000010 0.000010 0.000010 0.000010 0.185141 0.010379 0.000010 0.804420
0.020653 0.044843 0.000010 0.002281 0.009557 0.059553 0.000010 0.000010 0.863083
0.003372 0.039316 0.028948 0.000010 0.000010 0.000010 0.000010 0.067462 0.860863
0.044730 0.195016 0.131923 0.032211 0.087564 0.000010 0.000010 0.088905 0.419632
0.028120 0.126820 0.134057 0.001521 0.037508 0.023448 0.056958 0.176297 0.415271
0.000010 0.000010 0.000010 0.000010 0.000010 0.031666 0.036018 0.930793 0.001472
0.010552 0.000010 0.000010 0.000010 0.000010 0.024543 0.044262 0.920593 0.000010
0.011611 0.022293 0.016436 0.029820 0.017982 0.000010 0.000010 0.259408 0.642430
0.036924 0.001599 0.000010 0.029227 0.005404 0.000010 0.000010 0.268091 0.658725
0.024781 0.013110 0.016415 0.017561 0.004621 0.000010 0.000010 0.295527 0.627964
0.026026 0.014866 0.000010 0.032408 0.015718 0.057706 0.000010 0.000010 0.853245
0.000010 0.021784 0.047526 0.000494 0.014406 0.000279 0.000010 0.058171 0.857319
0.045041 0.094713 0.173915 0.036705 0.042559 0.015297 0.046715 0.165958 0.379097
0.000010 0.000010 0.000010 0.000010 0.000010 0.020197 0.023946 0.955797 0.000010
0.000010 0.000010 0.000010 0.000010 0.002923 0.029265 0.032500 0.935262 0.000010
0.001455 0.009228 0.020641 0.027704 0.007978 0.000010 0.000010 0.305471 0.627503
0.027356 0.057873 0.000015 0.006454 0.027618 0.049540 0.000010 0.000010 0.831124
0.000010 0.005799 0.044563 0.000010 0.018995 0.001837 0.000010 0.061272 0.867505
0.069240 0.107913 0.126065 0.045377 0.038433 0.025775 0.024244 0.142731 0.420221
0.000010 0.000010 0.000010 0.000010 0.000010 0.010301 0.035896 0.953743 0.000010
0.000010 0.000010 0.000010 0.000010 0.000010 0.045381 0.046338 0.908221 0.000010
0.035209 0.006995 0.000010 0.007188 0.013633 0.000010 0.000010 0.276609 0.660336
0.001923 0.015627 0.030070 0.000010 0.003630 0.000010 0.000010 0.309188 0.639532
0.000010 0.000010 0.000010 0.000010 0.000010 0.194588 0.021136 0.000010 0.784216
0.000010 0.000010 0.000010 0.000010 0.000010 0.203098 0.008882 0.000010 0.787960
0.037899 0.097866 0.027527 0.000010 0.034723 0.004416 0.036856 0.248680 0.512023
0.031945 0.051825 0.042464 0.000010 0.060453 0.003385 0.016159 0.351360 0.442399
0.020572 0.035606 0.000010 0.035228 0.000010 0.260435 0.274956 0.283363 0.089821
0.029363 0.032383 0.014040 0.000010 0.016224 0.052541 0.001154 0.000010 0.854276
0.021995 0.000010 0.007444 0.018375 0.000010 0.000010 0.002696 0.069799 0.879660
0.034325 0.154555 0.217712 0.014190 0.083700 0.000010 0.000010 0.052441 0.443057
0.000010 0.001776 0.000010 0.000010 0.000010 0.048524 0.010803 0.938847 0.000010
0.000010 0.000010 0.000010 0.000010 0.000010 0.058686 0.059319 0.881935 0.000010
0.024243 0.044921 0.000010 0.016537 0.000010 0.000010 0.000010 0.282898 0.631361
0.000010 0.050069 0.003110 0.000010 0.019762 0.000010 0.000010 0.288670 0.638349
0.000010 0.000010 0.000010 0.000010 0.000010 0.201540 0.023885 0.000010 0.774516
0.000997 0.001131 0.025093 0.005337 0.000010 0.509784 0.342369 0.115269 0.000010
0.002291 0.011792 0.017425 0.016527 0.000010 0.000010 0.000010 0.039377 0.912557
0.015398 0.000010 0.000010 0.000010 0.000010 0.142956 0.016101 0.000010 0.825494
0.022463 0.023236 0.017890 0.011787 0.018326 0.000010 0.000010 0.272804 0.633475
0.000010 0.000010 0.000010 0.000010 0.000010 0.027652 0.012575 0.959713 0.000010
0.017719 0.030568 0.005786 0.004241 0.000859 0.000010 0.000010 0.297727 0.643080
0.059344 0.096883 0.155062 0.014452 0.027405 0.013597 0.027358 0.169203 0.436696
0.058561 0.112949 0.191468 0.049950 0.064052 0.000010 0.000010 0.060622 0.462379
0.032682 0.083471 0.039901 0.001454 0.011369 0.057218 0.003287 0.000010 0.770608
0.000010 0.000010 0.000010 0.000010 0.000010 0.137005 0.177731 0.685204 0.000010
0.014177 0.051892 0.042590 0.043285 0.008284 0.000010 0.000010 0.113435 0.726318
0.000010 0.000010 0.000010 0.000010 0.076129 0.712943 0.183820 0.006805 0.020262
0.000010 0.000010 0.000010 0.023074 0.038724 0.746734 0.165463 0.016210 0.009765
0.003872 0.000010 0.000198 0.026642 0.048373 0.773564 0.117668 0.000010 0.029663
0.000010 0.006328 0.000010 0.006641 0.071370 0.793977 0.104954 0.000010 0.016700
0.038359 0.288215 0.145680 0.017702 0.212397 0.000010 0.000010 0.022532 0.275095
0.069596 0.231597 0.186306 0.000010 0.182921 0.000010 0.000010 0.064081 0.265468
0.056824 0.287165 0.137391 0.010175 0.201858 0.000010 0.000010 0.044409 0.262158
0.069908 0.263432 0.110369 0.010749 0.228104 0.000010 0.000010 0.043768 0.273651
0.000010 0.000010 0.017849 0.008348 0.036503 0.690641 0.170863 0.024608 0.051168
0.000010 0.000010 0.000010 0.000010 0.006239 0.650939 0.286512 0.056259 0.000010
0.000010 0.000010 0.000010 0.000010 0.022474 0.679764 0.249640 0.048072 0.000010
0.000010 0.000010 0.024750 0.000010 0.005466 0.659659 0.266456 0.043629 0.000010
0.000010 0.000010 0.000010 0.000010 0.007143 0.664688 0.268198 0.059922 0.000010
0.000010 0.015138 0.000010 0.000010 0.020452 0.661088 0.262245 0.041038 0.000010
0.000010 0.014756 0.000010 0.000812 0.033095 0.746612 0.170447 0.011274 0.022984
0.000010 0.000010 0.000010 0.000010 0.025135 0.636152 0.286581 0.052082 0.000010
0.000010 0.081770 0.057071 0.023221 0.099639 0.468479 0.165306 0.072803 0.031700
0.000125 0.000010 0.000010 0.000010 0.109278 0.756781 0.000010 0.000010 0.133766
0.000010 0.017736 0.000010 0.000010 0.079525 0.786638 0.099600 0.001608 0.014864
0.000010 0.000010 0.000010 0.016328 0.082886 0.802280 0.080432 0.000010 0.018034
0.010730 0.000010 0.000010 0.000010 0.078289 0.810711 0.078151 0.000010 0.022079
0.000573 0.000010 0.000010 0.039500 0.057433 0.794326 0.083370 0.000010 0.024768
0.017950 0.000010 0.000010 0.000010 0.075283 0.816937 0.049537 0.000010 0.040253
0.000010 0.000010 0.012220 0.013803 0.043942 0.740996 0.170855 0.006115 0.012049
0.016429 0.000010 0.000010 0.007273 0.065222 0.806126 0.073283 0.000010 0.031637
0.005548 0.006163 0.008397 0.007406 0.086237 0.781860 0.096371 0.000010 0.008007
0.007508 0.000010 0.022565 0.002739 0.096264 0.786866 0.084027 0.000010 0.000010
0.018777 0.001524 0.000010 0.000010 0.061475 0.770951 0.103859 0.000010 0.043384
0.028260 0.000010 0.000010 0.000010 0.025781 0.775410 0.148907 0.021603 0.000010
0.017033 0.000010 0.000010 0.014760 0.008293 0.734178 0.188896 0.018245 0.018574
0.000010 0.024215 0.000010 0.019049 0.031460 0.808150 0.117087 0.000010 0.000010
0.005966 0.000010 0.000010 0.001093 0.035690 0.766593 0.150074 0.000010 0.040553
0.019642 0.000010 0.016686 0.000010 0.024819 0.764645 0.134917 0.017703 0.021569
0.008836 0.023461 0.000010 0.016562 0.012177 0.809322 0.119258 0.007084 0.003288
0.000010 0.026080 0.000010 0.010065 0.007681 0.789244 0.134719 0.021476 0.010715
0.016091 0.000010 0.000010 0.000010 0.028722 0.794224 0.136256 0.024666 0.000010
0.001226 0.005989 0.002005 0.017615 0.022107 0.778764 0.146485 0.023410 0.002399
0.008867 0.009255 0.000010 0.006633 0.052149 0.730971 0.187393 0.000010 0.004711
0.004266 0.017690 0.000010 0.000010 0.046214 0.728598 0.183262 0.004054 0.015896
0.005480 0.000010 0.000010 0.000010 0.075648 0.759758 0.123003 0.000010 0.036071
0.009173 0.000010 0.000010 0.000010 0.048690 0.827714 0.074404 0.000010 0.039980
0.008483 0.011304 0.000010 0.000010 0.057098 0.825153 0.074578 0.000010 0.023353
0.010412 0.000010 0.000010 0.019698 0.042311 0.881331 0.046208 0.000010 0.000010
0.026863 0.000010 0.000010 0.000748 0.042789 0.919281 0.010278 0.000010 0.000010
0.017678 0.000010 0.000010 0.002252 0.020127 0.928755 0.010772 0.000010 0.020386
0.015668 0.017000 0.000010 0.000010 0.016500 0.936585 0.014207 0.000010 0.000010
0.000010 0.001592 0.023632 0.000010 0.051763 0.733953 0.153496 0.000010 0.035535
0.000010 0.000010 0.023423 0.018938 0.057532 0.757567 0.128749 0.000010 0.013761
0.000010 0.000010 0.010753 0.009167 0.072474 0.713104 0.170881 0.000010 0.023591
0.011134 0.016604 0.000010 0.000010 0.023619 0.787575 0.138349 0.009935 0.012763
0.000010 0.000010 0.000010 0.000010 0.074276 0.733490 0.185402 0.006356 0.000437
0.000010 0.008515 0.000010 0.000010 0.067957 0.849040 0.051648 0.000010 0.022801
0.011538 0.000929 0.022411 0.000713 0.034442 0.773827 0.146128 0.004047 0.005964
0.000010 0.000010 0.000010 0.000010 0.041624 0.741651 0.170374 0.033684 0.012628
0.000010 0.020568 0.000010 0.004316 0.036000 0.764325 0.152969 0.000010 0.021792
0.006629 0.020406 0.001988 0.006598 0.016106 0.831311 0.096979 0.000010 0.019974
0.009807 0.000010 0.000010 0.010552 0.028464 0.813072 0.134685 0.000010 0.003390
0.009790 0.015413 0.000010 0.002731 0.004965 0.784079 0.126365 0.002812 0.053836
0.027511 0.000010 0.000010 0.000010 0.035505 0.729989 0.183143 0.023812 0.000010
0.011375 0.000010 0.002646 0.002759 0.067898 0.775563 0.107829 0.000010 0.031909
0.000010 0.010058 0.011777 0.000010 0.069851 0.733959 0.165557 0.000010 0.008768
0.003861 0.006707 0.024164 0.000010 0.042955 0.685517 0.204016 0.000010 0.032760
0.000010 0.015608 0.001971 0.014176 0.063518 0.796537 0.107746 0.000010 0.000423
0.010954 0.000010 0.005469 0.008511 0.094136 0.803757 0.077144 0.000010 0.000010
0.004273 0.000010 0.027457 0.003504 0.039306 0.711252 0.198905 0.003965 0.011329
0.000010 0.000010 0.000010 0.002237 0.067138 0.813501 0.070207 0.000010 0.046877
0.020212 0.000010 0.000010 0.000010 0.039271 0.751697 0.157204 0.000010 0.031577
0.000010 0.023577 0.000010 0.012693 0.048730 0.744983 0.162835 0.007152 0.000010
0.000010 0.006423 0.013039 0.000010 0.059377 0.861564 0.053792 0.000010 0.005775
0.000010 0.018614 0.002936 0.001390 0.086885 0.785073 0.076568 0.000010 0.028514
0.003782 0.000010 0.000010 0.012166 0.070466 0.800111 0.080013 0.000010 0.033433
0.010745 0.000010 0.000010 0.015507 0.055098 0.800574 0.093528 0.000010 0.024517
0.000010 0.009133 0.000010 0.017947 0.064009 0.775767 0.114680 0.000010 0.018433
0.000010 0.108051 0.075573 0.056784 0.168539 0.419661 0.073661 0.001390 0.096331
0.000010 0.026178 0.014828 0.000010 0.028729 0.672319 0.236453 0.021464 0.000010
0.000010 0.003592 0.000010 0.004607 0.036233 0.689572 0.238128 0.027837 0.000010
0.004523 0.000010 0.000010 0.006732 0.035463 0.671685 0.245118 0.036450 0.000010
0.000396 0.000010 0.006131 0.000010 0.021232 0.691079 0.234475 0.046658 0.000010
0.001041 0.027968 0.003559 0.000019 0.030925 0.688862 0.215125 0.032491 0.000010
0.003135 0.001790 0.000010 0.015043 0.017780 0.681810 0.248611 0.031810 0.000010
0.002177 0.000010 0.000010 0.000010 0.012258 0.682524 0.245479 0.050434 0.007097
0.000010 0.000010 0.000010 0.000010 0.000010 0.677981 0.262187 0.042224 0.017559
0.006132 0.006476 0.000010 0.010342 0.030430 0.726057 0.190438 0.023727 0.006388
0.003748 0.000010 0.012805 0.000010 0.065569 0.753047 0.139203 0.000010 0.025597
0.000010 0.012515 0.005260 0.000179 0.041025 0.719111 0.188459 0.030470 0.002971
0.000010 0.000010 0.001047 0.005316 0.043634 0.719354 0.170472 0.029341 0.030816
0.000771 0.000010 0.000010 0.019417 0.045794 0.713104 0.180716 0.022566 0.017611
0.017030 0.005654 0.000599 0.000010 0.046712 0.729342 0.176796 0.018741 0.005117
0.001016 0.000010 0.000010 0.000010 0.009748 0.697076 0.238902 0.048098 0.005131
0.001633 0.032273 0.000010 0.013690 0.043674 0.724011 0.183408 0.001291 0.000010
0.000010 0.000010 0.000412 0.000010 0.029689 0.704160 0.198272 0.018458 0.048980
0.000561 0.020042 0.002543 0.003150 0.088198 0.767505 0.092405 0.000010 0.025586
0.000010 0.015292 0.000010 0.014273 0.054506 0.749201 0.149294 0.008644 0.008771
0.000010 0.022143 0.000010 0.000010 0.062432 0.702021 0.192580 0.008864 0.011930
0.027789 0.000010 0.003121 0.008742 0.020624 0.719791 0.206025 0.007106 0.006791
0.000010 0.019691 0.003404 0.004280 0.072658 0.762933 0.125034 0.000010 0.011980
0.075128 0.265308 0.122423 0.019728 0.281713 0.015054 0.000010 0.054570 0.166066
0.011355 0.227519 0.216576 0.070776 0.294716 0.074655 0.005511 0.010054 0.088839
0.033311 0.191836 0.198141 0.031295 0.273699 0.082030 0.000010 0.000010 0.189668
0.027376 0.047070 0.042516 0.014813 0.088210 0.525759 0.193591 0.031873 0.028792
0.058115 0.327360 0.106382 0.015672 0.293707 0.011289 0.000010 0.022683 0.164781
0.058744 0.301443 0.127536 0.000010 0.301309 0.000010 0.000010 0.034438 0.176501
0.035642 0.138025 0.048171 0.063466 0.213934 0.338492 0.050650 0.023159 0.088461
0.032875 0.164279 0.067329 0.054428 0.180245 0.299812 0.075892 0.028644 0.096497
0.027574 0.163485 0.239751 0.045190 0.231931 0.151250 0.039049 0.011348 0.090423
0.838190 0.043528 0.069912 0.012091 0.026922 0.000010 0.000010 0.002083 0.007254
0.082565 0.296097 0.104765 0.000010 0.350081 0.000010 0.000010 0.024887 0.141575
0.048060 0.311675 0.172967 0.007623 0.283822 0.000017 0.000010 0.000010 0.175817
0.020597 0.137106 0.047363 0.039199 0.232943 0.314988 0.055305 0.021057 0.131441
0.018923 0.180719 0.198939 0.081589 0.305466 0.075553 0.000010 0.000010 0.138790
0.024119 0.163343 0.036578 0.036080 0.343094 0.261006 0.000010 0.000010 0.135760
0.064928 0.284003 0.132806 0.020947 0.281838 0.000010 0.000010 0.015479 0.199978
0.035660 0.145707 0.087868 0.033858 0.195748 0.311175 0.086544 0.012677 0.090764
0.014466 0.174591 0.057690 0.034237 0.220597 0.307381 0.077159 0.023981 0.089898
0.022204 0.108866 0.107609 0.024518 0.163296 0.340115 0.109233 0.055036 0.069125
0.000010 0.043445 0.084354 0.019834 0.098159 0.501024 0.191209 0.036061 0.025903
0.024532 0.131409 0.014222 0.057793 0.283453 0.341481 0.035536 0.007089 0.104485
0.032312 0.149223 0.059612 0.011147 0.343343 0.281072 0.000010 0.000010 0.123270
0.045685 0.340503 0.144099 0.031088 0.257313 0.000010 0.000010 0.021343 0.159949
0.055777 0.126458 0.036832 0.055342 0.323216 0.271636 0.000010 0.000010 0.130719
0.031303 0.309415 0.137593 0.000010 0.318442 0.022489 0.000010 0.022444 0.158295
0.009853 0.130373 0.050816 0.062657 0.202669 0.347557 0.079993 0.009358 0.106725
0.017868 0.144802 0.078630 0.007109 0.225180 0.339226 0.068966 0.017685 0.100535
0.000010 0.090837 0.079021 0.014499 0.100093 0.467533 0.176171 0.030766 0.041070
0.074500 0.300980 0.080484 0.060810 0.290855 0.001494 0.000010 0.025027 0.165839
0.038190 0.150893 0.043195 0.000010 0.346716 0.270524 0.000010 0.000010 0.150452
0.088703 0.273559 0.140147 0.012614 0.315722 0.000012 0.000010 0.006505 0.162728
0.025369 0.107417 0.246810 0.088122 0.261510 0.154139 0.015224 0.018588 0.082820
0.009109 0.139810 0.196752 0.072278 0.270956 0.182425 0.019397 0.005717 0.103556
0.067753 0.342706 0.126325 0.000010 0.292684 0.000010 0.000010 0.000010 0.170492
0.056968 0.291230 0.146479 0.023130 0.286015 0.000010 0.000010 0.023922 0.172237
0.017340 0.155194 0.034486 0.019407 0.351928 0.268135 0.000010 0.000010 0.153490
0.016611 0.037090 0.013001 0.029143 0.103653 0.523771 0.183181 0.057494 0.036055
0.026121 0.096083 0.070408 0.008323 0.142708 0.399611 0.143033 0.040420 0.073295
0.003625 0.141635 0.081176 0.046726 0.210943 0.330884 0.076025 0.004107 0.104881
0.015654 0.139446 0.214672 0.058333 0.286768 0.152606 0.002297 0.000010 0.130214
0.034182 0.114616 0.079131 0.000010 0.332193 0.280817 0.000010 0.000010 0.159032
0.032193 0.129381 0.247508 0.096350 0.231784 0.147992 0.002921 0.013734 0.098136
0.019162 0.053360 0.058627 0.021894 0.086791 0.490533 0.213503 0.027526 0.028604
0.000010 0.096824 0.251540 0.088495 0.248999 0.192039 0.000010 0.013841 0.108242
0.052243 0.301732 0.138736 0.009485 0.301497 0.000010 0.000010 0.017644 0.178643
0.003722 0.183844 0.058733 0.022491 0.332346 0.257378 0.000010 0.000010 0.141465
0.006386 0.149552 0.095847 0.051516 0.178491 0.338621 0.063678 0.034170 0.081740
0.015901 0.176416 0.069557 0.036381 0.227515 0.319894 0.078299 0.020504 0.055532
0.023631 0.167868 0.082270 0.021948 0.198669 0.336469 0.067858 0.020064 0.081222
0.032751 0.174589 0.028805 0.051533 0.330020 0.243087 0.000010 0.000010 0.139194
0.051769 0.315129 0.132929 0.000010 0.335345 0.000010 0.000010 0.017930 0.146868
0.016759 0.228114 0.228249 0.051488 0.291161 0.051381 0.000010 0.021765 0.111073
0.007598 0.151315 0.224938 0.070650 0.255856 0.136453 0.046267 0.008431 0.098492
0.013244 0.036388 0.032825 0.021049 0.124659 0.483431 0.225852 0.050071 0.012480
0.058543 0.283401 0.128168 0.000010 0.308081 0.000017 0.000010 0.032153 0.189617
0.056700 0.285615 0.137821 0.019814 0.327423 0.000010 0.000010 0.035973 0.136635
0.001435 0.075921 0.059061 0.022220 0.135388 0.461578 0.144219 0.027665 0.072513
0.049104 0.144846 0.029286 0.006822 0.235817 0.350645 0.065217 0.028119 0.090144
0.026322 0.054962 0.000010 0.033338 0.104977 0.489221 0.188450 0.057948 0.044771
0.028320 0.134000 0.003372 0.065970 0.336896 0.266276 0.000010 0.000010 0.165146
0.003682 0.123115 0.221552 0.086477 0.268372 0.148066 0.013148 0.032721 0.102868
0.000010 0.129496 0.239643 0.082212 0.274839 0.126875 0.015654 0.000010 0.131262
0.000010 0.139563 0.048566 0.027103 0.212601 0.365694 0.079128 0.022776 0.104559
0.072447 0.306443 0.081417 0.012335 0.293778 0.004589 0.000010 0.013613 0.215368
0.072261 0.328134 0.117324 0.012853 0.299625 0.003207 0.000010 0.016462 0.150123
0.072942 0.301192 0.107856 0.032815 0.281666 0.000010 0.000010 0.048491 0.155018
0.015137 0.100348 0.064482 0.011724 0.149838 0.436770 0.147015 0.017255 0.057430
