0.000010 0.053786 0.444497 0.099106 0.402601
0.006601 0.070068 0.570671 0.047670 0.304990
0.017399 0.042749 0.454987 0.080049 0.404816
0.039429 0.071679 0.542830 0.020513 0.325550
0.002241 0.051272 0.454944 0.085990 0.405553
0.012372 0.060819 0.486405 0.077054 0.363350
0.037676 0.074414 0.511392 0.044551 0.331967
0.000010 0.146125 0.799992 0.000010 0.053864
0.000010 0.117697 0.805068 0.034293 0.042933
0.031048 0.000010 0.888435 0.000010 0.080497
0.015506 0.115757 0.730566 0.061075 0.077096
0.023256 0.136403 0.736075 0.026346 0.077920
0.105134 0.218103 0.000010 0.003901 0.672852
0.126145 0.193781 0.000010 0.083074 0.596990
0.008121 0.243332 0.000010 0.000010 0.748527
0.097411 0.162188 0.011896 0.117856 0.610649
0.020171 0.051263 0.454499 0.096745 0.377323
0.000401 0.048313 0.479230 0.094357 0.377699
0.000010 0.100997 0.828738 0.017180 0.053075
0.000010 0.185456 0.770757 0.000010 0.043766
0.000010 0.136084 0.792990 0.000010 0.070906
0.022876 0.000010 0.909439 0.000010 0.067665
0.013713 0.139326 0.730827 0.050425 0.065709
0.044823 0.122174 0.738790 0.017788 0.076425
0.059690 0.221232 0.000010 0.000010 0.719058
0.040456 0.220403 0.000010 0.009334 0.729797
0.000010 0.257429 0.000010 0.000010 0.742541
0.159982 0.178825 0.000010 0.079939 0.581243
0.022516 0.049255 0.466182 0.088012 0.374035
0.054636 0.065217 0.454472 0.063802 0.361874
0.000010 0.081848 0.796552 0.023292 0.098298
0.005233 0.205526 0.772544 0.000010 0.016688
0.018561 0.000010 0.890966 0.004514 0.085949
0.038500 0.000010 0.895405 0.000010 0.066075
0.020982 0.121208 0.740515 0.060621 0.056675
0.041719 0.118707 0.737761 0.044398 0.057414
0.103944 0.204610 0.000010 0.009559 0.681877
0.020300 0.240391 0.003700 0.006637 0.728972
0.082611 0.200719 0.000010 0.000010 0.716650
0.112387 0.173071 0.009408 0.093430 0.611704
0.029822 0.050645 0.492115 0.073480 0.353938
0.060932 0.051535 0.459412 0.070113 0.358007
0.000010 0.138103 0.799911 0.000998 0.060978
0.005529 0.122445 0.824928 0.000010 0.047089
0.041890 0.000010 0.909505 0.000010 0.048584
0.033667 0.000010 0.887667 0.000010 0.078646
0.024323 0.000010 0.903954 0.000010 0.071703
0.024745 0.127599 0.721989 0.049135 0.076531
0.000010 0.111431 0.736051 0.076071 0.076437
0.105504 0.193798 0.000010 0.012391 0.688296
0.000010 0.258991 0.000010 0.000010 0.740979
0.017366 0.202280 0.000010 0.018122 0.762222
0.077313 0.197961 0.013451 0.081407 0.629868
0.066900 0.213786 0.000010 0.000190 0.719115
0.166793 0.177039 0.000010 0.244028 0.412129
0.058825 0.234944 0.000010 0.024245 0.681976
0.082640 0.078841 0.052545 0.063367 0.722607
0.092503 0.141391 0.039861 0.075226 0.651019
0.031577 0.060012 0.052196 0.065553 0.790662
0.084272 0.131869 0.047657 0.069711 0.666491
0.000010 0.085730 0.410829 0.094070 0.409361
0.072600 0.231913 0.000010 0.044686 0.650791
0.125384 0.193966 0.000010 0.038029 0.642612
0.069486 0.095452 0.082144 0.064690 0.688228
0.010515 0.041086 0.163728 0.136781 0.647890
0.033389 0.099139 0.052977 0.126644 0.687851
0.082898 0.094706 0.069869 0.097724 0.654804
0.037484 0.081900 0.446583 0.078691 0.355342
0.030349 0.050398 0.459887 0.084385 0.374981
0.083586 0.229505 0.000010 0.019284 0.667615
0.154368 0.184420 0.000010 0.197441 0.463761
0.070726 0.221106 0.000010 0.018878 0.689280
0.056193 0.100250 0.064381 0.093985 0.685190
0.117827 0.128161 0.046298 0.088016 0.619698
0.083144 0.123296 0.025957 0.075565 0.692037
0.088772 0.111845 0.082600 0.082913 0.633871
0.054458 0.044870 0.405830 0.104661 0.390182
0.038917 0.051512 0.414131 0.105528 0.389912
0.037745 0.078977 0.451845 0.074533 0.356900
0.000010 0.112537 0.797606 0.038841 0.051006
0.028329 0.000010 0.902556 0.000010 0.069095
0.039983 0.000010 0.883816 0.000010 0.076181
0.033938 0.000010 0.907110 0.000010 0.058933
0.007355 0.188253 0.703891 0.049457 0.051044
0.012021 0.134592 0.735003 0.061550 0.056834
0.094265 0.195255 0.000010 0.029705 0.680765
0.000010 0.251253 0.000014 0.000010 0.748713
0.057312 0.194857 0.000010 0.043951 0.703870
0.140758 0.167696 0.026726 0.078812 0.586008
0.059689 0.052021 0.456595 0.057409 0.374286
0.004069 0.060096 0.647746 0.051810 0.236278
0.000342 0.142397 0.795719 0.013678 0.047864
0.000010 0.122618 0.807522 0.015762 0.054088
0.032281 0.000010 0.899381 0.000010 0.068319
0.044332 0.000010 0.906850 0.000010 0.048798
0.030970 0.124509 0.730965 0.034140 0.079415
0.024559 0.120667 0.731939 0.048038 0.074798
0.102764 0.204435 0.000010 0.014768 0.678023
0.046661 0.212220 0.000010 0.005592 0.735517
0.103268 0.168087 0.013144 0.103206 0.612295
0.074138 0.226803 0.000010 0.023887 0.675162
0.231466 0.128065 0.000010 0.380091 0.260369
0.050643 0.243264 0.000010 0.023699 0.682384
0.059253 0.042323 0.066273 0.070569 0.761582
0.040202 0.096208 0.050132 0.106346 0.707113
0.086005 0.110573 0.040050 0.089720 0.673652
0.068878 0.070783 0.458932 0.081133 0.320274
0.030261 0.052701 0.452475 0.075900 0.388663
0.014891 0.139807 0.801510 0.000010 0.043781
0.013110 0.146356 0.789953 0.000010 0.050571
0.015043 0.000010 0.911155 0.000010 0.073782
0.051055 0.002044 0.886004 0.015971 0.044926
0.031716 0.129447 0.723344 0.047144 0.068349
0.105324 0.183388 0.000010 0.034216 0.677062
0.014707 0.221317 0.000010 0.000010 0.763956
0.000010 0.238688 0.000010 0.000010 0.761282
0.122087 0.182025 0.005233 0.083560 0.607094
0.057379 0.231760 0.000010 0.031330 0.679520
0.194163 0.189212 0.000010 0.229370 0.387246
0.092150 0.229827 0.000010 0.000010 0.678003
0.048401 0.086369 0.055561 0.071497 0.738172
0.044526 0.082956 0.064837 0.065146 0.742535
0.094596 0.104371 0.038836 0.073554 0.688642
0.012741 0.067927 0.363833 0.096834 0.458664
0.002941 0.080714 0.484258 0.072619 0.359467
0.000010 0.163207 0.813645 0.000010 0.023128
0.000010 0.102649 0.822035 0.000010 0.075296
0.014070 0.000010 0.907025 0.000010 0.078885
0.032671 0.000010 0.898845 0.000010 0.068464
0.006885 0.154331 0.733347 0.036391 0.069046
0.034264 0.111410 0.719327 0.046306 0.088693
0.136075 0.205163 0.000010 0.024214 0.634538
0.000022 0.249141 0.000010 0.000010 0.750817
0.000010 0.247253 0.000010 0.000010 0.752717
0.130384 0.177036 0.010363 0.092148 0.590069
0.048627 0.202016 0.000010 0.068783 0.680564
0.198477 0.166268 0.000010 0.220442 0.414802
0.072104 0.237458 0.000010 0.005286 0.685142
0.017114 0.000010 0.096792 0.095580 0.790504
0.085139 0.096513 0.064770 0.111189 0.642389
0.089218 0.117129 0.117745 0.057544 0.618363
0.054200 0.087577 0.499773 0.048173 0.310276
0.000010 0.074344 0.486849 0.077678 0.361120
0.000010 0.121071 0.809311 0.000010 0.069598
0.014053 0.095417 0.825748 0.030191 0.034592
0.035700 0.000010 0.899876 0.000465 0.063950
0.027954 0.000010 0.896093 0.000010 0.075933
0.022354 0.000010 0.904818 0.000010 0.072809
0.044135 0.127749 0.717249 0.066379 0.044489
0.000010 0.120125 0.759417 0.046092 0.074356
0.082903 0.196113 0.000010 0.049558 0.671416
0.058309 0.219126 0.011056 0.026619 0.684890
0.000010 0.253085 0.000010 0.000010 0.746885
0.128073 0.164473 0.019468 0.088193 0.599793
0.090891 0.192467 0.000010 0.069015 0.647617
0.043425 0.253466 0.000010 0.026820 0.676279
0.048813 0.098578 0.040548 0.129613 0.682448
0.050307 0.088539 0.064658 0.104081 0.692414
0.087661 0.124239 0.058068 0.077201 0.652831
0.030408 0.044033 0.054940 0.110285 0.760334
0.000010 0.259327 0.022470 0.000010 0.718183
0.060957 0.072299 0.450766 0.039546 0.376431
0.000010 0.151888 0.805659 0.000010 0.042432
0.056941 0.017967 0.856070 0.008910 0.060112
0.028616 0.000010 0.892858 0.000010 0.078505
0.000010 0.159855 0.711216 0.066378 0.062541
0.018802 0.129265 0.744739 0.052945 0.054249
0.002971 0.214318 0.000010 0.055783 0.726918
0.036607 0.215003 0.000010 0.000010 0.748370
0.074551 0.206893 0.000010 0.000010 0.718537
0.067824 0.248279 0.000010 0.003805 0.680081
0.189437 0.168757 0.000010 0.224841 0.416955
0.070207 0.230470 0.000010 0.025398 0.673915
0.058646 0.034512 0.080647 0.072731 0.753465
0.052664 0.084755 0.058205 0.080340 0.724037
0.053402 0.021090 0.145505 0.133488 0.646516
0.041012 0.074006 0.047966 0.084255 0.752762
0.032713 0.050164 0.525295 0.081026 0.310802
0.000010 0.285821 0.011701 0.000010 0.702458
0.001481 0.123515 0.810525 0.004614 0.059865
0.042084 0.000010 0.896921 0.000010 0.060975
0.000506 0.134950 0.793669 0.017441 0.053434
0.000010 0.140739 0.799883 0.000466 0.058903
0.090079 0.225329 0.000010 0.015655 0.668927
0.065069 0.067200 0.044036 0.130022 0.693673
0.169567 0.190035 0.000010 0.232097 0.408290
0.087946 0.226172 0.000010 0.000010 0.685862
0.047963 0.052751 0.077248 0.081865 0.740173
0.069745 0.117587 0.037102 0.114963 0.660603
0.079791 0.098137 0.220010 0.062116 0.539945
0.045943 0.097907 0.457223 0.062004 0.336923
0.000010 0.260962 0.016178 0.000010 0.722841
0.024622 0.000010 0.888683 0.000010 0.086675
0.031998 0.139881 0.705119 0.069002 0.054000
0.041518 0.133808 0.738690 0.019153 0.066831
0.002927 0.134217 0.726789 0.042582 0.093485
0.019987 0.237914 0.000010 0.000010 0.742078
0.054477 0.218352 0.000010 0.000010 0.727151
0.091201 0.223458 0.000010 0.047015 0.638315
0.078831 0.247919 0.000010 0.008576 0.664665
0.152883 0.189914 0.000010 0.240169 0.417023
0.036979 0.010311 0.073540 0.111673 0.767497
0.053946 0.080912 0.072470 0.106377 0.686296
0.066841 0.127576 0.064188 0.110297 0.631098
0.054625 0.114480 0.046126 0.084541 0.700228
0.094932 0.147502 0.037089 0.087731 0.632747
0.000010 0.257552 0.018983 0.000010 0.723445
0.167400 0.183624 0.000010 0.179371 0.469595
0.081142 0.216637 0.000010 0.026760 0.675450
0.053380 0.056284 0.068103 0.092202 0.730031
0.079188 0.078276 0.066232 0.078249 0.698054
0.004663 0.040482 0.157096 0.169986 0.627772
0.078199 0.106037 0.035200 0.101255 0.679309
0.012389 0.068592 0.490875 0.092757 0.335387
0.000010 0.269548 0.004221 0.000010 0.726211
0.000010 0.262663 0.007993 0.000010 0.729324
0.062779 0.264664 0.014968 0.025611 0.631979
0.009175 0.243772 0.000010 0.011542 0.735502
0.171555 0.130554 0.057841 0.168975 0.471074
0.000010 0.000010 0.170723 0.075891 0.753366
0.000010 0.000010 0.218524 0.070953 0.710503
0.008235 0.165175 0.003159 0.047063 0.776368
0.058426 0.163734 0.000010 0.015484 0.762347
0.038147 0.164002 0.004683 0.035294 0.757874
0.017261 0.263024 0.026455 0.000010 0.693250
0.000010 0.257235 0.017190 0.000010 0.725556
0.041401 0.230618 0.000010 0.000010 0.727962
0.119376 0.140838 0.066447 0.232248 0.441091
0.000010 0.000010 0.195807 0.079918 0.724256
0.000010 0.000010 0.096468 0.104340 0.799172
0.028150 0.180790 0.000010 0.063625 0.727425
0.076419 0.161423 0.000010 0.026341 0.735807
0.000010 0.299075 0.137202 0.000010 0.563704
0.033973 0.090196 0.057190 0.073453 0.745187
0.000010 0.286403 0.008783 0.000010 0.704794
0.162988 0.187487 0.000010 0.189156 0.460360
0.155450 0.113906 0.031704 0.284878 0.414062
0.000010 0.000010 0.221820 0.110178 0.667983
0.000010 0.000010 0.161449 0.079275 0.759255
0.012760 0.181406 0.008675 0.052966 0.744193
0.042998 0.171482 0.010623 0.034717 0.740180
0.057368 0.173077 0.003508 0.000010 0.766037
0.000010 0.264761 0.092139 0.000010 0.643079
0.000010 0.260906 0.015960 0.000010 0.723114
0.083476 0.262644 0.005392 0.019197 0.629292
0.176155 0.182799 0.000010 0.182620 0.458416
0.084420 0.155227 0.078233 0.206138 0.475983
0.000010 0.000010 0.357700 0.065509 0.576771
0.001154 0.000010 0.172338 0.112129 0.714369
0.048041 0.153283 0.005730 0.037206 0.755741
0.046968 0.173403 0.010650 0.037792 0.731187
0.028845 0.161890 0.005942 0.050115 0.753208
0.000010 0.294171 0.157924 0.000010 0.547885
0.016475 0.103674 0.732383 0.054378 0.093090
0.000010 0.131941 0.727358 0.068863 0.071827
0.100705 0.178608 0.000010 0.061291 0.659386
0.000010 0.246930 0.000010 0.000010 0.753040
0.125271 0.171720 0.010923 0.083596 0.608489
0.000010 0.257132 0.012329 0.000010 0.730520
0.006869 0.220911 0.000010 0.000010 0.772200
0.140146 0.178221 0.000010 0.203038 0.478586
0.132952 0.161283 0.059511 0.155721 0.490534
0.005039 0.000010 0.241349 0.049412 0.704191
0.000010 0.000010 0.162225 0.089109 0.748646
0.049331 0.174296 0.016533 0.026298 0.733542
0.048707 0.155926 0.000010 0.037049 0.758307
0.046381 0.173619 0.014810 0.035454 0.729737
0.000010 0.278785 0.070770 0.000010 0.650426
0.027406 0.225188 0.000010 0.000010 0.747386
0.176629 0.207350 0.000010 0.239679 0.376332
0.000010 0.000010 0.180525 0.073445 0.746009
0.000010 0.000010 0.156814 0.106056 0.737111
0.014747 0.000010 0.291063 0.071171 0.623010
0.016450 0.162781 0.015336 0.038825 0.766608
0.055959 0.268059 0.000833 0.037173 0.637976
0.068319 0.230298 0.000010 0.000010 0.701363
0.194709 0.175453 0.000010 0.217590 0.412238
0.147362 0.139276 0.042968 0.184115 0.486279
0.000010 0.000010 0.177400 0.080278 0.742302
0.000010 0.000010 0.160189 0.090798 0.748993
0.043160 0.176723 0.000918 0.031100 0.748099
0.033681 0.171996 0.005307 0.024209 0.764808
0.029973 0.168707 0.009220 0.035799 0.756301
0.000010 0.285105 0.124229 0.000010 0.590646
0.047962 0.281786 0.017755 0.000010 0.652488
0.037244 0.221353 0.000010 0.000010 0.741382
0.230310 0.165786 0.000010 0.187897 0.415997
0.147906 0.131378 0.082743 0.157381 0.480593
0.000014 0.000010 0.179837 0.079247 0.740891
0.000010 0.000010 0.183940 0.092975 0.723065
0.028883 0.183657 0.003243 0.059414 0.724802
0.011566 0.163763 0.006006 0.060656 0.758009
0.020110 0.160081 0.013022 0.061447 0.745340
0.024384 0.290063 0.018168 0.012822 0.654563
0.029315 0.232453 0.000010 0.006215 0.732007
0.119775 0.120771 0.067521 0.240618 0.451316
0.000010 0.000010 0.175920 0.064539 0.759521
0.017576 0.000010 0.182166 0.065789 0.734459
0.011997 0.168348 0.014935 0.057382 0.747337
0.081560 0.295422 0.008218 0.000010 0.614791
0.012877 0.247160 0.000010 0.000010 0.739943
0.128829 0.139751 0.050749 0.217838 0.462834
0.000010 0.000010 0.170061 0.079382 0.750537
0.000010 0.000010 0.200989 0.086104 0.712887
0.025221 0.184806 0.004463 0.021893 0.763617
0.027578 0.156576 0.015732 0.031948 0.768166
0.000010 0.285141 0.140474 0.000010 0.574365
0.000010 0.287189 0.134770 0.000010 0.578020
0.119140 0.134030 0.057757 0.066583 0.622489
0.079064 0.131454 0.049456 0.091723 0.648304
0.048621 0.058261 0.494976 0.082366 0.315776
0.057149 0.286098 0.013782 0.008108 0.634863
0.003077 0.229832 0.000010 0.007135 0.759945
0.184344 0.176060 0.000010 0.233739 0.405846
0.000010 0.000010 0.175065 0.081986 0.742929
0.000010 0.000010 0.218735 0.088836 0.692409
0.051207 0.144871 0.017315 0.040103 0.746503
0.064157 0.176178 0.004847 0.007778 0.747039
0.000011 0.291566 0.148357 0.000010 0.560057
0.014587 0.120771 0.729264 0.049651 0.085726
0.005884 0.226816 0.000010 0.000010 0.767280
0.000010 0.280435 0.095186 0.000010 0.624359
0.030873 0.176614 0.008436 0.055651 0.728426
0.012701 0.000010 0.168305 0.071788 0.747196
0.032916 0.156584 0.015535 0.035672 0.759294
0.117634 0.126779 0.046821 0.211821 0.496945
0.139436 0.172104 0.000010 0.260253 0.428198
0.090403 0.247996 0.024469 0.033028 0.604104
0.000010 0.000010 0.373402 0.069387 0.557191
0.064092 0.183681 0.000010 0.070344 0.681873
0.000010 0.297941 0.702029 0.000010 0.000010
0.000010 0.283178 0.716792 0.000010 0.000010
0.000010 0.315496 0.684474 0.000010 0.000010
0.000010 0.316946 0.683024 0.000010 0.000010
0.353480 0.214248 0.000010 0.182422 0.249841
0.293510 0.193258 0.000010 0.235615 0.277607
0.350383 0.199495 0.000010 0.189004 0.261108
0.330367 0.235911 0.000010 0.173495 0.260216
0.000010 0.284842 0.682137 0.003394 0.029617
0.000010 0.205664 0.774075 0.000010 0.020241
0.000010 0.235415 0.757691 0.000010 0.006874
0.005265 0.214275 0.757838 0.001555 0.021067
0.000010 0.216794 0.767241 0.000010 0.015945
0.015473 0.227672 0.752894 0.000010 0.003951
0.000010 0.280008 0.719962 0.000010 0.000010
0.000010 0.219149 0.761295 0.000010 0.019536
0.105344 0.235107 0.517088 0.073352 0.069108
0.000010 0.441374 0.550669 0.000010 0.007937
0.000010 0.324705 0.675265 0.000010 0.000010
0.000010 0.338399 0.661571 0.000010 0.000010
0.000010 0.331519 0.668451 0.000010 0.000010
0.000010 0.330148 0.669822 0.000010 0.000010
0.000010 0.355730 0.644240 0.000010 0.000010
0.000010 0.284407 0.715563 0.000010 0.000010
0.000010 0.335022 0.664948 0.000010 0.000010
0.000010 0.335474 0.664496 0.000010 0.000010
0.000010 0.342317 0.657653 0.000010 0.000010
0.000010 0.329174 0.670796 0.000010 0.000010
0.000010 0.274110 0.725860 0.000010 0.000010
0.000010 0.264835 0.735135 0.000010 0.000010
0.000010 0.287481 0.712489 0.000010 0.000010
0.000010 0.288394 0.711576 0.000010 0.000010
0.000010 0.293700 0.706075 0.000205 0.000010
0.000010 0.279098 0.720872 0.000010 0.000010
0.000010 0.275858 0.724112 0.000010 0.000010
0.000010 0.274766 0.725204 0.000010 0.000010
0.000010 0.272095 0.727875 0.000010 0.000010
0.000010 0.276532 0.723438 0.000010 0.000010
0.000010 0.278547 0.721423 0.000010 0.000010
0.000010 0.325300 0.674670 0.000010 0.000010
0.000010 0.321431 0.678539 0.000010 0.000010
0.000010 0.321993 0.677977 0.000010 0.000010
0.000010 0.306187 0.693783 0.000010 0.000010
0.000010 0.309713 0.690257 0.000010 0.000010
0.000010 0.305029 0.694941 0.000010 0.000010
0.000010 0.294469 0.705501 0.000010 0.000010
0.000010 0.306030 0.693940 0.000010 0.000010
0.000010 0.316503 0.683467 0.000010 0.000010
0.000010 0.308280 0.691690 0.000010 0.000010
0.000010 0.279450 0.720520 0.000010 0.000010
0.000010 0.282575 0.717395 0.000010 0.000010
0.000010 0.328629 0.671341 0.000010 0.000010
0.000010 0.281364 0.718606 0.000010 0.000010
0.000010 0.278801 0.721169 0.000010 0.000010
0.000010 0.287521 0.712449 0.000010 0.000010
0.000010 0.289118 0.710852 0.000010 0.000010
0.000010 0.273897 0.726073 0.000010 0.000010
0.000010 0.288233 0.711737 0.000010 0.000010
0.000010 0.272142 0.727828 0.000010 0.000010
0.000010 0.323264 0.676706 0.000010 0.000010
0.000010 0.302084 0.697886 0.000010 0.000010
0.004641 0.278735 0.707180 0.009434 0.000010
0.000010 0.310650 0.689320 0.000010 0.000010
0.000010 0.336452 0.663518 0.000010 0.000010
0.000010 0.277458 0.721745 0.000778 0.000010
0.000010 0.338564 0.661406 0.000010 0.000010
0.000010 0.290643 0.709327 0.000010 0.000010
0.000010 0.287085 0.712885 0.000010 0.000010
0.000010 0.315769 0.684201 0.000010 0.000010
0.000010 0.349710 0.650260 0.000010 0.000010
0.000010 0.336207 0.663763 0.000010 0.000010
0.000010 0.318979 0.680991 0.000010 0.000010
0.000010 0.317809 0.682161 0.000010 0.000010
0.139873 0.315766 0.377968 0.111320 0.055072
0.024094 0.242247 0.733080 0.000570 0.000010
0.000010 0.251487 0.748483 0.000010 0.000010
0.004133 0.247558 0.744369 0.000010 0.003930
0.000010 0.240537 0.751109 0.000010 0.008333
0.020742 0.250879 0.728359 0.000010 0.000010
0.001614 0.240242 0.755364 0.000010 0.002770
0.000010 0.228149 0.753866 0.000010 0.017966
0.000010 0.219234 0.763043 0.000010 0.017703
0.000010 0.271098 0.728872 0.000010 0.000010
0.000010 0.308766 0.691204 0.000010 0.000010
0.000010 0.275698 0.724272 0.000010 0.000010
0.000010 0.287653 0.704434 0.000010 0.007893
0.000010 0.290374 0.709035 0.000010 0.000571
0.000010 0.280339 0.719631 0.000010 0.000010
0.000010 0.231172 0.757220 0.000010 0.011588
0.001142 0.281526 0.717312 0.000010 0.000010
0.000010 0.266925 0.717707 0.000010 0.015348
0.000010 0.344616 0.655354 0.000010 0.000010
0.000010 0.298582 0.701388 0.000010 0.000010
0.002284 0.288473 0.709223 0.000010 0.000010
0.000010 0.261828 0.737785 0.000367 0.000010
0.000010 0.316371 0.683599 0.000010 0.000010
0.349227 0.255332 0.009974 0.207558 0.177909
0.307700 0.288996 0.052742 0.282485 0.068077
0.266267 0.307557 0.046050 0.243248 0.136878
0.063977 0.249868 0.580415 0.071664 0.034076
0.415532 0.263149 0.004189 0.170660 0.146470
0.392753 0.261309 0.000010 0.171962 0.173966
0.188018 0.309096 0.300004 0.129933 0.072950
0.209017 0.274540 0.294037 0.137557 0.084849
0.227903 0.264139 0.142942 0.292536 0.072480
0.078600 0.035450 0.009543 0.801849 0.074558
0.393343 0.293038 0.000010 0.179972 0.133636
0.397193 0.256106 0.000010 0.208827 0.137864
0.191440 0.327456 0.282555 0.095390 0.103159
0.261420 0.324890 0.040532 0.278623 0.094536
0.245694 0.429511 0.174832 0.093829 0.056135
0.368187 0.261244 0.000010 0.198413 0.172145
0.195219 0.283977 0.310011 0.140349 0.070444
0.229129 0.299074 0.299948 0.097371 0.074477
0.149065 0.256075 0.360478 0.145801 0.088581
0.066744 0.248414 0.559547 0.089996 0.035298
0.189820 0.379555 0.280686 0.085929 0.064010
0.221571 0.421751 0.192760 0.098709 0.065209
0.417016 0.232345 0.000010 0.204238 0.146391
0.196113 0.413183 0.184599 0.133549 0.072556
0.404242 0.289058 0.006860 0.161632 0.138208
0.176066 0.317214 0.329023 0.105003 0.072694
0.198834 0.315529 0.314254 0.095333 0.076050
0.114233 0.238791 0.519820 0.082880 0.044276
0.383901 0.272622 0.000010 0.196994 0.146472
0.229681 0.432217 0.182269 0.075787 0.080047
0.363988 0.280482 0.000010 0.221109 0.134411
0.174308 0.293218 0.123119 0.337128 0.072227
0.208933 0.312178 0.146202 0.258771 0.073916
0.430538 0.266148 0.000010 0.172181 0.131124
0.375798 0.260508 0.000010 0.209559 0.154125
0.234257 0.429449 0.182739 0.067633 0.085922
0.056152 0.261006 0.572673 0.051654 0.058514
0.129864 0.261762 0.435282 0.096631 0.076461
0.189687 0.309687 0.313152 0.117712 0.069762
0.215126 0.332826 0.102608 0.270034 0.079405
0.200067 0.427682 0.190549 0.104917 0.076785
0.191609 0.273746 0.107659 0.347991 0.078994
0.072246 0.231630 0.572254 0.088005 0.035865
0.160277 0.309627 0.135188 0.311779 0.083130
0.389038 0.272106 0.000010 0.187053 0.151794
0.259595 0.421423 0.170315 0.082955 0.065712
0.189726 0.283018 0.313008 0.140383 0.073866
0.229230 0.306023 0.309339 0.113622 0.041786
0.214553 0.295507 0.312488 0.115260 0.062192
0.250999 0.411900 0.161112 0.106303 0.069686
0.417654 0.275063 0.000010 0.173758 0.133515
0.305331 0.295143 0.022672 0.282573 0.094281
0.219176 0.278590 0.137935 0.284253 0.080044
0.069594 0.243307 0.582088 0.062989 0.042022
0.374984 0.273788 0.000010 0.176501 0.174717
0.382193 0.272827 0.000010 0.206292 0.138678
0.102704 0.278053 0.482298 0.073483 0.063462
0.200105 0.327770 0.320583 0.076223 0.075318
0.080535 0.246904 0.553175 0.048495 0.070891
0.210112 0.427973 0.181597 0.089084 0.091234
0.194318 0.293577 0.118896 0.294418 0.098791
0.211044 0.305420 0.099773 0.288839 0.094923
0.187427 0.321475 0.343980 0.066542 0.080575
0.393606 0.280834 0.000010 0.148611 0.176939
0.417319 0.267225 0.000010 0.186497 0.128949
0.381310 0.257535 0.000010 0.202044 0.159102
0.134895 0.269548 0.465967 0.082350 0.047239
0.288267 0.289479 0.193010 0.147036 0.082208
0.071371 0.222917 0.561145 0.077844 0.066724
0.401852 0.287786 0.000010 0.181632 0.128721
0.249326 0.433192 0.174481 0.064804 0.078197
0.246188 0.325685 0.044535 0.276940 0.106651
0.151594 0.429016 0.241380 0.111963 0.066048
0.222258 0.295180 0.125284 0.294401 0.062877
0.410580 0.265416 0.000010 0.184046 0.139948
0.382157 0.253262 0.000010 0.216330 0.148241
0.395015 0.280510 0.000761 0.197612 0.126102
0.178701 0.296342 0.316120 0.131933 0.076904
0.089557 0.265705 0.534960 0.074902 0.034877
0.050420 0.233605 0.557394 0.088979 0.069601
0.202126 0.305766 0.212147 0.191970 0.087991
0.225114 0.449996 0.173307 0.098939 0.052644
0.170320 0.282139 0.130680 0.322454 0.094408
0.181048 0.324971 0.085818 0.320929 0.087233
0.187575 0.316497 0.074626 0.360068 0.061234
0.168440 0.284033 0.073092 0.421160 0.053275
0.553797 0.067953 0.019891 0.308090 0.050268
0.401557 0.291794 0.000010 0.176516 0.130123
0.090565 0.215175 0.088723 0.582877 0.022660
0.155031 0.276970 0.243986 0.239459 0.084554
0.183780 0.281695 0.059636 0.362767 0.112121
0.193339 0.288541 0.082730 0.346282 0.089108
0.260077 0.332270 0.048932 0.293104 0.065618
0.184626 0.292216 0.093120 0.347930 0.082108
0.727020 0.032899 0.017500 0.222571 0.000010
0.377522 0.303650 0.000010 0.186374 0.132445
0.299975 0.353893 0.047594 0.205650 0.092888
0.075889 0.234865 0.069749 0.585817 0.033679
0.126750 0.242205 0.087334 0.500305 0.043406
0.434711 0.328944 0.000010 0.141142 0.095194
0.357152 0.264445 0.000010 0.229414 0.148979
0.184368 0.266702 0.108104 0.404697 0.036128
0.413472 0.314799 0.000010 0.145188 0.126531
0.663912 0.032922 0.001318 0.300677 0.001171
0.418172 0.296831 0.000010 0.159947 0.125040
0.297996 0.336368 0.048000 0.173713 0.143922
0.082299 0.230090 0.081943 0.564111 0.041557
0.148855 0.227684 0.072559 0.491769 0.059134
0.226541 0.320203 0.055982 0.282403 0.114871
0.422446 0.284299 0.000010 0.171740 0.121505
0.175521 0.270337 0.115440 0.397531 0.041171
0.165402 0.288813 0.072103 0.406391 0.067291
0.404213 0.315702 0.000010 0.149669 0.130405
0.643680 0.043281 0.037878 0.248583 0.026578
0.390334 0.314199 0.000010 0.162366 0.133092
0.304218 0.338549 0.023267 0.210394 0.123573
0.068281 0.257980 0.078909 0.531785 0.063045
0.090019 0.198107 0.083877 0.597113 0.030884
0.216655 0.328454 0.131855 0.259509 0.063526
0.154062 0.263382 0.095951 0.421882 0.064723
0.705421 0.000569 0.003016 0.290984 0.000010
0.425744 0.290336 0.000010 0.157540 0.126371
0.086226 0.221314 0.082525 0.545561 0.064374
0.136419 0.192382 0.067152 0.567493 0.036552
0.217178 0.295027 0.124066 0.308179 0.055551
0.092513 0.032196 0.015293 0.806645 0.053353
0.209732 0.307278 0.100393 0.293810 0.088787
0.200592 0.290335 0.089307 0.382196 0.037571
0.701575 0.018486 0.012099 0.256061 0.011780
0.391518 0.285757 0.000010 0.200024 0.122691
0.275301 0.338340 0.037084 0.196965 0.152309
0.077782 0.232396 0.104606 0.518543 0.066673
0.074599 0.238836 0.079653 0.593872 0.013041
0.223999 0.275792 0.074061 0.359104 0.067044
0.170352 0.304926 0.198856 0.246017 0.079849
0.265325 0.298184 0.038395 0.323986 0.074111
0.155387 0.303614 0.187053 0.290274 0.063673
0.195497 0.289394 0.078615 0.389462 0.047032
0.577270 0.049068 0.031504 0.281015 0.061143
0.399863 0.286394 0.000010 0.187475 0.126258
0.053464 0.235879 0.075971 0.584974 0.049712
0.238270 0.313190 0.066218 0.253464 0.128859
0.200209 0.265727 0.063067 0.376707 0.094290
0.397581 0.280236 0.000010 0.182609 0.139564
0.214617 0.303071 0.057294 0.346304 0.078714
0.200180 0.303952 0.073587 0.345933 0.076349
0.180272 0.298880 0.082247 0.394908 0.043694
0.609696 0.043322 0.030897 0.279314 0.036771
0.421624 0.306965 0.000010 0.161838 0.109563
0.063052 0.239120 0.074583 0.565013 0.058232
0.078255 0.249268 0.082047 0.542117 0.048312
0.210892 0.274768 0.072515 0.344446 0.097379
0.629171 0.136537 0.026809 0.125843 0.081639
0.728768 0.158262 0.000461 0.039533 0.072976
0.622485 0.000010 0.024265 0.323564 0.029677
0.506569 0.100916 0.052854 0.224997 0.114663
0.364873 0.086757 0.018129 0.360568 0.169673
0.408564 0.067203 0.047966 0.402308 0.073960
0.385259 0.088813 0.020864 0.336435 0.168631
0.674582 0.148108 0.011720 0.111170 0.054420
0.653110 0.131598 0.038111 0.125379 0.051802
0.563210 0.000010 0.002273 0.434496 0.000010
0.616817 0.008218 0.027179 0.289996 0.057790
0.666366 0.112272 0.012692 0.146743 0.061926
0.760258 0.112346 0.013402 0.088172 0.025822
0.588904 0.019304 0.017728 0.329291 0.044773
0.266164 0.069115 0.014003 0.513940 0.136778
0.684689 0.104593 0.007430 0.158408 0.044880
0.713296 0.139757 0.006343 0.111190 0.029414
0.535289 0.062029 0.022683 0.292584 0.087415
0.592907 0.000010 0.000010 0.394531 0.012542
0.535176 0.000010 0.011036 0.453768 0.000010
0.593365 0.000010 0.010818 0.395797 0.000010
0.701697 0.000010 0.027353 0.197278 0.073662
0.768410 0.151422 0.015154 0.021281 0.043733
0.524536 0.121811 0.021341 0.218663 0.113650
0.634212 0.021292 0.019599 0.317530 0.007366
0.116508 0.089987 0.037548 0.670984 0.084974
0.673880 0.095430 0.007987 0.164668 0.058035
0.594515 0.090142 0.017192 0.260002 0.038148
0.651277 0.088866 0.023354 0.175323 0.061180
0.564118 0.000010 0.009769 0.426092 0.000010
0.599031 0.000010 0.007452 0.393497 0.000010
0.518906 0.000010 0.011169 0.469906 0.000010
0.452398 0.093460 0.047532 0.339995 0.066615
0.760163 0.121580 0.011487 0.053280 0.053491
0.666999 0.136030 0.015920 0.167934 0.013117
0.631900 0.049742 0.019210 0.245286 0.053863
0.360634 0.176047 0.109325 0.231416 0.122578
0.718239 0.082244 0.011360 0.157859 0.030298
0.673466 0.154141 0.005587 0.129115 0.037692
0.681512 0.116320 0.012492 0.124326 0.065349
0.560364 0.154183 0.046788 0.145789 0.092876
0.521241 0.000010 0.016967 0.446755 0.015028
0.540634 0.000010 0.001444 0.457902 0.000010
0.634558 0.000010 0.021927 0.310191 0.033314
0.730858 0.137317 0.016603 0.070579 0.044643
0.753216 0.150282 0.021530 0.024266 0.050706
0.277405 0.029929 0.022095 0.541906 0.128665
0.358385 0.113185 0.064933 0.283143 0.180355
0.308162 0.062553 0.029689 0.396697 0.202898
0.365575 0.094021 0.022225 0.339387 0.178792
0.575846 0.092200 0.027053 0.242800 0.062100
0.544136 0.000010 0.011478 0.438815 0.005561
0.569279 0.047785 0.018900 0.317082 0.046955
0.584302 0.000010 0.000010 0.415668 0.000010
0.546006 0.085752 0.098415 0.197017 0.072811
0.388455 0.069651 0.027211 0.336096 0.178587
0.218410 0.036680 0.013163 0.680660 0.051088
0.379794 0.060430 0.031062 0.366571 0.162143
0.737342 0.111331 0.027060 0.085287 0.038980
0.630867 0.094706 0.005721 0.175158 0.093548
0.635539 0.089751 0.017185 0.177695 0.079831
0.558716 0.000010 0.018260 0.423005 0.000010
0.559950 0.000010 0.006258 0.433773 0.000010
0.627177 0.023943 0.004983 0.298800 0.045098
0.576684 0.053862 0.012542 0.279825 0.077087
0.752627 0.116028 0.000010 0.091310 0.040024
0.411259 0.077955 0.019972 0.341554 0.149261
0.555793 0.077086 0.012743 0.279433 0.074946
0.585073 0.104783 0.025681 0.193132 0.091332
0.310084 0.146153 0.050081 0.323520 0.170163
0.168005 0.069761 0.015708 0.637095 0.109431
0.776344 0.103644 0.012956 0.093759 0.013297
0.680650 0.100343 0.018509 0.132154 0.068344
0.562756 0.000010 0.010266 0.426958 0.000010
0.579254 0.000010 0.000010 0.420716 0.000010
0.628942 0.005425 0.021109 0.286465 0.058059
0.583637 0.007769 0.013558 0.290544 0.104492
0.516771 0.159237 0.005136 0.205721 0.113135
0.458362 0.169454 0.065067 0.200553 0.106564
0.257646 0.042907 0.002144 0.593164 0.104139
0.693185 0.094564 0.023818 0.169854 0.018579
0.657141 0.106297 0.020518 0.150782 0.065261
0.693804 0.127283 0.017021 0.121114 0.040778
0.354320 0.161501 0.082862 0.296307 0.105009
0.563198 0.000010 0.000409 0.436373 0.000010
0.558589 0.000010 0.001280 0.419130 0.020992
0.622644 0.136121 0.017320 0.149744 0.074172
0.630649 0.000010 0.007398 0.307795 0.054148
0.572070 0.086423 0.014225 0.255232 0.072050
0.620763 0.000010 0.003643 0.372418 0.003166
0.504630 0.075346 0.028056 0.330505 0.061463
0.301913 0.335234 0.030325 0.174421 0.158108
0.202795 0.292584 0.052755 0.358189 0.093676
0.198926 0.270410 0.051368 0.386156 0.093139
0.279633 0.309820 0.044558 0.266306 0.099683
0.513865 0.046893 0.016089 0.330033 0.093121
0.210793 0.772939 0.000010 0.016249 0.000010
0.032044 0.041301 0.002134 0.870259 0.054262
0.419383 0.287373 0.000010 0.168085 0.125149
0.221543 0.281599 0.067593 0.338386 0.090879
0.267357 0.331656 0.094292 0.175924 0.130772
0.582646 0.051287 0.044777 0.290039 0.031250
0.212239 0.787731 0.000010 0.000010 0.000010
0.279350 0.692820 0.000010 0.021111 0.006708
0.077601 0.026077 0.000528 0.844943 0.050852
0.339258 0.311514 0.017643 0.191669 0.139916
0.272470 0.348488 0.050457 0.177834 0.150751
0.304513 0.324785 0.030470 0.252472 0.087760
0.427412 0.277640 0.000010 0.164773 0.130165
0.284413 0.407382 0.061977 0.128534 0.117693
0.263679 0.396464 0.075817 0.170480 0.093560
0.287599 0.408018 0.071958 0.139023 0.093403
0.244927 0.617874 0.033790 0.088970 0.014440
0.311263 0.635908 0.020965 0.023451 0.008412
0.052136 0.027504 0.001229 0.837342 0.081789
0.377636 0.281568 0.000010 0.197112 0.143674
0.383505 0.303808 0.000010 0.195008 0.117669
0.158983 0.255418 0.074861 0.418672 0.092067
0.659757 0.019879 0.009075 0.279764 0.031523
0.449316 0.275163 0.000010 0.166808 0.108703
0.291420 0.420230 0.056739 0.130048 0.101563
0.296556 0.405861 0.047246 0.155582 0.094755
0.244321 0.755649 0.000010 0.000010 0.000010
0.246631 0.636765 0.010635 0.074866 0.031104
0.237326 0.290716 0.053997 0.374039 0.043922
0.257498 0.308415 0.058039 0.236697 0.139351
0.367661 0.309743 0.034365 0.163915 0.124316
0.657388 0.009634 0.009255 0.304536 0.019187
0.279508 0.390797 0.083319 0.163543 0.082832
0.297818 0.405399 0.049845 0.152287 0.094650
0.242774 0.735699 0.000010 0.021507 0.000010
0.246774 0.715624 0.000010 0.037582 0.000010
0.244661 0.642944 0.017471 0.081177 0.013747
0.408820 0.076144 0.041934 0.339913 0.133188
0.240206 0.304635 0.050873 0.317849 0.086436
0.273696 0.319205 0.038998 0.228705 0.139396
0.308820 0.338642 0.036392 0.172123 0.144023
0.599216 0.023936 0.015019 0.334269 0.027560
0.242243 0.410284 0.191122 0.058194 0.098157
0.239217 0.402987 0.086510 0.156662 0.114624
0.245721 0.730444 0.000010 0.023815 0.000010
0.253625 0.696680 0.000010 0.025657 0.024028
0.249141 0.662827 0.000979 0.075173 0.011880
0.393738 0.247548 0.000010 0.198852 0.159852
0.269895 0.315582 0.042110 0.273788 0.098624
0.718982 0.004021 0.009192 0.267796 0.000010
0.098028 0.040555 0.012759 0.811406 0.037252
0.292171 0.411354 0.073061 0.137488 0.085925
0.253494 0.408720 0.074041 0.180315 0.083430
0.216518 0.711071 0.000010 0.072390 0.000010
0.253143 0.675197 0.014559 0.057091 0.000010
0.045444 0.035448 0.006706 0.869951 0.042450
0.724447 0.111970 0.024246 0.116611 0.022725
0.260369 0.337160 0.061550 0.181937 0.158984
0.652922 0.021962 0.002499 0.297175 0.025442
0.061751 0.034171 0.019639 0.822818 0.061620
0.271678 0.401871 0.053559 0.204962 0.067930
0.308840 0.390165 0.093839 0.148464 0.058691
0.279746 0.398314 0.072711 0.132631 0.116599
0.254295 0.676420 0.000010 0.043185 0.026091
0.274121 0.686752 0.000010 0.039107 0.000010
0.086025 0.011706 0.000010 0.833460 0.068799
0.670113 0.000010 0.016388 0.283346 0.030143
0.338502 0.022930 0.015906 0.526538 0.096124
0.598765 0.028497 0.028835 0.261075 0.082829
0.638327 0.000010 0.007612 0.270381 0.083670
0.817351 0.107132 0.033870 0.000010 0.041637
0.832331 0.113007 0.000673 0.030618 0.023371
0.937427 0.062543 0.000010 0.000010 0.000010
0.651178 0.079577 0.021269 0.229048 0.018928
0.630775 0.059369 0.046887 0.242135 0.020835
0.821816 0.072203 0.009981 0.081047 0.014953
0.761234 0.123779 0.018991 0.063413 0.032584
0.582341 0.029332 0.020075 0.279187 0.089064
0.282290 0.028124 0.020369 0.583608 0.085609
0.667407 0.000223 0.011093 0.275843 0.045434
0.853030 0.117406 0.029544 0.000010 0.000010
0.698887 0.046066 0.010716 0.201083 0.043248
0.519738 0.071787 0.027763 0.330141 0.050570
0.600075 0.076471 0.027745 0.241054 0.054656
0.888020 0.062379 0.024651 0.024940 0.000010
0.909027 0.059822 0.013469 0.017672 0.000010
0.296924 0.051832 0.010662 0.563329 0.077253
0.745427 0.000010 0.000010 0.253519 0.001035
0.897415 0.086283 0.000633 0.000010 0.015658
0.872888 0.118241 0.008153 0.000010 0.000709
0.559140 0.082107 0.000703 0.317217 0.040833
0.629424 0.076955 0.020833 0.259323 0.013465
0.703727 0.047257 0.004812 0.221068 0.023136
0.905513 0.060211 0.024162 0.010104 0.000010
0.930026 0.049877 0.011732 0.008355 0.000010
0.670159 0.000010 0.012147 0.240278 0.077405
0.301976 0.013191 0.030899 0.555571 0.098363
0.665330 0.042717 0.000010 0.240600 0.051344
0.710898 0.000010 0.007366 0.272733 0.008993
0.923746 0.075886 0.000348 0.000010 0.000010
0.660982 0.070469 0.046709 0.195399 0.026441
0.847380 0.044432 0.014354 0.090240 0.003594
0.892494 0.059504 0.012375 0.035617 0.000010
0.901223 0.089757 0.005533 0.001822 0.001665
0.642500 0.035383 0.009746 0.275083 0.037288
0.290883 0.053863 0.018225 0.493079 0.143950
0.673244 0.006230 0.000861 0.306385 0.013280
0.544224 0.034565 0.020993 0.294830 0.105388
0.924197 0.075773 0.000010 0.000010 0.000010
0.801283 0.108299 0.027906 0.018631 0.043880
0.488497 0.137795 0.106841 0.213775 0.053092
0.751764 0.030598 0.010511 0.193480 0.013646
0.594513 0.040986 0.013021 0.342121 0.009360
0.881974 0.083333 0.008143 0.017822 0.008728
0.930843 0.067624 0.001513 0.000010 0.000010
0.576333 0.043981 0.037250 0.262138 0.080299
0.302210 0.010893 0.020683 0.565490 0.100723
0.629922 0.040254 0.007789 0.276654 0.045382
0.677975 0.008761 0.002552 0.273308 0.037404
0.884820 0.103957 0.011202 0.000010 0.000010
0.921701 0.077940 0.000340 0.000010 0.000010
0.546115 0.058953 0.022955 0.299115 0.072862
0.682934 0.045557 0.031142 0.234767 0.005600
0.928898 0.058196 0.004795 0.008101 0.000010
0.935820 0.042816 0.001320 0.020034 0.000010
0.928604 0.058230 0.013147 0.000010 0.000010
0.643538 0.000010 0.011738 0.278905 0.065810
0.335687 0.022815 0.021806 0.545932 0.073761
0.630002 0.010862 0.020654 0.307338 0.031144
0.931336 0.068634 0.000010 0.000010 0.000010
0.855893 0.130761 0.013326 0.000010 0.000010
0.628136 0.044215 0.030225 0.252275 0.045149
0.578447 0.122201 0.026662 0.225543 0.047147
0.890999 0.074132 0.011526 0.014015 0.009327
0.938916 0.051248 0.009816 0.000010 0.000010
0.831812 0.074617 0.016199 0.077362 0.000010
0.586439 0.012848 0.022081 0.329471 0.049161
0.256112 0.038251 0.019349 0.572686 0.113601
0.652924 0.082377 0.016352 0.197183 0.051163
0.661292 0.068426 0.013714 0.200552 0.056016
0.884414 0.080027 0.035539 0.000010 0.000010
0.926176 0.060048 0.003627 0.008123 0.002026
0.575397 0.094241 0.048169 0.233132 0.049061
0.769070 0.043539 0.015086 0.159510 0.012795
0.866883 0.062689 0.010135 0.039236 0.021058
0.963058 0.036912 0.000010 0.000010 0.000010
0.862915 0.067975 0.013053 0.035335 0.020721
0.668931 0.010174 0.010196 0.291033 0.019666
0.570406 0.086074 0.007482 0.332822 0.003215
0.408268 0.106828 0.007093 0.345651 0.132161
0.749455 0.092546 0.011881 0.146107 0.000010
0.667203 0.082214 0.003608 0.211176 0.035799
0.494402 0.004107 0.013044 0.449002 0.039445
0.644143 0.000010 0.000010 0.348556 0.007281
0.213201 0.323458 0.094461 0.296289 0.072591
0.854777 0.127945 0.010926 0.000010 0.006342
0.601071 0.092716 0.013250 0.258640 0.034322
0.662832 0.068474 0.011003 0.238218 0.019474
0.677034 0.076440 0.015934 0.204761 0.025830
0.723369 0.120737 0.012962 0.081521 0.061411
0.645651 0.094219 0.000162 0.229772 0.030195
0.624441 0.000010 0.000738 0.374801 0.000010
0.576470 0.000010 0.015098 0.404877 0.003545
0.400458 0.298333 0.000010 0.179720 0.121479
0.848799 0.119585 0.026364 0.000010 0.005242
0.579400 0.065371 0.013290 0.275936 0.066002
0.694559 0.088929 0.031535 0.143247 0.041730
0.552685 0.003013 0.006247 0.385290 0.052765
0.563996 0.003612 0.006975 0.387452 0.037965
0.593139 0.004953 0.024223 0.345091 0.032594
0.620847 0.041685 0.005715 0.224688 0.107066
0.550534 0.098265 0.004397 0.301977 0.044827
0.669426 0.047674 0.002283 0.277203 0.003414
0.484956 0.048359 0.000010 0.408182 0.058493
0.785246 0.008517 0.005228 0.200999 0.000010
0.543113 0.105506 0.031475 0.274520 0.045385
0.352632 0.065954 0.012865 0.502814 0.065735
0.554907 0.103579 0.015364 0.298674 0.027476
0.630298 0.108299 0.023665 0.212814 0.024923
0.694571 0.102510 0.024270 0.128968 0.049681
0.618633 0.004300 0.016731 0.327881 0.032455
0.563004 0.000010 0.008072 0.410866 0.018048
0.542506 0.028624 0.010633 0.333710 0.084528
0.451066 0.108264 0.024226 0.324297 0.092148
0.607334 0.087004 0.009318 0.266983 0.029362
0.734864 0.122800 0.000010 0.083986 0.058340
0.601215 0.000010 0.000010 0.385979 0.012786
0.661589 0.000010 0.010827 0.304945 0.022629
0.490188 0.071260 0.007101 0.334667 0.096784
0.659352 0.110743 0.012244 0.177457 0.040204
0.687746 0.069027 0.000010 0.240558 0.002659
0.490385 0.036453 0.008432 0.406459 0.058270
0.515018 0.017690 0.000010 0.456496 0.010786
0.530543 0.020055 0.025786 0.330550 0.093066
0.572424 0.082459 0.004903 0.300611 0.039603
0.611601 0.075567 0.009492 0.254817 0.048523
0.693937 0.087643 0.022234 0.184684 0.011503
0.706676 0.070710 0.009306 0.213299 0.000010
0.688358 0.000010 0.000010 0.311612 0.000010
0.558450 0.006961 0.009076 0.402600 0.022913
0.227381 0.046997 0.000010 0.642214 0.083398
0.204855 0.048232 0.019125 0.620935 0.106853
0.149766 0.055188 0.022392 0.694510 0.078144
0.197425 0.043111 0.015020 0.657686 0.086758
0.183522 0.034642 0.000940 0.676907 0.103989
0.169530 0.055351 0.000585 0.679115 0.095418
0.155657 0.052986 0.031597 0.699006 0.060755
0.184275 0.073376 0.008230 0.573931 0.160188
0.206725 0.061009 0.007630 0.625171 0.099464
0.229124 0.044645 0.021083 0.590774 0.114373
0.219148 0.047480 0.006050 0.655682 0.071641
0.213644 0.038907 0.011555 0.648342 0.087552
0.212196 0.078329 0.000475 0.532175 0.176825
0.160353 0.037110 0.018004 0.667964 0.116569
