0.409877 0.503546 0.086577
0.304916 0.652888 0.042196
0.412443 0.512708 0.074849
0.343402 0.620405 0.036192
0.412339 0.513552 0.074109
0.371828 0.553375 0.074797
0.353893 0.584863 0.061244
0.055108 0.939532 0.005360
0.021927 0.939011 0.039063
0.000225 0.999765 0.000010
0.068987 0.853557 0.077456
0.082694 0.864186 0.053120
0.896211 0.000010 0.103779
0.796392 0.005994 0.197614
0.973288 0.004703 0.022009
0.779840 0.016051 0.204109
0.386722 0.514501 0.098777
0.375390 0.542722 0.081888
0.022235 0.963013 0.014752
0.071544 0.917449 0.011007
0.071183 0.928807 0.000010
0.000015 0.999975 0.000010
0.067869 0.858944 0.073187
0.083121 0.862047 0.054831
0.941990 0.000010 0.058000
0.935578 0.001656 0.062766
0.954028 0.013072 0.032900
0.782397 0.000010 0.217593
0.381777 0.526948 0.091276
0.391859 0.516433 0.091708
0.066721 0.919343 0.013936
0.049161 0.923788 0.027051
0.000010 0.999980 0.000010
0.000010 0.999980 0.000010
0.052077 0.865671 0.082252
0.057502 0.861967 0.080531
0.894658 0.000010 0.105332
0.936624 0.014923 0.048453
0.935012 0.000010 0.064978
0.791549 0.014778 0.193672
0.363265 0.557680 0.079055
0.379256 0.519777 0.100967
0.052701 0.938251 0.009048
0.038493 0.961497 0.000010
0.000010 0.999980 0.000010
0.000784 0.999206 0.000010
0.000014 0.999976 0.000010
0.076788 0.846470 0.076742
0.059750 0.859460 0.080790
0.894476 0.000010 0.105514
0.981428 0.018562 0.000010
0.950413 0.000010 0.049577
0.816735 0.022628 0.160636
0.927873 0.000010 0.072117
0.593695 0.000010 0.406295
0.898318 0.000010 0.101672
0.840159 0.046556 0.113285
0.807479 0.044348 0.148173
0.883768 0.042853 0.073378
0.813506 0.050916 0.135578
0.438807 0.470704 0.090489
0.865484 0.000010 0.134506
0.852154 0.000010 0.147836
0.806587 0.083774 0.109639
0.696539 0.170621 0.132839
0.795251 0.052557 0.152192
0.773436 0.071404 0.155161
0.387510 0.511965 0.100525
0.387427 0.520544 0.092028
0.887840 0.000010 0.112150
0.650324 0.000010 0.349666
0.902432 0.000010 0.097558
0.801859 0.065313 0.132829
0.772099 0.050193 0.177708
0.837120 0.024362 0.138518
0.763245 0.089084 0.147671
0.414098 0.456654 0.129248
0.410540 0.468064 0.121397
0.388072 0.516946 0.094982
0.029707 0.928900 0.041393
0.000010 0.999980 0.000010
0.002153 0.997837 0.000010
0.000015 0.999975 0.000010
0.080275 0.840752 0.078973
0.053014 0.864453 0.082533
0.880533 0.000010 0.119457
0.995147 0.004843 0.000010
0.893887 0.000010 0.106103
0.771300 0.033945 0.194756
0.398551 0.516018 0.085431
0.216954 0.741385 0.041661
0.041235 0.934277 0.024488
0.036379 0.943727 0.019894
0.000010 0.999980 0.000010
0.000010 0.999980 0.000010
0.082607 0.854867 0.062526
0.070294 0.856502 0.073204
0.890188 0.000010 0.109802
0.938238 0.000010 0.061752
0.787056 0.018770 0.194173
0.890982 0.000010 0.109008
0.408663 0.000010 0.591327
0.902491 0.000957 0.096552
0.851790 0.055958 0.092252
0.816686 0.049142 0.134173
0.808349 0.039444 0.152208
0.353093 0.524679 0.122228
0.405676 0.511509 0.082814
0.056223 0.941427 0.002350
0.065231 0.929594 0.005175
0.000010 0.999980 0.000010
0.000010 0.999980 0.000010
0.072826 0.848032 0.079142
0.873851 0.000666 0.125484
0.970553 0.000010 0.029437
0.978064 0.012690 0.009245
0.795261 0.011780 0.192959
0.890201 0.004998 0.104801
0.581908 0.003166 0.414927
0.906907 0.000010 0.093083
0.849149 0.051686 0.099166
0.847130 0.061665 0.091205
0.825038 0.036456 0.138506
0.490028 0.411050 0.098922
0.375867 0.554875 0.069257
0.027109 0.959008 0.013883
0.047357 0.952633 0.000010
0.000010 0.999980 0.000010
0.000010 0.999980 0.000010
0.078601 0.865217 0.056182
0.088465 0.837894 0.073641
0.854156 0.000337 0.145508
0.986039 0.007646 0.006315
0.987369 0.001870 0.010760
0.778121 0.016944 0.204934
0.866392 0.000010 0.133598
0.600311 0.000010 0.399679
0.908936 0.000010 0.091054
0.837749 0.082917 0.079334
0.761843 0.066798 0.171358
0.749049 0.130282 0.120669
0.344605 0.574783 0.080612
0.372780 0.557083 0.070137
0.056607 0.943383 0.000010
0.006157 0.955073 0.038770
0.000010 0.999980 0.000010
0.000010 0.999980 0.000010
0.000010 0.999980 0.000010
0.049497 0.841843 0.108660
0.060981 0.887421 0.051598
0.865893 0.000010 0.134097
0.888499 0.021173 0.090328
0.984963 0.015027 0.000010
0.780031 0.024814 0.195155
0.841126 0.000010 0.158864
0.897318 0.003506 0.099176
0.795758 0.038845 0.165397
0.798513 0.063388 0.138099
0.794507 0.062382 0.143111
0.838584 0.043702 0.117714
0.954415 0.045575 0.000010
0.415930 0.513063 0.071007
0.051521 0.948469 0.000010
0.008798 0.966879 0.024323
0.000010 0.999980 0.000010
0.072126 0.841664 0.086209
0.051524 0.872410 0.076066
0.910677 0.000010 0.089313
0.955757 0.000010 0.044233
0.930198 0.000010 0.069792
0.910734 0.000010 0.089256
0.599587 0.000010 0.400403
0.892116 0.000010 0.107874
0.833975 0.071011 0.095014
0.833457 0.056214 0.110329
0.701697 0.146210 0.152093
0.854836 0.041476 0.103689
0.311087 0.597568 0.091345
0.961501 0.038489 0.000010
0.042247 0.945157 0.012596
0.000010 0.999980 0.000010
0.045888 0.928373 0.025739
0.053367 0.937656 0.008977
0.889387 0.000010 0.110603
0.795292 0.037901 0.166807
0.597915 0.000010 0.402075
0.912727 0.000010 0.087263
0.829674 0.070459 0.099867
0.791743 0.037645 0.170612
0.638418 0.247446 0.114135
0.379116 0.527421 0.093463
0.961329 0.038661 0.000010
0.000170 0.999820 0.000010
0.061384 0.831160 0.107456
0.076491 0.865913 0.057596
0.092281 0.853118 0.054602
0.965660 0.011787 0.022554
0.949971 0.000010 0.050019
0.851469 0.000010 0.148521
0.896338 0.000010 0.103652
0.598888 0.000010 0.401102
0.827039 0.059090 0.113871
0.787569 0.071224 0.141207
0.763012 0.071134 0.165854
0.828202 0.046071 0.125727
0.791257 0.042364 0.166378
0.958660 0.041330 0.000010
0.662883 0.000010 0.337107
0.887945 0.000010 0.112045
0.821232 0.061957 0.116811
0.809857 0.063368 0.126775
0.671902 0.164047 0.164052
0.808996 0.033192 0.157812
0.344901 0.561112 0.093987
0.974298 0.025692 0.000010
0.967754 0.032236 0.000010
0.858865 0.035908 0.105227
0.945456 0.000010 0.054534
0.624234 0.067814 0.307951
0.769592 0.167748 0.062659
0.719058 0.223774 0.057168
0.932275 0.002270 0.065455
0.936496 0.000010 0.063494
0.923413 0.003886 0.072700
0.915602 0.047323 0.037075
0.961958 0.038032 0.000010
0.942578 0.000010 0.057412
0.575406 0.081627 0.342967
0.732451 0.196413 0.071136
0.821091 0.084984 0.093924
0.893980 0.003013 0.103007
0.912605 0.000010 0.087385
0.807528 0.192462 0.000010
0.853291 0.053806 0.092903
0.965618 0.034372 0.000010
0.651095 0.005707 0.343197
0.542649 0.038363 0.418988
0.662254 0.228346 0.109400
0.771082 0.157223 0.071694
0.908407 0.012542 0.079051
0.909954 0.013189 0.076858
0.948335 0.004392 0.047273
0.870516 0.129474 0.000010
0.962646 0.037344 0.000010
0.863849 0.024483 0.111667
0.650956 0.002646 0.346398
0.610200 0.096774 0.293026
0.562876 0.387033 0.050091
0.720459 0.170748 0.108793
0.916659 0.002964 0.080377
0.903132 0.012619 0.084248
0.911877 0.007044 0.081079
0.783420 0.216570 0.000010
0.079961 0.852630 0.067409
0.066658 0.853239 0.080104
0.849000 0.000010 0.150990
0.982673 0.017317 0.000010
0.794676 0.015602 0.189722
0.966596 0.033394 0.000010
0.984678 0.002341 0.012981
0.658877 0.000010 0.341113
0.650599 0.074574 0.274827
0.710243 0.249688 0.040070
0.757381 0.158663 0.083956
0.908136 0.020071 0.071793
0.922421 0.000010 0.077569
0.900526 0.018076 0.081398
0.872801 0.105908 0.021292
0.953563 0.000010 0.046427
0.577046 0.002674 0.420281
0.759788 0.179381 0.060830
0.748294 0.153787 0.097919
0.625370 0.308070 0.066560
0.923127 0.016376 0.060497
0.866985 0.018269 0.114746
0.921512 0.000010 0.078478
0.603393 0.000010 0.396597
0.638604 0.052271 0.309124
0.752154 0.174994 0.072852
0.749774 0.156507 0.093719
0.924015 0.001994 0.073991
0.935595 0.004984 0.059421
0.920532 0.010278 0.069190
0.826287 0.173703 0.000010
0.900537 0.041704 0.057759
0.953111 0.000010 0.046879
0.614623 0.000068 0.385309
0.627395 0.096595 0.276010
0.753176 0.177694 0.069131
0.731649 0.184499 0.083852
0.895352 0.006679 0.097969
0.910839 0.006644 0.082517
0.899044 0.014466 0.086490
0.885286 0.043303 0.071412
0.941232 0.000010 0.058758
0.574282 0.079338 0.346381
0.773716 0.174913 0.051371
0.752918 0.180468 0.066614
0.905222 0.016725 0.078053
0.870335 0.032907 0.096758
0.956104 0.000010 0.043886
0.603389 0.062594 0.334017
0.761510 0.169034 0.069456
0.716943 0.202610 0.080447
0.937658 0.007501 0.054840
0.924105 0.016123 0.059772
0.805234 0.194756 0.000010
0.812594 0.187396 0.000010
0.780096 0.063818 0.156086
0.789438 0.053944 0.156617
0.330308 0.563656 0.106036
0.875783 0.038414 0.085803
0.961335 0.000010 0.038655
0.591240 0.000010 0.408750
0.755104 0.172340 0.072555
0.697743 0.224109 0.078148
0.903256 0.015272 0.081471
0.929098 0.006527 0.064375
0.795119 0.204871 0.000010
0.081895 0.852516 0.065589
0.972002 0.000010 0.027988
0.858497 0.137145 0.004358
0.895957 0.012341 0.091702
0.760201 0.165036 0.074763
0.917553 0.015033 0.067414
0.630946 0.054618 0.314436
0.596257 0.000010 0.403733
0.825733 0.044127 0.130140
0.543137 0.406891 0.049972
0.864361 0.000010 0.135629
0.097154 0.877497 0.025349
0.063592 0.889031 0.047377
0.066849 0.862705 0.070445
0.070119 0.872847 0.057034
0.504033 0.000010 0.495957
0.499290 0.000010 0.500700
0.507084 0.000010 0.492906
0.523944 0.000010 0.476046
0.106111 0.839267 0.054622
0.062137 0.927673 0.010190
0.066366 0.918669 0.014964
0.053747 0.909330 0.036923
0.063580 0.924183 0.012237
0.055695 0.908377 0.035928
0.074734 0.892261 0.033005
0.056332 0.914705 0.028963
0.172833 0.633105 0.194062
0.195776 0.731331 0.072894
0.083878 0.860730 0.055392
0.064360 0.857650 0.077990
0.075930 0.862314 0.061756
0.074990 0.848697 0.076312
0.091401 0.836489 0.072110
0.056960 0.888131 0.054908
0.091681 0.853518 0.054801
0.055890 0.855069 0.089042
0.048900 0.850208 0.100892
0.103377 0.847784 0.048839
0.051294 0.898942 0.049764
0.055536 0.898172 0.046291
0.049536 0.893116 0.057348
0.085643 0.889720 0.024637
0.070309 0.871781 0.057909
0.051234 0.896425 0.052341
0.075565 0.896247 0.028188
0.049712 0.904202 0.046086
0.050437 0.898867 0.050695
0.057531 0.896430 0.046039
0.082237 0.889870 0.027893
0.089521 0.858494 0.051985
0.086657 0.870311 0.043031
0.065688 0.868667 0.065646
0.052904 0.892315 0.054780
0.043119 0.893318 0.063563
0.059981 0.895345 0.044674
0.055017 0.906346 0.038637
0.083137 0.862859 0.054004
0.047722 0.863245 0.089033
0.076358 0.863843 0.059799
0.065966 0.897844 0.036190
0.076642 0.902051 0.021307
0.083518 0.868054 0.048427
0.046215 0.890909 0.062877
0.088154 0.892539 0.019308
0.077272 0.889301 0.033427
0.055711 0.893783 0.050506
0.045198 0.917671 0.037131
0.089332 0.876811 0.033856
0.057146 0.891355 0.051499
0.085037 0.856950 0.058013
0.053974 0.876704 0.069322
0.066797 0.867028 0.066175
0.051720 0.877727 0.070553
0.045476 0.856627 0.097898
0.049353 0.888433 0.062213
0.104490 0.857198 0.038312
0.069754 0.883886 0.046361
0.059623 0.885616 0.054761
0.060140 0.883128 0.056731
0.085631 0.833589 0.080779
0.081629 0.854026 0.064345
0.064996 0.866029 0.068976
0.075718 0.863342 0.060940
0.224900 0.489929 0.285171
0.044418 0.890185 0.065397
0.063559 0.911632 0.024809
0.055590 0.902450 0.041961
0.056082 0.908941 0.034977
0.057921 0.884530 0.057549
0.049822 0.912766 0.037412
0.079698 0.913146 0.007155
0.070043 0.921169 0.008788
0.062010 0.893184 0.044806
0.071999 0.867694 0.060307
0.068320 0.886987 0.044693
0.093823 0.868225 0.037952
0.075621 0.873062 0.051317
0.062302 0.885145 0.052554
0.069848 0.919122 0.011031
0.045961 0.883551 0.070488
0.094559 0.879637 0.025804
0.087992 0.834110 0.077899
0.067044 0.874963 0.057994
0.081215 0.875600 0.043185
0.039285 0.902408 0.058307
0.069875 0.862576 0.067549
0.434817 0.039713 0.525471
0.307243 0.101428 0.591329
0.388043 0.092415 0.519542
0.122297 0.711852 0.165851
0.431877 0.031628 0.536495
0.463741 0.005492 0.530767
0.265221 0.395775 0.339004
0.267067 0.381274 0.351660
0.265490 0.203691 0.530819
0.073202 0.016468 0.910330
0.433474 0.018189 0.548337
0.416853 0.017358 0.565789
0.313687 0.377354 0.308959
0.345198 0.091679 0.563123
0.348751 0.274278 0.376970
0.450499 0.006840 0.542660
0.250052 0.401980 0.347968
0.277711 0.392208 0.330081
0.234213 0.455426 0.310361
0.125728 0.687303 0.186970
0.299823 0.387550 0.312626
0.349042 0.290762 0.360195
0.417369 0.005920 0.576711
0.339749 0.281358 0.378893
0.435113 0.039456 0.525431
0.262194 0.430650 0.307156
0.279184 0.411995 0.308821
0.150629 0.638209 0.211162
0.428966 0.024118 0.546916
0.376341 0.281138 0.342521
0.416281 0.020775 0.562944
0.260913 0.187354 0.551733
0.287633 0.217160 0.495208
0.429898 0.017653 0.552449
0.428306 0.020639 0.551056
0.382699 0.279994 0.337307
0.154093 0.704183 0.141724
0.213162 0.543050 0.243788
0.263889 0.410814 0.325297
0.309496 0.168890 0.521614
0.357597 0.290888 0.351516
0.262812 0.166186 0.571002
0.117302 0.698871 0.183827
0.276385 0.205094 0.518521
0.437858 0.018837 0.543305
0.363081 0.264773 0.372147
0.247375 0.405998 0.346627
0.243174 0.406530 0.350296
0.254574 0.407031 0.338395
0.355552 0.254087 0.390361
0.435678 0.008965 0.555357
0.345555 0.066524 0.587922
0.276182 0.200407 0.523411
0.127197 0.711960 0.160842
0.462315 0.022961 0.514724
0.423140 0.014861 0.561999
0.193431 0.601498 0.205072
0.285013 0.422169 0.292819
0.171064 0.677197 0.151739
0.378692 0.279808 0.341500
0.299808 0.181818 0.518373
0.310556 0.160561 0.528883
0.280389 0.448186 0.271426
0.475081 0.022350 0.502569
0.417990 0.021132 0.560877
0.431203 0.020249 0.548548
0.183910 0.581643 0.234447
0.310394 0.265242 0.424364
0.148861 0.682081 0.169058
0.431827 0.010656 0.557518
0.384802 0.272050 0.343148
0.356224 0.097212 0.546564
0.320127 0.352299 0.327574
0.268873 0.189421 0.541706
0.432983 0.013353 0.553664
0.414347 0.021659 0.563994
0.411296 0.033066 0.555637
0.257135 0.411149 0.331716
0.144615 0.662811 0.192574
0.148800 0.681344 0.169857
0.296566 0.291741 0.411694
0.350582 0.275919 0.373499
0.276496 0.194125 0.529379
0.303398 0.148140 0.548463
0.266974 0.135842 0.597184
0.234040 0.129344 0.636615
0.248554 0.023557 0.727889
0.436890 0.001954 0.561156
0.121086 0.138669 0.740244
0.248866 0.324973 0.426161
0.305993 0.109325 0.584683
0.284990 0.138499 0.576511
0.316075 0.106048 0.577878
0.277879 0.152504 0.569617
0.230093 0.016537 0.753371
0.438125 0.005400 0.556475
0.374974 0.105883 0.519144
0.142018 0.119240 0.738743
0.177775 0.139888 0.682337
0.431098 0.023489 0.545413
0.425272 0.007226 0.567503
0.203388 0.167454 0.629158
0.450022 0.015510 0.534468
0.213494 0.001131 0.785375
0.438520 0.011141 0.550339
0.424851 0.100746 0.474402
0.152037 0.132100 0.715863
0.194441 0.118769 0.686791
0.348923 0.110656 0.540421
0.428685 0.009102 0.562212
0.210065 0.177280 0.612655
0.251423 0.127768 0.620808
0.455520 0.013636 0.530844
0.244793 0.038774 0.716433
0.440771 0.034257 0.524972
0.405554 0.070385 0.524061
0.187472 0.132974 0.679554
0.122272 0.129949 0.747779
0.287587 0.202186 0.510226
0.225498 0.151999 0.622503
0.200833 0.000010 0.799157
0.435490 0.022616 0.541893
0.171658 0.130103 0.698238
0.141825 0.108868 0.749306
0.254989 0.189499 0.555511
0.052338 0.022335 0.925327
0.302887 0.162822 0.534290
0.230664 0.148264 0.621072
0.228100 0.008517 0.763383
0.414983 0.015913 0.569104
0.427770 0.089150 0.483080
0.178527 0.159304 0.662169
0.119657 0.133298 0.747044
0.263067 0.126506 0.610427
0.270992 0.278032 0.450976
0.308132 0.085167 0.606701
0.245409 0.265388 0.489203
0.238583 0.136101 0.625316
0.256951 0.033304 0.709745
0.425258 0.016992 0.557750
0.152479 0.127534 0.719987
0.367372 0.120536 0.512093
0.281489 0.110318 0.608193
0.435832 0.008982 0.555186
0.289800 0.110767 0.599433
0.285843 0.130558 0.583599
0.237385 0.142014 0.620602
0.238875 0.032571 0.728554
0.424579 0.020395 0.555025
0.168645 0.125709 0.705646
0.168793 0.134912 0.696296
0.297421 0.122523 0.580056
0.363419 0.038296 0.598285
0.412014 0.013093 0.574894
0.209705 0.020095 0.770200
0.327668 0.064870 0.607463
0.326384 0.024516 0.649100
0.218238 0.058143 0.723619
0.332999 0.027074 0.639927
0.358968 0.024952 0.616080
0.332741 0.051601 0.615657
0.127597 0.000010 0.872393
0.245902 0.023278 0.730821
0.338980 0.020681 0.640339
0.340565 0.020115 0.639320
0.224894 0.013784 0.761322
0.237251 0.019889 0.742860
0.325103 0.012907 0.661991
0.338719 0.017266 0.644015
0.282111 0.025751 0.692139
0.150052 0.000010 0.849938
0.114659 0.008168 0.877173
0.127231 0.008313 0.864456
0.291252 0.021327 0.687421
0.388829 0.024498 0.586673
0.348677 0.031720 0.619603
0.199881 0.019540 0.780579
0.132327 0.055818 0.811854
0.326129 0.011335 0.662536
0.269643 0.024737 0.705619
0.317724 0.028356 0.653920
0.123573 0.008614 0.867812
0.136810 0.002993 0.860197
0.121043 0.009246 0.869710
0.241576 0.060738 0.697686
0.373954 0.019146 0.606899
0.299301 0.027145 0.673554
0.274472 0.017758 0.707770
0.320599 0.145124 0.534277
0.296927 0.014882 0.688191
0.338462 0.018035 0.643503
0.351572 0.019937 0.628490
0.356382 0.067013 0.576605
0.134965 0.015033 0.850002
0.098637 0.000010 0.901353
0.213137 0.017661 0.769202
0.366928 0.025672 0.607399
0.390206 0.034271 0.575523
0.207257 0.023523 0.769220
0.349033 0.081209 0.569759
0.326577 0.033126 0.640297
0.341168 0.029628 0.629203
0.289150 0.035161 0.675690
0.130010 0.009411 0.860579
0.240718 0.020979 0.738303
0.124861 0.000010 0.875129
0.281072 0.116193 0.602736
0.334076 0.031001 0.634923
0.101440 0.018208 0.880352
0.303601 0.035064 0.661335
0.342256 0.034158 0.623586
0.349832 0.011381 0.638787
0.336166 0.020286 0.643548
0.121513 0.015369 0.863118
0.128014 0.002720 0.869265
0.243610 0.002562 0.753829
0.279587 0.014257 0.706156
0.353554 0.004426 0.642021
0.317534 0.025025 0.657442
0.288823 0.016519 0.694658
0.336273 0.033588 0.630139
0.341298 0.070785 0.587917
0.167708 0.024368 0.807924
0.322100 0.019791 0.658109
0.348684 0.023753 0.627563
0.092754 0.010728 0.896518
0.131294 0.000010 0.868696
0.246053 0.016247 0.737700
0.282434 0.008729 0.708837
0.368537 0.017958 0.613505
0.342963 0.090670 0.566368
0.180564 0.004000 0.815436
0.287079 0.031330 0.681591
0.333560 0.029937 0.636503
0.340025 0.026471 0.633504
0.290734 0.113090 0.596176
0.119394 0.000010 0.880596
0.158539 0.000010 0.841451
0.351352 0.029876 0.618772
0.239228 0.001543 0.759228
0.292564 0.019935 0.687501
0.175460 0.000010 0.824530
0.250666 0.035014 0.714320
0.442667 0.077298 0.480035
0.300085 0.103373 0.596541
0.284936 0.097909 0.617154
0.348226 0.095846 0.555928
0.271298 0.016524 0.712178
0.462445 0.111826 0.425728
0.036093 0.009361 0.954547
0.437000 0.010731 0.552269
0.296782 0.119134 0.584084
0.392234 0.155103 0.452663
0.225402 0.049671 0.724927
0.477295 0.097032 0.425673
0.482427 0.111058 0.406516
0.038049 0.006047 0.955904
0.423226 0.058922 0.517852
0.431886 0.105874 0.462240
0.354472 0.079473 0.566055
0.434003 0.023610 0.542387
0.431726 0.129551 0.438723
0.386888 0.146405 0.466706
0.406328 0.143834 0.449838
0.422693 0.139220 0.438087
0.453652 0.131460 0.414889
0.067066 0.005994 0.926940
0.435209 0.012647 0.552144
0.419446 0.016083 0.564471
0.257489 0.124789 0.617722
0.234646 0.005764 0.759591
0.415228 0.011724 0.573047
0.422708 0.127426 0.449866
0.408659 0.114803 0.476538
0.491285 0.099940 0.408775
0.456032 0.111528 0.432441
0.255108 0.106696 0.638196
0.381199 0.109174 0.509627
0.412525 0.077074 0.510401
0.215364 0.004258 0.780378
0.374153 0.154741 0.471106
0.403530 0.115645 0.480825
0.478968 0.112119 0.408913
0.456784 0.115505 0.427711
0.440926 0.125097 0.433978
0.294800 0.049923 0.655277
0.312461 0.103346 0.584193
0.396991 0.087038 0.515971
0.431838 0.086938 0.481224
0.214905 0.013966 0.771129
0.386304 0.285873 0.327823
0.405005 0.159454 0.435541
0.477156 0.115972 0.406872
0.488053 0.107911 0.404036
0.457905 0.106754 0.435341
0.431923 0.021825 0.546251
0.348527 0.091898 0.559575
0.206028 0.003050 0.790921
0.040000 0.022607 0.937394
0.398233 0.146913 0.454854
0.377114 0.146701 0.476185
0.437238 0.101166 0.461596
0.447524 0.130592 0.421884
0.023124 0.014332 0.962544
0.319014 0.033424 0.647562
0.422102 0.118100 0.459798
0.227415 0.000010 0.772575
0.050970 0.028594 0.920436
0.368077 0.122227 0.509696
0.358813 0.165497 0.475690
0.424761 0.142116 0.433123
0.490330 0.096252 0.413419
0.448507 0.109258 0.442235
0.056530 0.000010 0.943460
0.226555 0.012414 0.761031
0.191313 0.015356 0.793331
0.278777 0.025617 0.695606
0.279823 0.001396 0.718781
0.401225 0.044966 0.553809
0.362287 0.007776 0.629937
0.398803 0.009100 0.592097
0.262934 0.026060 0.711006
0.237377 0.052613 0.710011
0.319050 0.011536 0.669414
0.353764 0.029668 0.616568
0.280964 0.017329 0.701706
0.161312 0.022487 0.816200
0.246886 0.004230 0.748884
0.378221 0.044532 0.577248
0.284325 0.011049 0.704625
0.243370 0.034351 0.722279
0.277131 0.033246 0.689623
0.304628 0.029465 0.665907
0.264977 0.022694 0.712329
0.169893 0.014877 0.815230
0.215781 0.000010 0.784209
0.380417 0.003496 0.616088
0.368344 0.018967 0.612689
0.256589 0.004930 0.738481
0.241249 0.027623 0.731128
0.263170 0.004452 0.732379
0.306089 0.033324 0.660587
0.311261 0.013736 0.675004
0.271143 0.004924 0.723933
0.171292 0.031308 0.797400
0.277740 0.000010 0.722250
0.210252 0.000399 0.789349
0.353743 0.003344 0.642913
0.262622 0.053859 0.683518
0.298462 0.014628 0.686911
0.317539 0.013814 0.668647
0.341386 0.010996 0.647618
0.244184 0.008031 0.747784
0.245517 0.021627 0.732856
0.214652 0.000010 0.785338
0.286928 0.018404 0.694668
0.382204 0.000010 0.617786
0.373239 0.036207 0.590553
0.270096 0.136600 0.593304
0.257789 0.008552 0.733659
0.197800 0.014453 0.787747
0.344929 0.013840 0.641231
0.344926 0.002519 0.652555
0.279973 0.039481 0.680546
0.174340 0.018753 0.806907
0.256426 0.006479 0.737095
0.237925 0.000010 0.762065
0.374678 0.026030 0.599292
0.403489 0.009938 0.586573
0.269477 0.025729 0.704794
0.227225 0.033024 0.739752
0.328588 0.007742 0.663670
0.295716 0.005465 0.698819
0.333670 0.018017 0.648312
0.251330 0.003145 0.745525
0.162437 0.022589 0.814974
0.221623 0.018683 0.759694
0.384849 0.011730 0.603421
0.380785 0.027306 0.591909
0.252621 0.032208 0.715171
0.286910 0.040814 0.672276
0.352121 0.016989 0.630890
0.311716 0.015449 0.672835
0.310299 0.019115 0.670586
0.221051 0.019391 0.759557
0.186916 0.022581 0.790503
0.299454 0.020994 0.679552
0.299805 0.015550 0.684645
0.379021 0.047064 0.573915
0.353814 0.005460 0.640726
0.273249 0.060520 0.666230
0.275194 0.014354 0.710452
0.338473 0.011588 0.649939
0.329657 0.000985 0.669358
0.337346 0.018371 0.644283
0.219418 0.004956 0.775626
0.214209 0.013803 0.771988
0.314753 0.014804 0.670443
0.282241 0.018385 0.699374
0.289764 0.006320 0.703916
0.169929 0.010726 0.819345
0.177402 0.000010 0.822588
0.294370 0.157970 0.547660
0.380673 0.023730 0.595597
0.266829 0.019484 0.713687
0.256984 0.013732 0.729284
0.275862 0.020787 0.703351
0.375626 0.020193 0.604181
0.284325 0.004913 0.710762
0.157400 0.000010 0.842590
0.150197 0.010706 0.839097
0.432417 0.014512 0.553071
0.395602 0.038451 0.565947
0.282528 0.015545 0.701927
0.317158 0.037981 0.644861
0.207281 0.000519 0.792201
0.197708 0.000971 0.801321
0.202903 0.021307 0.775790
0.325311 0.004170 0.670519
0.266647 0.011324 0.722030
0.228990 0.001464 0.769546
0.220255 0.000010 0.779735
0.241362 0.000010 0.758628
0.265688 0.043668 0.690643
0.187121 0.018884 0.793995
0.246236 0.023314 0.730450
0.277004 0.034193 0.688804
0.328999 0.030849 0.640152
0.211722 0.009715 0.778563
0.163182 0.003553 0.833265
0.254735 0.008172 0.737094
0.285409 0.035619 0.678972
0.260173 0.015969 0.723859
0.362657 0.008464 0.628879
0.167106 0.000010 0.832884
0.214261 0.004474 0.781265
0.279552 0.009494 0.710954
0.312832 0.020640 0.666528
0.250772 0.000053 0.749176
0.210677 0.009510 0.779813
0.149811 0.000010 0.850179
0.256733 0.023014 0.720253
0.257166 0.009786 0.733048
0.276705 0.015012 0.708283
0.268710 0.028184 0.703106
0.259658 0.011737 0.728605
0.178371 0.000010 0.821619
0.177836 0.005341 0.816822
0.150676 0.000010 0.849314
0.166177 0.024732 0.809092
0.116190 0.031654 0.852156
0.138174 0.020010 0.841816
0.146097 0.002896 0.851007
0.145946 0.005265 0.848790
0.097955 0.042525 0.859520
0.235135 0.014292 0.750573
0.167475 0.013770 0.818756
0.180401 0.026160 0.793439
0.132084 0.011021 0.856895
0.141610 0.015812 0.842577
0.268671 0.004990 0.726339
0.152249 0.022532 0.825219
0.151803 0.023538 0.824659
0.165397 0.025430 0.809173
0.159099 0.016314 0.824586
0.153963 0.012410 0.833628
0.119210 0.028322 0.852469
0.257518 0.014787 0.727695
0.268099 0.023030 0.708871
0.281470 0.020293 0.698237
0.301085 0.007036 0.691879
0.275111 0.027138 0.697751
0.250232 0.030547 0.719222
0.245349 0.021557 0.733094
0.248860 0.031769 0.719371
0.305356 0.008892 0.685752
0.207739 0.022403 0.769858
0.230282 0.031821 0.737898
0.310236 0.025254 0.664510
0.262504 0.020566 0.716930
0.234209 0.022105 0.743686
0.225473 0.026985 0.747543
0.271667 0.014130 0.714203
0.257303 0.040781 0.701916
0.287771 0.012976 0.699253
0.286722 0.029607 0.683671
0.282162 0.010992 0.706845
0.274507 0.024048 0.701444
0.348791 0.024905 0.626305
0.273709 0.014880 0.711410
0.303477 0.041254 0.655270
0.261815 0.028002 0.710183
0.227890 0.031831 0.740280
0.260416 0.018741 0.720843
0.291247 0.016144 0.692609
0.283684 0.017440 0.698876
0.249675 0.023461 0.726864
0.277571 0.020599 0.701830
0.132429 0.017914 0.849657
0.144271 0.021128 0.834601
0.118713 0.026055 0.855232
0.168840 0.016643 0.814517
0.170644 0.022172 0.807184
0.130094 0.020217 0.849689
0.192975 0.015194 0.791831
0.207202 0.016073 0.776725
0.099394 0.146435 0.754171
0.142622 0.007000 0.850377
0.155769 0.043829 0.800403
0.273564 0.019928 0.706508
0.135616 0.024171 0.840213
0.293382 0.011798 0.694820
0.185135 0.027750 0.787114
0.133351 0.021186 0.845463
0.130334 0.019059 0.850607
0.170419 0.007238 0.822343
0.085442 0.025065 0.889493
0.197340 0.022380 0.780281
0.120933 0.016118 0.862948
0.111056 0.018876 0.870069
0.128781 0.023502 0.847717
0.153634 0.021492 0.824874
0.082591 0.034457 0.882952
0.093109 0.019414 0.887477
0.130617 0.030135 0.839248
0.116365 0.024791 0.858844
0.137460 0.007260 0.855280
0.146830 0.021204 0.831966
0.169752 0.011173 0.819076
0.142437 0.009485 0.848079
0.130424 0.020341 0.849235
0.154228 0.016732 0.829040
0.227326 0.031293 0.741381
0.109595 0.020658 0.869746
0.135231 0.006081 0.858688
0.148020 0.015857 0.836123
0.143490 0.023085 0.833425
0.159699 0.011894 0.828408
0.185797 0.076037 0.738165
0.159965 0.022132 0.817902
0.110345 0.009565 0.880090
0.181499 0.016632 0.801869
0.118121 0.043550 0.838329
0.227683 0.017261 0.755056
0.311970 0.013988 0.674042
0.240774 0.005135 0.754091
0.264533 0.016548 0.718919
0.241727 0.005033 0.753240
0.246046 0.006395 0.747560
0.147049 0.018539 0.834413
0.336592 0.000010 0.663398
0.270790 0.021893 0.707317
0.297962 0.029576 0.672462
0.226982 0.012476 0.760541
0.166603 0.011166 0.822231
0.187709 0.022752 0.789538
0.173325 0.011684 0.814991
0.330540 0.002485 0.666974
0.160702 0.008249 0.831049
0.273940 0.001305 0.724755
0.179266 0.017919 0.802814
0.132032 0.021274 0.846693
0.148026 0.024497 0.827477
0.128746 0.022859 0.848394
0.171520 0.012121 0.816359
0.193337 0.018114 0.788549
0.189339 0.022547 0.788114
0.135438 0.026401 0.838161
0.222881 0.000176 0.776944
0.212039 0.014319 0.773642
0.258312 0.022419 0.719269
0.217842 0.000010 0.782148
0.324126 0.000010 0.675864
0.261106 0.015674 0.723220
0.202678 0.005833 0.791489
0.310212 0.006668 0.683120
0.294823 0.000010 0.705167
0.303766 0.036681 0.659553
0.191697 0.030817 0.777486
0.195837 0.002179 0.801984
0.181271 0.634160 0.184568
0.205826 0.533821 0.260353
0.147580 0.652075 0.200345
0.116148 0.704215 0.179637
0.179984 0.669412 0.150605
0.199476 0.554780 0.245744
0.211449 0.559595 0.228957
0.199935 0.527122 0.272943
0.205224 0.550783 0.243993
0.183741 0.614899 0.201359
0.152610 0.685461 0.161929
0.171767 0.645712 0.182521
0.191771 0.619628 0.188601
0.163758 0.677403 0.158839
0.446976 0.013729 0.539295
0.286012 0.201841 0.512146
0.167368 0.678111 0.154521
0.365365 0.270341 0.364294
0.366212 0.287120 0.346667
0.166341 0.568097 0.265562
0.432469 0.010612 0.556918
0.259346 0.406725 0.333930
0.203614 0.516487 0.279899
0.308790 0.377187 0.314023
0.387319 0.142169 0.470512
0.220967 0.537700 0.241333
0.134237 0.773792 0.091970
0.075185 0.735657 0.189158
0.265208 0.384688 0.350104
0.118065 0.713860 0.168075
0.444646 0.016486 0.538868
0.322599 0.291416 0.385984
0.442192 0.002877 0.554930
0.401285 0.022049 0.576666
0.259336 0.216002 0.524662
0.295730 0.193488 0.510782
0.269989 0.182622 0.547389
0.294891 0.131331 0.573779
0.432586 0.014953 0.552462
0.432977 0.019692 0.547330
0.144402 0.140990 0.714608
0.379585 0.203030 0.417385
0.402336 0.096070 0.501595
0.431726 0.039698 0.528576
0.473349 0.122675 0.403976
0.051341 0.011605 0.937054
0.374331 0.016576 0.609093
0.049704 0.015453 0.934843
0.000010 0.010814 0.989176
0.050950 0.007220 0.941830
0.047229 0.016704 0.936066
0.106998 0.021038 0.871965
0.031018 0.021327 0.947654
0.029493 0.002363 0.968143
0.034573 0.016151 0.949276
0.021752 0.017637 0.960611
0.032156 0.011107 0.956737
0.029897 0.035316 0.934787
0.070700 0.019877 0.909423
0.012474 0.019992 0.967534
0.017416 0.020958 0.961626
0.002122 0.008557 0.989320
0.012380 0.018288 0.969332
0.115342 0.001446 0.883212
0.047337 0.013112 0.939551
0.032456 0.014257 0.953287
0.043731 0.021344 0.934924
0.029337 0.001626 0.969037
0.046160 0.011255 0.942585
0.056212 0.007720 0.936069
0.036601 0.010262 0.953136
0.034322 0.018776 0.946902
0.042560 0.014569 0.942872
0.052765 0.018829 0.928406
0.106893 0.016224 0.876883
0.134114 0.024618 0.841268
0.048552 0.063481 0.887967
0.160471 0.008518 0.831011
0.053234 0.013712 0.933054
0.118924 0.012446 0.868630
0.034670 0.002130 0.963200
0.122159 0.034081 0.843760
0.050388 0.005273 0.944340
0.055885 0.003422 0.940694
0.078306 0.016916 0.904778
0.072070 0.005792 0.922137
0.042499 0.000010 0.957491
0.214830 0.002680 0.782489
0.053413 0.019607 0.926980
0.092444 0.076551 0.831005
0.100679 0.023489 0.875831
0.046096 0.015558 0.938346
0.129808 0.073439 0.796753
0.137458 0.013849 0.848693
0.086874 0.014048 0.899078
0.111656 0.010989 0.877355
0.045094 0.044845 0.910060
0.047632 0.020050 0.932318
0.079913 0.053226 0.866861
0.090506 0.075473 0.834022
0.074347 0.045297 0.880355
0.083151 0.062284 0.854564
0.095826 0.066422 0.837751
0.060040 0.040908 0.899052
0.090136 0.106706 0.803158
0.075183 0.075432 0.849385
0.031172 0.049137 0.919691
0.092154 0.040232 0.867614
0.079989 0.057823 0.862187
0.145005 0.041009 0.813986
0.048752 0.060327 0.890921
0.102782 0.040871 0.856347
0.026040 0.024217 0.949743
0.116527 0.061754 0.821719
0.094623 0.088938 0.816439
0.071276 0.046614 0.882109
0.040391 0.038886 0.920723
0.130614 0.068060 0.801326
0.057760 0.040507 0.901733
0.054890 0.036227 0.908883
0.067877 0.036937 0.895186
0.084975 0.059055 0.855970
0.062784 0.050202 0.887014
0.089071 0.048783 0.862146
0.109840 0.064751 0.825409
0.075194 0.064596 0.860210
0.094378 0.023317 0.882305
0.088556 0.048120 0.863324
0.068303 0.107485 0.824212
0.000010 0.053324 0.946666
0.039014 0.042283 0.918702
0.026766 0.050650 0.922584
0.096307 0.050803 0.852891
0.103026 0.060197 0.836777
0.066092 0.064843 0.869065
0.077712 0.049035 0.873253
0.086356 0.053589 0.860055
0.039429 0.063111 0.897460
0.085788 0.063392 0.850821
0.064783 0.052782 0.882435
0.045135 0.090538 0.864327
0.091354 0.051542 0.857105
0.059859 0.060418 0.879723
0.095989 0.035218 0.868793
0.081175 0.055468 0.863357
0.099484 0.042350 0.858166
0.026743 0.060896 0.912361
0.071386 0.055272 0.873342
0.075341 0.057920 0.866739
0.084544 0.050597 0.864859
0.140358 0.104536 0.755106
0.111873 0.014044 0.874083
0.048001 0.034467 0.917533
0.092889 0.069305 0.837806
0.097037 0.092633 0.810331
0.129316 0.079897 0.790787
0.025025 0.036641 0.938334
0.073264 0.088058 0.838678
0.098924 0.059408 0.841668
0.029404 0.053466 0.917130
0.108985 0.092702 0.798313
0.093107 0.054933 0.851960
0.059452 0.030117 0.910432
0.057707 0.069641 0.872652
0.094356 0.093125 0.812519
0.093714 0.096648 0.809638
0.108033 0.049533 0.842434
0.035767 0.039082 0.925151
0.024082 0.034091 0.941827
0.096215 0.105077 0.798708
0.077239 0.099810 0.822951
0.079672 0.070774 0.849554
0.080897 0.027577 0.891525
0.114507 0.064527 0.820966
0.016544 0.042163 0.941292
0.113287 0.040903 0.845811
0.128461 0.060296 0.811243
0.143885 0.037067 0.819048
0.106840 0.058012 0.835148
0.108685 0.080465 0.810850
0.027837 0.055757 0.916406
0.076751 0.042839 0.880410
0.088765 0.081521 0.829714
0.083528 0.031533 0.884938
0.090424 0.033877 0.875698
0.050491 0.054044 0.895465
0.039052 0.082829 0.878118
0.111369 0.047400 0.841230
0.057193 0.038442 0.904365
0.146683 0.096229 0.757087
0.073705 0.061316 0.864979
0.097318 0.098682 0.804000
0.095874 0.050189 0.853937
0.049630 0.074038 0.876332
0.086180 0.078874 0.834946
0.052363 0.048277 0.899360
0.073849 0.039051 0.887099
0.070082 0.043123 0.886795
0.007911 0.026831 0.965258
0.081346 0.051141 0.867513
0.068765 0.041573 0.889662
0.107814 0.048431 0.843754
0.073530 0.098990 0.827480
0.065796 0.051757 0.882448
0.078363 0.068892 0.852744
0.114864 0.064683 0.820452
0.111371 0.068331 0.820298
0.086847 0.130599 0.782553
0.085374 0.080074 0.834552
0.096912 0.047289 0.855799
0.097870 0.046718 0.855412
0.091924 0.065580 0.842496
0.068634 0.049932 0.881434
0.072003 0.058477 0.869520
0.073529 0.050712 0.875759
0.099373 0.116151 0.784477
0.052668 0.060217 0.887115
0.064131 0.050844 0.885025
0.000010 0.042119 0.957871
0.092173 0.048939 0.858888
0.093734 0.103641 0.802625
0.092783 0.084429 0.822788
0.076179 0.066696 0.857125
0.064673 0.068806 0.866521
0.002525 0.020910 0.976565
0.081380 0.072915 0.845706
0.093331 0.099805 0.806864
0.072676 0.048941 0.878382
0.182026 0.064217 0.753757
0.093051 0.058265 0.848684
0.072611 0.056041 0.871348
0.052255 0.065828 0.881917
0.127273 0.056453 0.816274
0.077705 0.016701 0.905594
0.051352 0.052575 0.896073
0.043420 0.058332 0.898249
0.168613 0.014317 0.817070
0.043685 0.039371 0.916944
0.048589 0.028126 0.923285
0.084171 0.071398 0.844431
0.065266 0.046188 0.888547
0.114207 0.032951 0.852842
0.095873 0.071076 0.833050
0.067334 0.069083 0.863583
0.091406 0.033574 0.875020
0.071870 0.058499 0.869630
0.069021 0.038358 0.892621
0.027737 0.051501 0.920762
0.063187 0.035489 0.901324
0.058188 0.034505 0.907307
0.043936 0.098541 0.857523
0.029053 0.037331 0.933616
0.070993 0.078865 0.850142
0.077412 0.033839 0.888748
0.056412 0.030928 0.912661
0.095721 0.038391 0.865888
0.053155 0.059172 0.887673
0.097567 0.054383 0.848050
0.035599 0.065602 0.898800
0.059615 0.027812 0.912573
0.129589 0.065713 0.804698
0.109953 0.078014 0.812033
0.108005 0.074914 0.817080
0.092586 0.019171 0.888243
0.139681 0.076086 0.784233
0.052199 0.065832 0.881969
0.091623 0.022742 0.885635
0.137521 0.031062 0.831418
0.081901 0.048182 0.869917
0.120094 0.085992 0.793915
0.101614 0.076809 0.821577
0.098232 0.055836 0.845932
0.082409 0.056351 0.861240
0.126443 0.033134 0.840422
0.099063 0.029185 0.871751
0.058514 0.027777 0.913709
0.098833 0.135719 0.765448
0.109211 0.078710 0.812080
0.169683 0.054992 0.775324
0.081892 0.080385 0.837723
0.081123 0.036023 0.882855
0.159369 0.087457 0.753175
0.087282 0.039606 0.873112
0.134341 0.041415 0.824244
0.115261 0.097029 0.787710
0.004010 0.041920 0.954070
0.103907 0.036949 0.859143
0.158426 0.071587 0.769987
0.094619 0.042893 0.862488
0.015685 0.033179 0.951136
0.056658 0.033255 0.910087
0.092404 0.022163 0.885433
0.104041 0.050763 0.845196
0.102165 0.056305 0.841529
0.123798 0.025121 0.851080
0.086421 0.018838 0.894741
0.046466 0.017165 0.936369
0.121223 0.073035 0.805742
0.069273 0.051208 0.879520
0.115246 0.038051 0.846702
0.097628 0.115157 0.787215
0.062202 0.120488 0.817310
0.054509 0.032284 0.913207
0.035777 0.078340 0.885883
0.138260 0.080805 0.780935
0.070228 0.045967 0.883805
0.046822 0.048115 0.905063
0.047934 0.042654 0.909413
0.040531 0.037125 0.922344
0.062433 0.043904 0.893663
0.091900 0.048618 0.859482
0.018264 0.050044 0.931692
0.100124 0.054410 0.845466
0.097932 0.106469 0.795600
0.101744 0.053726 0.844529
0.072280 0.033856 0.893864
0.128951 0.048928 0.822121
0.066891 0.032417 0.900692
0.167078 0.027626 0.805296
0.075165 0.059799 0.865036
0.072117 0.058394 0.869489
0.090490 0.056406 0.853104
0.099782 0.057414 0.842804
0.079064 0.041225 0.879711
0.022797 0.034175 0.943028
0.082683 0.047308 0.870009
0.109289 0.095520 0.795191
0.040718 0.039271 0.920011
0.078188 0.053710 0.868102
0.146518 0.085930 0.767552
0.079341 0.064236 0.856423
0.071976 0.036238 0.891786
0.145283 0.027446 0.827271
0.167267 0.084233 0.748500
0.111172 0.035672 0.853156
0.000010 0.063383 0.936607
0.130243 0.094143 0.775614
0.111084 0.041414 0.847502
0.108090 0.051167 0.840742
0.087625 0.061550 0.850825
0.121056 0.099963 0.778981
0.146772 0.061632 0.791596
0.024669 0.047128 0.928202
0.014077 0.056412 0.929511
0.111399 0.048316 0.840284
0.105041 0.037990 0.856969
0.053813 0.062448 0.883739
0.058631 0.046260 0.895109
0.066528 0.042956 0.890516
0.092561 0.105839 0.801600
0.036770 0.030506 0.932724
0.141177 0.059631 0.799192
0.079433 0.044570 0.875997
0.080888 0.052787 0.866325
0.064225 0.078387 0.857388
0.028141 0.052696 0.919162
0.125369 0.036376 0.838255
0.146659 0.087936 0.765405
0.096838 0.099792 0.803370
0.048568 0.041622 0.909810
0.061295 0.062848 0.875857
0.078423 0.080158 0.841419
0.002103 0.056435 0.941462
0.107633 0.032917 0.859450
0.051169 0.025892 0.922940
0.069778 0.041569 0.888653
0.058928 0.046125 0.894946
0.010827 0.043106 0.946067
0.091537 0.107163 0.801300
0.146240 0.032369 0.821391
0.185730 0.012131 0.802139
0.099027 0.107223 0.793749
0.095671 0.054067 0.850262
0.140626 0.049651 0.809723
0.032683 0.034755 0.932561
0.188411 0.138245 0.673344
0.054724 0.026694 0.918582
0.061272 0.044002 0.894726
0.117956 0.105586 0.776458
0.093470 0.042480 0.864050
0.119352 0.122067 0.758581
0.106182 0.051111 0.842707
0.078772 0.035582 0.885646
0.082783 0.045819 0.871397
0.085431 0.069494 0.845074
0.063676 0.109349 0.826975
0.062891 0.043294 0.893816
0.149305 0.104586 0.746109
0.010358 0.070506 0.919136
0.125453 0.097758 0.776789
0.057139 0.032862 0.909999
0.109417 0.096102 0.794481
0.127850 0.027530 0.844621
0.047063 0.034130 0.918807
0.020993 0.046480 0.932526
0.118143 0.127944 0.753913
0.131122 0.085072 0.783807
0.120240 0.049871 0.829890
0.019037 0.031690 0.949273
0.098064 0.111419 0.790517
0.092999 0.040604 0.866397
0.143373 0.024520 0.832107
0.051725 0.053334 0.894941
0.112569 0.031809 0.855623
0.097389 0.035166 0.867446
0.082792 0.032722 0.884486
0.224092 0.030854 0.745054
0.065242 0.033634 0.901125
0.130662 0.053944 0.815394
0.120414 0.021745 0.857841
0.105473 0.092263 0.802263
0.111012 0.040330 0.848658
0.089886 0.050478 0.859635
0.096756 0.031812 0.871432
0.109487 0.087207 0.803306
0.013924 0.039578 0.946498
0.096196 0.063514 0.840289
0.053330 0.038871 0.907799
0.071522 0.064205 0.864273
0.098223 0.121210 0.780567
0.028994 0.027311 0.943695
0.081819 0.058750 0.859431
0.131468 0.101556 0.766976
0.060012 0.056553 0.883434
0.104595 0.051269 0.844136
0.126540 0.050774 0.822687
0.074722 0.045367 0.879911
0.051967 0.047899 0.900134
0.061950 0.032079 0.905971
0.093358 0.031331 0.875311
0.094925 0.023881 0.881194
0.116531 0.095266 0.788203
0.091092 0.057980 0.850928
0.051289 0.042398 0.906314
0.000010 0.045321 0.954669
0.063967 0.056042 0.879991
0.098531 0.101875 0.799594
0.045140 0.038384 0.916476
0.075008 0.053280 0.871712
0.019811 0.046577 0.933612
0.123804 0.016755 0.859441
0.177902 0.020839 0.801259
0.139725 0.025080 0.835194
0.173633 0.003727 0.822641
0.230682 0.013422 0.755896
0.172424 0.016082 0.811494
0.164705 0.021005 0.814290
0.315360 0.001599 0.683041
0.148344 0.023584 0.828072
0.119351 0.010384 0.870265
0.110587 0.027206 0.862207
0.260520 0.017476 0.722004
0.324753 0.000214 0.675033
0.132633 0.022989 0.844378
0.159950 0.011176 0.828874
0.202549 0.032813 0.764638
0.149406 0.012710 0.837884
0.104003 0.018074 0.877923
0.264494 0.006902 0.728604
0.143035 0.031482 0.825483
0.376881 0.000010 0.623109
0.133620 0.017033 0.849347
0.189528 0.024628 0.785845
0.329898 0.000010 0.670092
0.141395 0.014008 0.844598
0.113414 0.017066 0.869520
0.272959 0.000010 0.727031
0.165076 0.031764 0.803160
0.137945 0.014968 0.847087
0.167432 0.033638 0.798929
0.441580 0.000010 0.558410
0.472355 0.007349 0.520296
0.411130 0.000010 0.588860
0.412719 0.000010 0.587271
0.445699 0.016271 0.538030
