0.017361 0.014736 0.310413 0.157379 0.223261 0.024979 0.251852 0.000010 0.000010
0.009251 0.000010 0.277250 0.076084 0.300334 0.009151 0.327900 0.000010 0.000010
0.024046 0.000010 0.358359 0.117899 0.229027 0.010592 0.249342 0.000010 0.010716
0.000010 0.000010 0.294133 0.093547 0.301742 0.001768 0.291038 0.000199 0.017554
0.000010 0.000010 0.332490 0.139156 0.244590 0.046618 0.237107 0.000010 0.000010
0.036569 0.000010 0.319029 0.109710 0.260915 0.012208 0.261539 0.000010 0.000010
0.007922 0.000010 0.279603 0.115629 0.261000 0.009478 0.299962 0.000010 0.026385
0.000010 0.000010 0.059334 0.000010 0.398211 0.000010 0.542395 0.000010 0.000010
0.000010 0.000010 0.066066 0.000010 0.391854 0.000010 0.542020 0.000010 0.000010
0.000010 0.006262 0.000010 0.000010 0.967394 0.000010 0.026284 0.000010 0.000010
0.000010 0.000244 0.105314 0.000010 0.359374 0.041823 0.493205 0.000010 0.000010
0.000010 0.000010 0.112432 0.000010 0.321925 0.023633 0.541960 0.000010 0.000010
0.000010 0.029263 0.072433 0.763339 0.000010 0.010746 0.000010 0.036697 0.087493
0.018417 0.000010 0.156269 0.580552 0.000010 0.078603 0.000010 0.069912 0.096217
0.005766 0.000010 0.055792 0.890495 0.000010 0.009250 0.015630 0.006905 0.016142
0.048460 0.023535 0.156469 0.589773 0.011287 0.062607 0.000010 0.031248 0.076610
0.015827 0.018499 0.344346 0.102860 0.237957 0.026057 0.242720 0.000010 0.011724
0.005120 0.027772 0.309689 0.125257 0.264921 0.021843 0.245379 0.000010 0.000010
0.000010 0.000010 0.049807 0.000010 0.411759 0.000010 0.538374 0.000010 0.000010
0.000010 0.000146 0.071821 0.000010 0.316039 0.000010 0.608518 0.003437 0.000010
0.000010 0.000010 0.075741 0.000010 0.364177 0.000010 0.560022 0.000010 0.000010
0.000010 0.000010 0.000010 0.000010 0.999920 0.000010 0.000010 0.000010 0.000010
0.006514 0.007679 0.076862 0.000010 0.329935 0.035454 0.535593 0.000010 0.007942
0.000706 0.000010 0.101377 0.000010 0.359657 0.014081 0.502256 0.000010 0.021894
0.009608 0.012810 0.052198 0.846116 0.000010 0.000010 0.000010 0.016351 0.062887
0.018167 0.000010 0.114989 0.794511 0.000498 0.016281 0.000815 0.022325 0.032405
0.000010 0.019174 0.027537 0.905456 0.000010 0.020591 0.026942 0.000271 0.000010
0.011227 0.013477 0.145155 0.567432 0.000010 0.066210 0.000010 0.064429 0.132048
0.014554 0.003737 0.356096 0.088791 0.240889 0.031349 0.252276 0.000010 0.012298
0.017291 0.013803 0.318811 0.117334 0.229299 0.005623 0.257531 0.000010 0.040297
0.000010 0.000010 0.096374 0.000010 0.419452 0.000010 0.484114 0.000010 0.000010
0.000010 0.001689 0.058549 0.000010 0.288772 0.000010 0.645813 0.005137 0.000010
0.000010 0.000010 0.000010 0.000605 0.936203 0.000010 0.063132 0.000010 0.000010
0.000010 0.000010 0.000010 0.000010 0.999920 0.000010 0.000010 0.000010 0.000010
0.019051 0.000010 0.077860 0.000010 0.366183 0.035507 0.501328 0.000010 0.000040
0.017102 0.000010 0.078708 0.000010 0.365563 0.023363 0.497952 0.000010 0.017282
0.029642 0.000010 0.107492 0.731458 0.000010 0.010505 0.000010 0.040289 0.080584
0.000010 0.027469 0.076797 0.834828 0.004749 0.009358 0.016791 0.016664 0.013334
0.000010 0.013356 0.112243 0.781515 0.000010 0.000010 0.000010 0.010172 0.082674
0.045675 0.028496 0.169097 0.584164 0.005472 0.032536 0.000010 0.043471 0.091080
0.042091 0.000010 0.287533 0.121064 0.265979 0.003922 0.264766 0.000010 0.014627
0.000010 0.012287 0.328847 0.096546 0.248589 0.030220 0.239583 0.000010 0.043908
0.000010 0.000010 0.063462 0.000010 0.366918 0.000010 0.569559 0.000010 0.000010
0.000010 0.000010 0.046204 0.000010 0.391016 0.000010 0.562720 0.000010 0.000010
0.000010 0.000010 0.000010 0.000010 0.999920 0.000010 0.000010 0.000010 0.000010
0.000010 0.000010 0.000010 0.000010 0.943460 0.000010 0.050754 0.005726 0.000010
0.000010 0.000010 0.000010 0.000010 0.999920 0.000010 0.000010 0.000010 0.000010
0.000010 0.000010 0.111900 0.000010 0.340898 0.040392 0.504075 0.000010 0.002696
0.020773 0.000010 0.083608 0.000010 0.371587 0.036208 0.487783 0.000010 0.000010
0.030632 0.002943 0.135848 0.707516 0.000010 0.000010 0.000010 0.041705 0.081327
0.021810 0.000010 0.019354 0.918278 0.000164 0.000010 0.028307 0.012057 0.000010
0.026005 0.009584 0.084676 0.847913 0.000010 0.007771 0.000010 0.000010 0.024021
0.028221 0.018164 0.134466 0.643171 0.015213 0.052840 0.000010 0.052197 0.055718
0.025042 0.000010 0.080969 0.805164 0.000010 0.016505 0.000010 0.021697 0.050593
0.073500 0.017538 0.037406 0.464055 0.000010 0.192523 0.000010 0.079660 0.135298
0.032356 0.015589 0.040069 0.809776 0.000010 0.017836 0.008557 0.022172 0.053635
0.000010 0.000010 0.504012 0.376609 0.000010 0.025399 0.000010 0.028874 0.065065
0.012822 0.015413 0.278917 0.529267 0.019370 0.041170 0.000010 0.028363 0.074668
0.006599 0.000010 0.631247 0.340324 0.000010 0.000010 0.000010 0.010611 0.011179
0.015317 0.000010 0.340219 0.478556 0.017849 0.045745 0.000010 0.040264 0.062030
0.009963 0.002380 0.299228 0.189132 0.224954 0.051424 0.217375 0.005535 0.000010
0.024651 0.013161 0.076863 0.728298 0.000010 0.039025 0.000010 0.066469 0.051512
0.000010 0.000010 0.089155 0.706845 0.000010 0.075080 0.000010 0.020106 0.108774
0.017273 0.000010 0.459858 0.387217 0.023213 0.012456 0.016033 0.028819 0.055120
0.008410 0.000010 0.585893 0.202735 0.068619 0.067772 0.035359 0.031193 0.000010
0.000755 0.032825 0.419842 0.422874 0.012481 0.067292 0.000010 0.024741 0.019179
0.011974 0.000010 0.361604 0.440462 0.028275 0.068071 0.012104 0.006378 0.071121
0.000372 0.000010 0.281429 0.147128 0.232825 0.055929 0.254055 0.004908 0.023343
0.000010 0.000010 0.319712 0.119391 0.243249 0.062465 0.246657 0.000010 0.008494
0.008128 0.000010 0.097036 0.734521 0.000010 0.042451 0.000010 0.057170 0.060664
0.050035 0.036842 0.075967 0.494832 0.000010 0.144064 0.000010 0.069566 0.128674
0.044247 0.000010 0.063210 0.790142 0.000010 0.012417 0.000010 0.036815 0.053139
0.018726 0.002005 0.472247 0.375491 0.000010 0.034682 0.019551 0.033038 0.044250
0.027109 0.003582 0.294408 0.467628 0.022705 0.045264 0.000010 0.039597 0.099697
0.003998 0.009679 0.364163 0.486283 0.000010 0.039248 0.000010 0.031641 0.064968
0.043115 0.000010 0.357944 0.418245 0.036297 0.022593 0.017706 0.034507 0.069582
0.034372 0.018407 0.277588 0.174883 0.226300 0.022032 0.203592 0.000010 0.042816
0.000010 0.000010 0.350341 0.117606 0.209159 0.070523 0.225148 0.000010 0.027193
0.034062 0.000010 0.301091 0.125540 0.239049 0.025844 0.248853 0.009071 0.016479
0.000010 0.000010 0.073287 0.000010 0.385874 0.000010 0.540779 0.000010 0.000010
0.000010 0.000010 0.000010 0.000010 0.999920 0.000010 0.000010 0.000010 0.000010
0.006820 0.000010 0.002665 0.000012 0.856457 0.000010 0.134005 0.000010 0.000010
0.000010 0.000010 0.000010 0.000010 0.999920 0.000010 0.000010 0.000010 0.000010
0.000010 0.009461 0.063334 0.010461 0.286559 0.042898 0.561871 0.024162 0.001243
0.020249 0.000010 0.068548 0.000010 0.358746 0.042552 0.509865 0.000010 0.000010
0.001392 0.000010 0.114659 0.726045 0.000010 0.053316 0.000010 0.023066 0.081493
0.002569 0.000010 0.048190 0.916700 0.000010 0.000010 0.019325 0.013176 0.000010
0.041620 0.000010 0.128122 0.737666 0.000010 0.030079 0.000010 0.021016 0.041467
0.066434 0.000010 0.142845 0.565119 0.025830 0.037855 0.000010 0.061918 0.099979
0.000010 0.000010 0.352577 0.095075 0.235055 0.028161 0.247951 0.000010 0.041151
0.000010 0.000010 0.215885 0.042588 0.365885 0.019427 0.356176 0.000010 0.000010
0.000010 0.000010 0.067719 0.000010 0.359138 0.000010 0.573082 0.000010 0.000010
0.000010 0.000010 0.064995 0.000010 0.406460 0.000010 0.528485 0.000010 0.000010
0.000010 0.000010 0.000010 0.000010 0.961306 0.000010 0.038624 0.000010 0.000010
0.000010 0.000010 0.000010 0.000010 0.999920 0.000010 0.000010 0.000010 0.000010
0.011045 0.000010 0.111044 0.000010 0.344658 0.013743 0.510122 0.000010 0.009358
0.004342 0.008835 0.082308 0.000019 0.336194 0.025316 0.525294 0.000010 0.017683
0.028378 0.000010 0.123656 0.712067 0.000010 0.007110 0.000010 0.047420 0.081340
0.035964 0.014860 0.059790 0.847847 0.000010 0.000010 0.000010 0.000010 0.041501
0.015741 0.042686 0.150453 0.600179 0.013532 0.060393 0.000010 0.031226 0.085779
0.010745 0.028054 0.076080 0.768200 0.000010 0.020840 0.000469 0.035693 0.059909
0.088281 0.024850 0.073395 0.226546 0.000010 0.295934 0.000010 0.099209 0.191765
0.018707 0.020272 0.025587 0.828897 0.004359 0.029224 0.009068 0.022428 0.041458
0.000010 0.003359 0.623343 0.316472 0.000010 0.000010 0.000010 0.009030 0.047756
0.023953 0.016193 0.494591 0.375163 0.000010 0.024271 0.000010 0.043360 0.022449
0.000010 0.000010 0.379534 0.450044 0.004522 0.075819 0.000010 0.022251 0.067800
0.008792 0.001667 0.253322 0.130121 0.260242 0.048887 0.241912 0.000010 0.055046
0.024060 0.000010 0.324053 0.134664 0.235250 0.018157 0.246377 0.000010 0.017420
0.000010 0.000010 0.061551 0.000010 0.350795 0.000010 0.587594 0.000010 0.000010
0.000010 0.000010 0.075458 0.000010 0.342998 0.000010 0.581484 0.000010 0.000010
0.000010 0.000010 0.000010 0.000010 0.999920 0.000010 0.000010 0.000010 0.000010
0.000010 0.000010 0.000010 0.000010 0.885916 0.000010 0.102842 0.011182 0.000010
0.000010 0.000010 0.105844 0.000010 0.341169 0.037593 0.505541 0.005661 0.004162
0.005219 0.017566 0.144211 0.689149 0.000010 0.025684 0.000010 0.030458 0.087693
0.009052 0.000010 0.075970 0.875249 0.000010 0.014755 0.007957 0.000010 0.016987
0.000010 0.017513 0.056168 0.904281 0.010492 0.000010 0.011507 0.000010 0.000010
0.015774 0.000010 0.163119 0.575268 0.004883 0.078494 0.000010 0.077975 0.084466
0.011426 0.000010 0.078574 0.771602 0.007077 0.050736 0.000010 0.043714 0.036850
0.070991 0.000010 0.058007 0.419182 0.000010 0.196325 0.000018 0.099964 0.155492
0.007537 0.013608 0.054452 0.789500 0.006397 0.009629 0.000010 0.045614 0.073253
0.021503 0.000010 0.507343 0.400468 0.001615 0.005818 0.000010 0.029556 0.033678
0.000010 0.000010 0.601790 0.315691 0.000010 0.000131 0.000010 0.057402 0.024947
0.018184 0.000010 0.386364 0.457398 0.003383 0.037735 0.000010 0.022528 0.074389
0.029806 0.000010 0.396652 0.161596 0.180868 0.033449 0.189363 0.007592 0.000664
0.018112 0.000616 0.329886 0.100672 0.242169 0.014581 0.281505 0.012449 0.000010
0.000010 0.000010 0.039477 0.000010 0.342281 0.000010 0.618182 0.000010 0.000010
0.000010 0.000010 0.058880 0.000010 0.412486 0.000010 0.528574 0.000010 0.000010
0.000010 0.000010 0.000010 0.000010 0.999920 0.000010 0.000010 0.000010 0.000010
0.000010 0.000010 0.000010 0.000010 0.999920 0.000010 0.000010 0.000010 0.000010
0.000010 0.000010 0.074694 0.008450 0.336388 0.042826 0.535122 0.002489 0.000010
0.005181 0.000010 0.105148 0.000010 0.353617 0.031240 0.484599 0.000010 0.020186
0.022867 0.002453 0.126300 0.656819 0.000010 0.012674 0.000010 0.062560 0.116307
0.000010 0.000010 0.056099 0.900558 0.000010 0.000010 0.021010 0.003463 0.018830
0.002443 0.000010 0.038267 0.915505 0.000012 0.000010 0.013878 0.013892 0.015983
0.027902 0.026479 0.168036 0.555883 0.005407 0.045499 0.000010 0.068250 0.102534
0.015397 0.017305 0.118652 0.719630 0.000010 0.061953 0.000010 0.031361 0.035682
0.065488 0.001707 0.072612 0.429936 0.000010 0.183863 0.000010 0.084381 0.161992
0.032094 0.005723 0.065177 0.784618 0.000016 0.002636 0.000010 0.051732 0.057994
0.000010 0.001080 0.784732 0.198412 0.000010 0.003387 0.000010 0.000010 0.012349
0.004604 0.005881 0.350020 0.436334 0.034129 0.082984 0.000010 0.016297 0.069740
0.026901 0.000010 0.305761 0.453135 0.058530 0.021090 0.044719 0.018837 0.071016
0.016620 0.005407 0.233304 0.138141 0.274986 0.008038 0.279945 0.005892 0.037668
0.027092 0.016905 0.307708 0.119656 0.252222 0.001239 0.275160 0.000010 0.000010
0.000010 0.000010 0.066234 0.000010 0.385483 0.000010 0.548223 0.000010 0.000010
0.000010 0.000010 0.054716 0.000010 0.417962 0.000010 0.527261 0.000010 0.000010
0.000010 0.000010 0.000010 0.000010 0.999920 0.000010 0.000010 0.000010 0.000010
0.000010 0.000010 0.000010 0.000010 0.999920 0.000010 0.000010 0.000010 0.000010
0.000010 0.000010 0.000010 0.000010 0.999920 0.000010 0.000010 0.000010 0.000010
0.013189 0.010452 0.081914 0.000010 0.345684 0.030043 0.496234 0.004648 0.017825
0.000010 0.000416 0.092363 0.000010 0.368005 0.019111 0.520064 0.000010 0.000010
0.009705 0.000010 0.156957 0.671194 0.000010 0.054886 0.000010 0.042044 0.065184
0.000010 0.026777 0.073553 0.781317 0.004699 0.029945 0.020213 0.011346 0.052140
0.000010 0.000010 0.033977 0.928599 0.004298 0.000010 0.021310 0.011776 0.000010
0.008966 0.007649 0.205504 0.534453 0.008313 0.072158 0.000010 0.058141 0.104806
0.035229 0.000010 0.105607 0.687161 0.000010 0.067656 0.000010 0.033518 0.070799
0.008149 0.038371 0.065307 0.783678 0.000010 0.015356 0.005300 0.054804 0.029025
0.038714 0.003146 0.431700 0.406644 0.000010 0.058061 0.000010 0.025709 0.036005
0.029966 0.000010 0.499589 0.353033 0.004105 0.034722 0.007119 0.037293 0.034162
0.005731 0.000010 0.320456 0.485516 0.020924 0.060664 0.013052 0.020849 0.072798
0.020609 0.009203 0.641234 0.294102 0.000010 0.004193 0.000010 0.013409 0.017230
0.000010 0.000010 0.000010 0.933787 0.000010 0.000010 0.066143 0.000010 0.000010
0.000010 0.009144 0.346287 0.112249 0.233985 0.000010 0.244469 0.006886 0.046959
0.000010 0.000010 0.051934 0.000010 0.352261 0.000010 0.595746 0.000010 0.000010
0.000010 0.000010 0.029352 0.000010 0.736708 0.000010 0.222180 0.005225 0.006494
0.000010 0.000010 0.000010 0.000010 0.999920 0.000010 0.000010 0.000010 0.000010
0.011481 0.000010 0.068476 0.000010 0.341286 0.048069 0.502389 0.028269 0.000010
0.008714 0.000881 0.090566 0.000010 0.341918 0.025586 0.532305 0.000010 0.000010
0.011305 0.012270 0.099803 0.794562 0.000010 0.058548 0.000010 0.023481 0.000010
0.009335 0.015268 0.103157 0.826287 0.000010 0.000010 0.000010 0.009337 0.036586
0.027779 0.000134 0.092597 0.805159 0.000010 0.000010 0.000010 0.007553 0.066748
0.012279 0.008360 0.075637 0.775584 0.000010 0.014004 0.000010 0.068258 0.045859
0.028668 0.017011 0.052416 0.452772 0.000010 0.209836 0.000010 0.076483 0.162794
0.024866 0.027016 0.061833 0.783852 0.000010 0.010651 0.000010 0.029308 0.062454
0.000010 0.000010 0.697131 0.231514 0.000010 0.005910 0.000010 0.021166 0.044239
0.000010 0.000010 0.490040 0.395758 0.012084 0.042185 0.000010 0.027520 0.032383
0.048669 0.016313 0.581395 0.214334 0.052822 0.011330 0.031286 0.000010 0.043841
0.000010 0.018031 0.517573 0.410362 0.000010 0.017625 0.000010 0.008311 0.028068
0.030141 0.005220 0.267670 0.089822 0.297202 0.015094 0.273528 0.000010 0.021312
0.000010 0.000010 0.000010 0.944828 0.000010 0.000010 0.055102 0.000010 0.000010
0.000010 0.000010 0.061316 0.000010 0.404041 0.000010 0.534583 0.000010 0.000010
0.000010 0.000010 0.000010 0.000010 0.999920 0.000010 0.000010 0.000010 0.000010
0.000010 0.000010 0.077155 0.000010 0.384308 0.000010 0.538477 0.000010 0.000010
0.000010 0.000010 0.065445 0.000010 0.370278 0.000010 0.564217 0.000010 0.000010
0.004807 0.037274 0.035929 0.803203 0.007751 0.016375 0.000010 0.011886 0.082766
0.023281 0.000010 0.495569 0.354771 0.000010 0.064994 0.000010 0.015207 0.046147
0.030119 0.040828 0.054428 0.446295 0.000010 0.195533 0.000010 0.095284 0.137492
0.023308 0.000010 0.046681 0.808286 0.003432 0.009985 0.000010 0.029202 0.079086
0.000010 0.000010 0.574082 0.338339 0.002667 0.033481 0.008763 0.000010 0.042638
0.050594 0.000010 0.325707 0.481212 0.010936 0.052648 0.000010 0.025281 0.053602
0.015558 0.000010 0.335512 0.324915 0.119007 0.022247 0.094645 0.026887 0.061220
0.000010 0.002137 0.260086 0.147839 0.247208 0.043530 0.256878 0.012986 0.029327
0.000010 0.000010 0.000010 0.942553 0.000010 0.000010 0.057377 0.000010 0.000010
0.000010 0.000010 0.000010 0.000010 0.991679 0.000010 0.004122 0.004139 0.000010
0.000010 0.000010 0.094816 0.000010 0.320980 0.065099 0.511293 0.000010 0.007772
0.000010 0.000010 0.090044 0.000010 0.339430 0.019717 0.529771 0.000010 0.020998
0.000010 0.000010 0.107921 0.000010 0.344481 0.038766 0.508782 0.000010 0.000010
0.000010 0.010321 0.057003 0.879127 0.009175 0.000010 0.009346 0.013470 0.021538
0.007599 0.000010 0.092325 0.821252 0.000010 0.006970 0.000010 0.015228 0.056595
0.020723 0.015595 0.086227 0.708054 0.000010 0.044278 0.000010 0.050301 0.074801
0.016131 0.000010 0.038446 0.789203 0.004569 0.035628 0.000272 0.057392 0.058349
0.034684 0.008157 0.064517 0.447380 0.000010 0.229708 0.000010 0.096092 0.119441
0.000010 0.000010 0.768250 0.176579 0.000010 0.027247 0.000010 0.013304 0.014581
0.009840 0.010098 0.458966 0.381415 0.026067 0.049057 0.000010 0.022594 0.041954
0.026633 0.000010 0.310076 0.463665 0.025640 0.080838 0.016723 0.028646 0.047769
0.000010 0.000010 0.392246 0.466863 0.009988 0.064048 0.000010 0.026788 0.040037
0.018549 0.039379 0.318333 0.467665 0.002446 0.021341 0.008860 0.051134 0.072293
0.000010 0.000010 0.000010 0.938691 0.000010 0.000010 0.061239 0.000010 0.000010
0.033857 0.007275 0.082740 0.493810 0.000010 0.164972 0.000010 0.079400 0.137924
0.030821 0.000010 0.064914 0.772483 0.000010 0.035875 0.003003 0.024004 0.068881
0.011022 0.024474 0.572017 0.323514 0.005471 0.000010 0.000010 0.019884 0.043599
0.016187 0.000010 0.475770 0.376560 0.017290 0.030078 0.000010 0.022031 0.062064
0.014628 0.023066 0.571572 0.195325 0.066819 0.068598 0.031151 0.028831 0.000010
0.026606 0.000010 0.405360 0.428197 0.000010 0.045721 0.000010 0.035060 0.059027
0.021826 0.031907 0.240866 0.148933 0.295971 0.019845 0.240632 0.000010 0.000010
0.000010 0.000010 0.000010 0.955563 0.000010 0.000010 0.044367 0.000010 0.000010
0.000010 0.000010 0.000010 0.949660 0.000010 0.000010 0.050270 0.000010 0.000010
0.029329 0.000010 0.000010 0.813279 0.000010 0.044127 0.055772 0.009397 0.048066
0.015912 0.000010 0.039750 0.871130 0.000010 0.041504 0.000010 0.031664 0.000010
0.052245 0.000010 0.164823 0.410832 0.030087 0.131084 0.025857 0.034536 0.150526
0.000010 0.000010 0.945913 0.000010 0.025270 0.000010 0.022512 0.006254 0.000010
0.000010 0.000010 0.872859 0.005199 0.063651 0.000010 0.058241 0.000010 0.000010
0.017676 0.000010 0.292498 0.661528 0.000010 0.028248 0.000010 0.000010 0.000010
0.000010 0.000010 0.270186 0.663262 0.000010 0.014004 0.000010 0.007649 0.044859
0.007685 0.008963 0.263404 0.669990 0.000010 0.011536 0.000010 0.008683 0.029720
0.016361 0.003179 0.038365 0.843215 0.001491 0.010234 0.060125 0.013345 0.013685
0.011485 0.000010 0.000010 0.932391 0.010944 0.000010 0.045130 0.000010 0.000010
0.013954 0.000010 0.062794 0.845960 0.000888 0.021821 0.001614 0.019060 0.033900
0.055140 0.046240 0.145616 0.391779 0.028691 0.150875 0.039546 0.045687 0.096427
0.000010 0.000010 0.919035 0.000010 0.056765 0.000010 0.024140 0.000010 0.000010
0.000010 0.000010 0.963377 0.036553 0.000010 0.000010 0.000010 0.000010 0.000010
0.000010 0.011144 0.257979 0.635010 0.000010 0.049229 0.000010 0.033685 0.012923
0.000010 0.003559 0.279807 0.626229 0.000010 0.008843 0.000010 0.016283 0.065249
0.000010 0.000010 0.000010 0.782425 0.014575 0.000010 0.202940 0.000010 0.000010
0.000010 0.000010 0.512781 0.398332 0.005399 0.031778 0.000010 0.036462 0.015218
0.000010 0.000010 0.000010 0.940124 0.000010 0.000010 0.059806 0.000010 0.000010
0.033212 0.035618 0.095486 0.478180 0.000010 0.147159 0.000010 0.071686 0.138640
0.094545 0.023660 0.147609 0.343363 0.025030 0.184213 0.000010 0.060051 0.121519
0.006075 0.005271 0.870990 0.000010 0.069838 0.000010 0.047787 0.000010 0.000010
0.000010 0.000010 0.983792 0.000010 0.016138 0.000010 0.000010 0.000010 0.000010
0.013945 0.025104 0.279352 0.644286 0.000010 0.010978 0.000010 0.021094 0.005221
0.021104 0.000010 0.266905 0.651777 0.000010 0.014814 0.000010 0.010140 0.035230
0.000010 0.000010 0.286186 0.655081 0.000010 0.000010 0.000010 0.015879 0.042803
0.000010 0.000010 0.000010 0.845684 0.026802 0.000010 0.127195 0.000010 0.000269
0.000010 0.000010 0.000010 0.942137 0.000010 0.000010 0.057793 0.000010 0.000010
0.006533 0.017229 0.000010 0.801435 0.002849 0.035799 0.034637 0.031042 0.070467
0.042144 0.041016 0.086335 0.476758 0.000010 0.128468 0.000010 0.078962 0.146297
0.054236 0.027800 0.193918 0.391500 0.032173 0.134737 0.045325 0.062013 0.058298
0.000010 0.000010 0.704774 0.000010 0.164317 0.000010 0.130848 0.000010 0.000010
0.002701 0.000010 0.937862 0.000010 0.037171 0.000010 0.017310 0.004916 0.000010
0.010378 0.000010 0.293762 0.636037 0.000010 0.016170 0.000010 0.000010 0.043613
0.026306 0.000010 0.287799 0.621485 0.000010 0.004774 0.000010 0.020588 0.039017
0.013555 0.014622 0.279610 0.650267 0.000010 0.017394 0.000010 0.000010 0.024523
0.000010 0.000010 0.000010 0.759628 0.020401 0.000010 0.219912 0.000010 0.000010
0.000010 0.000010 0.105506 0.000010 0.360922 0.044535 0.488986 0.000010 0.000010
0.017656 0.000010 0.072865 0.001359 0.337402 0.049446 0.521242 0.000010 0.000010
0.008194 0.000714 0.137472 0.669174 0.000010 0.066574 0.000010 0.037808 0.080043
0.000010 0.000010 0.041275 0.927082 0.001376 0.000010 0.030217 0.000010 0.000010
0.031503 0.021888 0.173515 0.571493 0.009189 0.036903 0.000010 0.057876 0.097623
0.000010 0.000010 0.000010 0.951343 0.007800 0.000010 0.040798 0.000010 0.000010
0.000010 0.000010 0.043207 0.910768 0.009039 0.020825 0.000010 0.000010 0.016120
0.066379 0.019426 0.077799 0.508966 0.000010 0.150728 0.000010 0.061176 0.115505
0.064699 0.021702 0.160026 0.440960 0.041507 0.081894 0.015069 0.068603 0.105542
0.000010 0.000010 0.866069 0.000010 0.080398 0.000010 0.053473 0.000010 0.000010
0.000010 0.004247 0.967910 0.000010 0.016596 0.000010 0.011196 0.000010 0.000010
0.000871 0.000010 0.264062 0.652350 0.000010 0.022177 0.003921 0.012933 0.043665
0.052589 0.000010 0.273258 0.646980 0.000010 0.000010 0.000010 0.000637 0.026496
0.007892 0.010155 0.259292 0.647988 0.000010 0.016237 0.004651 0.010249 0.043526
0.000010 0.011501 0.010257 0.836286 0.000010 0.013915 0.128001 0.000010 0.000010
0.001291 0.000010 0.072570 0.858063 0.000010 0.036958 0.000561 0.011867 0.018671
0.047749 0.044194 0.048721 0.422711 0.000010 0.185078 0.000179 0.108988 0.142371
0.000010 0.000010 0.946572 0.000010 0.027014 0.000010 0.026354 0.000010 0.000010
0.001404 0.008366 0.953410 0.000010 0.020408 0.000010 0.016077 0.000304 0.000010
0.000010 0.000010 0.791408 0.000010 0.117996 0.000010 0.090536 0.000010 0.000010
0.021888 0.008478 0.292813 0.653950 0.000010 0.003514 0.000010 0.005996 0.013341
0.024023 0.015505 0.000668 0.812955 0.000010 0.046198 0.035304 0.022106 0.043231
0.000010 0.021570 0.044690 0.828726 0.000010 0.023653 0.000010 0.019802 0.061528
0.068203 0.019873 0.088188 0.410441 0.000010 0.153412 0.000010 0.109212 0.150652
0.049440 0.000010 0.187280 0.404209 0.019961 0.143824 0.015413 0.060899 0.118963
0.000010 0.000010 0.949617 0.000010 0.022969 0.000010 0.027354 0.000010 0.000010
0.000010 0.000010 0.976874 0.000010 0.023056 0.000010 0.000010 0.000010 0.000010
0.000010 0.011717 0.271166 0.653633 0.000010 0.008171 0.000010 0.022581 0.032703
0.007790 0.000010 0.289624 0.658090 0.000010 0.013307 0.000010 0.004888 0.026271
0.012791 0.013228 0.299861 0.642072 0.000010 0.001613 0.000010 0.000010 0.030405
0.000010 0.000010 0.000010 0.804421 0.010377 0.000010 0.185142 0.000010 0.000010
0.020653 0.002281 0.000010 0.863085 0.000010 0.000010 0.059553 0.009557 0.044842
0.003371 0.000010 0.067461 0.860866 0.000010 0.028948 0.000010 0.000010 0.039314
0.044727 0.032208 0.088905 0.419634 0.000010 0.131929 0.000010 0.087564 0.195013
0.028118 0.001520 0.176296 0.415273 0.056957 0.134061 0.023448 0.037509 0.126818
0.000010 0.000010 0.930793 0.001473 0.036017 0.000010 0.031666 0.000010 0.000010
0.010552 0.000010 0.920593 0.000010 0.044262 0.000010 0.024543 0.000010 0.000010
0.011611 0.029820 0.259407 0.642433 0.000010 0.016436 0.000010 0.017982 0.022291
0.036924 0.029227 0.268090 0.658727 0.000010 0.000010 0.000010 0.005404 0.001597
0.024781 0.017560 0.295526 0.627966 0.000010 0.016417 0.000010 0.004621 0.013109
0.026027 0.032408 0.000010 0.853247 0.000010 0.000010 0.057706 0.015718 0.014864
0.000010 0.000493 0.058171 0.857321 0.000010 0.047528 0.000279 0.014406 0.021781
0.045038 0.036703 0.165957 0.379099 0.046715 0.173920 0.015297 0.042559 0.094711
0.000010 0.000010 0.955798 0.000010 0.023945 0.000010 0.020197 0.000010 0.000010
0.000010 0.000010 0.935262 0.000010 0.032499 0.000010 0.029265 0.002923 0.000010
0.001455 0.027703 0.305470 0.627506 0.000010 0.020642 0.000010 0.007978 0.009226
0.027357 0.006455 0.000010 0.831126 0.000010 0.000010 0.049539 0.027619 0.057873
0.000010 0.000010 0.061271 0.867508 0.000010 0.044563 0.001836 0.018995 0.005797
0.069238 0.045376 0.142731 0.420223 0.024244 0.126069 0.025776 0.038433 0.107911
0.000010 0.000010 0.953744 0.000010 0.035895 0.000010 0.010301 0.000010 0.000010
0.000010 0.000010 0.908222 0.000010 0.046337 0.000010 0.045381 0.000010 0.000010
0.035209 0.007187 0.276609 0.660339 0.000010 0.000010 0.000010 0.013633 0.006994
0.001922 0.000010 0.309187 0.639534 0.000010 0.030072 0.000010 0.003630 0.015625
0.000010 0.000010 0.000010 0.784217 0.021135 0.000010 0.194589 0.000010 0.000010
0.000010 0.000010 0.000010 0.787960 0.008880 0.000010 0.203100 0.000010 0.000010
0.037899 0.000010 0.248680 0.512025 0.036856 0.027528 0.004416 0.034722 0.097864
0.031944 0.000010 0.351359 0.442402 0.016159 0.042465 0.003385 0.060453 0.051823
0.020572 0.035229 0.283363 0.089821 0.274953 0.000010 0.260437 0.000010 0.035606
0.029362 0.000010 0.000010 0.854278 0.001153 0.014040 0.052541 0.016224 0.032381
0.021995 0.018375 0.069798 0.879662 0.002696 0.007443 0.000010 0.000010 0.000010
0.034321 0.014189 0.052440 0.443059 0.000010 0.217719 0.000010 0.083700 0.154552
0.000010 0.000010 0.938848 0.000010 0.010802 0.000010 0.048524 0.000010 0.001776
0.000010 0.000010 0.881936 0.000010 0.059318 0.000010 0.058686 0.000010 0.000010
0.024243 0.016537 0.282898 0.631363 0.000010 0.000010 0.000010 0.000010 0.044919
0.000010 0.000010 0.288669 0.638351 0.000010 0.003111 0.000010 0.019762 0.050066
0.000010 0.000010 0.000010 0.774516 0.023883 0.000010 0.201541 0.000010 0.000010
0.000997 0.005337 0.115269 0.000010 0.342363 0.025094 0.509789 0.000010 0.001130
0.002291 0.016527 0.039377 0.912560 0.000010 0.017425 0.000010 0.000010 0.011790
0.015398 0.000010 0.000010 0.825495 0.016100 0.000010 0.142957 0.000010 0.000010
0.022463 0.011786 0.272803 0.633478 0.000010 0.017891 0.000010 0.018326 0.023234
0.000010 0.000010 0.959714 0.000010 0.012574 0.000010 0.027653 0.000010 0.000010
0.017718 0.004240 0.297726 0.643082 0.000010 0.005788 0.000010 0.000859 0.030566
0.059342 0.014450 0.169203 0.436698 0.027358 0.155068 0.013597 0.027405 0.096880
0.058558 0.049948 0.060621 0.462381 0.000010 0.191474 0.000010 0.064052 0.112947
0.032682 0.001454 0.000010 0.770610 0.003287 0.039902 0.057218 0.011369 0.083469
0.000010 0.000010 0.685205 0.000010 0.177729 0.000010 0.137007 0.000010 0.000010
0.014176 0.043283 0.113434 0.726320 0.000010 0.042593 0.000010 0.008284 0.051890
0.000010 0.000010 0.006806 0.020263 0.183813 0.000010 0.712948 0.076129 0.000010
0.000012 0.023074 0.016210 0.009765 0.165456 0.000010 0.746740 0.038723 0.000010
0.003873 0.026643 0.000010 0.029664 0.117661 0.000197 0.773570 0.048373 0.000010
0.000014 0.006641 0.000010 0.016699 0.104947 0.000010 0.793982 0.071369 0.006327
0.038357 0.017702 0.022531 0.275096 0.000010 0.145684 0.000010 0.212398 0.288212
0.069594 0.000010 0.064081 0.265469 0.000010 0.186310 0.000010 0.182921 0.231595
0.056822 0.010174 0.044409 0.262160 0.000010 0.137394 0.000010 0.201859 0.287162
0.069906 0.010750 0.043767 0.273652 0.000010 0.110370 0.000010 0.228105 0.263430
0.000010 0.008349 0.024608 0.051168 0.170857 0.017848 0.690646 0.036503 0.000010
0.000011 0.000019 0.056256 0.000010 0.286505 0.000010 0.650944 0.006235 0.000010
0.000010 0.000010 0.048073 0.000010 0.249633 0.000010 0.679769 0.022474 0.000010
0.000012 0.000010 0.043630 0.000010 0.266449 0.024750 0.659664 0.005466 0.000010
0.000010 0.000010 0.059922 0.000011 0.268191 0.000010 0.664693 0.007142 0.000010
0.000010 0.000010 0.041039 0.000010 0.262238 0.000010 0.661093 0.020451 0.015139
0.000012 0.000812 0.011274 0.022984 0.170440 0.000010 0.746618 0.033094 0.014756
0.000010 0.000010 0.052079 0.000011 0.286574 0.000019 0.636157 0.025131 0.000010
0.000010 0.023222 0.072804 0.031701 0.165302 0.057070 0.468483 0.099639 0.081770
0.000126 0.000010 0.000010 0.133767 0.000010 0.000010 0.756780 0.109277 0.000010
0.000010 0.000010 0.001608 0.014864 0.099592 0.000010 0.786643 0.079525 0.017737
0.000010 0.016329 0.000010 0.018034 0.080424 0.000010 0.802286 0.082886 0.000010
0.010731 0.000010 0.000010 0.022080 0.078143 0.000010 0.810717 0.078289 0.000010
0.000573 0.039501 0.000010 0.024769 0.083363 0.000010 0.794331 0.057433 0.000010
0.017951 0.000010 0.000010 0.040254 0.049529 0.000010 0.816943 0.075283 0.000010
0.000010 0.013804 0.006116 0.012049 0.170848 0.012220 0.741001 0.043942 0.000010
0.016429 0.007274 0.000010 0.031637 0.073276 0.000010 0.806131 0.065222 0.000010
0.005548 0.007407 0.000010 0.008008 0.096364 0.008396 0.781866 0.086237 0.006164
0.007509 0.002741 0.000010 0.000010 0.084020 0.022564 0.786872 0.096264 0.000010
0.018778 0.000010 0.000010 0.043385 0.103852 0.000010 0.770956 0.061475 0.001525
0.028260 0.000010 0.021604 0.000010 0.148900 0.000010 0.775415 0.025781 0.000010
0.017034 0.014760 0.018246 0.018575 0.188889 0.000010 0.734184 0.008293 0.000010
0.000010 0.019049 0.000010 0.000010 0.117079 0.000010 0.808156 0.031460 0.024216
0.005967 0.001094 0.000010 0.040554 0.150067 0.000010 0.766598 0.035690 0.000010
0.019642 0.000010 0.017703 0.021570 0.134909 0.016686 0.764651 0.024819 0.000010
0.008836 0.016562 0.007085 0.003289 0.119250 0.000010 0.809329 0.012177 0.023462
0.000010 0.010065 0.021476 0.010715 0.134711 0.000010 0.789250 0.007680 0.026081
0.016090 0.000014 0.024666 0.000010 0.136248 0.000010 0.794230 0.028721 0.000010
0.001226 0.017614 0.023410 0.002400 0.146477 0.002006 0.778770 0.022107 0.005989
0.008867 0.006634 0.000010 0.004712 0.187386 0.000010 0.730976 0.052149 0.009256
0.004266 0.000011 0.004055 0.015896 0.183255 0.000010 0.728603 0.046214 0.017690
0.005481 0.000010 0.000010 0.036072 0.122996 0.000010 0.759763 0.075648 0.000010
0.009174 0.000010 0.000010 0.039980 0.074396 0.000010 0.827720 0.048690 0.000010
0.008484 0.000010 0.000010 0.023354 0.074570 0.000010 0.825159 0.057099 0.011305
0.010414 0.019698 0.000010 0.000010 0.046199 0.000010 0.881338 0.042311 0.000010
0.026865 0.000749 0.000010 0.000010 0.010268 0.000010 0.919289 0.042789 0.000010
0.017679 0.002252 0.000010 0.020386 0.010763 0.000010 0.928763 0.020127 0.000010
0.015669 0.000010 0.000010 0.000010 0.014198 0.000010 0.936593 0.016500 0.017001
0.000010 0.000010 0.000010 0.035536 0.153489 0.023632 0.733958 0.051763 0.001593
0.000010 0.018939 0.000010 0.013761 0.128742 0.023423 0.757573 0.057532 0.000010
0.000010 0.009169 0.000010 0.023592 0.170875 0.010752 0.713109 0.072474 0.000010
0.011134 0.000010 0.009936 0.012763 0.138342 0.000010 0.787581 0.023619 0.016605
0.000011 0.000010 0.006356 0.000437 0.185395 0.000010 0.733495 0.074275 0.000010
0.000010 0.000010 0.000010 0.022802 0.051640 0.000010 0.849046 0.067957 0.008515
0.011538 0.000712 0.004047 0.005964 0.146121 0.022413 0.773833 0.034442 0.000929
0.000010 0.000010 0.033685 0.012628 0.170367 0.000010 0.741657 0.041623 0.000010
0.000010 0.004316 0.000010 0.021793 0.152962 0.000010 0.764331 0.036000 0.020569
0.006629 0.006598 0.000010 0.019974 0.096971 0.001989 0.831317 0.016106 0.020406
0.009806 0.010550 0.000020 0.003387 0.134676 0.000010 0.813077 0.028463 0.000010
0.009791 0.002730 0.002812 0.053836 0.126358 0.000010 0.784084 0.004965 0.015414
0.027512 0.000010 0.023813 0.000010 0.183136 0.000010 0.729995 0.035505 0.000010
0.011376 0.002760 0.000010 0.031910 0.107822 0.002645 0.775568 0.067898 0.000010
0.000010 0.000010 0.000010 0.008768 0.165550 0.011777 0.733964 0.069851 0.010059
0.003862 0.000010 0.000010 0.032761 0.204010 0.024164 0.685522 0.042955 0.006707
0.000010 0.014177 0.000010 0.000424 0.107739 0.001971 0.796543 0.063518 0.015609
0.010954 0.008512 0.000010 0.000010 0.077136 0.005468 0.803763 0.094136 0.000010
0.004273 0.003504 0.003966 0.011329 0.198898 0.027457 0.711257 0.039305 0.000010
0.000010 0.002238 0.000010 0.046878 0.070199 0.000010 0.813507 0.067138 0.000010
0.020213 0.000010 0.000010 0.031577 0.157197 0.000010 0.751702 0.039271 0.000010
0.000010 0.012693 0.007152 0.000010 0.162828 0.000010 0.744989 0.048730 0.023577
0.000010 0.000010 0.000010 0.005776 0.053784 0.013039 0.861570 0.059378 0.006424
0.000010 0.001390 0.000010 0.028515 0.076561 0.002936 0.785079 0.086885 0.018614
0.003783 0.012166 0.000010 0.033434 0.080005 0.000010 0.800116 0.070465 0.000010
0.010746 0.015508 0.000010 0.024518 0.093520 0.000010 0.800580 0.055098 0.000010
0.000010 0.017948 0.000010 0.018433 0.114673 0.000010 0.775773 0.064009 0.009134
0.000010 0.056787 0.001390 0.096331 0.073657 0.075572 0.419664 0.168539 0.108050
0.000010 0.000010 0.021464 0.000010 0.236446 0.014829 0.672324 0.028728 0.026178
0.000010 0.004607 0.027838 0.000010 0.238121 0.000010 0.689577 0.036233 0.003593
0.004523 0.006734 0.036450 0.000010 0.245111 0.000010 0.671690 0.035462 0.000010
0.000396 0.000010 0.046658 0.000010 0.234468 0.006131 0.691084 0.021232 0.000010
0.001043 0.000010 0.032492 0.000010 0.215119 0.003563 0.688868 0.030926 0.027970
0.003135 0.015044 0.031811 0.000010 0.248604 0.000010 0.681816 0.017780 0.001791
0.002178 0.000010 0.050435 0.007098 0.245472 0.000010 0.682529 0.012258 0.000010
0.000010 0.000010 0.042224 0.017559 0.262180 0.000010 0.677986 0.000010 0.000010
0.006132 0.010342 0.023728 0.006388 0.190431 0.000010 0.726062 0.030430 0.006476
0.003748 0.000019 0.000010 0.025597 0.139196 0.012800 0.753052 0.065568 0.000010
0.000010 0.000178 0.030470 0.002972 0.188452 0.005261 0.719117 0.041025 0.012515
0.000011 0.005316 0.029341 0.030816 0.170465 0.001048 0.719360 0.043634 0.000010
0.000772 0.019418 0.022567 0.017611 0.180709 0.000010 0.713110 0.045794 0.000010
0.017030 0.000010 0.018741 0.005118 0.176789 0.000599 0.729347 0.046712 0.005654
0.001016 0.000010 0.048098 0.005131 0.238895 0.000010 0.697081 0.009748 0.000010
0.001633 0.013691 0.001291 0.000010 0.183401 0.000010 0.724016 0.043674 0.032273
0.000010 0.000010 0.018458 0.048980 0.198265 0.000412 0.704165 0.029689 0.000010
0.000562 0.003150 0.000010 0.025586 0.092398 0.002543 0.767510 0.088198 0.020042
0.000010 0.014274 0.008644 0.008771 0.149287 0.000010 0.749206 0.054505 0.015292
0.000010 0.000010 0.008865 0.011930 0.192574 0.000010 0.702026 0.062432 0.022143
0.027790 0.008742 0.007106 0.006792 0.206018 0.003123 0.719796 0.020623 0.000010
0.000010 0.004281 0.000010 0.011981 0.125027 0.003403 0.762938 0.072658 0.019692
0.075127 0.019731 0.054570 0.166067 0.000010 0.122421 0.015054 0.281714 0.265306
0.011353 0.070779 0.010054 0.088840 0.005511 0.216575 0.074655 0.294716 0.227517
0.033310 0.031298 0.000010 0.189669 0.000010 0.198140 0.082030 0.273700 0.191834
0.027377 0.014814 0.031873 0.028792 0.193586 0.042516 0.525763 0.088210 0.047070
0.058114 0.015674 0.022683 0.164781 0.000010 0.106382 0.011289 0.293709 0.327357
0.058744 0.000010 0.034438 0.176502 0.000010 0.127537 0.000010 0.301310 0.301440
0.035642 0.063467 0.023159 0.088461 0.050647 0.048170 0.338494 0.213935 0.138024
0.032874 0.054429 0.028644 0.096497 0.075890 0.067330 0.299813 0.180245 0.164277
0.027572 0.045194 0.011348 0.090423 0.039047 0.239750 0.151251 0.231931 0.163483
0.838189 0.012091 0.002083 0.007254 0.000010 0.069914 0.000010 0.026922 0.043527
0.082564 0.000010 0.024887 0.141575 0.000010 0.104766 0.000010 0.350083 0.296094
0.048059 0.007624 0.000010 0.175819 0.000010 0.172970 0.000013 0.283824 0.311672
0.020598 0.039200 0.021057 0.131441 0.055303 0.047363 0.314990 0.232943 0.137105
0.018922 0.081593 0.000010 0.138791 0.000010 0.198937 0.075553 0.305466 0.180717
0.024121 0.036082 0.000010 0.135761 0.000010 0.036575 0.261005 0.343095 0.163342
0.064927 0.020949 0.015479 0.199978 0.000010 0.132806 0.000010 0.281840 0.284001
0.035660 0.033858 0.012677 0.090765 0.086541 0.087869 0.311177 0.195748 0.145705
0.014466 0.034237 0.023981 0.089898 0.077157 0.057690 0.307383 0.220597 0.174590
0.022203 0.024520 0.055036 0.069125 0.109230 0.107609 0.340117 0.163296 0.108865
0.000010 0.019834 0.036062 0.025904 0.191205 0.084354 0.501028 0.098160 0.043444
0.024533 0.057794 0.007090 0.104486 0.035533 0.014221 0.341482 0.283453 0.131408
0.032312 0.011150 0.000010 0.123271 0.000010 0.059609 0.281072 0.343344 0.149222
0.045684 0.031088 0.021343 0.159950 0.000010 0.144101 0.000010 0.257314 0.340500
0.055778 0.055344 0.000010 0.130719 0.000010 0.036829 0.271636 0.323217 0.126456
0.031303 0.000010 0.022445 0.158295 0.000010 0.137594 0.022489 0.318443 0.309412
0.009853 0.062658 0.009358 0.106725 0.079990 0.050815 0.347559 0.202669 0.130371
0.017868 0.007110 0.017685 0.100536 0.068963 0.078630 0.339228 0.225181 0.144800
0.000010 0.014500 0.030766 0.041071 0.176166 0.079021 0.467536 0.100093 0.090836
0.074500 0.060811 0.025027 0.165840 0.000010 0.080484 0.001493 0.290856 0.300978
0.038191 0.000010 0.000010 0.150453 0.000010 0.043194 0.270523 0.346717 0.150892
0.088702 0.012616 0.006506 0.162728 0.000010 0.140147 0.000010 0.315724 0.273556
0.025367 0.088126 0.018588 0.082821 0.015223 0.246809 0.154139 0.261510 0.107416
0.009107 0.072281 0.005717 0.103557 0.019396 0.196752 0.182425 0.270957 0.139808
0.067752 0.000010 0.000010 0.170493 0.000010 0.126326 0.000010 0.292685 0.342703
0.056966 0.023132 0.023922 0.172238 0.000010 0.146479 0.000010 0.286016 0.291227
0.017341 0.019409 0.000010 0.153490 0.000010 0.034484 0.268135 0.351929 0.155193
0.016612 0.029144 0.057494 0.036055 0.183176 0.013001 0.523775 0.103653 0.037090
0.026121 0.008324 0.040420 0.073296 0.143029 0.070408 0.399613 0.142708 0.096082
0.003625 0.046728 0.004107 0.104881 0.076022 0.081174 0.330886 0.210944 0.141634
0.015653 0.058337 0.000010 0.130215 0.002296 0.214671 0.152607 0.286768 0.139444
0.034182 0.000010 0.000010 0.159033 0.000010 0.079130 0.280816 0.332194 0.114615
0.032191 0.096354 0.013734 0.098137 0.002920 0.247507 0.147993 0.231784 0.129380
0.019161 0.021895 0.027526 0.028605 0.213498 0.058627 0.490537 0.086791 0.053359
0.000010 0.088499 0.013841 0.108243 0.000010 0.251538 0.192039 0.248998 0.096822
0.052242 0.009485 0.017644 0.178644 0.000010 0.138738 0.000010 0.301498 0.301729
0.003723 0.022493 0.000010 0.141466 0.000010 0.058732 0.257377 0.332346 0.183843
0.006386 0.051517 0.034170 0.081740 0.063675 0.095847 0.338623 0.178491 0.149550
0.015901 0.036383 0.020505 0.055533 0.078296 0.069556 0.319896 0.227515 0.176415
0.023631 0.021950 0.020064 0.081223 0.067855 0.082270 0.336471 0.198670 0.167867
0.032751 0.051534 0.000010 0.139195 0.000010 0.028805 0.243087 0.330021 0.174588
0.051768 0.000010 0.017931 0.146869 0.000010 0.132930 0.000010 0.335346 0.315126
0.016758 0.051492 0.021765 0.111074 0.000010 0.228248 0.051381 0.291161 0.228112
0.007596 0.070655 0.008431 0.098493 0.046266 0.224937 0.136453 0.255857 0.151313
0.013244 0.021050 0.050072 0.012482 0.225847 0.032824 0.483434 0.124658 0.036388
0.058543 0.000010 0.032157 0.189618 0.000010 0.128169 0.000010 0.308084 0.283399
0.056700 0.019816 0.035974 0.136636 0.000010 0.137820 0.000010 0.327424 0.285612
0.001435 0.022221 0.027665 0.072514 0.144215 0.059061 0.461581 0.135388 0.075920
0.049104 0.006822 0.028119 0.090145 0.065214 0.029286 0.350647 0.235818 0.144845
0.026322 0.033338 0.057949 0.044771 0.188445 0.000010 0.489225 0.104977 0.054962
0.028321 0.065972 0.000010 0.165147 0.000010 0.003369 0.266275 0.336897 0.133999
0.003681 0.086480 0.032721 0.102869 0.013147 0.221550 0.148066 0.268372 0.123114
0.000010 0.082216 0.000010 0.131263 0.015653 0.239640 0.126876 0.274838 0.129494
0.000010 0.027104 0.022776 0.104560 0.079125 0.048565 0.365696 0.212602 0.139562
0.072447 0.012335 0.013613 0.215369 0.000010 0.081418 0.004588 0.293779 0.306440
0.072260 0.012854 0.016462 0.150124 0.000010 0.117325 0.003206 0.299627 0.328132
0.072941 0.032817 0.048491 0.155019 0.000010 0.107856 0.000010 0.281667 0.301190
0.015137 0.011726 0.017256 0.057431 0.147011 0.064481 0.436773 0.149838 0.100347
