0.486902 0.378263 0.000010 0.134825
0.632786 0.278381 0.005190 0.083642
0.496103 0.376856 0.005111 0.121929
0.600715 0.297855 0.040211 0.061219
0.497117 0.379477 0.000010 0.123396
0.535473 0.335773 0.015091 0.113663
0.566258 0.308299 0.038807 0.086636
0.911547 0.037550 0.037585 0.013317
0.911155 0.021585 0.012388 0.054872
0.970109 0.013382 0.000010 0.016499
0.827602 0.056337 0.030381 0.085680
0.837682 0.059662 0.050255 0.052401
0.000010 0.679911 0.289879 0.030200
0.000651 0.602061 0.277010 0.120278
0.000010 0.764294 0.235686 0.000010
0.011112 0.612876 0.221084 0.154927
0.497878 0.350892 0.011492 0.139738
0.524921 0.346995 0.000010 0.128074
0.933955 0.028853 0.000010 0.037182
0.888877 0.037552 0.073442 0.000130
0.902008 0.056467 0.041515 0.000010
0.990777 0.000010 0.000010 0.009203
0.833038 0.048214 0.043491 0.075256
0.835720 0.055092 0.060650 0.048538
0.000010 0.731166 0.268814 0.000010
0.000010 0.740602 0.233072 0.026316
0.007298 0.765143 0.220788 0.006771
0.000010 0.584202 0.289475 0.126312
0.510662 0.346744 0.010554 0.132040
0.499228 0.337772 0.052148 0.110852
0.891375 0.068651 0.000010 0.039963
0.895035 0.009325 0.091962 0.003679
0.972716 0.010504 0.000010 0.016770
0.977297 0.003466 0.000010 0.019227
0.839878 0.036412 0.037947 0.085763
0.835869 0.036085 0.053772 0.074273
0.000010 0.687859 0.270829 0.041301
0.010219 0.744077 0.232641 0.013063
0.000010 0.727696 0.261275 0.011019
0.009082 0.615914 0.241699 0.133304
0.539677 0.326922 0.018437 0.114963
0.502785 0.330398 0.045163 0.121655
0.911191 0.048067 0.009613 0.031128
0.933971 0.028768 0.028639 0.008621
0.988784 0.000010 0.000010 0.011196
0.970593 0.018278 0.000010 0.011119
0.987753 0.007180 0.000010 0.005057
0.820501 0.056548 0.046987 0.075964
0.833883 0.056538 0.009728 0.099851
0.000010 0.691162 0.264410 0.044418
0.008752 0.767522 0.223716 0.000010
0.000010 0.772739 0.198127 0.029124
0.018199 0.634968 0.241541 0.105292
0.000010 0.728501 0.249224 0.022265
0.000010 0.417814 0.287396 0.294779
0.000010 0.693929 0.262935 0.043126
0.041607 0.705957 0.136853 0.115583
0.038581 0.648649 0.195612 0.117158
0.036962 0.770968 0.079876 0.112194
0.045271 0.660608 0.181724 0.112396
0.455067 0.390807 0.026778 0.127348
0.000010 0.659055 0.278180 0.062755
0.000010 0.648407 0.276332 0.075251
0.077575 0.676336 0.132189 0.113899
0.162915 0.623051 0.033337 0.180696
0.047348 0.676256 0.113053 0.163343
0.065723 0.641933 0.144021 0.148323
0.494926 0.332170 0.057326 0.115578
0.503587 0.349188 0.016916 0.130309
0.000010 0.678493 0.279822 0.041675
0.000010 0.469739 0.284895 0.245356
0.000010 0.697949 0.261000 0.041042
0.059397 0.672869 0.132016 0.135717
0.044589 0.613040 0.205298 0.137073
0.019120 0.685080 0.175886 0.119914
0.082538 0.622896 0.165513 0.129053
0.441399 0.364574 0.037285 0.156742
0.452315 0.364443 0.031881 0.151361
0.499770 0.333294 0.052012 0.114924
0.902400 0.032465 0.000071 0.065064
0.981761 0.000010 0.000010 0.018219
0.968435 0.015589 0.000010 0.015965
0.991122 0.000010 0.000010 0.008858
0.814150 0.041215 0.084606 0.060029
0.838092 0.037258 0.041086 0.083565
0.000010 0.684055 0.255615 0.060320
0.000010 0.780683 0.219297 0.000010
0.000010 0.708921 0.225326 0.065743
0.028719 0.586060 0.262060 0.123160
0.499139 0.347837 0.044952 0.108072
0.718680 0.203251 0.000010 0.078059
0.905753 0.028719 0.032706 0.032822
0.915550 0.038708 0.000010 0.045732
0.980582 0.001109 0.000010 0.018298
0.988022 0.000010 0.000010 0.011958
0.828579 0.059462 0.050214 0.061745
0.830277 0.053861 0.038958 0.076905
0.000010 0.683352 0.272952 0.043686
0.000010 0.742793 0.235131 0.022066
0.013525 0.616256 0.228209 0.142010
0.000010 0.686478 0.264401 0.049111
0.000010 0.258650 0.289065 0.452275
0.000010 0.698480 0.261330 0.040180
0.050455 0.739810 0.083517 0.126219
0.043158 0.693173 0.117778 0.145891
0.034216 0.665416 0.162904 0.137464
0.507178 0.296858 0.067698 0.128265
0.495062 0.364251 0.020534 0.120153
0.912614 0.028425 0.058951 0.000010
0.900889 0.037387 0.061480 0.000243
0.990197 0.000010 0.000010 0.009783
0.971015 0.000010 0.000010 0.028965
0.821765 0.047993 0.057090 0.073151
0.000010 0.679896 0.251838 0.068256
0.000010 0.780565 0.216420 0.003005
0.006397 0.784459 0.209134 0.000010
0.006058 0.608571 0.264305 0.121066
0.000010 0.692108 0.256514 0.051369
0.000010 0.397434 0.317744 0.284812
0.000010 0.688847 0.288639 0.022504
0.045922 0.723981 0.113340 0.116757
0.055930 0.724828 0.108655 0.110587
0.030635 0.678627 0.165434 0.125304
0.396847 0.435307 0.033008 0.134839
0.537325 0.335096 0.022573 0.105007
0.931560 0.013047 0.034881 0.020511
0.925152 0.052667 0.000010 0.022171
0.986448 0.009715 0.000010 0.003827
0.980285 0.000010 0.000010 0.019695
0.838873 0.052627 0.054737 0.053763
0.812535 0.068709 0.041296 0.077460
0.000010 0.640299 0.298582 0.061110
0.000230 0.768457 0.231303 0.000010
0.000010 0.769292 0.230688 0.000010
0.011690 0.592682 0.262985 0.132644
0.000010 0.685554 0.224911 0.089525
0.000010 0.420031 0.299463 0.280496
0.000010 0.696060 0.279789 0.024141
0.076685 0.762906 0.005587 0.154822
0.060324 0.631599 0.145264 0.162813
0.122702 0.608767 0.166147 0.102384
0.555960 0.287494 0.067418 0.089129
0.539438 0.343092 0.000514 0.116957
0.917380 0.062557 0.000010 0.020054
0.927794 0.010409 0.002574 0.059223
0.981851 0.000010 0.000010 0.018129
0.977858 0.004789 0.000010 0.017343
0.984781 0.004288 0.000010 0.010922
0.815602 0.025037 0.065317 0.094045
0.861058 0.054047 0.014732 0.070162
0.000010 0.676089 0.245521 0.078380
0.015265 0.697306 0.239938 0.047491
0.007854 0.776445 0.215691 0.000010
0.019947 0.600005 0.248656 0.131393
0.000010 0.650077 0.251580 0.098334
0.000010 0.694172 0.264188 0.041629
0.034411 0.672061 0.121482 0.172046
0.057767 0.678505 0.115370 0.148359
0.056344 0.647324 0.171385 0.124946
0.038587 0.739562 0.060697 0.161154
0.040893 0.769746 0.189351 0.000010
0.495827 0.351158 0.070786 0.082229
0.922014 0.040560 0.037416 0.000010
0.940160 0.014139 0.000010 0.045691
0.975699 0.015072 0.000010 0.009218
0.815669 0.047390 0.057025 0.079915
0.846354 0.035751 0.041388 0.076506
0.000010 0.732932 0.203597 0.063461
0.000010 0.760215 0.235022 0.004753
0.000010 0.728741 0.249751 0.021499
0.000010 0.693870 0.287328 0.018792
0.000010 0.419724 0.299777 0.280489
0.000010 0.686764 0.267835 0.045391
0.065045 0.729136 0.073237 0.132582
0.050149 0.708815 0.116273 0.124764
0.138273 0.622596 0.046333 0.192797
0.036934 0.736497 0.096450 0.130120
0.578490 0.282938 0.011392 0.127180
0.032182 0.755924 0.211883 0.000010
0.917713 0.036823 0.018844 0.026621
0.977314 0.000010 0.000010 0.022666
0.900884 0.032551 0.032858 0.033706
0.910065 0.044950 0.020596 0.024389
0.000010 0.681255 0.275112 0.043622
0.032769 0.678306 0.109130 0.179795
0.000010 0.415006 0.303339 0.281645
0.000010 0.698817 0.284050 0.017123
0.064741 0.721149 0.081268 0.132842
0.031974 0.653391 0.156452 0.158183
0.236649 0.523656 0.132247 0.107448
0.510001 0.315471 0.075750 0.098778
0.034369 0.781670 0.183951 0.000010
0.971783 0.023981 0.000010 0.004226
0.805194 0.036451 0.063764 0.094591
0.839101 0.048062 0.064399 0.048438
0.826982 0.073510 0.035742 0.063766
0.005226 0.756948 0.237816 0.000010
0.000010 0.741067 0.258913 0.000010
0.000010 0.647604 0.276792 0.075594
0.000010 0.676601 0.294120 0.029269
0.000010 0.422355 0.290341 0.287293
0.054204 0.740124 0.037267 0.168405
0.065871 0.670782 0.111056 0.152291
0.064935 0.624328 0.161686 0.149052
0.040455 0.691177 0.143671 0.124696
0.037118 0.629816 0.204302 0.128763
0.034762 0.767256 0.197972 0.000010
0.000010 0.475249 0.296825 0.227915
0.000010 0.687716 0.259133 0.053141
0.056913 0.709759 0.090028 0.143300
0.057773 0.681334 0.129333 0.131560
0.156380 0.605165 0.025745 0.212709
0.028129 0.669705 0.154998 0.147168
0.542837 0.309300 0.020582 0.127281
0.020535 0.771730 0.207726 0.000010
0.030029 0.811570 0.158391 0.000010
0.030294 0.652192 0.280076 0.037438
0.000010 0.749167 0.233872 0.016952
0.061980 0.467981 0.239626 0.230414
0.157241 0.711954 0.000010 0.130795
0.211287 0.667745 0.000010 0.120958
0.000010 0.777882 0.153065 0.069043
0.000010 0.760905 0.196628 0.042457
0.000010 0.759140 0.179222 0.061628
0.040826 0.714814 0.244351 0.000010
0.031254 0.761404 0.207332 0.000010
0.000010 0.740556 0.249882 0.009552
0.075586 0.439262 0.206372 0.278780
0.184912 0.677799 0.000010 0.137279
0.074176 0.760962 0.000010 0.164852
0.000010 0.729575 0.187726 0.082689
0.000010 0.734879 0.206136 0.058976
0.180568 0.611585 0.207837 0.000010
0.048983 0.730790 0.107045 0.113182
0.026763 0.742370 0.230858 0.000010
0.001274 0.469777 0.290119 0.238830
0.033515 0.409441 0.213020 0.344024
0.215697 0.617387 0.000010 0.166906
0.146144 0.714878 0.000010 0.138968
0.007433 0.747655 0.173125 0.071787
0.008334 0.742315 0.186821 0.062529
0.000010 0.771170 0.205119 0.023701
0.120045 0.673837 0.206108 0.000010
0.033882 0.781792 0.184316 0.000010
0.018614 0.650667 0.294612 0.036107
0.000010 0.464398 0.300578 0.235014
0.090305 0.476105 0.190202 0.243388
0.370575 0.524992 0.000010 0.104424
0.160081 0.668413 0.000010 0.171496
0.000010 0.756177 0.174240 0.069573
0.007697 0.735244 0.190511 0.066548
0.002062 0.753566 0.167592 0.076780
0.204544 0.592183 0.203263 0.000010
0.826944 0.068935 0.022821 0.081299
0.827299 0.053066 0.031501 0.088134
0.000010 0.661350 0.244970 0.093670
0.011759 0.795455 0.192776 0.000010
0.010656 0.610353 0.254560 0.124431
0.028509 0.791920 0.179562 0.000010
0.000010 0.782691 0.217289 0.000010
0.000010 0.485050 0.267404 0.247537
0.068312 0.490315 0.239945 0.201429
0.237668 0.656905 0.000010 0.105417
0.147366 0.704384 0.000010 0.148240
0.014082 0.738322 0.192133 0.055463
0.000010 0.757359 0.177797 0.064833
0.013099 0.734098 0.188997 0.063806
0.098045 0.687162 0.214783 0.000010
0.000010 0.756232 0.231882 0.011876
0.000010 0.390099 0.321094 0.288797
0.168361 0.704558 0.000010 0.127071
0.142018 0.695415 0.000010 0.162557
0.294813 0.578376 0.000010 0.126801
0.011099 0.769604 0.157485 0.061812
0.012834 0.659752 0.279605 0.047808
0.000010 0.710907 0.270319 0.018764
0.000010 0.416898 0.311646 0.271445
0.046975 0.482664 0.234067 0.236294
0.164096 0.698604 0.000010 0.137290
0.144106 0.699690 0.000010 0.156194
0.000010 0.751225 0.193327 0.055438
0.000457 0.768721 0.180745 0.050078
0.006124 0.758718 0.171582 0.063576
0.163096 0.637916 0.198979 0.000010
0.034609 0.676559 0.288822 0.000010
0.000010 0.752510 0.241332 0.006148
0.000010 0.419263 0.327765 0.252962
0.089943 0.477239 0.220979 0.211839
0.166819 0.696772 0.000010 0.136400
0.173001 0.679277 0.000010 0.147712
0.001349 0.730215 0.187110 0.081325
0.001047 0.759714 0.155923 0.083316
0.009027 0.747619 0.156308 0.087046
0.038053 0.675965 0.275513 0.010469
0.000010 0.745108 0.236471 0.018412
0.073652 0.446331 0.189257 0.290760
0.162652 0.718789 0.000010 0.118550
0.170998 0.693940 0.000010 0.135052
0.011573 0.751876 0.158489 0.078061
0.027272 0.640479 0.326958 0.005291
0.000010 0.754522 0.241462 0.004006
0.056715 0.461667 0.214525 0.267092
0.156239 0.709312 0.000010 0.134439
0.191197 0.665177 0.000010 0.143617
0.002352 0.767135 0.187787 0.042727
0.010428 0.768635 0.159086 0.061851
0.183926 0.625097 0.190968 0.000010
0.177841 0.635281 0.186868 0.000010
0.057625 0.616077 0.212842 0.113456
0.048244 0.641865 0.178324 0.131568
0.545813 0.289481 0.037518 0.127188
0.032730 0.660415 0.292712 0.014143
0.000010 0.773985 0.212651 0.013354
0.000010 0.409640 0.301804 0.288545
0.162083 0.697908 0.000010 0.139999
0.211476 0.648399 0.000010 0.140115
0.010566 0.745664 0.169909 0.073860
0.001133 0.749402 0.209797 0.039668
0.192501 0.605856 0.201634 0.000010
0.826812 0.066601 0.030758 0.075829
0.000010 0.776286 0.221879 0.001825
0.125915 0.650775 0.223300 0.000010
0.006110 0.731736 0.183630 0.078524
0.154753 0.701716 0.000010 0.143521
0.010169 0.759349 0.166734 0.063749
0.049670 0.493831 0.194564 0.261935
0.000010 0.434929 0.257709 0.307351
0.038139 0.622525 0.283939 0.055397
0.388940 0.508333 0.000010 0.102718
0.000010 0.685800 0.219360 0.094830
0.841986 0.000014 0.157990 0.000010
0.858332 0.000010 0.141648 0.000010
0.832124 0.000010 0.167856 0.000010
0.835330 0.000010 0.164650 0.000010
0.000010 0.255164 0.482684 0.262142
0.000010 0.282869 0.411038 0.306084
0.000010 0.264178 0.466223 0.269589
0.000010 0.270707 0.482439 0.246843
0.811236 0.037442 0.146181 0.005142
0.897184 0.015292 0.087514 0.000010
0.888592 0.018565 0.092833 0.000010
0.880633 0.012347 0.096056 0.010964
0.895296 0.030322 0.073239 0.001142
0.878668 0.000468 0.120854 0.000010
0.858935 0.000010 0.141045 0.000010
0.886171 0.016391 0.089652 0.007787
0.610724 0.068555 0.223907 0.096814
0.700422 0.047288 0.252280 0.000010
0.822316 0.000010 0.177664 0.000010
0.818343 0.000010 0.181637 0.000010
0.823725 0.000010 0.176255 0.000010
0.817576 0.000010 0.182404 0.000010
0.799058 0.000010 0.200922 0.000010
0.858416 0.000010 0.141564 0.000010
0.820644 0.000010 0.179336 0.000010
0.816829 0.000010 0.183151 0.000010
0.816339 0.000010 0.183641 0.000010
0.815478 0.000010 0.184502 0.000010
0.865849 0.000010 0.134131 0.000010
0.868535 0.003725 0.121874 0.005866
0.855770 0.000010 0.144210 0.000010
0.857301 0.000618 0.142071 0.000010
0.842875 0.009273 0.138425 0.009427
0.862484 0.000010 0.137496 0.000010
0.862187 0.000010 0.137793 0.000010
0.870660 0.000010 0.129320 0.000010
0.867294 0.000010 0.132686 0.000010
0.860820 0.000010 0.139160 0.000010
0.854509 0.000010 0.145471 0.000010
0.821428 0.000010 0.178552 0.000010
0.833975 0.000010 0.166005 0.000010
0.831301 0.000010 0.168679 0.000010
0.855109 0.000010 0.144871 0.000010
0.856229 0.000010 0.143751 0.000010
0.857428 0.000010 0.142552 0.000010
0.865340 0.000010 0.134640 0.000010
0.831388 0.000010 0.168592 0.000010
0.831946 0.000010 0.159787 0.008257
0.833362 0.000010 0.166618 0.000010
0.862767 0.000018 0.137205 0.000010
0.863899 0.000010 0.136081 0.000010
0.828821 0.000010 0.171159 0.000010
0.859307 0.000010 0.139741 0.000942
0.859859 0.007781 0.132350 0.000010
0.853186 0.000010 0.146794 0.000010
0.858181 0.000010 0.141799 0.000010
0.884737 0.000010 0.115243 0.000010
0.845787 0.012432 0.141771 0.000010
0.862106 0.000010 0.129718 0.008165
0.825447 0.000010 0.174533 0.000010
0.840031 0.000010 0.159949 0.000010
0.838467 0.000010 0.154006 0.007517
0.839149 0.000010 0.160831 0.000010
0.819842 0.000010 0.180138 0.000010
0.858727 0.000010 0.121007 0.020257
0.818891 0.000010 0.181089 0.000010
0.853444 0.000664 0.145882 0.000010
0.850154 0.000010 0.149826 0.000010
0.843742 0.000010 0.156238 0.000010
0.797180 0.000010 0.202800 0.000010
0.817976 0.000010 0.182004 0.000010
0.830840 0.000010 0.169140 0.000010
0.828005 0.000010 0.171975 0.000010
0.469962 0.068872 0.335998 0.125169
0.859043 0.000010 0.131613 0.009334
0.879493 0.000010 0.120487 0.000010
0.873370 0.001303 0.125317 0.000010
0.880078 0.008049 0.107890 0.003984
0.854857 0.000010 0.140620 0.004513
0.883399 0.000010 0.114127 0.002464
0.882675 0.028218 0.089097 0.000010
0.890511 0.021468 0.088011 0.000010
0.863303 0.000010 0.136677 0.000010
0.835091 0.000010 0.164889 0.000010
0.855948 0.000010 0.144032 0.000010
0.837799 0.019837 0.142353 0.000010
0.843506 0.008974 0.147510 0.000010
0.853841 0.000010 0.146139 0.000010
0.888989 0.027601 0.083399 0.000010
0.848753 0.000010 0.151227 0.000010
0.849480 0.026620 0.123891 0.000010
0.798877 0.000010 0.201103 0.000010
0.840715 0.000010 0.159265 0.000010
0.841303 0.000010 0.158677 0.000010
0.871322 0.000010 0.118418 0.010249
0.826346 0.000010 0.173634 0.000010
0.031894 0.189357 0.506910 0.271839
0.093322 0.084799 0.488617 0.333262
0.084863 0.156968 0.478400 0.279770
0.687343 0.033029 0.196748 0.082879
0.024860 0.159504 0.567925 0.247711
0.000010 0.188585 0.562181 0.249225
0.378478 0.085420 0.381703 0.154398
0.364684 0.095319 0.365153 0.174844
0.193083 0.085578 0.388760 0.332580
0.013779 0.067342 0.059439 0.859440
0.009102 0.152926 0.588546 0.249426
0.010807 0.152936 0.548769 0.287488
0.360664 0.117980 0.405746 0.115609
0.083198 0.116057 0.488133 0.312612
0.257866 0.085044 0.552495 0.104595
0.001493 0.190494 0.534561 0.273452
0.385155 0.078376 0.367635 0.168833
0.375220 0.085863 0.406978 0.131938
0.437501 0.093348 0.297044 0.172107
0.663632 0.035153 0.198781 0.102435
0.369948 0.084996 0.449764 0.095293
0.275719 0.094123 0.525352 0.104807
0.000010 0.160739 0.544615 0.294636
0.266579 0.101894 0.494946 0.136581
0.033148 0.155055 0.582879 0.228918
0.412783 0.084986 0.376163 0.126068
0.394350 0.087578 0.400022 0.118050
0.615129 0.043757 0.234774 0.106341
0.016421 0.163498 0.551375 0.268707
0.265378 0.112544 0.540619 0.081459
0.012196 0.151237 0.550639 0.285927
0.177251 0.089982 0.373347 0.359420
0.205158 0.090564 0.419441 0.284837
0.010288 0.150837 0.580117 0.258758
0.012900 0.170801 0.533376 0.282923
0.265020 0.115499 0.544931 0.074550
0.679470 0.058774 0.201717 0.060039
0.522883 0.080641 0.277402 0.119073
0.393380 0.082235 0.382712 0.141673
0.158062 0.098593 0.450666 0.292679
0.275026 0.106960 0.514088 0.103926
0.156804 0.095551 0.366104 0.381541
0.674725 0.032638 0.188898 0.103739
0.194479 0.101289 0.374800 0.329432
0.011808 0.170576 0.554887 0.262730
0.249947 0.095610 0.554736 0.099707
0.388842 0.083757 0.355239 0.172162
0.388297 0.052820 0.411707 0.147176
0.389710 0.073774 0.387370 0.149146
0.238893 0.097894 0.538891 0.124323
0.001143 0.152174 0.595286 0.251398
0.059086 0.113292 0.496653 0.330969
0.189535 0.092579 0.398819 0.319068
0.686936 0.037901 0.201498 0.073665
0.015966 0.191114 0.549072 0.243848
0.007437 0.155684 0.559261 0.277619
0.579672 0.068359 0.264687 0.087282
0.404192 0.089624 0.407350 0.098834
0.653453 0.070475 0.212713 0.063358
0.264487 0.121902 0.523328 0.090282
0.171332 0.114362 0.393828 0.320477
0.150655 0.113870 0.417886 0.317589
0.429626 0.093911 0.386357 0.090107
0.015335 0.194791 0.568994 0.220881
0.014083 0.144665 0.574090 0.267163
0.012622 0.173727 0.534550 0.279101
0.559999 0.050939 0.285294 0.103768
0.251059 0.094112 0.460272 0.194558
0.658775 0.062213 0.183382 0.095629
0.004073 0.147684 0.594774 0.253469
0.256643 0.109343 0.558606 0.075408
0.088204 0.128583 0.477239 0.305974
0.335356 0.095658 0.465024 0.103962
0.179132 0.079420 0.414199 0.327250
0.005325 0.158136 0.569471 0.267068
0.014525 0.161646 0.532928 0.290902
0.023962 0.141463 0.566833 0.267742
0.393759 0.086433 0.364225 0.155583
0.638937 0.037913 0.233756 0.089394
0.658141 0.067537 0.171979 0.102343
0.278055 0.102718 0.401497 0.217731
0.260114 0.085991 0.552091 0.101804
0.183915 0.108962 0.361381 0.345741
0.138941 0.106824 0.417744 0.336491
0.126710 0.082390 0.411873 0.379027
0.120683 0.071034 0.366261 0.442021
0.018356 0.050215 0.459914 0.471515
0.000010 0.149265 0.601159 0.249567
0.131448 0.035158 0.226763 0.606630
0.310901 0.095427 0.331069 0.262603
0.101445 0.130899 0.377489 0.390167
0.129352 0.103862 0.394461 0.372325
0.097551 0.087994 0.490693 0.323762
0.142886 0.098808 0.387353 0.370953
0.008814 0.000010 0.559575 0.431601
0.000010 0.152696 0.597051 0.250242
0.096102 0.117413 0.544861 0.241623
0.112519 0.047036 0.241412 0.599033
0.132070 0.057668 0.287229 0.523032
0.015028 0.117499 0.656658 0.210816
0.001880 0.166230 0.534611 0.297279
0.157937 0.051760 0.354997 0.435307
0.006998 0.148192 0.630972 0.213838
0.000010 0.000010 0.511710 0.488270
0.001203 0.144734 0.619099 0.234965
0.091602 0.166268 0.528300 0.213830
0.124967 0.054382 0.240132 0.580519
0.111261 0.069930 0.294901 0.523908
0.101375 0.134415 0.454579 0.309631
0.003753 0.141942 0.604417 0.249889
0.167432 0.057966 0.348796 0.425806
0.119501 0.085656 0.368752 0.426090
0.004565 0.150829 0.625120 0.219486
0.033605 0.025020 0.505550 0.435825
0.025015 0.150676 0.603395 0.220914
0.061907 0.144486 0.545610 0.247997
0.125585 0.077428 0.258132 0.538856
0.123205 0.038541 0.217926 0.620328
0.190601 0.080076 0.446982 0.282340
0.143326 0.081103 0.328315 0.447257
0.000010 0.000010 0.499767 0.500213
0.015840 0.141907 0.612624 0.229629
0.123028 0.073282 0.237448 0.566243
0.102168 0.046133 0.245422 0.606277
0.178767 0.073676 0.404468 0.343088
0.019879 0.044973 0.067489 0.867659
0.152538 0.105753 0.422686 0.319022
0.139341 0.055835 0.397571 0.407253
0.003372 0.006564 0.529702 0.460362
0.007191 0.137868 0.586769 0.268172
0.080476 0.176885 0.509411 0.233228
0.151239 0.078963 0.237933 0.531865
0.126075 0.028319 0.239720 0.605885
0.117740 0.083332 0.400920 0.398008
0.264370 0.095430 0.374296 0.265904
0.077061 0.093837 0.467344 0.361758
0.252655 0.079731 0.361811 0.305803
0.127519 0.065574 0.393329 0.413579
0.027510 0.058219 0.459936 0.454334
0.008765 0.143327 0.590136 0.257772
0.120688 0.063524 0.223941 0.591847
0.111374 0.150000 0.453113 0.285513
0.102479 0.108350 0.379534 0.409637
0.001106 0.156351 0.587225 0.255318
0.102309 0.097434 0.424140 0.376117
0.121856 0.095642 0.411537 0.370965
0.133083 0.063595 0.388743 0.414580
0.026439 0.032646 0.479391 0.461525
0.011812 0.129887 0.627014 0.231286
0.118897 0.073315 0.232205 0.575583
0.127558 0.064198 0.254845 0.553398
0.114164 0.112008 0.396417 0.377411
0.031596 0.084631 0.603261 0.280513
0.003760 0.078241 0.707546 0.210453
0.014545 0.022177 0.446902 0.516376
0.057745 0.115159 0.460525 0.366571
0.019137 0.168839 0.335328 0.476696
0.052230 0.072836 0.342589 0.532345
0.022162 0.164804 0.358664 0.454370
0.016571 0.059031 0.650115 0.274284
0.043612 0.053817 0.615343 0.287227
0.000010 0.000010 0.339036 0.660944
0.017670 0.053217 0.445254 0.483859
0.012881 0.062266 0.608290 0.316564
0.012562 0.027555 0.688815 0.271068
0.008054 0.039494 0.436922 0.515530
0.016069 0.133676 0.238590 0.611666
0.006058 0.045761 0.613964 0.334217
0.009281 0.034839 0.670620 0.285260
0.019629 0.085750 0.442262 0.452359
0.000010 0.013568 0.347258 0.639164
0.004206 0.000010 0.317337 0.678447
0.003983 0.000010 0.354751 0.641256
0.013796 0.067695 0.499221 0.419288
0.017715 0.050487 0.731239 0.200560
0.024863 0.115862 0.503311 0.355963
0.012385 0.001987 0.472927 0.512701
0.051206 0.083289 0.139212 0.726293
0.004511 0.059658 0.592213 0.343618
0.017987 0.037969 0.523462 0.420582
0.021748 0.059974 0.573841 0.344437
0.003636 0.000010 0.337128 0.659226
0.000010 0.000010 0.373205 0.626775
0.005159 0.005360 0.310934 0.678548
0.054103 0.069575 0.396064 0.480258
0.010250 0.054722 0.697158 0.237870
0.021066 0.017663 0.626957 0.334313
0.012818 0.050506 0.507726 0.428950
0.135899 0.130739 0.404234 0.329128
0.007925 0.028319 0.614285 0.349471
0.011417 0.043486 0.657920 0.287177
0.012693 0.066835 0.626928 0.293544
0.057727 0.097926 0.556031 0.288317
0.011051 0.025740 0.291353 0.671856
0.000010 0.000010 0.320155 0.679825
0.011123 0.025616 0.446206 0.517056
0.018839 0.046609 0.691279 0.243272
0.024738 0.054849 0.719611 0.200803
0.020054 0.121937 0.206867 0.651142
0.074316 0.179882 0.353232 0.392570
0.028552 0.196248 0.270473 0.504728
0.024083 0.176280 0.350360 0.449277
0.028013 0.060886 0.511418 0.399683
0.005463 0.012225 0.306310 0.676003
0.014756 0.047461 0.445372 0.492411
0.000010 0.000010 0.341503 0.658477
0.106861 0.072280 0.462779 0.358079
0.025762 0.174983 0.342415 0.456840
0.015070 0.046431 0.165809 0.772690
0.029750 0.157271 0.321352 0.491627
0.027565 0.039398 0.658253 0.274784
0.003049 0.092397 0.565405 0.339149
0.013573 0.080947 0.559851 0.345629
0.011284 0.000856 0.322908 0.664952
0.000010 0.003533 0.329158 0.667299
0.000010 0.039119 0.471452 0.489419
0.008632 0.074520 0.463643 0.453205
0.000010 0.038338 0.688900 0.272752
0.019805 0.146810 0.366306 0.467080
0.010616 0.073636 0.477252 0.438496
0.026894 0.091906 0.531442 0.349758
0.064395 0.173197 0.349439 0.412969
0.021443 0.107122 0.159238 0.712197
0.010639 0.015532 0.684774 0.289055
0.016394 0.069381 0.605690 0.308534
0.002914 0.000010 0.335653 0.661423
0.000010 0.003985 0.330270 0.665735
0.010499 0.050440 0.456501 0.482559
0.002867 0.096033 0.425527 0.475573
0.012188 0.119865 0.536041 0.331906
0.082675 0.113433 0.488191 0.315702
0.001179 0.099970 0.203164 0.695687
0.024053 0.019315 0.605251 0.351381
0.020720 0.064156 0.594975 0.320148
0.019033 0.043092 0.647965 0.289910
0.104802 0.109883 0.394145 0.391170
0.000010 0.000010 0.326005 0.673975
0.000010 0.023943 0.334732 0.641315
0.021610 0.077790 0.595166 0.305434
0.000010 0.047358 0.443223 0.509409
0.013252 0.070495 0.502233 0.414020
0.000010 0.000010 0.427604 0.572376
0.028758 0.060296 0.434089 0.476857
0.069346 0.178574 0.537602 0.214478
0.095556 0.111782 0.406216 0.386446
0.090401 0.108137 0.382472 0.418991
0.086966 0.121280 0.484639 0.307115
0.011149 0.089190 0.411211 0.488450
0.091157 0.017168 0.891665 0.000010
0.007724 0.047914 0.029214 0.915148
0.003316 0.143092 0.610535 0.243057
0.110411 0.108042 0.408539 0.373009
0.144863 0.150370 0.494855 0.209912
0.043043 0.029902 0.462351 0.464705
0.076930 0.010337 0.912724 0.000010
0.096405 0.055560 0.848025 0.000010
0.003167 0.041503 0.052359 0.902970
0.050663 0.157182 0.551898 0.240256
0.096666 0.173241 0.522079 0.208014
0.070795 0.109682 0.523100 0.296422
0.017055 0.144604 0.599456 0.238884
0.119106 0.145198 0.587951 0.147746
0.135691 0.121323 0.556268 0.186718
0.132095 0.120747 0.593272 0.153886
0.126564 0.054876 0.766292 0.052269
0.115624 0.053279 0.831088 0.000010
0.003377 0.075526 0.031386 0.889711
0.004227 0.161243 0.569360 0.265170
0.008891 0.139340 0.593165 0.258603
0.117011 0.108156 0.328014 0.446819
0.000027 0.026659 0.493609 0.479705
0.003152 0.127184 0.617446 0.252218
0.116921 0.131076 0.606760 0.145243
0.103843 0.122943 0.598796 0.174418
0.080044 0.026648 0.893297 0.000010
0.099809 0.077336 0.780150 0.042704
0.098514 0.063846 0.426167 0.411474
0.100423 0.157833 0.466105 0.275639
0.068230 0.142409 0.570353 0.219008
0.000010 0.013060 0.479547 0.507383
0.143153 0.107031 0.566209 0.183607
0.105568 0.121747 0.599796 0.172888
0.094741 0.044710 0.860540 0.000010
0.099573 0.041851 0.858565 0.000010
0.112211 0.062275 0.784136 0.041377
0.043872 0.129876 0.359293 0.466958
0.095119 0.105962 0.446258 0.352661
0.078862 0.158437 0.497696 0.265005
0.077941 0.167845 0.539377 0.214836
0.007557 0.022675 0.451490 0.518278
0.270018 0.124722 0.533608 0.071652
0.148654 0.140521 0.544744 0.166081
0.100484 0.040701 0.858805 0.000010
0.091885 0.072207 0.835897 0.000010
0.095872 0.064358 0.803186 0.036585
0.014308 0.172333 0.538120 0.275238
0.083817 0.120578 0.484084 0.311521
0.000010 0.000010 0.519520 0.480460
0.018754 0.030764 0.078233 0.872249
0.135439 0.114427 0.591039 0.159094
0.135229 0.108970 0.566125 0.189676
0.085857 0.034403 0.844145 0.035595
0.116801 0.052266 0.822366 0.008567
0.011765 0.034756 0.033018 0.920460
0.025224 0.023677 0.653593 0.297506
0.108154 0.180732 0.497466 0.213648
0.000010 0.017972 0.489982 0.492036
0.025526 0.053793 0.045271 0.875410
0.111894 0.098871 0.566532 0.222702
0.155258 0.084974 0.583583 0.176185
0.131534 0.143817 0.574745 0.149904
0.082201 0.080333 0.833285 0.004181
0.095175 0.040332 0.859093 0.005401
0.000010 0.057694 0.046671 0.895625
0.003967 0.023333 0.475251 0.497450
0.011698 0.089385 0.246186 0.652731
0.019938 0.079143 0.453460 0.447459
0.000010 0.075536 0.459982 0.464472
0.032837 0.046859 0.763106 0.157198
0.000010 0.023547 0.745114 0.231330
0.000010 0.000010 0.898712 0.101268
0.019593 0.019473 0.553673 0.407261
0.045272 0.019910 0.507325 0.427493
0.002584 0.013668 0.689153 0.294596
0.020385 0.035459 0.695139 0.249017
0.012102 0.085991 0.437028 0.464880
0.019130 0.080107 0.206752 0.694010
0.000170 0.040142 0.475792 0.483896
0.032077 0.004571 0.815182 0.148170
0.003533 0.041370 0.555619 0.399478
0.028091 0.050946 0.436683 0.484280
0.027129 0.054538 0.502122 0.416212
0.017074 0.000010 0.727207 0.255709
0.005164 0.000010 0.747106 0.247721
0.011606 0.072509 0.243922 0.671963
0.000010 0.000010 0.522751 0.477229
0.000010 0.008751 0.791569 0.199670
0.006596 0.004626 0.800095 0.188683
0.000010 0.040994 0.485133 0.473863
0.020294 0.013413 0.532079 0.434215
0.000010 0.018542 0.562484 0.418965
0.017442 0.000010 0.747444 0.235104
0.000700 0.000010 0.749533 0.249757
0.000010 0.069691 0.461078 0.469221
0.027557 0.090275 0.206647 0.675522
0.000010 0.044150 0.525197 0.430643
0.000010 0.005483 0.484130 0.510377
0.000010 0.000010 0.792132 0.207848
0.046091 0.025463 0.547902 0.380544
0.003348 0.000520 0.677950 0.318182
0.003779 0.000010 0.731163 0.265048
0.000010 0.000010 0.771408 0.228572
0.001252 0.032495 0.503132 0.463120
0.017755 0.139386 0.244283 0.598576
0.000010 0.007331 0.483436 0.509223
0.013106 0.099450 0.422729 0.464716
0.000010 0.000010 0.872433 0.127547
0.025828 0.043787 0.720630 0.209755
0.126448 0.056952 0.470738 0.345863
0.001878 0.004724 0.583460 0.409938
0.008668 0.004931 0.468956 0.517444
0.000328 0.009340 0.746774 0.243559
0.000010 0.000010 0.771140 0.228840
0.032913 0.076522 0.453378 0.437187
0.015740 0.092892 0.208013 0.683356
0.000010 0.041904 0.496440 0.461646
0.000010 0.028286 0.489387 0.482317
0.010615 0.000010 0.845016 0.144359
0.000010 0.000010 0.877655 0.122325
0.019457 0.070225 0.449045 0.461272
0.025566 0.003082 0.533122 0.438230
0.000010 0.000010 0.752501 0.247479
0.000010 0.000010 0.746465 0.253515
0.004565 0.000010 0.768928 0.226497
0.000010 0.062080 0.439019 0.498891
0.018789 0.068640 0.240376 0.672196
0.011672 0.027654 0.457383 0.503292
0.000010 0.000010 0.877233 0.122747
0.015349 0.006400 0.825289 0.152962
0.025461 0.039974 0.499247 0.435318
0.032318 0.050436 0.535837 0.381409
0.002479 0.009180 0.752563 0.235778
0.000443 0.000010 0.765438 0.234109
0.010283 0.000010 0.697426 0.292281
0.014508 0.042800 0.429835 0.512858
0.018891 0.107094 0.199505 0.674510
0.014334 0.052526 0.556362 0.376779
0.009002 0.052151 0.555653 0.383194
0.035204 0.000010 0.832765 0.132021
0.000010 0.000010 0.774328 0.225652
0.052417 0.051114 0.502808 0.393662
0.006680 0.010321 0.609787 0.373212
0.002855 0.014956 0.723543 0.258647
0.000010 0.000010 0.780057 0.219923
0.005161 0.018163 0.715800 0.260876
0.000313 0.017962 0.487350 0.494375
0.008696 0.003440 0.498762 0.489103
0.009498 0.131754 0.397092 0.461656
0.008417 0.000010 0.646638 0.344935
0.000409 0.035360 0.574369 0.389862
0.006232 0.032956 0.342472 0.618339
0.000010 0.000010 0.439717 0.560263
0.147844 0.090547 0.441903 0.319707
0.011657 0.015392 0.793741 0.179210
0.013161 0.035880 0.529490 0.421469
0.007839 0.016295 0.554127 0.421739
0.013782 0.023329 0.574624 0.388265
0.012915 0.064275 0.664902 0.257909
0.000010 0.031367 0.568629 0.399994
0.000010 0.000010 0.418523 0.581457
0.006069 0.002853 0.377938 0.613140
0.006242 0.143840 0.600318 0.249600
0.028217 0.019235 0.809630 0.142918
0.009275 0.062745 0.489044 0.438936
0.030635 0.039421 0.609608 0.320335
0.000010 0.045482 0.388708 0.565800
0.000010 0.032668 0.396007 0.571315
0.015783 0.029068 0.422240 0.532909
0.000010 0.098307 0.497838 0.403845
0.005336 0.045896 0.499021 0.449748
0.000010 0.000010 0.533461 0.466519
0.000010 0.056342 0.382091 0.561556
0.000010 0.000010 0.573827 0.426153
0.036145 0.046422 0.495517 0.421917
0.014679 0.062662 0.307786 0.614874
0.018472 0.027766 0.503140 0.450622
0.026697 0.025040 0.570401 0.377862
0.023318 0.049138 0.620198 0.307346
0.005450 0.029659 0.441184 0.523707
0.000010 0.012659 0.381333 0.605998
0.002742 0.078673 0.414157 0.504428
0.029189 0.092199 0.428163 0.450448
0.008483 0.028915 0.530013 0.432589
0.000010 0.058835 0.675024 0.266130
0.000010 0.005350 0.398008 0.596632
0.000010 0.018083 0.469375 0.512532
0.004584 0.093382 0.421699 0.480335
0.013491 0.042393 0.595462 0.348654
0.000010 0.000010 0.576758 0.423222
0.004537 0.057307 0.371396 0.566760
0.000010 0.004746 0.364376 0.630868
0.018052 0.088183 0.386732 0.507033
0.003441 0.040353 0.498782 0.457423
0.008053 0.044295 0.527930 0.419722
0.022018 0.011004 0.598939 0.368039
0.004231 0.000010 0.591608 0.404151
0.000010 0.000010 0.487751 0.512229
0.000240 0.019323 0.389919 0.590519
0.000010 0.078037 0.189276 0.732676
0.021397 0.102940 0.165460 0.710203
0.028281 0.074973 0.126491 0.770255
0.017406 0.082859 0.154282 0.745453
0.000404 0.098308 0.136499 0.764789
0.002523 0.094016 0.145069 0.758393
0.039306 0.056593 0.131324 0.772777
0.011211 0.155010 0.183537 0.650242
0.010479 0.097196 0.180906 0.711419
0.022627 0.109149 0.180993 0.687231
0.008017 0.066391 0.184061 0.741531
0.012639 0.080690 0.166817 0.739854
0.001825 0.172446 0.212684 0.613045
0.019566 0.109027 0.123974 0.747433
0.020686 0.096050 0.152882 0.730383
0.022436 0.112308 0.138797 0.726460
0.013561 0.092698 0.176435 0.717305
0.009387 0.090713 0.168944 0.730956
0.024712 0.063314 0.161986 0.749988
0.011809 0.175654 0.182520 0.630018
0.019367 0.173886 0.207108 0.599639
0.016744 0.182676 0.213118 0.587462
0.003308 0.204618 0.203016 0.589058
0.024022 0.199036 0.161821 0.615120
0.026937 0.175017 0.168201 0.629845
0.017832 0.150668 0.215454 0.616046
0.028048 0.180779 0.152996 0.638177
0.006318 0.223323 0.167746 0.602612
0.018935 0.125375 0.197817 0.657873
0.028800 0.165883 0.147295 0.658022
0.021574 0.217161 0.190493 0.570771
0.017027 0.173505 0.194894 0.614574
0.018728 0.153113 0.186923 0.641237
0.023231 0.132796 0.214697 0.629276
0.010921 0.199931 0.154214 0.634934
0.036288 0.164012 0.207792 0.591908
0.010290 0.197682 0.189832 0.602196
0.026098 0.208341 0.163702 0.601859
0.007561 0.184043 0.211496 0.596900
0.020413 0.184560 0.194387 0.600640
0.020816 0.246599 0.201880 0.530705
0.011856 0.188328 0.183788 0.616028
0.036595 0.228373 0.153781 0.581251
0.024307 0.177812 0.185095 0.612787
0.028041 0.158354 0.159578 0.654027
0.015000 0.174201 0.191839 0.618960
0.012571 0.187467 0.220472 0.579490
0.013491 0.187042 0.210393 0.589074
0.019407 0.161569 0.200711 0.618313
0.016999 0.187082 0.196759 0.599161
0.014355 0.066465 0.181778 0.737402
0.017829 0.087189 0.159079 0.735903
0.022675 0.068131 0.150663 0.758531
0.013436 0.102502 0.173917 0.710145
0.018613 0.108028 0.164161 0.709197
0.017758 0.088780 0.124552 0.768909
0.012208 0.116257 0.190815 0.680719
0.012914 0.133000 0.178660 0.675426
0.139747 0.051896 0.143148 0.665209
0.004468 0.070573 0.193900 0.731059
0.040080 0.095972 0.160775 0.703173
0.016794 0.207692 0.139212 0.636302
0.020845 0.087791 0.140661 0.750704
0.008032 0.183296 0.236610 0.572062
0.024077 0.120847 0.162593 0.692484
0.017958 0.081289 0.150862 0.749891
0.015686 0.071505 0.168466 0.744343
0.004971 0.121127 0.132172 0.741730
0.022341 0.047110 0.131735 0.798814
0.019815 0.137188 0.147486 0.695511
0.013525 0.080276 0.126974 0.779226
0.015624 0.063591 0.148909 0.771875
0.020204 0.067815 0.171827 0.740154
0.017901 0.077486 0.198915 0.705698
0.031209 0.049579 0.119996 0.799215
0.016565 0.050500 0.141208 0.791726
0.026862 0.090621 0.121862 0.760655
0.021674 0.071348 0.138918 0.768060
0.004288 0.075518 0.172263 0.747931
0.017617 0.085876 0.166320 0.730187
0.008708 0.107874 0.160563 0.722855
0.006626 0.091552 0.145742 0.756080
0.016925 0.062538 0.186394 0.734143
0.013315 0.093611 0.163299 0.729775
0.027286 0.141523 0.202142 0.629048
0.017680 0.068966 0.130317 0.783037
0.003642 0.075891 0.166826 0.753641
0.012656 0.099450 0.138686 0.749208
0.020579 0.090487 0.148404 0.740530
0.009092 0.094981 0.171034 0.724893
0.071009 0.102004 0.201879 0.625108
0.019133 0.094817 0.172084 0.713966
0.006802 0.058141 0.156656 0.778400
0.012998 0.111460 0.179081 0.696461
0.040257 0.077465 0.127012 0.755266
0.013618 0.131479 0.221561 0.633342
0.010589 0.225515 0.178304 0.585593
0.001880 0.150762 0.208052 0.639305
0.012672 0.181511 0.182613 0.623203
0.001711 0.147661 0.216495 0.634133
0.002775 0.148190 0.226376 0.622660
0.015672 0.083645 0.172037 0.728647
0.000010 0.204439 0.271722 0.523828
0.017983 0.177720 0.203023 0.601274
0.025093 0.196689 0.217399 0.560819
0.008951 0.140051 0.199530 0.651467
0.008521 0.110740 0.149104 0.731636
0.020213 0.122694 0.161368 0.695724
0.008604 0.105821 0.174499 0.711075
0.000010 0.219032 0.228867 0.552091
0.006016 0.100088 0.159917 0.733979
0.000010 0.168608 0.230027 0.601356
0.014498 0.095036 0.211031 0.679435
0.017913 0.071287 0.170057 0.740743
0.021193 0.080457 0.182249 0.716101
0.019361 0.067857 0.171746 0.741036
0.009154 0.103971 0.176834 0.710041
0.015187 0.126146 0.166853 0.691813
0.018720 0.127477 0.157322 0.696480
0.023153 0.075438 0.166972 0.734436
0.000010 0.144589 0.179597 0.675803
0.010392 0.123142 0.214603 0.651863
0.018803 0.161475 0.213366 0.606356
0.000010 0.141659 0.177725 0.680605
0.000010 0.209655 0.234777 0.555558
0.011904 0.172953 0.195870 0.619273
0.002829 0.115755 0.212286 0.669131
0.003619 0.217831 0.189458 0.589092
0.000010 0.181969 0.239678 0.578344
0.033034 0.219363 0.173303 0.574299
0.027421 0.125681 0.164170 0.682728
0.000010 0.123336 0.179699 0.696954
0.610186 0.047333 0.285316 0.057165
0.512868 0.050314 0.330496 0.106322
0.626710 0.006589 0.311744 0.054956
0.678404 0.004025 0.250498 0.067073
0.644505 0.048920 0.277848 0.028727
0.533179 0.050981 0.317440 0.098400
0.537783 0.059688 0.320797 0.081732
0.505730 0.031099 0.371713 0.091458
0.529351 0.045636 0.340335 0.084678
0.591499 0.051780 0.283803 0.072918
0.659075 0.014146 0.303378 0.023401
0.621041 0.036516 0.294783 0.047660
0.595855 0.056286 0.288051 0.059808
0.651503 0.023245 0.309232 0.016020
0.006441 0.177171 0.559027 0.257360
0.191078 0.116269 0.362334 0.330319
0.653696 0.052682 0.244442 0.049180
0.255012 0.105189 0.540495 0.099303
0.272080 0.117181 0.504899 0.105839
0.547028 0.038944 0.278997 0.135031
0.003747 0.150988 0.587226 0.258040
0.389256 0.064147 0.418823 0.127774
0.496318 0.057088 0.314208 0.132387
0.360001 0.111049 0.406705 0.122245
0.132318 0.160363 0.466524 0.240795
0.517007 0.075047 0.306290 0.101655
0.747817 0.057188 0.165868 0.029127
0.710651 0.002424 0.174511 0.112415
0.367634 0.074655 0.403806 0.153904
0.689384 0.032635 0.188807 0.089175
0.009048 0.167195 0.576802 0.246956
0.275070 0.072011 0.531046 0.121872
0.000010 0.124093 0.661089 0.214808
0.014351 0.135335 0.563938 0.286375
0.204966 0.086756 0.373808 0.334470
0.182941 0.089179 0.446684 0.281196
0.172194 0.075674 0.423910 0.328223
0.121705 0.094104 0.439931 0.344260
0.007584 0.132810 0.622816 0.236789
0.011687 0.138812 0.617450 0.232051
0.133801 0.057535 0.217658 0.591006
0.191114 0.147574 0.473523 0.187790
0.086932 0.160699 0.501590 0.250779
0.031075 0.155324 0.574170 0.239432
0.104114 0.037180 0.858696 0.000010
0.008259 0.058838 0.035150 0.897753
0.009309 0.079939 0.625752 0.284999
0.012820 0.071886 0.000010 0.915283
0.008253 0.024131 0.000010 0.967607
0.002963 0.067134 0.013180 0.916723
0.012214 0.070489 0.002958 0.914339
0.018054 0.073587 0.113042 0.795318
0.018387 0.053129 0.003977 0.924508
0.000010 0.055393 0.000010 0.944587
0.013241 0.058544 0.000010 0.928205
0.013043 0.050399 0.000010 0.936548
0.008599 0.057205 0.000010 0.934186
0.032604 0.033900 0.047547 0.885948
0.016427 0.075369 0.037198 0.871006
0.015906 0.043450 0.000010 0.940634
0.015728 0.045885 0.000010 0.938377
0.005825 0.026492 0.011950 0.955733
0.013044 0.043987 0.000010 0.942959
0.000010 0.071964 0.135599 0.792427
0.009935 0.047736 0.053793 0.888537
0.012075 0.053169 0.007814 0.926942
0.018297 0.043751 0.054721 0.883230
0.000010 0.055365 0.000010 0.944615
0.008149 0.069307 0.000010 0.922533
0.004718 0.053468 0.059109 0.882705
0.008249 0.052779 0.016678 0.922293
0.015347 0.059953 0.000010 0.924690
0.011908 0.057844 0.022446 0.907802
0.017154 0.069747 0.010185 0.902914
0.014055 0.074763 0.110646 0.800536
0.021362 0.081023 0.152437 0.745178
0.060220 0.065155 0.010815 0.863810
0.006150 0.107497 0.142983 0.743370
0.010389 0.066971 0.023917 0.898723
0.009840 0.074267 0.136655 0.779238
0.000010 0.053995 0.009584 0.936410
0.031543 0.087770 0.110127 0.770559
0.003845 0.065183 0.020133 0.910839
0.000533 0.077992 0.000010 0.921465
0.014037 0.072844 0.056074 0.857044
0.003462 0.070650 0.051978 0.873910
0.000010 0.051701 0.030547 0.917742
0.000188 0.156719 0.142085 0.701008
0.016333 0.059960 0.034140 0.889566
0.072488 0.065387 0.098010 0.764115
0.020548 0.061993 0.127061 0.790398
0.012154 0.054393 0.035076 0.898378
0.069139 0.096061 0.104543 0.730257
0.010671 0.096949 0.122234 0.770146
0.011356 0.102717 0.003925 0.882001
0.008919 0.081462 0.105659 0.803960
0.042029 0.027919 0.093870 0.836182
0.017282 0.050166 0.045077 0.887476
0.049433 0.054350 0.103095 0.793122
0.071368 0.051345 0.126977 0.750310
0.041293 0.036603 0.134116 0.787988
0.058939 0.063391 0.086466 0.791205
0.062128 0.051143 0.141226 0.745503
0.037604 0.055194 0.057933 0.849269
0.100624 0.014987 0.211975 0.672414
