0.031415 0.312626 0.022030 0.151920 0.000010 0.192146 0.289853
0.000010 0.273299 0.012294 0.073978 0.000010 0.257981 0.382428
0.009174 0.360127 0.029938 0.115472 0.000010 0.189962 0.295318
0.000010 0.288610 0.000010 0.090032 0.018301 0.227967 0.375071
0.041727 0.331761 0.000010 0.137963 0.000010 0.182826 0.305703
0.003035 0.315693 0.039489 0.110084 0.000010 0.205588 0.326101
0.003188 0.279503 0.012956 0.113941 0.018744 0.234459 0.337208
0.000010 0.038998 0.000010 0.000010 0.000010 0.434877 0.526084
0.000010 0.046417 0.000010 0.000010 0.000010 0.432050 0.521492
0.004028 0.000010 0.000010 0.007377 0.000026 0.012580 0.975969
0.028746 0.096813 0.001000 0.000010 0.000010 0.394295 0.479125
0.003852 0.107245 0.000010 0.000010 0.000010 0.436948 0.451925
0.030111 0.076797 0.000010 0.762108 0.130954 0.000010 0.000010
0.067141 0.165122 0.021507 0.588951 0.157259 0.000010 0.000010
0.000010 0.064568 0.006820 0.884781 0.034391 0.005572 0.003858
0.076905 0.161406 0.047402 0.590812 0.111245 0.000010 0.012220
0.039664 0.342418 0.019566 0.103653 0.005740 0.186781 0.302178
0.040263 0.307880 0.009309 0.124566 0.000010 0.187470 0.330502
0.000010 0.032335 0.000010 0.000010 0.000010 0.422354 0.545271
0.000010 0.049459 0.000010 0.000010 0.000010 0.496519 0.453982
0.000010 0.056324 0.000010 0.000010 0.000010 0.445734 0.497902
0.000010 0.000010 0.000010 0.000018 0.000010 0.000010 0.999932
0.032200 0.069989 0.008709 0.000010 0.000010 0.430554 0.458528
0.000010 0.093948 0.004749 0.000010 0.017292 0.401560 0.482430
0.000201 0.058252 0.011378 0.841777 0.088371 0.000010 0.000010
0.008008 0.121868 0.018713 0.793173 0.058059 0.000010 0.000168
0.034961 0.036598 0.002336 0.903775 0.000010 0.015164 0.007156
0.071904 0.152522 0.013463 0.573449 0.188642 0.000010 0.000010
0.031744 0.355501 0.018379 0.087650 0.004972 0.197800 0.303955
0.012013 0.315351 0.019316 0.115654 0.040529 0.202099 0.295038
0.000010 0.080949 0.000010 0.000010 0.000010 0.376637 0.542375
0.000010 0.037757 0.000010 0.000010 0.000010 0.529142 0.433061
0.000014 0.000010 0.000010 0.007608 0.000010 0.043925 0.948424
0.000010 0.000010 0.000010 0.000010 0.000010 0.000010 0.999940
0.017189 0.072046 0.022473 0.000010 0.000010 0.400879 0.487393
0.005218 0.073926 0.024271 0.000010 0.011333 0.398026 0.487215
0.000010 0.113640 0.030082 0.731279 0.124969 0.000010 0.000010
0.025949 0.083545 0.001199 0.834276 0.036008 0.008799 0.010224
0.002757 0.117467 0.000010 0.775223 0.104523 0.000010 0.000010
0.053125 0.173762 0.046025 0.587861 0.131229 0.000010 0.007989
0.000010 0.288484 0.047873 0.119825 0.005039 0.203239 0.335531
0.038230 0.327735 0.000010 0.095219 0.041920 0.185871 0.311015
0.000010 0.043430 0.000010 0.000010 0.000010 0.453417 0.503113
0.000010 0.027314 0.000010 0.000010 0.000010 0.443600 0.529047
0.000010 0.000010 0.000010 0.000010 0.000010 0.000010 0.999940
0.000010 0.000010 0.000010 0.011058 0.000759 0.034151 0.954003
0.000010 0.000010 0.000010 0.000010 0.000010 0.000010 0.999940
0.029082 0.104039 0.000010 0.000010 0.000010 0.403623 0.463226
0.022786 0.076205 0.021735 0.000010 0.000010 0.388924 0.490331
0.000010 0.139103 0.028991 0.707689 0.124187 0.000010 0.000010
0.000010 0.024556 0.024625 0.920806 0.004918 0.015922 0.009163
0.013125 0.093212 0.028196 0.840154 0.025293 0.000010 0.000010
0.060618 0.139700 0.029229 0.649620 0.104105 0.000010 0.016718
0.000332 0.087216 0.027724 0.803429 0.081279 0.000010 0.000010
0.200527 0.049622 0.079401 0.475676 0.194754 0.000010 0.000010
0.024196 0.048328 0.034914 0.807244 0.078359 0.006950 0.000010
0.009233 0.510011 0.000010 0.377468 0.103259 0.000010 0.000010
0.046566 0.284467 0.013972 0.529015 0.105756 0.000010 0.020214
0.000010 0.630307 0.000010 0.332866 0.036787 0.000010 0.000010
0.025935 0.347242 0.021052 0.482868 0.103109 0.001030 0.018765
0.049054 0.297155 0.011656 0.191851 0.000010 0.173767 0.276507
0.043039 0.082989 0.024160 0.736475 0.113316 0.000011 0.000010
0.057869 0.098919 0.002167 0.702294 0.138731 0.000010 0.000010
0.003475 0.463541 0.018871 0.389582 0.084146 0.012003 0.028382
0.057725 0.589469 0.010924 0.207621 0.026528 0.034567 0.073166
0.089070 0.424908 0.001911 0.425571 0.045933 0.000010 0.012598
0.057211 0.367896 0.016392 0.436378 0.085259 0.001575 0.035289
0.045930 0.279207 0.004144 0.147307 0.027321 0.198249 0.297842
0.051016 0.322452 0.000010 0.121792 0.007368 0.187990 0.309373
0.030794 0.102783 0.010202 0.741077 0.115124 0.000010 0.000010
0.169315 0.087023 0.055519 0.503817 0.182719 0.001597 0.000010
0.005934 0.068582 0.044485 0.790989 0.089991 0.000010 0.000010
0.028976 0.476786 0.019092 0.376431 0.076654 0.020137 0.001923
0.042869 0.299876 0.029168 0.469419 0.133618 0.000010 0.025040
0.041755 0.369158 0.003207 0.486473 0.099386 0.000010 0.000010
0.012180 0.361823 0.045865 0.420531 0.103983 0.011956 0.043662
0.043248 0.282365 0.041786 0.174120 0.024043 0.148916 0.285523
0.066288 0.351641 0.000010 0.115936 0.024974 0.173997 0.267154
0.007428 0.298896 0.038964 0.126892 0.029058 0.198362 0.300400
0.000010 0.054845 0.000010 0.000010 0.000010 0.428620 0.516496
0.000010 0.000010 0.000010 0.000010 0.000010 0.000010 0.999940
0.000010 0.000010 0.009452 0.000580 0.001150 0.098504 0.890293
0.000010 0.000010 0.000010 0.000010 0.000010 0.000010 0.999940
0.046978 0.058145 0.000241 0.011671 0.003163 0.465912 0.413889
0.023477 0.061905 0.023502 0.000010 0.000010 0.408731 0.482365
0.040871 0.120305 0.002774 0.721857 0.114174 0.000010 0.000010
0.000010 0.057063 0.003004 0.915224 0.010662 0.014027 0.000010
0.017109 0.132807 0.041556 0.734586 0.073922 0.000010 0.000010
0.010567 0.148498 0.074518 0.574044 0.162760 0.000010 0.029603
0.015839 0.351826 0.004549 0.093740 0.042092 0.192366 0.299587
0.012894 0.212934 0.000010 0.039878 0.000010 0.275203 0.459071
0.000010 0.047500 0.000010 0.000010 0.000010 0.455855 0.496605
0.000010 0.044988 0.000010 0.000010 0.000010 0.423273 0.531700
0.000010 0.000010 0.002130 0.000010 0.000010 0.020783 0.977047
0.000010 0.000010 0.000010 0.000010 0.000010 0.000010 0.999940
0.001054 0.105790 0.014206 0.000010 0.001425 0.409878 0.467637
0.029681 0.078573 0.008108 0.000010 0.000010 0.418130 0.465488
0.000010 0.129316 0.029168 0.713425 0.128061 0.000010 0.000010
0.000467 0.063970 0.036301 0.840934 0.058308 0.000010 0.000010
0.091964 0.155563 0.017408 0.602889 0.117230 0.000010 0.014937
0.040847 0.082558 0.013431 0.769933 0.090810 0.002412 0.000010
0.305827 0.089153 0.096792 0.240553 0.267650 0.000015 0.000010
0.040797 0.033503 0.019998 0.827639 0.066713 0.003912 0.007438
0.000010 0.624948 0.000010 0.311344 0.063669 0.000010 0.000010
0.033123 0.497156 0.022403 0.382143 0.063525 0.001639 0.000010
0.065962 0.386797 0.000010 0.448841 0.093590 0.000010 0.004789
0.045012 0.251287 0.011109 0.127893 0.054635 0.186266 0.323797
0.011691 0.325930 0.031464 0.134175 0.007915 0.188773 0.300052
0.000010 0.040473 0.000010 0.000010 0.000010 0.467053 0.492434
0.000010 0.053699 0.000010 0.000010 0.000010 0.466473 0.479788
0.000010 0.000010 0.000010 0.000010 0.000010 0.000010 0.999940
0.000010 0.000010 0.000010 0.000010 0.005606 0.087829 0.906525
0.028266 0.098688 0.000010 0.000010 0.002449 0.408755 0.461823
0.033608 0.150174 0.005888 0.686873 0.122850 0.000010 0.000598
0.002631 0.089283 0.017069 0.868569 0.021974 0.000464 0.000010
0.008838 0.065077 0.002125 0.902447 0.005463 0.000010 0.016040
0.062793 0.169738 0.018888 0.583792 0.156209 0.000010 0.008569
0.041458 0.084616 0.012301 0.775486 0.078370 0.000010 0.007759
0.177056 0.067412 0.079348 0.432711 0.230866 0.012597 0.000010
0.017157 0.059024 0.007680 0.793038 0.114267 0.000010 0.008825
0.000010 0.511970 0.021232 0.401264 0.064615 0.000010 0.000899
0.000010 0.601732 0.000010 0.321864 0.068719 0.007655 0.000010
0.020649 0.393609 0.023175 0.456497 0.101870 0.000010 0.004190
0.027004 0.394752 0.030120 0.162108 0.008730 0.150908 0.226378
0.013486 0.326391 0.019452 0.104044 0.000010 0.226233 0.310384
0.000010 0.018159 0.000010 0.000010 0.000010 0.494807 0.486994
0.000010 0.041353 0.000010 0.000010 0.000010 0.413161 0.545446
0.000010 0.000010 0.000010 0.000010 0.000010 0.000010 0.999940
0.000010 0.000010 0.000010 0.000010 0.000010 0.000010 0.999940
0.031084 0.069423 0.000010 0.003869 0.000010 0.433091 0.462513
0.024196 0.102575 0.011013 0.000010 0.003727 0.386652 0.471827
0.011175 0.134133 0.023492 0.661719 0.169145 0.000010 0.000327
0.000010 0.063184 0.000010 0.892456 0.030037 0.014292 0.000010
0.000010 0.044989 0.001280 0.911264 0.033620 0.002532 0.006305
0.062912 0.173953 0.029651 0.564373 0.159855 0.000010 0.009246
0.066687 0.125019 0.016992 0.719427 0.071855 0.000010 0.000010
0.175419 0.084252 0.072419 0.441048 0.225044 0.001216 0.000603
0.001769 0.070759 0.031467 0.788864 0.107121 0.000010 0.000010
0.000010 0.787197 0.000010 0.193727 0.019036 0.000010 0.000010
0.079780 0.354869 0.007348 0.434665 0.088972 0.000010 0.034357
0.006656 0.310233 0.031360 0.451656 0.096451 0.030263 0.073382
0.008013 0.229614 0.018513 0.137143 0.040596 0.220191 0.345931
0.010358 0.303154 0.028096 0.120164 0.000010 0.218320 0.319899
0.000010 0.046154 0.000010 0.000010 0.000010 0.431935 0.521871
0.000010 0.037221 0.000010 0.000010 0.000010 0.413153 0.549586
0.000010 0.000010 0.000010 0.000016 0.000010 0.000010 0.999934
0.000010 0.000010 0.000010 0.002641 0.000010 0.000010 0.997309
0.000010 0.000010 0.000014 0.000010 0.000010 0.000010 0.999936
0.031992 0.074493 0.013911 0.000010 0.014282 0.400796 0.464517
0.006230 0.084293 0.000010 0.000010 0.000010 0.416438 0.493009
0.043442 0.164058 0.011522 0.671580 0.109378 0.000010 0.000010
0.048316 0.079982 0.001026 0.778368 0.069637 0.008502 0.014169
0.000010 0.041717 0.000010 0.929588 0.008035 0.009515 0.011125
0.072469 0.212081 0.011512 0.540572 0.152203 0.000010 0.011154
0.050306 0.113256 0.037195 0.685661 0.113563 0.000010 0.000010
0.044509 0.070494 0.009028 0.791996 0.074060 0.009904 0.000010
0.051267 0.438658 0.040178 0.405667 0.064211 0.000010 0.000010
0.026509 0.503817 0.030513 0.356334 0.069001 0.009967 0.003860
0.047532 0.327282 0.010452 0.485026 0.096704 0.005771 0.027232
0.004102 0.640512 0.017767 0.292455 0.045144 0.000010 0.000010
0.000010 0.000010 0.000010 0.937378 0.000010 0.051423 0.011159
0.001123 0.342701 0.000010 0.111229 0.054727 0.196675 0.293535
0.000010 0.031165 0.000010 0.000010 0.000010 0.477188 0.491607
0.000010 0.021367 0.000010 0.000010 0.013308 0.175804 0.789491
0.000010 0.000010 0.000010 0.002011 0.000010 0.000010 0.997939
0.045828 0.063175 0.014003 0.005767 0.000010 0.413546 0.457671
0.013998 0.081550 0.007343 0.000010 0.000010 0.427622 0.469467
0.058902 0.104356 0.010592 0.794146 0.031985 0.000010 0.000010
0.000773 0.108474 0.008951 0.820709 0.061072 0.000010 0.000010
0.000010 0.096764 0.026650 0.796335 0.080222 0.000010 0.000010
0.013548 0.080727 0.011719 0.785245 0.107072 0.001680 0.000010
0.214950 0.066111 0.036661 0.461869 0.220389 0.000010 0.000010
0.026995 0.068250 0.026554 0.783781 0.094399 0.000010 0.000010
0.000010 0.700409 0.000010 0.230734 0.068816 0.000010 0.000010
0.027639 0.494063 0.000010 0.397390 0.069480 0.000010 0.011408
0.021377 0.583842 0.049564 0.210851 0.051383 0.020256 0.062728
0.025705 0.520643 0.000010 0.406351 0.047270 0.000010 0.000010
0.023199 0.267549 0.035980 0.090922 0.003101 0.209804 0.369444
0.000010 0.000010 0.000010 0.948798 0.000010 0.041302 0.009860
0.000010 0.041868 0.000010 0.000010 0.000010 0.425319 0.532772
0.000010 0.000010 0.000010 0.000010 0.000010 0.000010 0.999940
0.000010 0.056341 0.000010 0.000010 0.000010 0.431462 0.512157
0.000010 0.044483 0.000010 0.000010 0.000010 0.450284 0.505193
0.044878 0.041174 0.006083 0.799932 0.099799 0.000010 0.008124
0.047112 0.499607 0.025958 0.352594 0.074710 0.000010 0.000010
0.221383 0.066093 0.038043 0.460584 0.207861 0.006026 0.000010
0.000010 0.050999 0.022957 0.806908 0.114663 0.000010 0.004453
0.026237 0.578554 0.000010 0.333314 0.053225 0.002375 0.006285
0.045450 0.330326 0.051910 0.481360 0.079890 0.000010 0.011054
0.015497 0.336477 0.017215 0.326834 0.085933 0.073242 0.144802
0.040277 0.257028 0.000010 0.148735 0.038491 0.204796 0.310662
0.000010 0.000010 0.000010 0.946968 0.000010 0.033650 0.019342
0.000010 0.000010 0.000010 0.011920 0.000010 0.000639 0.987401
0.056041 0.088617 0.000010 0.000010 0.000010 0.415065 0.440247
0.012514 0.085936 0.000010 0.000010 0.008654 0.425209 0.467667
0.022883 0.100778 0.000010 0.000010 0.000010 0.410602 0.465708
0.000010 0.062866 0.000010 0.877617 0.043779 0.000010 0.015708
0.000010 0.096639 0.004601 0.813861 0.084869 0.000010 0.000010
0.051502 0.094322 0.022798 0.711839 0.118722 0.000808 0.000010
0.023411 0.044248 0.018187 0.795565 0.111394 0.000010 0.007185
0.222448 0.075283 0.042542 0.460304 0.190746 0.008667 0.000010
0.002258 0.769501 0.000010 0.175216 0.052994 0.000010 0.000010
0.051177 0.463353 0.010867 0.382141 0.066524 0.000010 0.025927
0.060079 0.316658 0.033155 0.466594 0.080678 0.010945 0.031890
0.055820 0.397923 0.000010 0.467450 0.069237 0.000010 0.009551
0.048328 0.322722 0.018909 0.472522 0.119654 0.014116 0.003750
0.000010 0.000010 0.000010 0.942737 0.000010 0.041279 0.015944
0.164201 0.093435 0.038440 0.504324 0.199579 0.000010 0.000010
0.028656 0.071436 0.032898 0.771228 0.094814 0.000010 0.000957
0.013485 0.575044 0.011366 0.323807 0.070224 0.000010 0.006065
0.013472 0.480092 0.020258 0.376405 0.091467 0.000010 0.018297
0.087104 0.573443 0.016691 0.204391 0.016746 0.029779 0.071846
0.036341 0.410147 0.027079 0.430626 0.095787 0.000010 0.000010
0.045034 0.237204 0.022857 0.149738 0.000010 0.187138 0.358019
0.000010 0.000010 0.000010 0.960425 0.000010 0.032723 0.006812
0.000010 0.000010 0.000010 0.954461 0.000010 0.036818 0.008682
0.037147 0.000010 0.032584 0.810075 0.066235 0.045390 0.008559
0.033869 0.044146 0.014954 0.874588 0.032423 0.000010 0.000010
0.119999 0.174367 0.060733 0.410674 0.175676 0.019088 0.039464
0.000010 0.948912 0.000010 0.000010 0.000010 0.025397 0.025651
0.000010 0.873340 0.000010 0.003518 0.000010 0.049161 0.073951
0.007560 0.296041 0.019427 0.656579 0.020373 0.000010 0.000010
0.000010 0.272170 0.000010 0.653654 0.074135 0.000010 0.000010
0.011072 0.266936 0.006407 0.664122 0.051443 0.000010 0.000010
0.006272 0.043337 0.016445 0.840919 0.033138 0.042660 0.017229
0.000010 0.000010 0.016556 0.932096 0.000010 0.026671 0.024648
0.012302 0.069710 0.014906 0.842626 0.058784 0.000010 0.001661
0.181678 0.151710 0.060965 0.398029 0.133163 0.032946 0.041510
0.000010 0.919207 0.000010 0.000010 0.000010 0.022012 0.058741
0.000010 0.963442 0.000010 0.036508 0.000010 0.000010 0.000010
0.047757 0.262543 0.000010 0.635045 0.054625 0.000010 0.000010
0.002243 0.282922 0.000010 0.619407 0.095398 0.000010 0.000010
0.000010 0.000010 0.000010 0.777933 0.000010 0.160708 0.061318
0.018027 0.518527 0.001276 0.400753 0.056673 0.000010 0.004734
0.000010 0.000010 0.000010 0.942168 0.001361 0.056078 0.000363
0.169753 0.103223 0.038546 0.487499 0.190786 0.010183 0.000010
0.195748 0.154785 0.100739 0.351780 0.168351 0.000010 0.028586
0.000010 0.871868 0.008997 0.000010 0.000010 0.037804 0.081301
0.000010 0.984554 0.000010 0.000010 0.000010 0.003245 0.012160
0.022955 0.284754 0.014175 0.642570 0.035526 0.000010 0.000010
0.000971 0.273627 0.023040 0.646630 0.055711 0.000010 0.000010
0.000010 0.288000 0.000010 0.647655 0.064305 0.000010 0.000010
0.000010 0.006696 0.000010 0.839388 0.001178 0.094624 0.058094
0.000010 0.000010 0.000010 0.946563 0.000010 0.033536 0.019860
0.045874 0.003492 0.008958 0.802973 0.099394 0.027321 0.011988
0.158959 0.096183 0.046765 0.488580 0.205517 0.003985 0.000010
0.150878 0.199458 0.056678 0.401037 0.105631 0.044922 0.041394
0.000010 0.702380 0.000010 0.000010 0.000010 0.099879 0.197701
0.000010 0.935807 0.001707 0.000010 0.008245 0.015639 0.038582
0.005517 0.298251 0.011548 0.626943 0.057721 0.000010 0.000010
0.000010 0.291605 0.025607 0.618028 0.064730 0.000010 0.000010
0.019004 0.284539 0.013596 0.641811 0.041030 0.000010 0.000010
0.000010 0.000010 0.000010 0.754535 0.000010 0.173212 0.072212
0.016140 0.103958 0.009039 0.000010 0.000010 0.386898 0.483945
0.029478 0.066767 0.022656 0.000010 0.000010 0.415054 0.466026
0.057832 0.142305 0.008885 0.669157 0.121801 0.000010 0.000010
0.000010 0.051440 0.000010 0.923545 0.000010 0.014179 0.010805
0.052373 0.177539 0.031257 0.578042 0.148890 0.000010 0.011889
0.000010 0.000010 0.000010 0.956571 0.000010 0.019181 0.024208
0.016265 0.052310 0.000010 0.903654 0.019523 0.000010 0.008228
0.159258 0.088706 0.070944 0.515994 0.165078 0.000010 0.000010
0.095311 0.165120 0.067964 0.450822 0.155437 0.021089 0.044257
0.000010 0.864686 0.000010 0.000010 0.000010 0.044342 0.090932
0.000010 0.970819 0.000010 0.000010 0.000010 0.015821 0.013320
0.011184 0.271665 0.004182 0.647230 0.064164 0.001565 0.000010
0.000010 0.274712 0.047545 0.635061 0.042652 0.000010 0.000010
0.017279 0.267013 0.010378 0.642779 0.060043 0.002497 0.000010
0.021691 0.018111 0.000010 0.831599 0.000010 0.100849 0.027730
0.020509 0.079815 0.004615 0.853438 0.041604 0.000010 0.000010
0.210838 0.055840 0.054549 0.439148 0.221039 0.018575 0.000010
0.000010 0.945638 0.000010 0.000010 0.000010 0.027935 0.026387
0.006961 0.953583 0.001595 0.000010 0.000010 0.019876 0.017965
0.000010 0.788488 0.000010 0.000010 0.000010 0.074509 0.136963
0.001231 0.297522 0.021530 0.648945 0.030751 0.000010 0.000010
0.052473 0.008650 0.025761 0.811839 0.067547 0.029714 0.004016
0.037309 0.052184 0.000010 0.824286 0.086191 0.000010 0.000010
0.164489 0.100345 0.071923 0.427775 0.235447 0.000010 0.000010
0.131755 0.194651 0.055350 0.411444 0.165961 0.014590 0.026249
0.000010 0.949612 0.000010 0.000010 0.000010 0.024909 0.025439
0.000010 0.978873 0.000010 0.000010 0.000010 0.000010 0.021077
0.008305 0.275149 0.000010 0.651100 0.065416 0.000010 0.000010
0.000010 0.294108 0.007867 0.650590 0.047405 0.000010 0.000010
0.003181 0.305424 0.012946 0.634356 0.044073 0.000010 0.000010
0.000010 0.000010 0.000010 0.801446 0.000010 0.140422 0.058092
0.000010 0.000010 0.021158 0.860353 0.060396 0.040023 0.018049
0.016145 0.073189 0.004493 0.852453 0.053700 0.000010 0.000010
0.157169 0.100045 0.050233 0.430192 0.259163 0.003188 0.000010
0.126548 0.183968 0.034133 0.417575 0.155460 0.015903 0.066411
0.000010 0.931289 0.000010 0.000264 0.000010 0.029867 0.038550
0.000010 0.920527 0.010301 0.000010 0.000010 0.022635 0.046507
0.033178 0.264163 0.012684 0.639897 0.050057 0.000010 0.000010
0.009913 0.272369 0.037513 0.655799 0.024386 0.000010 0.000010
0.022241 0.300336 0.024896 0.622056 0.030451 0.000010 0.000010
0.018514 0.000010 0.029990 0.854287 0.039097 0.047632 0.010471
0.039459 0.063955 0.000010 0.853968 0.042589 0.000010 0.000010
0.195595 0.172246 0.052025 0.385394 0.128653 0.012406 0.053681
0.000010 0.955298 0.000010 0.000010 0.000010 0.023098 0.021564
0.000010 0.935241 0.000010 0.000010 0.001106 0.031002 0.032621
0.034350 0.310730 0.001890 0.623856 0.029153 0.000010 0.000010
0.000010 0.000010 0.028346 0.831834 0.089007 0.045464 0.005329
0.031624 0.069256 0.000010 0.865127 0.033074 0.000900 0.000010
0.158368 0.148750 0.075452 0.425087 0.137819 0.019706 0.034819
0.000010 0.954100 0.000010 0.000010 0.000010 0.011397 0.034462
0.000010 0.909191 0.000010 0.000010 0.000010 0.033608 0.057160
0.000010 0.280153 0.032339 0.655581 0.031896 0.000010 0.000010
0.004222 0.315440 0.006728 0.634256 0.039334 0.000010 0.000010
0.000010 0.000010 0.000010 0.780304 0.000010 0.150945 0.068711
0.000010 0.000010 0.000010 0.783967 0.000010 0.158179 0.057814
0.018689 0.253259 0.040880 0.514175 0.130664 0.000010 0.042323
0.029059 0.355163 0.033962 0.451059 0.106309 0.007332 0.017117
0.031876 0.279617 0.022933 0.090742 0.028926 0.201544 0.344363
0.008631 0.000010 0.032292 0.853872 0.053076 0.035198 0.016921
0.017915 0.074879 0.021933 0.875669 0.009529 0.000010 0.000066
0.220036 0.064456 0.041880 0.452757 0.220848 0.000013 0.000010
0.000010 0.938764 0.000010 0.000010 0.000295 0.044000 0.016912
0.000010 0.879857 0.000010 0.000010 0.000010 0.052135 0.067968
0.001968 0.290012 0.028084 0.625423 0.054492 0.000010 0.000010
0.000010 0.291703 0.000010 0.632079 0.076177 0.000010 0.000010
0.000010 0.000010 0.000010 0.770579 0.000010 0.157601 0.071779
0.016218 0.107873 0.002031 0.000010 0.000010 0.407867 0.465991
0.027899 0.047513 0.002099 0.904749 0.017721 0.000010 0.000010
0.000010 0.000010 0.017482 0.821982 0.000010 0.111380 0.049126
0.015167 0.278625 0.023338 0.630202 0.052648 0.000010 0.000010
0.000010 0.961253 0.000010 0.000010 0.000010 0.021574 0.017133
0.000010 0.302363 0.018428 0.635227 0.043951 0.000010 0.000010
0.156382 0.176708 0.065748 0.438220 0.121640 0.007105 0.034197
0.226852 0.073346 0.064542 0.471736 0.163505 0.000010 0.000010
0.037391 0.000010 0.035989 0.767878 0.098643 0.038304 0.021785
0.000010 0.681398 0.000010 0.000010 0.000010 0.107259 0.211304
0.073255 0.117689 0.013994 0.722152 0.072890 0.000010 0.000010
0.000010 0.003309 0.000010 0.026487 0.024186 0.611565 0.334433
0.014812 0.014480 0.000010 0.011282 0.000010 0.632651 0.326755
0.023664 0.000010 0.005158 0.029594 0.000010 0.660083 0.281481
0.000010 0.000010 0.000010 0.018261 0.027760 0.680847 0.273103
0.160440 0.035668 0.044232 0.312051 0.441733 0.005866 0.000010
0.179340 0.078108 0.074401 0.300115 0.366996 0.001030 0.000010
0.146705 0.058304 0.061280 0.297542 0.436149 0.000010 0.000010
0.119637 0.052527 0.072641 0.313758 0.426980 0.014447 0.000010
0.023708 0.022459 0.000010 0.050520 0.000010 0.582317 0.320976
0.000010 0.034107 0.000010 0.000010 0.000010 0.533402 0.432451
0.000010 0.034726 0.000010 0.000010 0.000010 0.566267 0.398967
0.002381 0.038940 0.000010 0.000010 0.000010 0.542382 0.416268
0.000010 0.037041 0.000010 0.000010 0.000010 0.548673 0.414245
0.000010 0.034350 0.000010 0.000010 0.006681 0.549626 0.409313
0.000010 0.010039 0.000010 0.017767 0.011921 0.629215 0.331038
0.000010 0.043489 0.000010 0.000010 0.000010 0.528670 0.427801
0.073763 0.069999 0.000010 0.044981 0.135919 0.408964 0.266363
0.000010 0.000010 0.011303 0.165087 0.004501 0.682572 0.136517
0.000010 0.000191 0.000010 0.016266 0.041748 0.677566 0.264209
0.006336 0.000010 0.000010 0.027165 0.025647 0.694284 0.246548
0.000010 0.000010 0.009977 0.027007 0.017668 0.699682 0.245646
0.028459 0.000010 0.003213 0.027781 0.009173 0.681701 0.249662
0.000010 0.000010 0.015919 0.043060 0.017201 0.708196 0.215604
0.024817 0.003092 0.000010 0.013175 0.000010 0.629407 0.329489
0.000010 0.000010 0.021660 0.040795 0.000906 0.697997 0.238622
0.012169 0.000010 0.004660 0.011423 0.036279 0.679303 0.256156
0.040217 0.000010 0.012842 0.008931 0.005684 0.690544 0.241772
0.000010 0.000010 0.017318 0.041288 0.016441 0.657359 0.267575
0.000010 0.013062 0.019515 0.000010 0.000010 0.648588 0.318805
0.000010 0.014670 0.015233 0.008329 0.000010 0.610264 0.351485
0.000010 0.000010 0.000010 0.000010 0.025663 0.678665 0.295632
0.000010 0.000010 0.003165 0.035313 0.000010 0.646442 0.315051
0.000274 0.016509 0.023273 0.016442 0.000010 0.641157 0.302336
0.000010 0.008710 0.011806 0.000010 0.005475 0.674103 0.299885
0.000010 0.022479 0.000010 0.001910 0.007787 0.658614 0.309191
0.000010 0.017774 0.007044 0.000010 0.000010 0.664531 0.310621
0.006596 0.021464 0.002695 0.000010 0.000010 0.650182 0.319043
0.000010 0.000010 0.009920 0.005932 0.019727 0.617488 0.346912
0.000010 0.002654 0.003962 0.012108 0.024716 0.615547 0.341003
0.000010 0.000010 0.003459 0.039622 0.021483 0.654577 0.280839
0.000010 0.000010 0.009019 0.037319 0.000010 0.703578 0.250053
0.000010 0.000010 0.009071 0.020684 0.017601 0.703795 0.248829
0.000010 0.000010 0.013729 0.002481 0.000010 0.746189 0.237571
0.000010 0.000010 0.015640 0.000010 0.000010 0.769297 0.215023
0.000010 0.000010 0.008463 0.000829 0.000010 0.771910 0.218768
0.000010 0.000010 0.001598 0.000010 0.000010 0.773314 0.225048
0.012281 0.000010 0.000010 0.035889 0.017543 0.624932 0.309336
0.043928 0.000010 0.000010 0.019032 0.000010 0.650488 0.286523
0.022348 0.000010 0.000010 0.033345 0.010314 0.613785 0.320189
0.000010 0.007841 0.011563 0.004013 0.005427 0.660214 0.310931
0.000010 0.003059 0.000010 0.008070 0.019244 0.629209 0.340397
0.000010 0.000010 0.000010 0.020015 0.022482 0.728046 0.229427
0.017518 0.002899 0.011905 0.002045 0.000010 0.649815 0.315808
0.000010 0.030146 0.000010 0.012412 0.000010 0.625220 0.332192
0.000010 0.000010 0.000010 0.015974 0.021133 0.643034 0.319829
0.000881 0.000010 0.007516 0.011420 0.006077 0.694405 0.279691
0.000010 0.000010 0.005829 0.000010 0.000010 0.685745 0.308386
0.000010 0.000810 0.007911 0.039878 0.000010 0.649760 0.301622
0.000010 0.019799 0.024400 0.000010 0.000010 0.615733 0.340038
0.003571 0.000010 0.011505 0.034026 0.014498 0.665841 0.270548
0.007174 0.000010 0.000010 0.011638 0.031682 0.629942 0.319544
0.013955 0.000010 0.005750 0.033463 0.015950 0.578672 0.352200
0.011019 0.000010 0.000010 0.000010 0.030636 0.684602 0.273712
0.023082 0.000010 0.012834 0.004376 0.018141 0.699760 0.241797
0.025799 0.001397 0.006320 0.013348 0.000010 0.601480 0.351647
0.000010 0.000010 0.000010 0.053224 0.007079 0.701123 0.238543
0.000010 0.000010 0.017166 0.028644 0.000010 0.637852 0.316308
0.003767 0.004836 0.000010 0.000010 0.035428 0.630716 0.325233
0.005545 0.000010 0.000010 0.003959 0.018053 0.737187 0.235236
0.000258 0.000010 0.000010 0.031967 0.049000 0.681906 0.236849
0.000010 0.000010 0.010347 0.043927 0.008890 0.690210 0.246606
0.007115 0.000010 0.014044 0.023869 0.008056 0.682867 0.264040
0.003728 0.000010 0.000010 0.022574 0.029608 0.666709 0.277360
0.122660 0.000010 0.000010 0.123211 0.207031 0.391908 0.155170
0.005104 0.018059 0.002985 0.000010 0.026093 0.561883 0.385867
0.000010 0.023402 0.000010 0.000010 0.008463 0.577466 0.390639
0.000010 0.031543 0.004964 0.000010 0.006738 0.563994 0.392740
0.000010 0.038292 0.000010 0.000010 0.000010 0.574138 0.387530
0.000338 0.028599 0.001935 0.000010 0.025352 0.576241 0.367526
0.000010 0.026983 0.004747 0.000010 0.000010 0.566402 0.401837
0.000010 0.038352 0.000010 0.000010 0.000010 0.564355 0.397253
0.000010 0.029535 0.000010 0.000010 0.000010 0.554249 0.416176
0.002925 0.021978 0.007077 0.004749 0.003966 0.610244 0.349061
0.008545 0.000010 0.003598 0.030414 0.015158 0.643250 0.299024
0.002414 0.027914 0.000010 0.001243 0.017430 0.606058 0.344931
0.003676 0.027189 0.000010 0.031958 0.002825 0.608819 0.325522
0.015963 0.019307 0.001374 0.020044 0.003396 0.605964 0.333953
0.000010 0.015843 0.016400 0.003307 0.013316 0.616731 0.334393
0.000010 0.030984 0.000010 0.000010 0.000010 0.576735 0.392241
0.004981 0.000820 0.004050 0.000010 0.037209 0.612267 0.340664
0.000010 0.014985 0.000010 0.042986 0.000010 0.589114 0.352885
0.000907 0.000010 0.001632 0.029627 0.052021 0.664059 0.251744
0.005285 0.008635 0.000010 0.010126 0.027691 0.640968 0.307286
0.000010 0.003784 0.000010 0.013970 0.040917 0.597927 0.343382
0.002221 0.004357 0.027353 0.000246 0.000010 0.603710 0.362104
0.002462 0.000010 0.000457 0.012678 0.042655 0.658564 0.283174
0.136725 0.049103 0.073834 0.218763 0.459018 0.062547 0.000010
0.277318 0.009654 0.012579 0.142559 0.419463 0.133347 0.005081
0.220379 0.000010 0.031939 0.240099 0.374763 0.132800 0.000010
0.050004 0.027960 0.027500 0.039216 0.094055 0.453947 0.307317
0.118770 0.018162 0.057212 0.216567 0.527758 0.061521 0.000010
0.117086 0.034733 0.061706 0.234552 0.517272 0.034640 0.000010
0.103159 0.018575 0.033114 0.125856 0.272824 0.331318 0.115155
0.113134 0.026278 0.033435 0.126397 0.276123 0.292099 0.132535
0.274955 0.011800 0.029572 0.132749 0.313071 0.177984 0.059869
0.079971 0.002109 0.839041 0.012707 0.062806 0.003356 0.000010
0.099837 0.016460 0.080257 0.206174 0.539494 0.057769 0.000010
0.174374 0.000010 0.048415 0.223940 0.504422 0.048829 0.000010
0.079720 0.017435 0.019506 0.172701 0.282462 0.317419 0.110757
0.266309 0.000016 0.017569 0.195600 0.384023 0.136472 0.000010
0.070494 0.000010 0.017470 0.193260 0.382486 0.320151 0.016129
0.146268 0.014012 0.065605 0.252623 0.482758 0.038725 0.000010
0.112334 0.009820 0.035041 0.123148 0.271702 0.301252 0.146702
0.086945 0.020648 0.014754 0.127759 0.309844 0.306233 0.133817
0.123309 0.052928 0.022943 0.096754 0.209085 0.319639 0.175341
0.096031 0.032340 0.000010 0.040743 0.096615 0.433929 0.300331
0.064869 0.002893 0.020860 0.153425 0.308868 0.365417 0.083668
0.068488 0.000010 0.026828 0.183729 0.365270 0.332159 0.023516
0.168672 0.023420 0.048727 0.205631 0.517767 0.035773 0.000010
0.083788 0.000010 0.050680 0.188101 0.333550 0.329071 0.014800
0.126607 0.017369 0.031975 0.215983 0.531843 0.076212 0.000010
0.103792 0.005870 0.008397 0.141013 0.257429 0.337860 0.145639
0.079112 0.013250 0.017127 0.138887 0.288017 0.330532 0.133075
0.087429 0.027894 0.000010 0.055487 0.144684 0.406417 0.278079
0.132092 0.017792 0.074042 0.220147 0.499039 0.056878 0.000010
0.040544 0.000010 0.032631 0.211722 0.370978 0.328444 0.015671
0.144305 0.000010 0.085196 0.220370 0.494405 0.055704 0.000010
0.320071 0.016994 0.026368 0.137762 0.274549 0.193065 0.031192
0.256575 0.003472 0.009760 0.156172 0.313941 0.218827 0.041253
0.117035 0.000010 0.070826 0.221631 0.539176 0.051312 0.000010
0.162335 0.020321 0.056856 0.225358 0.486117 0.049002 0.000010
0.048362 0.000010 0.012639 0.215045 0.379742 0.319654 0.024547
0.035349 0.052760 0.015894 0.051085 0.092571 0.458676 0.293663
0.073089 0.037713 0.026991 0.094800 0.180490 0.361495 0.225421
0.119228 0.000304 0.003484 0.142070 0.272913 0.323028 0.138973
0.260907 0.000010 0.014990 0.184611 0.326580 0.195230 0.017672
0.069095 0.000010 0.031961 0.219150 0.328852 0.330509 0.020424
0.329033 0.013760 0.034688 0.145091 0.276321 0.180312 0.020795
0.072998 0.024027 0.020231 0.040771 0.097810 0.424845 0.319318
0.324220 0.014501 0.000010 0.157662 0.256644 0.226826 0.020137
0.143240 0.013498 0.052330 0.232601 0.506114 0.052208 0.000010
0.078144 0.000010 0.000247 0.196169 0.396600 0.319516 0.009314
0.137851 0.032617 0.007316 0.109217 0.259735 0.324293 0.128971
0.099890 0.017364 0.015595 0.093015 0.318043 0.319495 0.136598
0.100239 0.017890 0.023389 0.113422 0.288484 0.324821 0.131755
0.076945 0.000010 0.030210 0.197137 0.381214 0.309064 0.005420
0.125921 0.016060 0.054190 0.212746 0.552260 0.038813 0.000010
0.265955 0.019127 0.016342 0.163743 0.425192 0.109632 0.000010
0.284284 0.007791 0.008104 0.149235 0.315606 0.173711 0.061269
0.046668 0.042888 0.011826 0.031554 0.111889 0.426448 0.328728
0.121391 0.026639 0.059315 0.245714 0.495156 0.051776 0.000010
0.151436 0.032116 0.054788 0.197337 0.518119 0.046195 0.000010
0.074441 0.023150 0.001454 0.094259 0.153986 0.411960 0.240750
0.032086 0.023454 0.046281 0.129718 0.293503 0.345278 0.129680
0.022444 0.052898 0.026237 0.060779 0.115390 0.428516 0.293736
0.062393 0.000010 0.022186 0.225176 0.348866 0.320138 0.021232
0.295499 0.031566 0.002386 0.155154 0.297989 0.189695 0.027712
0.308785 0.000010 0.000010 0.184490 0.309726 0.169831 0.027147
0.069547 0.018301 0.000010 0.139960 0.270523 0.353686 0.147974
0.087115 0.008833 0.071498 0.265428 0.510974 0.056142 0.000010
0.124404 0.010971 0.069630 0.201832 0.536516 0.056637 0.000010
0.135727 0.042227 0.072462 0.204442 0.493930 0.051202 0.000010
0.071821 0.013651 0.015503 0.080538 0.186639 0.393645 0.238204
0.116001 0.017844 0.036778 0.139521 0.380937 0.237485 0.071434
0.074028 0.042284 0.008058 0.059728 0.091458 0.410091 0.314353
0.124077 0.000010 0.062110 0.224350 0.545859 0.043583 0.000010
0.046387 0.000010 0.016144 0.199394 0.398448 0.333249 0.006368
0.285961 0.000010 0.000010 0.214889 0.360338 0.138782 0.000010
0.094158 0.000010 0.016318 0.187854 0.281509 0.381282 0.038869
0.292668 0.001080 0.010889 0.141391 0.323155 0.197692 0.033126
0.151537 0.000010 0.046440 0.235613 0.522366 0.044024 0.000010
0.143492 0.029955 0.083749 0.203049 0.490555 0.049190 0.000010
0.124279 0.000020 0.082699 0.215726 0.512360 0.064907 0.000010
0.100482 0.020467 0.034133 0.124671 0.262119 0.318371 0.139757
0.070564 0.015895 0.012987 0.061265 0.122780 0.451867 0.264641
0.076575 0.047210 0.016468 0.061125 0.073633 0.424704 0.300286
0.174239 0.011405 0.023219 0.156179 0.298142 0.255188 0.081628
0.070495 0.000010 0.022197 0.181512 0.378684 0.347091 0.000010
0.274635 0.025310 0.056133 0.146432 0.268923 0.194186 0.034381
0.312270 0.000010 0.013419 0.188581 0.297431 0.175833 0.012455
0.348016 0.000010 0.020032 0.155968 0.301293 0.174671 0.000010
0.412626 0.000010 0.019046 0.139494 0.267339 0.149186 0.012299
0.280896 0.036383 0.070521 0.041741 0.535399 0.018026 0.017035
0.149471 0.000010 0.033881 0.227596 0.550022 0.039010 0.000010
0.622431 0.004413 0.000010 0.071344 0.139041 0.142652 0.020110
0.238320 0.015153 0.011564 0.140621 0.228521 0.262799 0.103022
0.357920 0.014813 0.015890 0.188360 0.280837 0.138225 0.003955
0.327759 0.011105 0.030457 0.160429 0.296779 0.162623 0.010848
0.292494 0.000010 0.000010 0.175910 0.379350 0.152216 0.000010
0.350696 0.006076 0.007631 0.162340 0.284612 0.174376 0.014269
0.220734 0.010671 0.053687 0.000010 0.685145 0.007082 0.022672
0.142071 0.005590 0.047157 0.227643 0.536009 0.041519 0.000010
0.202505 0.000220 0.001481 0.197272 0.441186 0.157326 0.000010
0.605594 0.000010 0.001415 0.099956 0.149694 0.128070 0.015261
0.530676 0.000010 0.000010 0.112371 0.191594 0.141179 0.024160
0.089013 0.000010 0.047754 0.201655 0.596197 0.065360 0.000010
0.187715 0.017709 0.047931 0.226872 0.486234 0.033529 0.000010
0.405968 0.000010 0.013546 0.107154 0.269561 0.180469 0.023291
0.123599 0.000010 0.021764 0.232855 0.569995 0.051766 0.000010
0.294386 0.013706 0.051981 0.000010 0.628058 0.000010 0.011849
0.118278 0.000010 0.047788 0.226482 0.564739 0.042693 0.000010
0.179114 0.009361 0.000010 0.243593 0.422746 0.145166 0.000010
0.593933 0.000010 0.000010 0.102974 0.145361 0.141153 0.016559
0.516008 0.005315 0.000010 0.118524 0.215376 0.127825 0.016943
0.279484 0.010838 0.007987 0.205719 0.347837 0.145188 0.002948
0.131252 0.000010 0.045932 0.221006 0.556408 0.045383 0.000010
0.409441 0.006194 0.002875 0.107375 0.259696 0.192705 0.021713
0.393312 0.000010 0.026800 0.154197 0.263410 0.159166 0.003106
0.104606 0.000010 0.047140 0.237734 0.558614 0.051886 0.000010
0.236903 0.008112 0.062830 0.032059 0.605920 0.016385 0.037791
0.093440 0.000010 0.067831 0.241654 0.531723 0.065333 0.000010
0.191473 0.017025 0.012516 0.213180 0.451402 0.114395 0.000010
0.533533 0.000010 0.018736 0.142210 0.143625 0.154577 0.007309
0.627358 0.000010 0.000010 0.081417 0.139937 0.122120 0.029148
0.238455 0.000010 0.025462 0.158536 0.332726 0.205639 0.039173
0.431437 0.018971 0.003249 0.123256 0.236592 0.179234 0.007262
0.246156 0.000010 0.102778 0.000010 0.637837 0.000010 0.013198
0.111034 0.000010 0.050335 0.219919 0.564242 0.054449 0.000010
0.575926 0.000016 0.000010 0.123138 0.148020 0.127077 0.025812
0.578970 0.027233 0.013493 0.064122 0.185492 0.124901 0.005788
0.313290 0.000010 0.009408 0.146230 0.299712 0.207761 0.023588
0.131833 0.005920 0.779469 0.000010 0.076302 0.006457 0.000010
0.267197 0.015165 0.034870 0.160549 0.319837 0.190207 0.012174
0.383515 0.000010 0.007604 0.126888 0.297473 0.167647 0.016863
0.244681 0.013889 0.059329 0.000010 0.659204 0.000010 0.022876
0.129826 0.009686 0.073927 0.200234 0.542034 0.044282 0.000010
0.162810 0.009052 0.037192 0.251030 0.403710 0.136195 0.000010
0.538238 0.013958 0.000010 0.119104 0.144620 0.151214 0.032856
0.620165 0.000010 0.000010 0.086044 0.136850 0.137702 0.019218
0.362428 0.013534 0.010499 0.135309 0.315126 0.162408 0.000696
0.216665 0.018970 0.037089 0.140221 0.265242 0.262700 0.059113
0.329923 0.000010 0.000010 0.170928 0.375460 0.123658 0.000010
0.275885 0.000010 0.027041 0.147565 0.241388 0.250685 0.057426
0.384280 0.000010 0.013681 0.130225 0.298579 0.165842 0.007383
0.266582 0.037107 0.057942 0.045626 0.550214 0.006260 0.036269
0.116955 0.011780 0.072874 0.206437 0.545630 0.046314 0.000010
0.610291 0.000010 0.000010 0.116716 0.120124 0.141145 0.011704
0.241629 0.022268 0.018055 0.207165 0.351120 0.159754 0.000010
0.370765 0.007943 0.018948 0.166958 0.294031 0.128678 0.012677
0.111798 0.020133 0.075584 0.210459 0.543694 0.038321 0.000010
0.323371 0.000010 0.034813 0.166446 0.318740 0.156610 0.000010
0.365616 0.000010 0.000010 0.168193 0.298065 0.165992 0.002114
0.401740 0.000010 0.000010 0.142864 0.276857 0.170015 0.008503
0.241959 0.050580 0.082320 0.002755 0.579975 0.019029 0.023383
0.108799 0.004605 0.051411 0.199485 0.579329 0.056361 0.000010
0.592085 0.017080 0.000010 0.113122 0.125201 0.148990 0.003512
0.560038 0.000010 0.000241 0.127764 0.147136 0.154120 0.010691
0.335556 0.029655 0.015549 0.151678 0.314265 0.137804 0.015493
0.094896 0.003849 0.063069 0.121293 0.657634 0.021039 0.038220
0.040846 0.008237 0.023433 0.119741 0.770206 0.027794 0.009744
0.266196 0.032803 0.101895 0.000010 0.567860 0.000010 0.031226
0.191115 0.052028 0.067339 0.106686 0.505003 0.040555 0.037274
0.334104 0.072014 0.060200 0.149540 0.358359 0.008469 0.017315
0.374302 0.042190 0.070615 0.059068 0.388113 0.032092 0.033620
0.270203 0.087668 0.094659 0.127758 0.392530 0.008101 0.019081
0.138638 0.009976 0.000010 0.094404 0.708167 0.035833 0.012972
0.118956 0.024786 0.031668 0.070345 0.681196 0.038106 0.034943
0.440883 0.008016 0.076196 0.000010 0.461957 0.000010 0.012927
0.257250 0.056670 0.083342 0.013642 0.559965 0.000010 0.029121
0.141260 0.024567 0.034898 0.077562 0.686961 0.003825 0.030927
0.102204 0.002518 0.017082 0.058029 0.777153 0.020704 0.022310
0.292899 0.040029 0.086741 0.014480 0.543568 0.000010 0.022273
0.437041 0.069250 0.116884 0.103393 0.256416 0.004549 0.012468
0.151649 0.014420 0.040624 0.064533 0.698042 0.008905 0.021827
0.093983 0.000010 0.050802 0.074291 0.738721 0.034458 0.007736
0.266804 0.043112 0.068311 0.074588 0.513190 0.009660 0.024335
0.415572 0.018541 0.078281 0.000010 0.486056 0.000010 0.001530
0.486949 0.017321 0.053238 0.000010 0.427363 0.000010 0.015109
0.440770 0.013502 0.049040 0.000010 0.479782 0.000010 0.016887
0.180077 0.064716 0.074109 0.020623 0.632923 0.000010 0.027543
0.041790 0.000010 0.007866 0.096272 0.801640 0.029102 0.023320
0.213577 0.021849 0.035964 0.139630 0.540789 0.027879 0.020313
0.316220 0.012509 0.056446 0.000010 0.584799 0.000010 0.030007
0.162599 0.009258 0.585735 0.062675 0.125041 0.046866 0.007826
0.149087 0.004877 0.058379 0.084815 0.671812 0.013428 0.017601
0.229670 0.000010 0.072789 0.067000 0.589382 0.019225 0.021924
0.154068 0.024373 0.056307 0.070716 0.651942 0.010378 0.032217
0.420489 0.019628 0.086457 0.000010 0.455596 0.000010 0.017810
0.424708 0.002749 0.059901 0.000010 0.497858 0.000010 0.014765
0.498126 0.022321 0.047778 0.000010 0.416281 0.000010 0.015474
0.353096 0.020848 0.032160 0.081716 0.434082 0.053517 0.024582
0.048063 0.022966 0.032375 0.070311 0.787961 0.013953 0.024370
0.154408 0.004726 0.046062 0.045356 0.697850 0.035534 0.016065
0.246101 0.060003 0.033607 0.020151 0.613340 0.000010 0.026788
0.184641 0.009828 0.084491 0.167878 0.379780 0.124385 0.048997
0.154990 0.017118 0.042511 0.040854 0.713201 0.006454 0.024872
0.115791 0.000010 0.040982 0.092628 0.708892 0.030889 0.010808
0.121675 0.011588 0.034216 0.094550 0.698866 0.016992 0.022113
0.121646 0.015751 0.059123 0.127659 0.582632 0.072498 0.020691
0.471358 0.027701 0.066363 0.000010 0.410162 0.000010 0.024395
0.484247 0.003345 0.062169 0.000010 0.440886 0.000010 0.009333
0.273374 0.043382 0.088678 0.000010 0.568304 0.000010 0.026242
0.037807 0.018170 0.060807 0.065591 0.767179 0.031838 0.018609
0.046771 0.000010 0.000010 0.107677 0.788313 0.018965 0.038254
0.482882 0.088329 0.097820 0.064146 0.247681 0.000010 0.019133
0.239129 0.073483 0.074815 0.162451 0.360831 0.048094 0.041198
0.333396 0.098133 0.094942 0.148593 0.296110 0.000010 0.028816
0.298246 0.054761 0.073646 0.172749 0.367449 0.010064 0.023086
0.208823 0.038407 0.070338 0.055954 0.575956 0.036193 0.014330
0.466815 0.041101 0.054406 0.000010 0.422987 0.000010 0.014672
0.294369 0.026229 0.079405 0.042442 0.525633 0.017522 0.014401
0.454759 0.001135 0.067471 0.000010 0.473795 0.000010 0.002819
0.175019 0.028544 0.067064 0.072740 0.520113 0.078179 0.058341
0.277055 0.085039 0.091729 0.140123 0.376852 0.000634 0.028569
