0.223263 0.251850 0.014737 0.157378 0.024978 0.017361 0.000010 0.000010 0.310413
0.300337 0.327898 0.000010 0.076083 0.009151 0.009251 0.000010 0.000010 0.277250
0.229029 0.249341 0.000010 0.117898 0.010591 0.024046 0.000010 0.010716 0.358359
0.301744 0.291036 0.000010 0.093547 0.001768 0.000010 0.000199 0.017555 0.294132
0.244592 0.237106 0.000010 0.139156 0.046618 0.000010 0.000010 0.000010 0.332490
0.260917 0.261538 0.000010 0.109709 0.012208 0.036570 0.000010 0.000010 0.319029
0.261003 0.299961 0.000010 0.115628 0.009477 0.007922 0.000010 0.026385 0.279603
0.398215 0.542392 0.000010 0.000010 0.000010 0.000010 0.000010 0.000010 0.059333
0.391858 0.542017 0.000010 0.000010 0.000010 0.000010 0.000010 0.000010 0.066065
0.967395 0.026283 0.006262 0.000010 0.000010 0.000010 0.000010 0.000010 0.000010
0.359378 0.493202 0.000244 0.000010 0.041822 0.000010 0.000010 0.000010 0.105314
0.321929 0.541958 0.000010 0.000010 0.023633 0.000010 0.000010 0.000010 0.112431
0.000010 0.000010 0.029262 0.763337 0.010746 0.000010 0.036696 0.087495 0.072433
0.000010 0.000010 0.000010 0.580550 0.078602 0.018418 0.069911 0.096220 0.156269
0.000010 0.015630 0.000010 0.890494 0.009250 0.005766 0.006904 0.016144 0.055793
0.011288 0.000010 0.023534 0.589772 0.062606 0.048460 0.031248 0.076612 0.156469
0.237959 0.242718 0.018499 0.102859 0.026057 0.015827 0.000010 0.011724 0.344346
0.264923 0.245378 0.027772 0.125256 0.021842 0.005120 0.000010 0.000010 0.309689
0.411763 0.538371 0.000010 0.000010 0.000010 0.000010 0.000010 0.000010 0.049806
0.316043 0.608515 0.000145 0.000010 0.000010 0.000010 0.003437 0.000010 0.071820
0.364181 0.560019 0.000010 0.000010 0.000010 0.000010 0.000010 0.000010 0.075740
0.999920 0.000010 0.000010 0.000010 0.000010 0.000010 0.000010 0.000010 0.000010
0.329939 0.535590 0.007680 0.000010 0.035453 0.006515 0.000010 0.007942 0.076862
0.359661 0.502253 0.000010 0.000010 0.014080 0.000706 0.000010 0.021894 0.101377
0.000010 0.000010 0.012809 0.846115 0.000010 0.009608 0.016350 0.062889 0.052198
0.000498 0.000814 0.000010 0.794509 0.016281 0.018167 0.022324 0.032407 0.114990
0.000010 0.026941 0.019174 0.905455 0.020591 0.000010 0.000270 0.000010 0.027538
0.000010 0.000010 0.013478 0.567431 0.066208 0.011228 0.064428 0.132051 0.145156
0.240892 0.252275 0.003737 0.088790 0.031348 0.014554 0.000010 0.012298 0.356096
0.229301 0.257530 0.013803 0.117334 0.005622 0.017291 0.000010 0.040298 0.318811
0.419456 0.484112 0.000010 0.000010 0.000010 0.000010 0.000010 0.000010 0.096373
0.288777 0.645809 0.001689 0.000010 0.000010 0.000010 0.005136 0.000010 0.058549
0.936204 0.063132 0.000010 0.000605 0.000010 0.000010 0.000010 0.000010 0.000010
0.999920 0.000010 0.000010 0.000010 0.000010 0.000010 0.000010 0.000010 0.000010
0.366187 0.501326 0.000010 0.000010 0.035506 0.019051 0.000010 0.000040 0.077859
0.365567 0.497949 0.000010 0.000010 0.023362 0.017102 0.000010 0.017282 0.078707
0.000010 0.000010 0.000010 0.731457 0.010504 0.029642 0.040288 0.080587 0.107493
0.004748 0.016791 0.027469 0.834827 0.009358 0.000010 0.016663 0.013335 0.076798
0.000010 0.000010 0.013356 0.781513 0.000010 0.000010 0.010171 0.082676 0.112244
0.005471 0.000010 0.028495 0.584162 0.032535 0.045675 0.043470 0.091083 0.169099
0.265981 0.264764 0.000010 0.121063 0.003922 0.042091 0.000010 0.014627 0.287532
0.248591 0.239582 0.012288 0.096545 0.030219 0.000010 0.000010 0.043908 0.328847
0.366923 0.569556 0.000010 0.000010 0.000010 0.000010 0.000010 0.000010 0.063461
0.391021 0.562717 0.000010 0.000010 0.000010 0.000010 0.000010 0.000010 0.046202
0.999920 0.000010 0.000010 0.000010 0.000010 0.000010 0.000010 0.000010 0.000010
0.943461 0.050753 0.000010 0.000010 0.000010 0.000010 0.005726 0.000010 0.000010
0.999920 0.000010 0.000010 0.000010 0.000010 0.000010 0.000010 0.000010 0.000010
0.340902 0.504072 0.000010 0.000010 0.040392 0.000010 0.000010 0.002696 0.111899
0.371591 0.487780 0.000010 0.000010 0.036208 0.020773 0.000010 0.000010 0.083607
0.000010 0.000010 0.002943 0.707515 0.000010 0.030632 0.041704 0.081329 0.135848
0.000164 0.028307 0.000010 0.918277 0.000010 0.021810 0.012057 0.000010 0.019356
0.000010 0.000010 0.009584 0.847911 0.007771 0.026005 0.000010 0.024023 0.084677
0.015213 0.000010 0.018164 0.643169 0.052839 0.028222 0.052197 0.055720 0.134467
0.000010 0.000010 0.000010 0.805162 0.016504 0.025042 0.021696 0.050595 0.080970
0.000010 0.000010 0.017539 0.464054 0.192519 0.073502 0.079659 0.135301 0.037407
0.000010 0.008557 0.015589 0.809775 0.017835 0.032356 0.022171 0.053638 0.040069
0.000010 0.000010 0.000010 0.376608 0.025398 0.000010 0.028873 0.065067 0.504013
0.019370 0.000010 0.015413 0.529266 0.041170 0.012822 0.028362 0.074670 0.278917
0.000010 0.000010 0.000010 0.340323 0.000010 0.006599 0.010610 0.011180 0.631248
0.017850 0.000010 0.000010 0.478554 0.045744 0.015317 0.040263 0.062032 0.340220
0.224956 0.217374 0.002380 0.189131 0.051424 0.009963 0.005535 0.000010 0.299228
0.000010 0.000010 0.013161 0.728297 0.039024 0.024651 0.066468 0.051515 0.076864
0.000010 0.000010 0.000010 0.706843 0.075079 0.000010 0.020105 0.108777 0.089156
0.023213 0.016033 0.000010 0.387216 0.012455 0.017273 0.028819 0.055122 0.459859
0.068620 0.035358 0.000010 0.202734 0.067771 0.008410 0.031193 0.000010 0.585893
0.012481 0.000010 0.032826 0.422873 0.067291 0.000756 0.024741 0.019181 0.419843
0.028275 0.012104 0.000010 0.440461 0.068070 0.011974 0.006378 0.071123 0.361605
0.232827 0.254054 0.000010 0.147127 0.055928 0.000373 0.004908 0.023344 0.281429
0.243251 0.246656 0.000010 0.119391 0.062465 0.000010 0.000010 0.008495 0.319712
0.000010 0.000010 0.000010 0.734519 0.042450 0.008128 0.057170 0.060666 0.097037
0.000010 0.000010 0.036843 0.494830 0.144060 0.050037 0.069565 0.128677 0.075968
0.000010 0.000010 0.000010 0.790140 0.012416 0.044247 0.036815 0.053142 0.063211
0.000010 0.019552 0.002005 0.375489 0.034681 0.018726 0.033038 0.044252 0.472247
0.022705 0.000010 0.003582 0.467626 0.045263 0.027110 0.039596 0.099700 0.294409
0.000011 0.000010 0.009679 0.486281 0.039247 0.003998 0.031640 0.064970 0.364164
0.036298 0.017706 0.000010 0.418244 0.022592 0.043116 0.034506 0.069584 0.357944
0.226302 0.203591 0.018407 0.174882 0.022032 0.034372 0.000010 0.042816 0.277588
0.209161 0.225147 0.000010 0.117605 0.070523 0.000010 0.000010 0.027194 0.350341
0.239052 0.248852 0.000010 0.125539 0.025843 0.034062 0.009071 0.016480 0.301091
0.385877 0.540775 0.000010 0.000010 0.000019 0.000010 0.000010 0.000010 0.073279
0.999920 0.000010 0.000010 0.000010 0.000010 0.000010 0.000010 0.000010 0.000010
0.856458 0.134005 0.000010 0.000010 0.000010 0.006821 0.000010 0.000010 0.002666
0.999920 0.000010 0.000010 0.000010 0.000010 0.000010 0.000010 0.000010 0.000010
0.286563 0.561868 0.009461 0.010460 0.042898 0.000010 0.024162 0.001244 0.063334
0.358750 0.509862 0.000010 0.000010 0.042552 0.020249 0.000010 0.000010 0.068548
0.000010 0.000010 0.000010 0.726043 0.053314 0.001393 0.023065 0.081495 0.114660
0.000010 0.019325 0.000010 0.916699 0.000010 0.002569 0.013176 0.000010 0.048191
0.000010 0.000010 0.000010 0.737665 0.030077 0.041620 0.021015 0.041470 0.128123
0.025830 0.000010 0.000010 0.565118 0.037854 0.066434 0.061918 0.099981 0.142845
0.235057 0.247949 0.000010 0.095075 0.028160 0.000010 0.000010 0.041152 0.352577
0.365887 0.356174 0.000010 0.042588 0.019427 0.000010 0.000010 0.000010 0.215885
0.359142 0.573079 0.000010 0.000010 0.000010 0.000010 0.000010 0.000010 0.067718
0.406464 0.528482 0.000010 0.000010 0.000010 0.000010 0.000010 0.000010 0.064994
0.961306 0.038624 0.000010 0.000010 0.000010 0.000010 0.000010 0.000010 0.000010
0.999920 0.000010 0.000010 0.000010 0.000010 0.000010 0.000010 0.000010 0.000010
0.344662 0.510119 0.000010 0.000010 0.013742 0.011045 0.000010 0.009358 0.111044
0.336198 0.525292 0.008836 0.000010 0.025317 0.004342 0.000010 0.017686 0.082309
0.000010 0.000010 0.000010 0.712065 0.007109 0.028378 0.047419 0.081342 0.123657
0.000010 0.000010 0.014859 0.847845 0.000010 0.035963 0.000010 0.041503 0.059790
0.013532 0.000010 0.042687 0.600178 0.060391 0.015741 0.031226 0.085781 0.150454
0.000010 0.000468 0.028054 0.768199 0.020839 0.010745 0.035693 0.059911 0.076081
0.000010 0.000010 0.024852 0.226544 0.295928 0.088284 0.099208 0.191769 0.073396
0.004359 0.009068 0.020273 0.828896 0.029223 0.018707 0.022427 0.041460 0.025588
0.000010 0.000010 0.003359 0.316471 0.000010 0.000010 0.009030 0.047758 0.623343
0.000010 0.000010 0.016194 0.375161 0.024270 0.023953 0.043360 0.022450 0.494592
0.004522 0.000010 0.000010 0.450043 0.075818 0.000010 0.022250 0.067802 0.379535
0.260244 0.241911 0.001667 0.130121 0.048886 0.008793 0.000010 0.055047 0.253322
0.235252 0.246375 0.000010 0.134663 0.018157 0.024060 0.000010 0.017420 0.324053
0.350799 0.587591 0.000010 0.000010 0.000010 0.000010 0.000010 0.000010 0.061550
0.343002 0.581481 0.000010 0.000010 0.000010 0.000010 0.000010 0.000010 0.075457
0.999920 0.000010 0.000010 0.000010 0.000010 0.000010 0.000010 0.000010 0.000010
0.885917 0.102841 0.000010 0.000010 0.000010 0.000010 0.011182 0.000010 0.000010
0.341173 0.505538 0.000010 0.000010 0.037593 0.000010 0.005661 0.004162 0.105844
0.000010 0.000010 0.017567 0.689147 0.025683 0.005219 0.030457 0.087696 0.144212
0.000010 0.007956 0.000010 0.875248 0.014754 0.009051 0.000010 0.016989 0.075971
0.010491 0.011506 0.017513 0.904280 0.000010 0.000010 0.000010 0.000010 0.056169
0.004883 0.000010 0.000010 0.575267 0.078492 0.015775 0.077974 0.084469 0.163120
0.007077 0.000010 0.000010 0.771601 0.050735 0.011427 0.043713 0.036852 0.078575
0.000010 0.000019 0.000010 0.419180 0.196322 0.070993 0.099963 0.155496 0.058008
0.006398 0.000010 0.013609 0.789498 0.009628 0.007537 0.045613 0.073255 0.054452
0.001615 0.000010 0.000010 0.400467 0.005818 0.021503 0.029555 0.033679 0.507343
0.000010 0.000010 0.000010 0.315690 0.000130 0.000010 0.057401 0.024948 0.601791
0.003383 0.000010 0.000010 0.457396 0.037734 0.018185 0.022528 0.074391 0.386364
0.180869 0.189362 0.000010 0.161595 0.033448 0.029807 0.007592 0.000665 0.396652
0.242171 0.281503 0.000616 0.100671 0.014581 0.018112 0.012449 0.000010 0.329886
0.342285 0.618179 0.000010 0.000010 0.000010 0.000010 0.000010 0.000010 0.039476
0.412490 0.528570 0.000010 0.000010 0.000015 0.000010 0.000010 0.000010 0.058876
0.999920 0.000010 0.000010 0.000010 0.000010 0.000010 0.000010 0.000010 0.000010
0.999920 0.000010 0.000010 0.000010 0.000010 0.000010 0.000010 0.000010 0.000010
0.336392 0.535119 0.000010 0.008450 0.042826 0.000010 0.002489 0.000010 0.074694
0.353620 0.484596 0.000010 0.000010 0.031239 0.005181 0.000010 0.020186 0.105148
0.000010 0.000010 0.002454 0.656817 0.012673 0.022867 0.062559 0.116309 0.126301
0.000010 0.021010 0.000010 0.900556 0.000010 0.000010 0.003463 0.018831 0.056100
0.000016 0.013874 0.000010 0.915504 0.000010 0.002443 0.013891 0.015985 0.038267
0.005407 0.000010 0.026479 0.555881 0.045498 0.027903 0.068249 0.102537 0.168036
0.000010 0.000010 0.017306 0.719628 0.061952 0.015398 0.031360 0.035684 0.118652
0.000010 0.000010 0.001708 0.429935 0.183859 0.065490 0.084380 0.161995 0.072613
0.000010 0.000010 0.005725 0.784615 0.002635 0.032094 0.051734 0.057996 0.065181
0.000010 0.000010 0.001080 0.198411 0.003386 0.000010 0.000010 0.012350 0.784733
0.034129 0.000010 0.005881 0.436333 0.082982 0.004605 0.016296 0.069741 0.350021
0.058531 0.044719 0.000010 0.453134 0.021089 0.026902 0.018836 0.071018 0.305761
0.274988 0.279944 0.005407 0.138140 0.008038 0.016620 0.005892 0.037669 0.233303
0.252224 0.275158 0.016905 0.119655 0.001238 0.027092 0.000010 0.000010 0.307708
0.385487 0.548220 0.000010 0.000010 0.000010 0.000010 0.000010 0.000010 0.066233
0.417966 0.527258 0.000010 0.000010 0.000010 0.000010 0.000010 0.000010 0.054715
0.999920 0.000010 0.000010 0.000010 0.000010 0.000010 0.000010 0.000010 0.000010
0.999920 0.000010 0.000010 0.000010 0.000010 0.000010 0.000010 0.000010 0.000010
0.999920 0.000010 0.000010 0.000010 0.000010 0.000010 0.000010 0.000010 0.000010
0.345688 0.496231 0.010452 0.000010 0.030042 0.013190 0.004648 0.017825 0.081914
0.368009 0.520062 0.000416 0.000010 0.019111 0.000010 0.000010 0.000010 0.092362
0.000010 0.000010 0.000010 0.671193 0.054884 0.009706 0.042043 0.065186 0.156959
0.004698 0.020213 0.026777 0.781316 0.029945 0.000010 0.011346 0.052141 0.073554
0.004297 0.021310 0.000010 0.928598 0.000010 0.000010 0.011776 0.000010 0.033979
0.008313 0.000010 0.007649 0.534452 0.072156 0.008967 0.058140 0.104808 0.205504
0.000010 0.000010 0.000010 0.687160 0.067655 0.035229 0.033517 0.070802 0.105608
0.000010 0.005300 0.038371 0.783676 0.015356 0.008149 0.054803 0.029027 0.065308
0.000010 0.000010 0.003147 0.406642 0.058060 0.038715 0.025708 0.036007 0.431701
0.004106 0.007120 0.000010 0.353031 0.034721 0.029966 0.037293 0.034164 0.499589
0.020924 0.013052 0.000010 0.485515 0.060663 0.005731 0.020848 0.072800 0.320457
0.000010 0.000010 0.009203 0.294101 0.004192 0.020609 0.013409 0.017231 0.641235
0.000010 0.066143 0.000010 0.933787 0.000010 0.000010 0.000010 0.000010 0.000010
0.233987 0.244468 0.009144 0.112248 0.000010 0.000010 0.006885 0.046960 0.346287
0.352265 0.595742 0.000010 0.000010 0.000010 0.000010 0.000010 0.000010 0.051933
0.736710 0.222178 0.000010 0.000010 0.000010 0.000010 0.005225 0.006494 0.029352
0.999920 0.000010 0.000010 0.000010 0.000010 0.000010 0.000010 0.000010 0.000010
0.341290 0.502387 0.000010 0.000010 0.048068 0.011481 0.028269 0.000010 0.068475
0.341922 0.532302 0.000881 0.000010 0.025586 0.008714 0.000010 0.000010 0.090565
0.000010 0.000010 0.012270 0.794561 0.058548 0.011306 0.023481 0.000010 0.099805
0.000010 0.000010 0.015268 0.826286 0.000010 0.009335 0.009336 0.036587 0.103157
0.000010 0.000010 0.000135 0.805157 0.000010 0.027778 0.007552 0.066750 0.092598
0.000010 0.000010 0.008360 0.775583 0.014004 0.012278 0.068257 0.045861 0.075637
0.000010 0.000010 0.017013 0.452771 0.209831 0.028671 0.076482 0.162797 0.052416
0.000010 0.000010 0.027016 0.783851 0.010651 0.024866 0.029307 0.062456 0.061834
0.000010 0.000010 0.000010 0.231513 0.005909 0.000010 0.021166 0.044240 0.697132
0.012084 0.000010 0.000010 0.395757 0.042184 0.000010 0.027519 0.032385 0.490041
0.052823 0.031286 0.016313 0.214333 0.011329 0.048669 0.000010 0.043842 0.581396
0.000010 0.000010 0.018031 0.410360 0.017624 0.000010 0.008310 0.028070 0.517574
0.297204 0.273526 0.005220 0.089822 0.015094 0.030141 0.000010 0.021312 0.267670
0.000010 0.055101 0.000010 0.944829 0.000010 0.000010 0.000010 0.000010 0.000010
0.404045 0.534580 0.000010 0.000010 0.000010 0.000010 0.000010 0.000010 0.061315
0.999920 0.000010 0.000010 0.000010 0.000010 0.000010 0.000010 0.000010 0.000010
0.384312 0.538474 0.000010 0.000010 0.000010 0.000010 0.000010 0.000010 0.077154
0.370282 0.564214 0.000010 0.000010 0.000010 0.000010 0.000010 0.000010 0.065444
0.007751 0.000010 0.037274 0.803202 0.016375 0.004807 0.011885 0.082768 0.035930
0.000010 0.000010 0.000010 0.354770 0.064992 0.023282 0.015206 0.046149 0.495570
0.000010 0.000010 0.040830 0.446294 0.195529 0.030121 0.095282 0.137495 0.054429
0.003432 0.000010 0.000010 0.808285 0.009985 0.023308 0.029202 0.079088 0.046681
0.002667 0.008763 0.000010 0.338337 0.033480 0.000010 0.000010 0.042640 0.574083
0.010936 0.000010 0.000010 0.481210 0.052647 0.050594 0.025280 0.053604 0.325708
0.119007 0.094645 0.000010 0.324914 0.022246 0.015558 0.026887 0.061221 0.335512
0.247210 0.256877 0.002137 0.147838 0.043529 0.000010 0.012986 0.029327 0.260086
0.000010 0.057377 0.000010 0.942553 0.000010 0.000010 0.000010 0.000010 0.000010
0.991679 0.004122 0.000010 0.000010 0.000010 0.000010 0.004139 0.000010 0.000010
0.320983 0.511290 0.000011 0.000010 0.065099 0.000010 0.000010 0.007771 0.094816
0.339434 0.529768 0.000010 0.000010 0.019717 0.000010 0.000010 0.020998 0.090043
0.344485 0.508779 0.000010 0.000010 0.038765 0.000010 0.000010 0.000010 0.107920
0.009176 0.009345 0.010321 0.879125 0.000010 0.000010 0.013470 0.021540 0.057004
0.000010 0.000010 0.000010 0.821250 0.006969 0.007599 0.015227 0.056598 0.092326
0.000010 0.000010 0.015595 0.708053 0.044277 0.020723 0.050300 0.074803 0.086227
0.004569 0.000272 0.000010 0.789201 0.035627 0.016131 0.057391 0.058352 0.038446
0.000010 0.000010 0.008158 0.447379 0.229703 0.034687 0.096091 0.119444 0.064518
0.000010 0.000010 0.000010 0.176577 0.027246 0.000010 0.013304 0.014582 0.768251
0.026067 0.000010 0.010098 0.381413 0.049055 0.009841 0.022593 0.041956 0.458967
0.025640 0.016723 0.000010 0.463664 0.080836 0.026634 0.028645 0.047770 0.310077
0.009989 0.000010 0.000010 0.466862 0.064047 0.000010 0.026787 0.040039 0.392247
0.002446 0.008860 0.039379 0.467664 0.021340 0.018550 0.051133 0.072295 0.318333
0.000010 0.061239 0.000010 0.938691 0.000010 0.000010 0.000010 0.000010 0.000010
0.000010 0.000010 0.007276 0.493809 0.164969 0.033859 0.079399 0.137927 0.082741
0.000010 0.003003 0.000010 0.772481 0.035874 0.030821 0.024003 0.068883 0.064915
0.005472 0.000010 0.024474 0.323513 0.000010 0.011021 0.019883 0.043600 0.572017
0.017291 0.000010 0.000010 0.376558 0.030077 0.016187 0.022030 0.062066 0.475771
0.066819 0.031151 0.023066 0.195324 0.068597 0.014629 0.028831 0.000010 0.571573
0.000010 0.000010 0.000010 0.428195 0.045720 0.026606 0.035059 0.059029 0.405360
0.295973 0.240631 0.031908 0.148933 0.019844 0.021826 0.000010 0.000010 0.240866
0.000010 0.044368 0.000010 0.955562 0.000010 0.000010 0.000010 0.000010 0.000010
0.000010 0.050270 0.000010 0.949660 0.000010 0.000010 0.000010 0.000010 0.000010
0.000010 0.055772 0.000010 0.813278 0.044126 0.029329 0.009396 0.048068 0.000010
0.000010 0.000010 0.000010 0.871129 0.041504 0.015912 0.031664 0.000010 0.039751
0.030087 0.025857 0.000010 0.410831 0.131081 0.052247 0.034535 0.150528 0.164824
0.025271 0.022512 0.000010 0.000010 0.000010 0.000010 0.006254 0.000010 0.945913
0.063652 0.058241 0.000010 0.005198 0.000010 0.000010 0.000010 0.000010 0.872859
0.000010 0.000010 0.000010 0.661526 0.028248 0.017677 0.000010 0.000010 0.292499
0.000010 0.000010 0.000010 0.663261 0.014003 0.000010 0.007648 0.044861 0.270187
0.000010 0.000010 0.008963 0.669988 0.011535 0.007685 0.008682 0.029722 0.263405
0.001491 0.060125 0.003179 0.843213 0.010234 0.016361 0.013345 0.013687 0.038366
0.010944 0.045130 0.000010 0.932391 0.000010 0.011485 0.000010 0.000010 0.000010
0.000887 0.001614 0.000010 0.845959 0.021821 0.013953 0.019058 0.033902 0.062796
0.028691 0.039546 0.046240 0.391778 0.150872 0.055141 0.045686 0.096429 0.145617
0.056766 0.024140 0.000010 0.000010 0.000010 0.000010 0.000010 0.000010 0.919034
0.000010 0.000010 0.000010 0.036551 0.000010 0.000010 0.000010 0.000010 0.963379
0.000010 0.000010 0.011145 0.635008 0.049228 0.000010 0.033685 0.012925 0.257980
0.000010 0.000010 0.003559 0.626227 0.008842 0.000010 0.016282 0.065251 0.279808
0.014576 0.202939 0.000010 0.782425 0.000010 0.000010 0.000010 0.000010 0.000010
0.005399 0.000010 0.000010 0.398331 0.031777 0.000010 0.036462 0.015220 0.512781
0.000010 0.059805 0.000010 0.940125 0.000010 0.000010 0.000010 0.000010 0.000010
0.000010 0.000010 0.035618 0.478178 0.147157 0.033213 0.071685 0.138642 0.095486
0.025030 0.000010 0.023661 0.343361 0.184210 0.094547 0.060050 0.121522 0.147610
0.069839 0.047787 0.005270 0.000010 0.000010 0.006074 0.000010 0.000010 0.870990
0.016139 0.000010 0.000012 0.000010 0.000010 0.000010 0.000010 0.000010 0.983789
0.000010 0.000010 0.025104 0.644284 0.010977 0.013945 0.021093 0.005223 0.279353
0.000010 0.000010 0.000010 0.651776 0.014813 0.021104 0.010139 0.035232 0.266906
0.000010 0.000010 0.000010 0.655079 0.000010 0.000010 0.015879 0.042805 0.286187
0.026802 0.127195 0.000010 0.845683 0.000010 0.000010 0.000010 0.000270 0.000010
0.000010 0.057794 0.000010 0.942136 0.000010 0.000010 0.000010 0.000010 0.000010
0.002849 0.034636 0.017229 0.801434 0.035798 0.006534 0.031041 0.070469 0.000010
0.000010 0.000010 0.041017 0.476757 0.128466 0.042146 0.078960 0.146300 0.086336
0.032174 0.045325 0.027800 0.391499 0.134735 0.054237 0.062013 0.058300 0.193918
0.164319 0.130848 0.000010 0.000010 0.000010 0.000010 0.000010 0.000010 0.704773
0.037172 0.017310 0.000010 0.000010 0.000010 0.002701 0.004915 0.000010 0.937862
0.000010 0.000010 0.000010 0.636035 0.016169 0.010378 0.000010 0.043615 0.293763
0.000010 0.000010 0.000010 0.621484 0.004773 0.026306 0.020588 0.039019 0.287800
0.000010 0.000010 0.014622 0.650265 0.017393 0.013555 0.000010 0.024525 0.279611
0.020402 0.219911 0.000010 0.759627 0.000010 0.000010 0.000010 0.000010 0.000010
0.360926 0.488983 0.000010 0.000010 0.044535 0.000010 0.000010 0.000010 0.105506
0.337406 0.521239 0.000010 0.001359 0.049445 0.017656 0.000010 0.000010 0.072865
0.000010 0.000010 0.000715 0.669172 0.066572 0.008194 0.037807 0.080046 0.137473
0.001376 0.030217 0.000010 0.927081 0.000010 0.000010 0.000010 0.000010 0.041276
0.009189 0.000010 0.021888 0.571492 0.036901 0.031503 0.057875 0.097626 0.173516
0.007799 0.040798 0.000010 0.951343 0.000010 0.000010 0.000010 0.000010 0.000010
0.009039 0.000010 0.000010 0.910767 0.020825 0.000010 0.000010 0.016122 0.043207
0.000010 0.000010 0.019427 0.508964 0.150725 0.066381 0.061175 0.115508 0.077799
0.041507 0.015069 0.021703 0.440958 0.081891 0.064700 0.068602 0.105544 0.160027
0.080399 0.053473 0.000010 0.000010 0.000010 0.000010 0.000010 0.000010 0.866068
0.016597 0.011196 0.004247 0.000010 0.000010 0.000010 0.000010 0.000010 0.967910
0.000010 0.003921 0.000010 0.652349 0.022177 0.000871 0.012932 0.043667 0.264063
0.000010 0.000010 0.000010 0.646978 0.000010 0.052588 0.000637 0.026498 0.273259
0.000010 0.004651 0.010155 0.647986 0.016236 0.007892 0.010249 0.043528 0.259293
0.000010 0.128001 0.011501 0.836287 0.013914 0.000010 0.000010 0.000010 0.010258
0.000010 0.000561 0.000010 0.858062 0.036957 0.001291 0.011867 0.018673 0.072571
0.000010 0.000179 0.044195 0.422709 0.185075 0.047750 0.108987 0.142373 0.048721
0.027015 0.026354 0.000010 0.000010 0.000010 0.000010 0.000010 0.000010 0.946571
0.020408 0.016078 0.008366 0.000010 0.000010 0.001404 0.000304 0.000010 0.953410
0.117997 0.090536 0.000010 0.000010 0.000010 0.000010 0.000010 0.000010 0.791407
0.000010 0.000010 0.008478 0.653948 0.003514 0.021888 0.005996 0.013343 0.292814
0.000010 0.035304 0.015505 0.812953 0.046198 0.024023 0.022106 0.043233 0.000668
0.000010 0.000010 0.021570 0.828724 0.023653 0.000010 0.019801 0.061531 0.044691
0.000010 0.000010 0.019873 0.410440 0.153408 0.068205 0.109211 0.150655 0.088188
0.019961 0.015413 0.000010 0.404208 0.143821 0.049442 0.060898 0.118965 0.187281
0.022970 0.027353 0.000010 0.000010 0.000010 0.000010 0.000010 0.000010 0.949616
0.023057 0.000010 0.000010 0.000010 0.000010 0.000010 0.000010 0.000010 0.976873
0.000010 0.000010 0.011717 0.653631 0.008170 0.000010 0.022580 0.032705 0.271167
0.000010 0.000010 0.000010 0.658088 0.013306 0.007790 0.004888 0.026273 0.289625
0.000010 0.000010 0.013228 0.642070 0.001613 0.012791 0.000010 0.030407 0.299862
0.010378 0.185141 0.000010 0.804421 0.000010 0.000010 0.000010 0.000010 0.000010
0.000010 0.059553 0.002281 0.863084 0.000010 0.020653 0.009556 0.044844 0.000010
0.000010 0.000010 0.000010 0.860864 0.028948 0.003371 0.000010 0.039315 0.067461
0.000010 0.000010 0.032209 0.419632 0.131925 0.044729 0.087563 0.195016 0.088905
0.056957 0.023448 0.001520 0.415272 0.134058 0.028119 0.037508 0.126820 0.176297
0.036018 0.031666 0.000010 0.001472 0.000010 0.000010 0.000010 0.000010 0.930793
0.044262 0.024543 0.000010 0.000010 0.000010 0.010552 0.000010 0.000010 0.920593
0.000010 0.000010 0.029820 0.642431 0.016436 0.011611 0.017982 0.022293 0.259408
0.000010 0.000010 0.029227 0.658726 0.000010 0.036923 0.005404 0.001599 0.268091
0.000010 0.000010 0.017560 0.627965 0.016416 0.024781 0.004621 0.013111 0.295527
0.000010 0.057706 0.032408 0.853246 0.000010 0.026026 0.015718 0.014866 0.000010
0.000010 0.000279 0.000493 0.857320 0.047527 0.000010 0.014406 0.021783 0.058172
0.046715 0.015297 0.036704 0.379098 0.173917 0.045040 0.042558 0.094714 0.165958
0.023946 0.020197 0.000010 0.000010 0.000010 0.000010 0.000010 0.000010 0.955797
0.032500 0.029265 0.000010 0.000010 0.000010 0.000010 0.002923 0.000010 0.935262
0.000010 0.000010 0.027703 0.627504 0.020641 0.001455 0.007978 0.009228 0.305471
0.000010 0.049539 0.006455 0.831126 0.000010 0.027357 0.027618 0.057875 0.000010
0.000010 0.001836 0.000010 0.867506 0.044563 0.000010 0.018995 0.005799 0.061272
0.024244 0.025776 0.045376 0.420221 0.126067 0.069239 0.038432 0.107913 0.142731
0.035895 0.010301 0.000010 0.000010 0.000010 0.000010 0.000010 0.000010 0.953743
0.046338 0.045381 0.000010 0.000010 0.000010 0.000010 0.000010 0.000010 0.908221
0.000010 0.000010 0.007187 0.660337 0.000010 0.035209 0.013632 0.006996 0.276610
0.000010 0.000010 0.000010 0.639533 0.030071 0.001922 0.003630 0.015627 0.309188
0.021136 0.194588 0.000010 0.784217 0.000010 0.000010 0.000010 0.000010 0.000010
0.008881 0.203099 0.000010 0.787960 0.000010 0.000010 0.000010 0.000010 0.000010
0.036856 0.004416 0.000010 0.512023 0.027527 0.037899 0.034722 0.097866 0.248680
0.016159 0.003385 0.000010 0.442400 0.042464 0.031945 0.060452 0.051825 0.351360
0.274955 0.260435 0.035228 0.089821 0.000010 0.020572 0.000010 0.035606 0.283363
0.001154 0.052541 0.000010 0.854277 0.014040 0.029362 0.016223 0.032383 0.000010
0.002696 0.000010 0.018375 0.879661 0.007444 0.021995 0.000010 0.000010 0.069799
0.000010 0.000010 0.014190 0.443057 0.217714 0.034324 0.083699 0.154555 0.052441
0.010803 0.048524 0.000010 0.000010 0.000010 0.000010 0.000010 0.001776 0.938847
0.059319 0.058686 0.000010 0.000010 0.000010 0.000010 0.000010 0.000010 0.881935
0.000010 0.000010 0.016536 0.631361 0.000010 0.024243 0.000010 0.044921 0.282898
0.000010 0.000010 0.000010 0.638349 0.003110 0.000010 0.019762 0.050069 0.288670
0.023884 0.201540 0.000010 0.774516 0.000010 0.000010 0.000010 0.000010 0.000010
0.342367 0.509786 0.005337 0.000010 0.025094 0.000997 0.000010 0.001130 0.115269
0.000010 0.000010 0.016527 0.912558 0.017425 0.002291 0.000010 0.011792 0.039377
0.016101 0.142956 0.000010 0.825495 0.000010 0.015398 0.000010 0.000010 0.000010
0.000010 0.000010 0.011786 0.633476 0.017890 0.022463 0.018325 0.023236 0.272804
0.012575 0.027653 0.000010 0.000010 0.000010 0.000010 0.000010 0.000010 0.959713
0.000010 0.000010 0.004240 0.643080 0.005787 0.017719 0.000858 0.030568 0.297727
0.027358 0.013597 0.014451 0.436697 0.155064 0.059343 0.027404 0.096882 0.169203
0.000010 0.000010 0.049949 0.462379 0.191470 0.058560 0.064051 0.112949 0.060622
0.003287 0.057218 0.001454 0.770609 0.039901 0.032682 0.011368 0.083471 0.000010
0.177730 0.137006 0.000010 0.000010 0.000010 0.000010 0.000010 0.000010 0.685204
0.000010 0.000010 0.043284 0.726319 0.042591 0.014177 0.008283 0.051892 0.113435
0.183818 0.712945 0.000010 0.020263 0.000010 0.000010 0.076129 0.000010 0.006806
0.165461 0.746736 0.023074 0.009766 0.000010 0.000010 0.038723 0.000010 0.016210
0.117666 0.773566 0.026643 0.029664 0.000197 0.003872 0.048373 0.000010 0.000010
0.104952 0.793979 0.006642 0.016700 0.000010 0.000010 0.071369 0.006328 0.000010
0.000010 0.000010 0.017702 0.275095 0.145681 0.038358 0.212396 0.288216 0.022532
0.000010 0.000010 0.000010 0.265468 0.186307 0.069596 0.182919 0.231599 0.064081
0.000010 0.000010 0.010175 0.262159 0.137391 0.056823 0.201856 0.287166 0.044410
0.000010 0.000010 0.010750 0.273651 0.110368 0.069907 0.228102 0.263434 0.043768
0.170861 0.690643 0.008349 0.051168 0.017849 0.000010 0.036502 0.000010 0.024608
0.286510 0.650941 0.000010 0.000010 0.000010 0.000010 0.006239 0.000010 0.056260
0.249638 0.679766 0.000010 0.000010 0.000010 0.000010 0.022474 0.000010 0.048072
0.266454 0.659661 0.000010 0.000010 0.024750 0.000010 0.005466 0.000010 0.043629
0.268196 0.664690 0.000010 0.000010 0.000010 0.000010 0.007143 0.000010 0.059922
0.262243 0.661090 0.000010 0.000010 0.000010 0.000010 0.020451 0.015138 0.041038
0.170445 0.746614 0.000813 0.022984 0.000010 0.000010 0.033094 0.014756 0.011274
0.286579 0.636154 0.000010 0.000010 0.000010 0.000010 0.025135 0.000010 0.052082
0.165305 0.468481 0.023222 0.031700 0.057070 0.000010 0.099638 0.081771 0.072803
0.000010 0.756781 0.000010 0.133767 0.000010 0.000125 0.109277 0.000010 0.000010
0.099597 0.786640 0.000010 0.014864 0.000010 0.000010 0.079524 0.017736 0.001608
0.080429 0.802282 0.016329 0.018034 0.000010 0.000010 0.082886 0.000010 0.000010
0.078149 0.810714 0.000010 0.022079 0.000010 0.010730 0.078288 0.000010 0.000010
0.083368 0.794328 0.039501 0.024769 0.000010 0.000573 0.057433 0.000010 0.000010
0.049534 0.816939 0.000010 0.040254 0.000010 0.017950 0.075282 0.000010 0.000010
0.170853 0.740998 0.013803 0.012049 0.012220 0.000010 0.043941 0.000010 0.006115
0.073281 0.806128 0.007274 0.031637 0.000010 0.016429 0.065221 0.000010 0.000010
0.096369 0.781863 0.007407 0.008007 0.008397 0.005548 0.086236 0.006164 0.000010
0.084025 0.786868 0.002740 0.000010 0.022564 0.007509 0.096263 0.000010 0.000010
0.103857 0.770953 0.000010 0.043385 0.000010 0.018777 0.061474 0.001525 0.000010
0.148905 0.775412 0.000010 0.000010 0.000010 0.028260 0.025780 0.000010 0.021603
0.188894 0.734180 0.014760 0.018575 0.000010 0.017033 0.008293 0.000010 0.018245
0.117084 0.808152 0.019049 0.000010 0.000010 0.000010 0.031459 0.024216 0.000010
0.150072 0.766595 0.001094 0.040554 0.000010 0.005966 0.035690 0.000010 0.000010
0.134915 0.764647 0.000010 0.021569 0.016686 0.019642 0.024819 0.000010 0.017703
0.119255 0.809325 0.016562 0.003289 0.000010 0.008836 0.012176 0.023462 0.007084
0.134717 0.789247 0.010065 0.010715 0.000010 0.000010 0.007680 0.026081 0.021476
0.136254 0.794227 0.000010 0.000010 0.000010 0.016091 0.028722 0.000010 0.024666
0.146482 0.778767 0.017614 0.002400 0.002006 0.001226 0.022107 0.005989 0.023410
0.187391 0.730973 0.006633 0.004712 0.000010 0.008867 0.052148 0.009256 0.000010
0.183260 0.728600 0.000010 0.015896 0.000010 0.004266 0.046213 0.017691 0.004054
0.123000 0.759760 0.000010 0.036072 0.000010 0.005480 0.075648 0.000010 0.000010
0.074402 0.827716 0.000010 0.039980 0.000010 0.009173 0.048689 0.000010 0.000010
0.074575 0.825155 0.000010 0.023354 0.000010 0.008484 0.057098 0.011304 0.000010
0.046205 0.881334 0.019697 0.000015 0.000010 0.010411 0.042308 0.000010 0.000010
0.010275 0.919284 0.000748 0.000013 0.000010 0.026863 0.042788 0.000010 0.000010
0.010770 0.928758 0.002252 0.020387 0.000010 0.017678 0.020126 0.000010 0.000010
0.014204 0.936588 0.000010 0.000010 0.000010 0.015668 0.016499 0.017001 0.000010
0.153493 0.733955 0.000010 0.035535 0.023632 0.000010 0.051762 0.001592 0.000010
0.128747 0.757570 0.018939 0.013761 0.023422 0.000010 0.057532 0.000010 0.000010
0.170879 0.713106 0.009168 0.023592 0.010752 0.000010 0.072473 0.000010 0.000010
0.138347 0.787577 0.000010 0.012763 0.000010 0.011134 0.023619 0.016605 0.009935
0.185400 0.733492 0.000010 0.000437 0.000010 0.000010 0.074275 0.000010 0.006356
0.051645 0.849042 0.000010 0.022802 0.000010 0.000010 0.067956 0.008515 0.000010
0.146126 0.773830 0.000712 0.005964 0.022412 0.011538 0.034441 0.000929 0.004047
0.170372 0.741653 0.000010 0.012628 0.000010 0.000010 0.041623 0.000010 0.033684
0.152967 0.764328 0.004316 0.021793 0.000010 0.000010 0.035999 0.020569 0.000010
0.096976 0.831313 0.006598 0.019974 0.001989 0.006629 0.016105 0.020406 0.000010
0.134682 0.813074 0.010552 0.003391 0.000010 0.009808 0.028464 0.000010 0.000010
0.126363 0.784081 0.002730 0.053836 0.000010 0.009791 0.004964 0.015413 0.002811
0.183140 0.729991 0.000010 0.000010 0.000010 0.027512 0.035505 0.000010 0.023812
0.107827 0.775565 0.002760 0.031910 0.002646 0.011375 0.067897 0.000010 0.000010
0.165555 0.733961 0.000010 0.008768 0.011777 0.000010 0.069850 0.010059 0.000010
0.204014 0.685519 0.000010 0.032760 0.024164 0.003861 0.042955 0.006707 0.000010
0.107744 0.796539 0.014177 0.000424 0.001971 0.000010 0.063517 0.015609 0.000010
0.077141 0.803759 0.008512 0.000010 0.005468 0.010954 0.094135 0.000010 0.000010
0.198903 0.711254 0.003504 0.011329 0.027457 0.004273 0.039305 0.000010 0.003965
0.070204 0.813503 0.002238 0.046877 0.000010 0.000010 0.067137 0.000010 0.000010
0.157202 0.751699 0.000010 0.031577 0.000010 0.020212 0.039270 0.000010 0.000010
0.162833 0.744985 0.012693 0.000012 0.000010 0.000010 0.048729 0.023577 0.007151
0.053789 0.861567 0.000010 0.005775 0.013039 0.000010 0.059377 0.006423 0.000010
0.076566 0.785075 0.001390 0.028514 0.002936 0.000010 0.086884 0.018614 0.000010
0.080010 0.800113 0.012166 0.033434 0.000010 0.003782 0.070465 0.000010 0.000010
0.093525 0.800577 0.015507 0.024518 0.000010 0.010746 0.055097 0.000010 0.000010
0.114678 0.775769 0.017948 0.018433 0.000010 0.000010 0.064009 0.009133 0.000010
0.073659 0.419662 0.056786 0.096331 0.075572 0.000010 0.168538 0.108051 0.001390
0.236451 0.672321 0.000010 0.000010 0.014829 0.000010 0.028728 0.026178 0.021464
0.238126 0.689574 0.004607 0.000010 0.000010 0.000010 0.036233 0.003593 0.027837
0.245115 0.671687 0.006734 0.000010 0.000010 0.004523 0.035462 0.000010 0.036450
0.234473 0.691080 0.000010 0.000010 0.006131 0.000396 0.021232 0.000010 0.046658
0.215123 0.688865 0.000010 0.000010 0.003563 0.001043 0.030926 0.027970 0.032491
0.248608 0.681812 0.015043 0.000010 0.000010 0.003135 0.017780 0.001790 0.031810
0.245477 0.682526 0.000010 0.007098 0.000010 0.002177 0.012258 0.000010 0.050434
0.262185 0.677983 0.000010 0.017559 0.000010 0.000010 0.000010 0.000010 0.042224
0.190436 0.726059 0.010342 0.006388 0.000010 0.006132 0.030429 0.006476 0.023727
0.139201 0.753049 0.000010 0.025598 0.012805 0.003749 0.065568 0.000010 0.000010
0.188457 0.719113 0.000178 0.002972 0.005261 0.000010 0.041024 0.012515 0.030470
0.170469 0.719356 0.005315 0.030816 0.001048 0.000010 0.043634 0.000010 0.029341
0.180714 0.713106 0.019417 0.017611 0.000010 0.000772 0.045793 0.000010 0.022566
0.176794 0.729344 0.000010 0.005117 0.000599 0.017030 0.046711 0.005654 0.018741
0.238900 0.697078 0.000010 0.005131 0.000010 0.001016 0.009748 0.000010 0.048098
0.183406 0.724013 0.013691 0.000010 0.000010 0.001633 0.043674 0.032273 0.001291
0.198270 0.704162 0.000014 0.048979 0.000410 0.000010 0.029688 0.000010 0.018457
0.092403 0.767507 0.003150 0.025586 0.002543 0.000561 0.088197 0.020042 0.000010
0.149292 0.749203 0.014273 0.008771 0.000010 0.000010 0.054505 0.015292 0.008644
0.192578 0.702023 0.000010 0.011930 0.000010 0.000010 0.062431 0.022143 0.008864
0.206023 0.719793 0.008741 0.006792 0.003123 0.027790 0.020623 0.000010 0.007106
0.125032 0.762935 0.004281 0.011981 0.003403 0.000010 0.072657 0.019691 0.000010
0.000010 0.015054 0.019730 0.166066 0.122421 0.075128 0.281711 0.265310 0.054571
0.005511 0.074655 0.070778 0.088839 0.216574 0.011354 0.294714 0.227520 0.010054
0.000010 0.082030 0.031297 0.189668 0.198139 0.033311 0.273698 0.191837 0.000010
0.193589 0.525761 0.014813 0.028792 0.042516 0.027377 0.088209 0.047070 0.031873
0.000010 0.011289 0.015674 0.164781 0.106381 0.058115 0.293705 0.327362 0.022683
0.000010 0.000010 0.000010 0.176501 0.127535 0.058744 0.301307 0.301445 0.034438
0.050649 0.338493 0.063467 0.088461 0.048170 0.035642 0.213933 0.138026 0.023159
0.075891 0.299812 0.054429 0.096497 0.067329 0.032875 0.180244 0.164280 0.028644
0.039048 0.151250 0.045194 0.090423 0.239748 0.027573 0.231930 0.163486 0.011348
0.000010 0.000010 0.012091 0.007254 0.069913 0.838189 0.026922 0.043528 0.002083
0.000010 0.000010 0.000010 0.141575 0.104764 0.082565 0.350080 0.296099 0.024887
0.000010 0.000019 0.007622 0.175817 0.172967 0.048060 0.283819 0.311676 0.000010
0.055305 0.314989 0.039199 0.131441 0.047363 0.020598 0.232942 0.137107 0.021057
0.000010 0.075553 0.081592 0.138791 0.198936 0.018923 0.305464 0.180720 0.000010
0.000010 0.261006 0.036082 0.135760 0.036575 0.024120 0.343092 0.163345 0.000010
0.000010 0.000010 0.020949 0.199977 0.132804 0.064928 0.281837 0.284005 0.015480
0.086543 0.311175 0.033858 0.090764 0.087868 0.035660 0.195746 0.145708 0.012677
0.077158 0.307382 0.034237 0.089898 0.057689 0.014466 0.220595 0.174592 0.023981
0.109232 0.340115 0.024519 0.069125 0.107608 0.022203 0.163295 0.108867 0.055036
0.191208 0.501026 0.019834 0.025904 0.084354 0.000010 0.098159 0.043445 0.036061
0.035535 0.341481 0.057794 0.104486 0.014221 0.024533 0.283451 0.131410 0.007089
0.000010 0.281072 0.011150 0.123270 0.059610 0.032312 0.343342 0.149224 0.000010
0.000010 0.000010 0.031088 0.159949 0.144098 0.045685 0.257311 0.340504 0.021344
0.000010 0.271636 0.055344 0.130719 0.036830 0.055778 0.323215 0.126459 0.000010
0.000010 0.022489 0.000010 0.158295 0.137592 0.031303 0.318440 0.309416 0.022445
0.079992 0.347558 0.062658 0.106725 0.050815 0.009853 0.202667 0.130373 0.009358
0.068965 0.339227 0.007109 0.100536 0.078629 0.017869 0.225179 0.144802 0.017685
0.176169 0.467534 0.014500 0.041070 0.079021 0.000010 0.100092 0.090837 0.030766
0.000010 0.001494 0.060811 0.165839 0.080483 0.074501 0.290853 0.300982 0.025028
0.000010 0.270523 0.000010 0.150453 0.043194 0.038190 0.346715 0.150894 0.000010
0.000010 0.000010 0.012616 0.162728 0.140146 0.088703 0.315721 0.273560 0.006507
0.015224 0.154139 0.088126 0.082820 0.246808 0.025369 0.261509 0.107418 0.018588
0.019397 0.182425 0.072281 0.103556 0.196750 0.009108 0.270955 0.139811 0.005717
0.000010 0.000010 0.000010 0.170493 0.126325 0.067753 0.292682 0.342708 0.000010
0.000010 0.000010 0.023132 0.172237 0.146478 0.056967 0.286013 0.291231 0.023922
0.000010 0.268135 0.019409 0.153490 0.034484 0.017340 0.351926 0.155196 0.000010
0.183180 0.523773 0.029144 0.036055 0.013000 0.016612 0.103652 0.037091 0.057494
0.143032 0.399612 0.008324 0.073295 0.070407 0.026121 0.142707 0.096083 0.040420
0.076024 0.330884 0.046727 0.104881 0.081174 0.003625 0.210942 0.141636 0.004107
0.002296 0.152607 0.058337 0.130214 0.214669 0.015654 0.286766 0.139447 0.000010
0.000010 0.280817 0.000010 0.159032 0.079130 0.034182 0.332192 0.114617 0.000010
0.002921 0.147993 0.096353 0.098137 0.247506 0.032192 0.231783 0.129382 0.013734
0.213501 0.490535 0.021895 0.028605 0.058627 0.019162 0.086790 0.053360 0.027526
0.000010 0.192039 0.088499 0.108242 0.251537 0.000010 0.248997 0.096825 0.013841
0.000010 0.000010 0.009485 0.178643 0.138736 0.052243 0.301495 0.301733 0.017645
0.000010 0.257378 0.022493 0.141466 0.058731 0.003723 0.332344 0.183846 0.000010
0.063677 0.338622 0.051517 0.081740 0.095846 0.006386 0.178489 0.149552 0.034170
0.078298 0.319895 0.036382 0.055532 0.069555 0.015902 0.227513 0.176417 0.020505
0.067857 0.336470 0.021949 0.081222 0.082269 0.023631 0.198668 0.167869 0.020064
0.000010 0.243087 0.051534 0.139194 0.028804 0.032751 0.330019 0.174591 0.000010
0.000010 0.000010 0.000010 0.146868 0.132928 0.051769 0.335343 0.315131 0.017931
0.000010 0.051381 0.051492 0.111073 0.228247 0.016759 0.291159 0.228115 0.021765
0.046266 0.136453 0.070654 0.098492 0.224936 0.007598 0.255855 0.151316 0.008431
0.225850 0.483432 0.021050 0.012482 0.032824 0.013244 0.124658 0.036388 0.050071
0.000010 0.000010 0.000010 0.189618 0.128168 0.058544 0.308081 0.283403 0.032156
0.000010 0.000010 0.019816 0.136635 0.137818 0.056700 0.327421 0.285616 0.035974
0.144218 0.461579 0.022221 0.072513 0.059061 0.001435 0.135387 0.075921 0.027665
0.065216 0.350646 0.006822 0.090144 0.029285 0.049104 0.235816 0.144847 0.028119
0.188449 0.489223 0.033338 0.044771 0.000010 0.026322 0.104976 0.054963 0.057948
0.000010 0.266276 0.065971 0.165147 0.003370 0.028320 0.336895 0.134001 0.000010
0.013147 0.148066 0.086480 0.102868 0.221549 0.003682 0.268371 0.123116 0.032721
0.015653 0.126875 0.082216 0.131262 0.239640 0.000010 0.274837 0.129497 0.000010
0.079127 0.365695 0.027104 0.104560 0.048565 0.000010 0.212600 0.139564 0.022776
0.000010 0.004588 0.012335 0.215368 0.081417 0.072447 0.293776 0.306445 0.013613
0.000010 0.003207 0.012854 0.150123 0.117324 0.072261 0.299623 0.328136 0.016462
0.000010 0.000010 0.032817 0.155018 0.107855 0.072942 0.281664 0.301194 0.048491
0.147014 0.436771 0.011725 0.057430 0.064481 0.015137 0.149837 0.100349 0.017256
