0.378268 0.486902 0.134820 0.000010
0.278385 0.632787 0.083640 0.005188
0.376862 0.496104 0.121926 0.005108
0.297859 0.600716 0.061217 0.040208
0.379481 0.497118 0.123391 0.000010
0.335778 0.535474 0.113660 0.015088
0.308304 0.566259 0.086634 0.038804
0.037549 0.911548 0.013317 0.037586
0.021584 0.911156 0.054871 0.012389
0.013380 0.970110 0.016500 0.000010
0.056337 0.827603 0.085678 0.030382
0.059662 0.837683 0.052400 0.050255
0.679927 0.000010 0.030198 0.289865
0.602075 0.000651 0.120275 0.276999
0.764311 0.000010 0.000010 0.235669
0.612890 0.011113 0.154924 0.221073
0.350898 0.497878 0.139735 0.011489
0.346998 0.524922 0.128070 0.000010
0.028851 0.933956 0.037183 0.000010
0.037551 0.888877 0.000130 0.073442
0.056466 0.902009 0.000010 0.041515
0.000010 0.990778 0.009202 0.000010
0.048214 0.833039 0.075255 0.043492
0.055092 0.835720 0.048537 0.060650
0.731182 0.000010 0.000010 0.268798
0.740618 0.000010 0.026314 0.233058
0.765160 0.007298 0.006770 0.220772
0.584216 0.000010 0.126309 0.289465
0.346749 0.510663 0.132037 0.010551
0.337777 0.499229 0.110849 0.052145
0.068650 0.891376 0.039963 0.000010
0.009324 0.895035 0.003678 0.091962
0.010502 0.972717 0.016771 0.000010
0.003464 0.977298 0.019228 0.000010
0.036411 0.839879 0.085762 0.037947
0.036085 0.835870 0.074272 0.053773
0.687875 0.000010 0.041299 0.270816
0.744094 0.010219 0.013061 0.232626
0.727712 0.000010 0.011017 0.261261
0.615928 0.009083 0.133301 0.241688
0.326927 0.539678 0.114961 0.018434
0.330403 0.502785 0.121652 0.045160
0.048066 0.911192 0.031128 0.009613
0.028767 0.933972 0.008621 0.028640
0.000010 0.988785 0.011195 0.000010
0.018276 0.970594 0.011119 0.000010
0.007178 0.987754 0.005058 0.000010
0.056547 0.820501 0.075963 0.046988
0.056537 0.833884 0.099850 0.009728
0.691177 0.000010 0.044416 0.264397
0.767539 0.008752 0.000010 0.223699
0.772756 0.000010 0.029122 0.198112
0.634982 0.018200 0.105289 0.241529
0.728517 0.000010 0.022263 0.249210
0.417826 0.000010 0.294776 0.287388
0.693945 0.000010 0.043124 0.262921
0.705970 0.041607 0.115578 0.136844
0.648662 0.038581 0.117155 0.195602
0.770981 0.036963 0.112190 0.079866
0.660622 0.045272 0.112392 0.181714
0.390813 0.455068 0.127345 0.026774
0.659071 0.000010 0.062752 0.278167
0.648422 0.000010 0.075249 0.276319
0.676349 0.077576 0.113895 0.132180
0.623062 0.162916 0.180692 0.033330
0.676269 0.047348 0.163339 0.113044
0.641946 0.065723 0.148319 0.144012
0.332175 0.494926 0.115576 0.057323
0.349193 0.503588 0.130306 0.016913
0.678509 0.000010 0.041672 0.279809
0.469751 0.000010 0.245353 0.284886
0.697965 0.000010 0.041040 0.260985
0.672882 0.059397 0.135713 0.132008
0.613053 0.044590 0.137069 0.205288
0.685094 0.019120 0.119910 0.175876
0.622909 0.082538 0.129049 0.165504
0.364580 0.441400 0.156740 0.037281
0.364449 0.452316 0.151358 0.031878
0.333300 0.499771 0.114921 0.052008
0.032463 0.902401 0.065064 0.000072
0.000010 0.981762 0.018218 0.000010
0.015587 0.968436 0.015966 0.000010
0.000010 0.991123 0.008857 0.000010
0.041215 0.814150 0.060029 0.084606
0.037258 0.838093 0.083564 0.041086
0.684070 0.000010 0.060318 0.255602
0.780700 0.000010 0.000010 0.219280
0.708937 0.000010 0.065740 0.225312
0.586074 0.028719 0.123157 0.262050
0.347842 0.499140 0.108069 0.044949
0.203252 0.718681 0.078057 0.000010
0.028718 0.905754 0.032822 0.032707
0.038707 0.915551 0.045732 0.000010
0.001107 0.980583 0.018300 0.000010
0.000010 0.988023 0.011957 0.000010
0.059461 0.828580 0.061744 0.050215
0.053861 0.830277 0.076904 0.038958
0.683368 0.000010 0.043684 0.272939
0.742810 0.000010 0.022065 0.235115
0.616270 0.013526 0.142007 0.228198
0.686494 0.000010 0.049109 0.264387
0.258659 0.000010 0.452271 0.289060
0.698497 0.000010 0.040178 0.261315
0.739823 0.050455 0.126214 0.083508
0.693186 0.043159 0.145886 0.117769
0.665429 0.034217 0.137460 0.162895
0.296863 0.507179 0.128263 0.067695
0.364257 0.495063 0.120150 0.020530
0.028424 0.912614 0.000010 0.058952
0.037387 0.900890 0.000243 0.061481
0.000010 0.990198 0.009782 0.000010
0.000010 0.971016 0.028964 0.000010
0.047993 0.821765 0.073150 0.057091
0.679911 0.000010 0.068253 0.251826
0.780582 0.000010 0.003003 0.216405
0.784476 0.006397 0.000010 0.209117
0.608585 0.006058 0.121063 0.264294
0.692124 0.000010 0.051366 0.256500
0.397446 0.000010 0.284808 0.317736
0.688863 0.000010 0.022501 0.288625
0.723994 0.045922 0.116753 0.113331
0.724841 0.055931 0.110582 0.108646
0.678640 0.030636 0.125300 0.165424
0.435314 0.396848 0.134835 0.033003
0.335101 0.537325 0.105005 0.022569
0.013046 0.931561 0.020511 0.034882
0.052667 0.925153 0.022171 0.000010
0.009713 0.986449 0.003828 0.000010
0.000010 0.980286 0.019694 0.000010
0.052627 0.838873 0.053762 0.054737
0.068709 0.812536 0.077459 0.041296
0.640314 0.000010 0.061107 0.298570
0.768474 0.000230 0.000010 0.231286
0.769308 0.000010 0.000010 0.230672
0.592695 0.011690 0.132640 0.262974
0.685570 0.000010 0.089523 0.224897
0.420043 0.000010 0.280492 0.299455
0.696076 0.000010 0.024139 0.279775
0.762919 0.076686 0.154817 0.005579
0.631612 0.060324 0.162809 0.145255
0.608780 0.122702 0.102380 0.166138
0.287499 0.555960 0.089126 0.067415
0.343097 0.539438 0.116955 0.000510
0.062556 0.917381 0.020053 0.000010
0.010408 0.927795 0.059223 0.002575
0.000010 0.981852 0.018128 0.000010
0.004787 0.977859 0.017344 0.000010
0.004285 0.984782 0.010923 0.000010
0.025036 0.815602 0.094044 0.065317
0.054047 0.861059 0.070161 0.014733
0.676105 0.000010 0.078377 0.245508
0.697322 0.015265 0.047489 0.239925
0.776462 0.007854 0.000010 0.215674
0.600018 0.019947 0.131390 0.248645
0.650092 0.000010 0.098331 0.251567
0.694188 0.000010 0.041627 0.264174
0.672074 0.034411 0.172042 0.121473
0.678517 0.057767 0.148354 0.115361
0.647338 0.056345 0.124942 0.171375
0.739575 0.038588 0.161149 0.060689
0.769762 0.040894 0.000010 0.189334
0.351163 0.495827 0.082226 0.070783
0.040559 0.922014 0.000010 0.037416
0.014138 0.940161 0.045691 0.000010
0.015070 0.975700 0.009219 0.000010
0.047390 0.815670 0.079915 0.057025
0.035751 0.846355 0.076505 0.041389
0.732949 0.000010 0.063459 0.203583
0.760231 0.000010 0.004751 0.235007
0.728757 0.000010 0.021497 0.249736
0.693886 0.000010 0.018790 0.287314
0.419736 0.000010 0.280486 0.299768
0.686780 0.000010 0.045389 0.267821
0.729148 0.065046 0.132576 0.073230
0.708828 0.050149 0.124759 0.116263
0.622607 0.138273 0.192793 0.046327
0.736511 0.036934 0.130115 0.096440
0.282942 0.578491 0.127178 0.011390
0.755941 0.032183 0.000010 0.211866
0.036822 0.917714 0.026620 0.018844
0.000010 0.977315 0.022665 0.000010
0.032551 0.900885 0.033706 0.032859
0.044949 0.910066 0.024389 0.020597
0.681271 0.000010 0.043620 0.275098
0.678319 0.032769 0.179790 0.109121
0.415018 0.000010 0.281641 0.303331
0.698833 0.000010 0.017121 0.284036
0.721162 0.064742 0.132838 0.081259
0.653404 0.031974 0.158179 0.156443
0.523666 0.236649 0.107444 0.132240
0.315477 0.510001 0.098775 0.075747
0.781687 0.034369 0.000010 0.183933
0.023979 0.971784 0.004227 0.000010
0.036450 0.805195 0.094590 0.063764
0.048062 0.839102 0.048437 0.064400
0.073510 0.826983 0.063765 0.035743
0.756964 0.005226 0.000010 0.237800
0.741083 0.000010 0.000010 0.258897
0.647619 0.000010 0.075591 0.276780
0.676617 0.000010 0.029267 0.294106
0.422367 0.000010 0.287290 0.290333
0.740136 0.054205 0.168399 0.037260
0.670795 0.065872 0.152287 0.111047
0.624341 0.064935 0.149048 0.161676
0.691191 0.040456 0.124692 0.143661
0.629830 0.037119 0.128759 0.204292
0.767273 0.034762 0.000010 0.197955
0.475262 0.000010 0.227912 0.296816
0.687732 0.000010 0.053139 0.259119
0.709771 0.056914 0.143295 0.090020
0.681346 0.057773 0.131556 0.129325
0.605176 0.156381 0.212704 0.025739
0.669718 0.028130 0.147164 0.154988
0.309304 0.542838 0.127279 0.020579
0.771747 0.020535 0.000010 0.207708
0.811587 0.030030 0.000010 0.158374
0.652207 0.030295 0.037436 0.280063
0.749184 0.000010 0.016950 0.233856
0.467992 0.061980 0.230410 0.239619
0.711962 0.157241 0.130787 0.000010
0.667752 0.211288 0.120950 0.000010
0.777897 0.000010 0.069041 0.153052
0.760921 0.000010 0.042454 0.196615
0.759155 0.000010 0.061625 0.179210
0.714829 0.040826 0.000010 0.244335
0.761420 0.031255 0.000010 0.207315
0.740572 0.000010 0.009550 0.249868
0.439273 0.075586 0.278776 0.206364
0.677807 0.184913 0.137271 0.000010
0.760971 0.074177 0.164842 0.000010
0.729590 0.000010 0.082686 0.187714
0.734894 0.000010 0.058973 0.206123
0.611598 0.180569 0.000010 0.207823
0.730804 0.048983 0.113178 0.107035
0.742386 0.026763 0.000010 0.230841
0.469790 0.001274 0.238827 0.290110
0.409452 0.033515 0.344021 0.213013
0.617394 0.215698 0.166898 0.000010
0.714886 0.146144 0.138960 0.000010
0.747670 0.007433 0.071784 0.173113
0.742331 0.008335 0.062526 0.186809
0.771186 0.000010 0.023698 0.205107
0.673851 0.120045 0.000010 0.206094
0.781809 0.033883 0.000010 0.184299
0.650682 0.018615 0.036105 0.294598
0.464410 0.000010 0.235011 0.300569
0.476116 0.090305 0.243385 0.190194
0.524997 0.370575 0.104418 0.000010
0.668421 0.160081 0.171488 0.000010
0.756193 0.000010 0.069570 0.174228
0.735260 0.007697 0.066545 0.190499
0.753581 0.002063 0.076777 0.167579
0.592197 0.204544 0.000010 0.203249
0.068935 0.826945 0.081298 0.022822
0.053066 0.827300 0.088133 0.031501
0.661365 0.000010 0.093667 0.244957
0.795472 0.011759 0.000010 0.192759
0.610367 0.010656 0.124428 0.254549
0.791937 0.028509 0.000010 0.179544
0.782707 0.000010 0.000010 0.217273
0.485062 0.000010 0.247533 0.267394
0.490327 0.068312 0.201425 0.239936
0.656912 0.237669 0.105409 0.000010
0.704392 0.147367 0.148232 0.000010
0.738337 0.014083 0.055460 0.192120
0.757375 0.000010 0.064830 0.177785
0.734113 0.013100 0.063803 0.188984
0.687177 0.098045 0.000010 0.214768
0.756249 0.000010 0.011875 0.231866
0.390110 0.000010 0.288794 0.321086
0.704565 0.168362 0.127063 0.000010
0.695423 0.142019 0.162548 0.000010
0.578383 0.294813 0.126794 0.000010
0.769619 0.011099 0.061809 0.157473
0.659768 0.012834 0.047806 0.279591
0.710924 0.000010 0.018762 0.270304
0.416910 0.000010 0.271442 0.311638
0.482675 0.046975 0.236290 0.234059
0.698611 0.164097 0.137282 0.000010
0.699697 0.144107 0.156186 0.000010
0.751241 0.000010 0.055435 0.193314
0.768737 0.000457 0.050074 0.180732
0.758733 0.006124 0.063573 0.171570
0.637930 0.163096 0.000010 0.198964
0.676574 0.034609 0.000010 0.288806
0.752527 0.000010 0.006146 0.241316
0.419275 0.000010 0.252958 0.327758
0.477250 0.089943 0.211835 0.220971
0.696780 0.166819 0.136391 0.000010
0.679285 0.173002 0.147704 0.000010
0.730231 0.001350 0.081322 0.187098
0.759729 0.001048 0.083313 0.155910
0.747634 0.009028 0.087043 0.156295
0.675981 0.038053 0.010468 0.275498
0.745125 0.000010 0.018410 0.236456
0.446342 0.073652 0.290756 0.189249
0.718797 0.162652 0.118541 0.000010
0.693949 0.170998 0.135043 0.000010
0.751892 0.011573 0.078058 0.158477
0.640494 0.027272 0.005290 0.326944
0.754539 0.000010 0.004005 0.241446
0.461679 0.056715 0.267089 0.214517
0.709320 0.156239 0.134431 0.000010
0.665184 0.191197 0.143609 0.000010
0.767151 0.002352 0.042723 0.187774
0.768651 0.010428 0.061847 0.159074
0.625110 0.183926 0.000010 0.190954
0.635295 0.177841 0.000010 0.186854
0.616091 0.057626 0.113452 0.212832
0.641878 0.048244 0.131564 0.178314
0.289486 0.545813 0.127185 0.037515
0.660431 0.032731 0.014141 0.292698
0.774002 0.000010 0.013353 0.212636
0.409652 0.000010 0.288542 0.301796
0.697916 0.162084 0.139990 0.000010
0.648406 0.211477 0.140107 0.000010
0.745679 0.010567 0.073857 0.169897
0.749418 0.001133 0.039664 0.209785
0.605869 0.192501 0.000010 0.201620
0.066601 0.826813 0.075828 0.030758
0.776303 0.000010 0.001824 0.221863
0.650789 0.125915 0.000010 0.223285
0.731751 0.006111 0.078521 0.183617
0.701724 0.154754 0.143512 0.000010
0.759364 0.010169 0.063745 0.166721
0.493843 0.049670 0.261932 0.194555
0.434941 0.000010 0.307348 0.257701
0.622540 0.038139 0.055395 0.283926
0.508337 0.388940 0.102712 0.000010
0.685815 0.000010 0.094828 0.219347
0.000010 0.841987 0.000010 0.157993
0.000010 0.858333 0.000010 0.141647
0.000010 0.832125 0.000010 0.167855
0.000010 0.835331 0.000010 0.164649
0.255174 0.000010 0.262137 0.482679
0.282879 0.000010 0.306080 0.411032
0.264188 0.000010 0.269585 0.466218
0.270717 0.000010 0.246839 0.482434
0.037442 0.811236 0.005141 0.146180
0.015291 0.897185 0.000010 0.087514
0.018564 0.888593 0.000010 0.092833
0.012346 0.880633 0.010964 0.096057
0.030322 0.895297 0.001142 0.073240
0.000467 0.878669 0.000010 0.120854
0.000010 0.858935 0.000010 0.141045
0.016390 0.886172 0.007786 0.089652
0.068558 0.610724 0.096812 0.223906
0.047291 0.700422 0.000010 0.252277
0.000011 0.822317 0.000010 0.177662
0.000010 0.818344 0.000010 0.181636
0.000017 0.823724 0.000010 0.176249
0.000010 0.817577 0.000010 0.182403
0.000010 0.799059 0.000010 0.200921
0.000010 0.858417 0.000010 0.141563
0.000010 0.820645 0.000010 0.179335
0.000010 0.816830 0.000010 0.183150
0.000010 0.816339 0.000010 0.183641
0.000010 0.815478 0.000010 0.184502
0.000010 0.865850 0.000010 0.134130
0.003725 0.868535 0.005866 0.121874
0.000010 0.855771 0.000010 0.144209
0.000618 0.857302 0.000010 0.142070
0.009273 0.842876 0.009427 0.138425
0.000010 0.862484 0.000010 0.137496
0.000013 0.862187 0.000010 0.137790
0.000010 0.870661 0.000010 0.129319
0.000010 0.867294 0.000010 0.132686
0.000010 0.860820 0.000010 0.139160
0.000010 0.854510 0.000010 0.145470
0.000011 0.821428 0.000010 0.178551
0.000010 0.833975 0.000010 0.166005
0.000010 0.831302 0.000010 0.168678
0.000010 0.855110 0.000010 0.144870
0.000010 0.856229 0.000010 0.143751
0.000010 0.857429 0.000010 0.142551
0.000010 0.865341 0.000010 0.134639
0.000010 0.831388 0.000010 0.168592
0.000010 0.831946 0.008257 0.159786
0.000010 0.833363 0.000010 0.166617
0.000010 0.862769 0.000010 0.137211
0.000010 0.863899 0.000010 0.136081
0.000010 0.828822 0.000010 0.171158
0.000010 0.859308 0.000942 0.139740
0.007781 0.859860 0.000010 0.132349
0.000010 0.853187 0.000010 0.146793
0.000010 0.858182 0.000010 0.141798
0.000010 0.884738 0.000010 0.115242
0.012432 0.845788 0.000010 0.141770
0.000010 0.862107 0.008165 0.129718
0.000010 0.825448 0.000010 0.174532
0.000010 0.840031 0.000010 0.159949
0.000010 0.838467 0.007517 0.154006
0.000010 0.839150 0.000010 0.160830
0.000010 0.819843 0.000010 0.180137
0.000010 0.858727 0.020256 0.121006
0.000010 0.818891 0.000010 0.181089
0.000664 0.853444 0.000010 0.145882
0.000010 0.850154 0.000010 0.149826
0.000010 0.843743 0.000010 0.156237
0.000010 0.797181 0.000010 0.202799
0.000010 0.817976 0.000010 0.182004
0.000010 0.830840 0.000010 0.169140
0.000010 0.828006 0.000010 0.171974
0.068875 0.469962 0.125167 0.335996
0.000010 0.859044 0.009333 0.131613
0.000010 0.879493 0.000010 0.120487
0.001302 0.873371 0.000010 0.125317
0.008048 0.880079 0.003983 0.107890
0.000010 0.854857 0.004512 0.140620
0.000010 0.883399 0.002464 0.114127
0.028218 0.882676 0.000010 0.089096
0.021468 0.890512 0.000010 0.088011
0.000010 0.863303 0.000010 0.136677
0.000010 0.835091 0.000010 0.164889
0.000010 0.855949 0.000010 0.144031
0.019837 0.837800 0.000010 0.142352
0.008974 0.843506 0.000010 0.147510
0.000010 0.853842 0.000010 0.146138
0.027601 0.888990 0.000010 0.083399
0.000010 0.848754 0.000010 0.151226
0.026620 0.849480 0.000010 0.123890
0.000010 0.798878 0.000010 0.201102
0.000011 0.840716 0.000010 0.159264
0.000010 0.841304 0.000010 0.158676
0.000010 0.871323 0.010249 0.118418
0.000010 0.826347 0.000010 0.173633
0.189365 0.031894 0.271835 0.506906
0.084806 0.093322 0.333258 0.488615
0.156976 0.084862 0.279766 0.478395
0.033031 0.687344 0.082878 0.196748
0.159512 0.024860 0.247706 0.567922
0.188593 0.000010 0.249220 0.562177
0.085425 0.378478 0.154396 0.381701
0.095324 0.364684 0.174841 0.365151
0.085583 0.193082 0.332576 0.388758
0.067348 0.013779 0.859436 0.059438
0.152934 0.009101 0.249422 0.588543
0.152944 0.010806 0.287484 0.548766
0.117986 0.360664 0.115607 0.405743
0.116064 0.083197 0.312609 0.488130
0.085050 0.257866 0.104593 0.552492
0.190503 0.001493 0.273448 0.534557
0.078380 0.385155 0.168831 0.367634
0.085868 0.375220 0.131936 0.406976
0.093352 0.437501 0.172104 0.297043
0.035154 0.663632 0.102433 0.198780
0.085001 0.369948 0.095290 0.449761
0.094129 0.275719 0.104804 0.525348
0.160747 0.000010 0.294631 0.544612
0.101900 0.266579 0.136578 0.494942
0.155063 0.033147 0.228914 0.582875
0.084990 0.412783 0.126065 0.376161
0.087583 0.394349 0.118048 0.400020
0.043759 0.615129 0.106339 0.234773
0.163506 0.016420 0.268702 0.551371
0.112551 0.265377 0.081456 0.540615
0.151246 0.012196 0.285923 0.550636
0.089988 0.177251 0.359416 0.373344
0.090570 0.205158 0.284834 0.419438
0.150845 0.010287 0.258754 0.580114
0.170809 0.012900 0.282919 0.533372
0.115505 0.265020 0.074547 0.544928
0.058776 0.679471 0.060037 0.201716
0.080644 0.522884 0.119071 0.277401
0.082240 0.393380 0.141670 0.382710
0.098599 0.158061 0.292676 0.450663
0.106966 0.275026 0.103924 0.514084
0.095557 0.156804 0.381538 0.366102
0.032640 0.674725 0.103738 0.188897
0.101295 0.194479 0.329429 0.374798
0.170584 0.011807 0.262726 0.554883
0.095616 0.249947 0.099704 0.554733
0.083761 0.388842 0.172160 0.355238
0.052824 0.388297 0.147174 0.411706
0.073778 0.389710 0.149143 0.387368
0.097900 0.238892 0.124320 0.538888
0.152182 0.001142 0.251394 0.595282
0.113300 0.059085 0.330964 0.496651
0.092585 0.189534 0.319065 0.398816
0.037902 0.686936 0.073664 0.201498
0.191123 0.015966 0.243843 0.549068
0.155692 0.007436 0.277614 0.559258
0.068362 0.579672 0.087281 0.264685
0.089629 0.404192 0.098831 0.407348
0.070477 0.653454 0.063357 0.212712
0.121909 0.264487 0.090280 0.523324
0.114368 0.171332 0.320474 0.393826
0.113876 0.150655 0.317586 0.417883
0.093915 0.429626 0.090104 0.386355
0.194799 0.015334 0.220877 0.568990
0.144672 0.014082 0.267158 0.574087
0.173736 0.012621 0.279097 0.534546
0.050942 0.559999 0.103767 0.285293
0.094117 0.251059 0.194554 0.460270
0.062215 0.658776 0.095628 0.183381
0.147693 0.004072 0.253464 0.594771
0.109349 0.256643 0.075405 0.558603
0.128590 0.088204 0.305970 0.477236
0.095664 0.335356 0.103960 0.465020
0.079426 0.179131 0.327246 0.414197
0.158144 0.005324 0.267064 0.569468
0.161654 0.014524 0.290897 0.532925
0.141472 0.023961 0.267738 0.566829
0.086437 0.393759 0.155581 0.364223
0.037915 0.638937 0.089393 0.233756
0.067539 0.658142 0.102341 0.171978
0.102723 0.278055 0.217728 0.401494
0.085998 0.260113 0.101802 0.552087
0.108968 0.183915 0.345738 0.361379
0.106831 0.138941 0.336487 0.417741
0.082396 0.126709 0.379024 0.411871
0.071040 0.120683 0.442018 0.366259
0.050220 0.018356 0.471509 0.459915
0.149273 0.000010 0.249562 0.601155
0.035163 0.131448 0.606626 0.226763
0.095432 0.310901 0.262600 0.331067
0.130906 0.101444 0.390163 0.377486
0.103868 0.129352 0.372322 0.394458
0.088001 0.097551 0.323758 0.490691
0.098814 0.142886 0.370949 0.387350
0.000010 0.008814 0.431597 0.559579
0.152705 0.000010 0.250238 0.597047
0.117421 0.096102 0.241620 0.544858
0.047041 0.112519 0.599030 0.241410
0.057674 0.132070 0.523029 0.287228
0.117507 0.015027 0.210811 0.656655
0.166239 0.001880 0.297274 0.534607
0.051765 0.157936 0.435303 0.354996
0.148200 0.006997 0.213834 0.630969
0.000010 0.000010 0.488266 0.511714
0.144742 0.001202 0.234960 0.619095
0.166276 0.091601 0.213826 0.528296
0.054387 0.124967 0.580516 0.240130
0.069935 0.111261 0.523904 0.294899
0.134422 0.101375 0.309627 0.454576
0.141950 0.003752 0.249885 0.604413
0.057971 0.167432 0.425802 0.348795
0.085662 0.119501 0.426086 0.368750
0.150838 0.004564 0.219481 0.625117
0.025025 0.033604 0.435819 0.505551
0.150684 0.025014 0.220910 0.603392
0.144494 0.061907 0.247993 0.545607
0.077433 0.125585 0.538852 0.258129
0.038546 0.123204 0.620325 0.217925
0.080082 0.190601 0.282337 0.446980
0.081109 0.143326 0.447253 0.328313
0.000010 0.000010 0.500209 0.499771
0.141916 0.015839 0.229624 0.612621
0.073287 0.123028 0.566239 0.237446
0.046138 0.102168 0.606273 0.245421
0.073682 0.178767 0.343085 0.404466
0.044978 0.019879 0.867654 0.067488
0.105760 0.152538 0.319019 0.422684
0.055841 0.139341 0.407250 0.397569
0.006568 0.003371 0.460357 0.529704
0.137876 0.007190 0.268168 0.586766
0.176894 0.080475 0.233225 0.509406
0.078969 0.151239 0.531861 0.237931
0.028324 0.126075 0.605881 0.239719
0.083338 0.117739 0.398004 0.400918
0.095436 0.264370 0.265901 0.374293
0.093844 0.077060 0.361754 0.467342
0.079736 0.252655 0.305800 0.361809
0.065580 0.127518 0.413575 0.393327
0.058224 0.027510 0.454329 0.459937
0.143336 0.008764 0.257767 0.590133
0.063529 0.120688 0.591843 0.223939
0.150008 0.111374 0.285510 0.453109
0.108356 0.102479 0.409633 0.379532
0.156359 0.001106 0.255313 0.587222
0.097441 0.102309 0.376113 0.424137
0.095648 0.121855 0.370961 0.411535
0.063601 0.133082 0.414576 0.388741
0.032650 0.026438 0.461519 0.479392
0.129895 0.011812 0.231282 0.627011
0.073320 0.118897 0.575579 0.232204
0.064204 0.127558 0.553395 0.254844
0.112014 0.114163 0.377408 0.396415
0.084637 0.031595 0.280508 0.603261
0.078247 0.003760 0.210447 0.707546
0.022181 0.014544 0.516371 0.446904
0.115165 0.057744 0.366566 0.460525
0.168847 0.019136 0.476691 0.335326
0.072841 0.052229 0.532340 0.342589
0.164811 0.022161 0.454365 0.358662
0.059037 0.016570 0.274278 0.650115
0.053823 0.043612 0.287222 0.615344
0.000010 0.000010 0.660939 0.339041
0.053222 0.017670 0.483853 0.445255
0.062272 0.012880 0.316558 0.608290
0.027561 0.012561 0.271062 0.688816
0.039499 0.008053 0.515524 0.436923
0.133683 0.016068 0.611661 0.238588
0.045767 0.006057 0.334211 0.613965
0.034844 0.009280 0.285254 0.670621
0.085756 0.019629 0.452354 0.442262
0.013571 0.000010 0.639158 0.347261
0.000010 0.004206 0.678442 0.317342
0.000010 0.003983 0.641251 0.354756
0.067700 0.013795 0.419282 0.499222
0.050492 0.017714 0.200554 0.731239
0.115869 0.024863 0.355958 0.503310
0.001991 0.012384 0.512696 0.472929
0.083295 0.051206 0.726289 0.139210
0.059664 0.004510 0.343613 0.592213
0.037974 0.017986 0.420577 0.523463
0.059980 0.021748 0.344431 0.573841
0.000010 0.003636 0.659222 0.337133
0.000010 0.000010 0.626770 0.373210
0.005364 0.005158 0.678542 0.310936
0.069580 0.054103 0.480253 0.396064
0.054727 0.010249 0.237864 0.697159
0.017668 0.021066 0.334308 0.626958
0.050511 0.012818 0.428944 0.507727
0.130745 0.135898 0.329125 0.404232
0.028324 0.007924 0.349465 0.614287
0.043492 0.011416 0.287172 0.657920
0.066841 0.012692 0.293538 0.626929
0.097932 0.057726 0.288312 0.556031
0.025743 0.011051 0.671851 0.291355
0.000010 0.000010 0.679821 0.320159
0.025620 0.011122 0.517050 0.446207
0.046615 0.018838 0.243267 0.691280
0.054855 0.024737 0.200798 0.719611
0.121943 0.020053 0.651137 0.206866
0.179889 0.074316 0.392566 0.353229
0.196255 0.028552 0.504723 0.270470
0.176288 0.024082 0.449272 0.350358
0.060891 0.028013 0.399678 0.511419
0.012228 0.005462 0.675997 0.306313
0.047466 0.014755 0.492405 0.445373
0.000010 0.000010 0.658473 0.341507
0.072286 0.106861 0.358075 0.462779
0.174990 0.025761 0.456835 0.342413
0.046436 0.015070 0.772685 0.165809
0.157278 0.029749 0.491622 0.321351
0.039403 0.027564 0.274779 0.658254
0.092403 0.003048 0.339144 0.565405
0.080953 0.013572 0.345624 0.559851
0.000859 0.011283 0.664946 0.322911
0.003536 0.000010 0.667293 0.329161
0.039124 0.000010 0.489413 0.471453
0.074525 0.008632 0.453200 0.463643
0.038343 0.000010 0.272746 0.688901
0.146817 0.019804 0.467075 0.366304
0.073641 0.010616 0.438490 0.477253
0.091912 0.026893 0.349753 0.531442
0.173204 0.064394 0.412965 0.349436
0.107128 0.021443 0.712193 0.159237
0.015537 0.010638 0.289049 0.684776
0.069387 0.016394 0.308529 0.605690
0.000010 0.002914 0.661418 0.335658
0.003988 0.000010 0.665729 0.330273
0.050445 0.010499 0.482554 0.456503
0.096039 0.002867 0.475567 0.425527
0.119872 0.012187 0.331902 0.536039
0.113439 0.082674 0.315698 0.488189
0.099976 0.001178 0.695682 0.203163
0.019320 0.024052 0.351375 0.605253
0.064162 0.020720 0.320143 0.594976
0.043097 0.019032 0.289905 0.647966
0.109889 0.104802 0.391166 0.394144
0.000010 0.000010 0.673970 0.326010
0.023946 0.000010 0.641309 0.334735
0.077796 0.021609 0.305429 0.595166
0.047363 0.000010 0.509404 0.443224
0.070501 0.013252 0.414014 0.502233
0.000010 0.000010 0.572372 0.427608
0.060301 0.028757 0.476852 0.434090
0.178583 0.069345 0.214474 0.537598
0.111789 0.095556 0.386443 0.406213
0.108143 0.090401 0.418987 0.382469
0.121287 0.086965 0.307111 0.484636
0.089196 0.011148 0.488445 0.411211
0.017176 0.091156 0.000010 0.891658
0.047920 0.007724 0.915144 0.029212
0.143100 0.003315 0.243052 0.610532
0.108049 0.110410 0.373005 0.408536
0.150377 0.144863 0.209909 0.494851
0.029906 0.043042 0.464700 0.462352
0.010344 0.076928 0.000010 0.912717
0.055568 0.096404 0.000010 0.848018
0.041509 0.003167 0.902966 0.052358
0.157191 0.050662 0.240252 0.551895
0.173249 0.096665 0.208010 0.522075
0.109690 0.070795 0.296418 0.523098
0.144612 0.017055 0.238880 0.599453
0.145205 0.119105 0.147743 0.587947
0.121331 0.135690 0.186714 0.556265
0.120755 0.132095 0.153882 0.593268
0.054884 0.126563 0.052266 0.766288
0.053286 0.115622 0.000010 0.831082
0.075532 0.003377 0.889707 0.031384
0.161251 0.004226 0.265166 0.569357
0.139349 0.008891 0.258598 0.593162
0.108163 0.117011 0.446815 0.328011
0.026663 0.000027 0.479699 0.493611
0.127192 0.003151 0.252214 0.617443
0.131084 0.116920 0.145239 0.606757
0.122950 0.103842 0.174415 0.598793
0.026656 0.080043 0.000010 0.893291
0.077345 0.099808 0.042702 0.780145
0.063852 0.098513 0.411470 0.426165
0.157840 0.100422 0.275636 0.466101
0.142417 0.068230 0.219004 0.570350
0.013064 0.000010 0.507377 0.479549
0.107038 0.143153 0.183603 0.566206
0.121755 0.105568 0.172885 0.599793
0.044717 0.094739 0.000010 0.860533
0.041859 0.099572 0.000010 0.858559
0.062283 0.112210 0.041375 0.784132
0.129883 0.043872 0.466953 0.359292
0.105969 0.095119 0.352657 0.446255
0.158445 0.078861 0.265001 0.497692
0.167853 0.077941 0.214833 0.539374
0.022679 0.007557 0.518272 0.451491
0.124729 0.270017 0.071649 0.533605
0.140529 0.148653 0.166078 0.544741
0.040708 0.100483 0.000010 0.858799
0.072215 0.091884 0.000010 0.835891
0.064366 0.095871 0.036583 0.803181
0.172341 0.014308 0.275234 0.538117
0.120586 0.083816 0.311517 0.484081
0.000010 0.000010 0.480456 0.519524
0.030769 0.018753 0.872245 0.078233
0.114435 0.135439 0.159091 0.591036
0.108977 0.135229 0.189672 0.566123
0.034412 0.085856 0.035593 0.844140
0.052274 0.116800 0.008565 0.822362
0.034762 0.011765 0.920456 0.033017
0.023682 0.025223 0.297500 0.653595
0.180740 0.108153 0.213644 0.497462
0.017977 0.000010 0.492030 0.489984
0.053798 0.025526 0.875406 0.045270
0.098879 0.111893 0.222699 0.566529
0.084981 0.155258 0.176181 0.583580
0.143825 0.131534 0.149900 0.574742
0.080342 0.082200 0.004179 0.833279
0.040340 0.095174 0.005398 0.859088
0.057699 0.000010 0.895621 0.046670
0.023338 0.003966 0.497444 0.475252
0.089391 0.011697 0.652726 0.246185
0.079149 0.019937 0.447454 0.453460
0.075541 0.000010 0.464467 0.459982
0.046864 0.032836 0.157192 0.763108
0.023551 0.000010 0.231323 0.745115
0.000010 0.000010 0.101262 0.898718
0.019478 0.019592 0.407256 0.553674
0.019914 0.045271 0.427488 0.507327
0.013672 0.002583 0.294590 0.689155
0.035464 0.020384 0.249012 0.695140
0.085996 0.012101 0.464874 0.437028
0.080113 0.019130 0.694005 0.206752
0.040146 0.000170 0.483890 0.475793
0.004576 0.032075 0.148164 0.815185
0.041375 0.003532 0.399472 0.555621
0.050951 0.028091 0.484275 0.436683
0.054543 0.027128 0.416206 0.502123
0.000010 0.017073 0.255705 0.727212
0.000010 0.005162 0.247716 0.747111
0.072514 0.011604 0.671960 0.243922
0.000010 0.000010 0.477225 0.522755
0.008755 0.000010 0.199663 0.791572
0.004631 0.006595 0.188677 0.800097
0.040998 0.000010 0.473858 0.485134
0.013418 0.020293 0.434209 0.532080
0.018546 0.000010 0.418959 0.562486
0.000010 0.017441 0.235100 0.747449
0.000010 0.000699 0.249753 0.749539
0.069696 0.000010 0.469215 0.461079
0.090280 0.027557 0.675517 0.206646
0.044155 0.000010 0.430637 0.525198
0.005487 0.000010 0.510371 0.484132
0.000010 0.000010 0.207843 0.792137
0.025468 0.046090 0.380538 0.547904
0.000524 0.003347 0.318176 0.677953
0.000010 0.003778 0.265044 0.731168
0.000010 0.000010 0.228568 0.771412
0.032500 0.001252 0.463114 0.503134
0.139393 0.017755 0.598572 0.244281
0.007335 0.000010 0.509217 0.483438
0.099456 0.013106 0.464710 0.422729
0.000010 0.000010 0.127542 0.872438
0.043791 0.025827 0.209749 0.720632
0.056956 0.126447 0.345858 0.470738
0.004728 0.001877 0.409932 0.583463
0.004936 0.008667 0.517439 0.468958
0.009344 0.000327 0.243553 0.746777
0.000010 0.000010 0.228836 0.771144
0.076527 0.032913 0.437181 0.453379
0.092897 0.015739 0.683351 0.208012
0.041909 0.000010 0.461640 0.496441
0.028291 0.000010 0.482311 0.489389
0.000010 0.010614 0.144355 0.845021
0.000010 0.000010 0.122319 0.877661
0.070231 0.019457 0.461267 0.449045
0.003086 0.025565 0.438224 0.533124
0.000010 0.000010 0.247474 0.752506
0.000010 0.000010 0.253510 0.746470
0.000010 0.004564 0.226493 0.768933
0.062085 0.000010 0.498885 0.439020
0.068645 0.018789 0.672191 0.240375
0.027658 0.011671 0.503286 0.457384
0.000010 0.000010 0.122741 0.877239
0.006405 0.015347 0.152956 0.825292
0.039979 0.025461 0.435312 0.499248
0.050441 0.032317 0.381404 0.535838
0.009185 0.002478 0.235772 0.752565
0.000010 0.000442 0.234105 0.765443
0.000010 0.010282 0.292277 0.697431
0.042805 0.014507 0.512852 0.429836
0.107100 0.018891 0.674506 0.199504
0.052531 0.014333 0.376773 0.556363
0.052157 0.009001 0.383188 0.555654
0.000010 0.035203 0.132017 0.832771
0.000010 0.000010 0.225647 0.774333
0.051119 0.052416 0.393657 0.502808
0.010325 0.006679 0.373206 0.609790
0.014961 0.002853 0.258641 0.723545
0.000010 0.000010 0.219918 0.780062
0.018168 0.005160 0.260870 0.715803
0.017967 0.000312 0.494369 0.487351
0.003443 0.008698 0.489096 0.498762
0.131761 0.009497 0.461652 0.397090
0.000010 0.008416 0.344932 0.646642
0.035365 0.000408 0.389856 0.574370
0.032961 0.006232 0.618334 0.342474
0.000010 0.000010 0.560259 0.439721
0.090553 0.147843 0.319704 0.441900
0.015397 0.011656 0.179204 0.793743
0.035885 0.013160 0.421464 0.529490
0.016300 0.007838 0.421733 0.554129
0.023334 0.013781 0.388259 0.574626
0.064280 0.012914 0.257903 0.664903
0.031372 0.000010 0.399988 0.568630
0.000010 0.000010 0.581453 0.418527
0.002857 0.006068 0.613134 0.377940
0.143848 0.006241 0.249596 0.600314
0.019239 0.028216 0.142912 0.809632
0.062751 0.009274 0.438931 0.489044
0.039427 0.030634 0.320330 0.609609
0.045487 0.000010 0.565794 0.388709
0.032672 0.000010 0.571309 0.396009
0.029073 0.015782 0.532903 0.422242
0.098313 0.000010 0.403839 0.497838
0.045901 0.005335 0.449742 0.499021
0.000010 0.000010 0.466515 0.533465
0.056347 0.000010 0.561551 0.382092
0.000010 0.000010 0.426149 0.573831
0.046427 0.036144 0.421912 0.495517
0.062667 0.014678 0.614869 0.307785
0.027772 0.018471 0.450617 0.503140
0.025045 0.026696 0.377857 0.570402
0.049143 0.023317 0.307341 0.620199
0.029663 0.005449 0.523702 0.441186
0.012663 0.000010 0.605992 0.381334
0.078679 0.002741 0.504422 0.414158
0.092205 0.029189 0.450444 0.428163
0.028921 0.008482 0.432583 0.530014
0.058841 0.000010 0.266124 0.675025
0.005354 0.000010 0.596626 0.398010
0.018088 0.000010 0.512526 0.469377
0.093388 0.004583 0.480330 0.421699
0.042399 0.013490 0.348649 0.595463
0.000010 0.000010 0.423218 0.576762
0.057312 0.004537 0.566755 0.371396
0.004751 0.000010 0.630862 0.364377
0.088189 0.018051 0.507028 0.386732
0.040359 0.003440 0.457418 0.498783
0.044301 0.008052 0.419717 0.527931
0.011008 0.022017 0.368034 0.598941
0.000010 0.004230 0.404148 0.591612
0.000010 0.000010 0.512225 0.487755
0.019327 0.000240 0.590513 0.389920
0.078043 0.000010 0.732672 0.189275
0.102945 0.021397 0.710199 0.165459
0.074978 0.028281 0.770251 0.126489
0.082864 0.017406 0.745449 0.154282
0.098313 0.000405 0.764784 0.136497
0.094022 0.002523 0.758388 0.145067
0.056598 0.039306 0.772773 0.131323
0.155017 0.011211 0.650238 0.183535
0.097202 0.010479 0.711414 0.180905
0.109155 0.022627 0.687226 0.180992
0.066396 0.008017 0.741527 0.184060
0.080696 0.012639 0.739849 0.166817
0.172454 0.001825 0.613040 0.212681
0.109032 0.019566 0.747429 0.123973
0.096055 0.020685 0.730378 0.152881
0.112314 0.022435 0.726455 0.138795
0.092704 0.013561 0.717301 0.176434
0.090719 0.009387 0.730951 0.168943
0.063319 0.024712 0.749984 0.161985
0.175661 0.011808 0.630013 0.182517
0.173893 0.019366 0.599635 0.207106
0.182683 0.016744 0.587457 0.213115
0.204625 0.003308 0.589054 0.203012
0.199044 0.024022 0.615116 0.161819
0.175024 0.026937 0.629840 0.168199
0.150675 0.017831 0.616042 0.215452
0.180786 0.028048 0.638172 0.152994
0.223331 0.006318 0.602608 0.167743
0.125381 0.018935 0.657868 0.197815
0.165890 0.028800 0.658018 0.147293
0.217169 0.021574 0.570767 0.190490
0.173512 0.017027 0.614569 0.194892
0.153120 0.018728 0.641232 0.186920
0.132802 0.023231 0.629272 0.214696
0.199939 0.010921 0.634930 0.154211
0.164019 0.036287 0.591904 0.207790
0.197690 0.010290 0.602191 0.189829
0.208349 0.026098 0.601855 0.163698
0.184050 0.007561 0.596895 0.211493
0.184567 0.020413 0.600635 0.194385
0.246607 0.020816 0.530701 0.201877
0.188336 0.011856 0.616023 0.183785
0.228381 0.036595 0.581246 0.153778
0.177819 0.024306 0.612783 0.185092
0.158361 0.028041 0.654023 0.159575
0.174208 0.015000 0.618955 0.191837
0.187475 0.012570 0.579486 0.220469
0.187050 0.013491 0.589069 0.210390
0.161576 0.019407 0.618309 0.200709
0.187089 0.016999 0.599156 0.196756
0.066471 0.014355 0.737397 0.181778
0.087195 0.017829 0.735899 0.159078
0.068137 0.022674 0.758527 0.150662
0.102508 0.013436 0.710141 0.173915
0.108034 0.018613 0.709193 0.164160
0.088786 0.017758 0.768904 0.124551
0.116264 0.012208 0.680715 0.190813
0.133007 0.012914 0.675421 0.178658
0.051900 0.139747 0.665205 0.143148
0.070579 0.004468 0.731054 0.193899
0.095978 0.040080 0.703168 0.160773
0.207700 0.016794 0.636298 0.139208
0.087796 0.020844 0.750700 0.140660
0.183303 0.008032 0.572058 0.236607
0.120853 0.024076 0.692479 0.162591
0.081295 0.017958 0.749887 0.150861
0.071511 0.015686 0.744338 0.168465
0.121134 0.004971 0.741725 0.132170
0.047115 0.022341 0.798809 0.131735
0.137194 0.019814 0.695508 0.147484
0.080281 0.013525 0.779221 0.126973
0.063596 0.015624 0.771871 0.148909
0.067821 0.020204 0.740149 0.171827
0.077492 0.017901 0.705694 0.198914
0.049584 0.031209 0.799211 0.119996
0.050505 0.016565 0.791722 0.141208
0.090627 0.026862 0.760650 0.121861
0.071354 0.021673 0.768056 0.138917
0.075524 0.004288 0.747926 0.172262
0.085882 0.017616 0.730182 0.166319
0.107880 0.008708 0.722851 0.160562
0.091558 0.006626 0.756075 0.145741
0.062544 0.016924 0.734139 0.186393
0.093617 0.013315 0.729771 0.163298
0.141530 0.027286 0.629044 0.202140
0.068972 0.017680 0.783032 0.130316
0.075897 0.003642 0.753636 0.166825
0.099456 0.012656 0.749204 0.138685
0.090493 0.020579 0.740526 0.148402
0.094987 0.009092 0.724888 0.171033
0.102010 0.071009 0.625104 0.201877
0.094823 0.019133 0.713961 0.172083
0.058146 0.006802 0.778396 0.156655
0.111466 0.012998 0.696457 0.179080
0.077470 0.040257 0.755262 0.127012
0.131486 0.013618 0.633338 0.221558
0.225523 0.010589 0.585588 0.178300
0.150769 0.001880 0.639301 0.208050
0.181519 0.012672 0.623199 0.182611
0.147668 0.001711 0.634128 0.216493
0.148196 0.002774 0.622655 0.226374
0.083651 0.015670 0.728643 0.172036
0.204448 0.000010 0.523824 0.271719
0.177727 0.017983 0.601270 0.203020
0.196696 0.025093 0.560815 0.217396
0.140058 0.008951 0.651463 0.199528
0.110745 0.008521 0.731631 0.149103
0.122700 0.020213 0.695720 0.161366
0.105827 0.008604 0.711071 0.174498
0.219040 0.000010 0.552087 0.228863
0.100093 0.006016 0.733974 0.159916
0.168615 0.000010 0.601351 0.230023
0.095042 0.014498 0.679431 0.211029
0.071292 0.017912 0.740739 0.170057
0.080463 0.021193 0.716097 0.182248
0.067863 0.019361 0.741031 0.171745
0.103977 0.009153 0.710036 0.176834
0.126152 0.015187 0.691809 0.166852
0.127484 0.018719 0.696476 0.157321
0.075444 0.023153 0.734432 0.166971
0.144596 0.000010 0.675799 0.179595
0.123148 0.010392 0.651858 0.214601
0.161482 0.018803 0.606352 0.213363
0.141666 0.000010 0.680601 0.177723
0.209663 0.000010 0.555554 0.234774
0.172960 0.011904 0.619268 0.195868
0.115761 0.002828 0.669126 0.212284
0.217839 0.003619 0.589088 0.189454
0.181976 0.000010 0.578339 0.239675
0.219371 0.033034 0.574295 0.173300
0.125688 0.027421 0.682723 0.164168
0.123343 0.000010 0.696949 0.179698
0.047336 0.610186 0.057163 0.285314
0.050318 0.512868 0.106320 0.330494
0.006591 0.626710 0.054955 0.311743
0.004026 0.678404 0.067073 0.250497
0.048923 0.644505 0.028726 0.277846
0.050984 0.533179 0.098399 0.317438
0.059691 0.537783 0.081731 0.320795
0.031102 0.505730 0.091456 0.371712
0.045639 0.529351 0.084676 0.340334
0.051783 0.591499 0.072917 0.283801
0.014148 0.659075 0.023401 0.303376
0.036518 0.621041 0.047659 0.294781
0.056288 0.595855 0.059807 0.288049
0.023246 0.651504 0.016019 0.309231
0.177180 0.006441 0.257356 0.559023
0.116275 0.191077 0.330316 0.362332
0.052684 0.653696 0.049179 0.244440
0.105195 0.255012 0.099301 0.540492
0.117187 0.272080 0.105837 0.504896
0.038947 0.547028 0.135029 0.278996
0.150996 0.003746 0.258035 0.587223
0.064152 0.389255 0.127772 0.418821
0.057091 0.496318 0.132385 0.314206
0.111054 0.360001 0.122242 0.406702
0.160371 0.132317 0.240792 0.466520
0.075051 0.517007 0.101654 0.306288
0.057190 0.747817 0.029125 0.165868
0.002424 0.710651 0.112414 0.174511
0.074660 0.367634 0.153902 0.403805
0.032636 0.689384 0.089174 0.188806
0.167203 0.009047 0.246951 0.576798
0.072017 0.275070 0.121870 0.531043
0.124101 0.000010 0.214803 0.661086
0.135343 0.014351 0.286371 0.563935
0.086762 0.204966 0.334467 0.373806
0.089185 0.182941 0.281192 0.446682
0.075679 0.172194 0.328219 0.423908
0.094111 0.121704 0.344257 0.439928
0.132819 0.007584 0.236785 0.622813
0.138820 0.011686 0.232047 0.617447
0.057541 0.133801 0.591002 0.217657
0.147581 0.191113 0.187786 0.473519
0.160707 0.086931 0.250775 0.501586
0.155332 0.031074 0.239428 0.574166
0.037187 0.104113 0.000010 0.858690
0.058843 0.008259 0.897749 0.035149
0.079945 0.009308 0.284994 0.625752
0.071891 0.012820 0.915278 0.000010
0.024135 0.008253 0.967602 0.000010
0.067140 0.002963 0.916718 0.013179
0.070495 0.012214 0.914335 0.002956
0.073592 0.018053 0.795313 0.113041
0.053134 0.018387 0.924503 0.003975
0.055398 0.000010 0.944582 0.000010
0.058549 0.013241 0.928200 0.000010
0.050404 0.013043 0.936543 0.000010
0.057210 0.008599 0.934181 0.000010
0.033905 0.032604 0.885944 0.047546
0.075375 0.016427 0.871002 0.037197
0.043455 0.015906 0.940630 0.000010
0.045889 0.015728 0.938373 0.000010
0.026497 0.005825 0.955729 0.011949
0.043991 0.013044 0.942954 0.000010
0.071970 0.000010 0.792422 0.135598
0.047741 0.009934 0.888533 0.053792
0.053174 0.012074 0.926938 0.007814
0.043756 0.018297 0.883226 0.054720
0.055370 0.000010 0.944610 0.000010
0.069312 0.008149 0.922528 0.000010
0.053474 0.004718 0.882701 0.059108
0.052785 0.008249 0.922289 0.016677
0.059958 0.015347 0.924686 0.000010
0.057849 0.011908 0.907798 0.022446
0.069753 0.017154 0.902910 0.010184
0.074769 0.014054 0.800532 0.110645
0.081029 0.021361 0.745174 0.152436
0.065160 0.060220 0.863806 0.010814
0.107504 0.006150 0.743365 0.142981
0.066976 0.010389 0.898719 0.023916
0.074272 0.009840 0.779234 0.136654
0.054000 0.000010 0.936407 0.009583
0.087776 0.031543 0.770554 0.110126
0.065189 0.003845 0.910835 0.020132
0.077997 0.000533 0.921460 0.000010
0.072849 0.014037 0.857040 0.056073
0.070655 0.003461 0.873906 0.051977
0.051706 0.000010 0.917738 0.030546
0.156726 0.000187 0.701004 0.142083
0.059966 0.016333 0.889562 0.034139
0.065392 0.072488 0.764111 0.098009
0.061998 0.020548 0.790394 0.127060
0.054398 0.012154 0.898374 0.035074
0.096067 0.069139 0.730253 0.104541
0.096955 0.010671 0.770142 0.122232
0.102723 0.011356 0.881997 0.003923
0.081467 0.008919 0.803956 0.105658
0.027923 0.042029 0.836177 0.093870
0.050171 0.017282 0.887472 0.045075
0.054355 0.049432 0.793118 0.103095
0.051351 0.071368 0.750306 0.126975
0.036608 0.041292 0.787984 0.134115
0.063396 0.058939 0.791200 0.086465
0.051148 0.062127 0.745499 0.141226
0.055199 0.037604 0.849265 0.057932
0.014992 0.100624 0.672410 0.211974
