0.338529 0.031642 0.000010 0.021869 0.020411 0.168730 0.418801 0.000010
0.311477 0.016297 0.000175 0.013294 0.000010 0.082919 0.551495 0.024333
0.385055 0.017255 0.018625 0.027494 0.001375 0.127899 0.422287 0.000010
0.329992 0.004054 0.024529 0.000010 0.000010 0.091860 0.519677 0.029868
0.364066 0.057656 0.000446 0.000010 0.002496 0.149649 0.425668 0.000010
0.350179 0.016294 0.004311 0.038438 0.000010 0.113491 0.459093 0.018183
0.308253 0.012606 0.033322 0.010121 0.000010 0.121273 0.491394 0.023021
0.099453 0.000010 0.000010 0.000010 0.000010 0.000010 0.818569 0.081928
0.114377 0.000010 0.000010 0.004105 0.005113 0.000010 0.817102 0.059274
0.116818 0.000010 0.000010 0.000010 0.000010 0.000010 0.883122 0.000010
0.137654 0.046050 0.004199 0.000808 0.001297 0.000010 0.741713 0.068270
0.139072 0.026271 0.001465 0.000010 0.000010 0.000010 0.747533 0.085629
0.079901 0.010015 0.091996 0.000010 0.029598 0.768269 0.000010 0.020201
0.161856 0.078719 0.100263 0.019481 0.000010 0.584130 0.000010 0.055531
0.058147 0.009131 0.018175 0.006206 0.000010 0.897131 0.011190 0.000010
0.168548 0.063960 0.082049 0.049843 0.024974 0.592988 0.005579 0.012058
0.372139 0.029879 0.019330 0.017553 0.020788 0.109181 0.423309 0.007820
0.344347 0.028444 0.000010 0.009327 0.031951 0.134786 0.451124 0.000010
0.128272 0.000010 0.000010 0.000010 0.000015 0.000010 0.840581 0.031092
0.087119 0.000017 0.000010 0.000010 0.000010 0.000010 0.793474 0.119350
0.124356 0.000010 0.000010 0.000010 0.000010 0.000010 0.806713 0.068881
0.095754 0.000010 0.000010 0.000010 0.000010 0.000010 0.904186 0.000010
0.102056 0.036410 0.011025 0.006757 0.007236 0.002602 0.749822 0.084093
0.131909 0.014076 0.026621 0.000015 0.000010 0.000010 0.749600 0.077759
0.055461 0.000010 0.066818 0.010560 0.012825 0.853440 0.000010 0.000877
0.120749 0.017104 0.035636 0.018857 0.000010 0.801109 0.000698 0.005837
0.027981 0.020049 0.000010 0.000010 0.018817 0.912618 0.020505 0.000010
0.153880 0.065439 0.138006 0.012904 0.013442 0.570514 0.000010 0.045804
0.384616 0.034468 0.017814 0.016630 0.005733 0.093736 0.433454 0.013549
0.343629 0.007202 0.046507 0.017607 0.014388 0.120126 0.426674 0.023867
0.168981 0.002487 0.000010 0.000010 0.000010 0.000010 0.800619 0.027873
0.063795 0.000010 0.000010 0.000010 0.000010 0.000010 0.799543 0.136612
0.109851 0.000010 0.000010 0.000010 0.000010 0.000010 0.890089 0.000010
0.109863 0.000010 0.000010 0.000010 0.000010 0.000010 0.890077 0.000010
0.110068 0.040381 0.004995 0.018261 0.000010 0.000010 0.755215 0.071059
0.112006 0.024797 0.022347 0.019199 0.000010 0.000010 0.751367 0.070266
0.115118 0.010222 0.086617 0.030970 0.000010 0.736572 0.000010 0.020481
0.080675 0.009731 0.016395 0.000010 0.027764 0.841888 0.017389 0.006147
0.114394 0.000010 0.085315 0.000010 0.012940 0.787311 0.000010 0.000010
0.179416 0.032307 0.095763 0.047104 0.030316 0.587343 0.001034 0.026716
0.321142 0.011311 0.024809 0.045620 0.000010 0.128777 0.468320 0.000010
0.359255 0.032539 0.051023 0.000010 0.014249 0.098882 0.429083 0.014960
0.111581 0.000010 0.000010 0.000010 0.000010 0.000010 0.818017 0.070352
0.106518 0.000010 0.000010 0.000010 0.000010 0.000010 0.839295 0.054137
0.099639 0.000010 0.000010 0.000010 0.000010 0.000010 0.900301 0.000010
0.115513 0.000010 0.000010 0.000010 0.000010 0.000010 0.884427 0.000010
0.097147 0.000010 0.000010 0.000010 0.000010 0.000010 0.902793 0.000010
0.140727 0.039289 0.006408 0.000010 0.000010 0.000010 0.732235 0.081311
0.121445 0.044508 0.000010 0.026140 0.000010 0.000010 0.749643 0.058235
0.146278 0.000010 0.088456 0.031944 0.003521 0.712525 0.000010 0.017256
0.023230 0.000010 0.000010 0.023792 0.000010 0.927258 0.022800 0.002890
0.083183 0.006052 0.024828 0.025031 0.008451 0.852435 0.000010 0.000010
0.144258 0.052918 0.060624 0.028972 0.019667 0.646369 0.012386 0.034806
0.087131 0.017042 0.056056 0.026236 0.000010 0.812590 0.000010 0.000925
0.043153 0.192025 0.141039 0.075069 0.017515 0.466353 0.000010 0.064837
0.043403 0.017766 0.056271 0.032382 0.016398 0.814545 0.004031 0.015204
0.508247 0.026258 0.067872 0.000010 0.000010 0.383585 0.000010 0.014007
0.287230 0.041065 0.077902 0.013781 0.016104 0.533066 0.017360 0.013492
0.632525 0.000010 0.010760 0.007364 0.000010 0.347227 0.000010 0.002094
0.346958 0.045300 0.064773 0.016707 0.000010 0.482659 0.016950 0.026644
0.326573 0.054517 0.000010 0.011453 0.003854 0.191014 0.387782 0.024797
0.081718 0.038113 0.055630 0.025861 0.012811 0.733440 0.000010 0.052417
0.091068 0.075066 0.112093 0.000010 0.000010 0.713246 0.000010 0.008497
0.465870 0.012432 0.056796 0.017951 0.000010 0.392694 0.035872 0.018375
0.597153 0.068991 0.000010 0.008784 0.000010 0.207405 0.094664 0.022983
0.425236 0.067209 0.021596 0.001487 0.033948 0.428445 0.011363 0.010716
0.366799 0.066710 0.073066 0.012208 0.000010 0.444339 0.036859 0.000010
0.306802 0.057408 0.028331 0.000860 0.000010 0.149157 0.425805 0.031628
0.348272 0.069429 0.019297 0.000010 0.000010 0.127555 0.432316 0.003110
0.103840 0.042144 0.065013 0.008613 0.000010 0.738536 0.000010 0.041834
0.078783 0.143093 0.131966 0.050675 0.036854 0.497473 0.000010 0.061147
0.071533 0.013865 0.060220 0.045277 0.000010 0.796911 0.000010 0.012175
0.472418 0.033032 0.043376 0.019468 0.001727 0.381288 0.016072 0.032618
0.300675 0.045626 0.102749 0.027479 0.004022 0.471691 0.021602 0.026155
0.369997 0.039060 0.068021 0.004741 0.010018 0.491991 0.000010 0.016162
0.365917 0.022393 0.072065 0.043759 0.000010 0.421855 0.049036 0.024966
0.304948 0.025531 0.051698 0.036100 0.020939 0.180138 0.380637 0.000010
0.373327 0.074432 0.033660 0.000010 0.000010 0.123061 0.381924 0.013577
0.328380 0.027533 0.021445 0.033511 0.000010 0.126084 0.426717 0.036321
0.122315 0.007063 0.000010 0.007016 0.000010 0.000010 0.812110 0.051466
0.100572 0.000010 0.000010 0.000010 0.000010 0.000010 0.899368 0.000010
0.116943 0.000010 0.000010 0.000010 0.000010 0.000010 0.882997 0.000010
0.096656 0.000010 0.000010 0.000010 0.000010 0.000010 0.903284 0.000010
0.080716 0.041030 0.000010 0.000010 0.006827 0.007718 0.727792 0.135896
0.099878 0.043774 0.000010 0.019811 0.000010 0.000010 0.752532 0.083975
0.118424 0.052629 0.084594 0.002069 0.000010 0.731707 0.000010 0.010557
0.050508 0.000010 0.000010 0.003012 0.000010 0.923981 0.012095 0.010374
0.134213 0.029799 0.046233 0.042335 0.000010 0.743605 0.000010 0.003796
0.157213 0.040760 0.108032 0.068134 0.000010 0.567548 0.020925 0.037379
0.379573 0.031456 0.048024 0.000011 0.000010 0.099000 0.424087 0.017839
0.261002 0.033382 0.004951 0.000010 0.000238 0.052711 0.636780 0.010927
0.112072 0.000010 0.000010 0.000010 0.000010 0.000010 0.812098 0.075780
0.121396 0.000010 0.000010 0.000010 0.000010 0.000010 0.819032 0.059521
0.109144 0.000010 0.000010 0.000010 0.000010 0.000010 0.890796 0.000010
0.093053 0.000010 0.000010 0.000010 0.000010 0.000010 0.906887 0.000010
0.140122 0.015989 0.013569 0.010309 0.000010 0.000010 0.741596 0.078395
0.112716 0.029734 0.025321 0.006700 0.013627 0.002554 0.749010 0.060338
0.130437 0.007631 0.086348 0.029107 0.000010 0.717519 0.000010 0.028939
0.059637 0.000010 0.043358 0.034400 0.011837 0.850737 0.000010 0.000010
0.163254 0.061021 0.091033 0.016964 0.045100 0.603790 0.007742 0.011096
0.078629 0.021194 0.063163 0.011154 0.027904 0.774092 0.000010 0.023854
0.076099 0.293655 0.197182 0.089667 0.025332 0.227220 0.000010 0.090835
0.030512 0.029196 0.044633 0.019605 0.020461 0.834416 0.010290 0.010887
0.625763 0.000010 0.047575 0.000010 0.004295 0.322326 0.000010 0.000010
0.498171 0.024486 0.024161 0.024316 0.017208 0.380658 0.000010 0.030991
0.383471 0.075306 0.069286 0.000010 0.000010 0.455153 0.003774 0.012991
0.284469 0.050716 0.060798 0.010625 0.001855 0.128801 0.440503 0.022232
0.352093 0.024552 0.026814 0.027700 0.000010 0.143878 0.424943 0.000010
0.106005 0.000010 0.000010 0.000010 0.000010 0.000010 0.817995 0.075950
0.112094 0.000010 0.000010 0.000010 0.000010 0.000010 0.802823 0.085033
0.094561 0.000010 0.000010 0.000010 0.000010 0.000010 0.905379 0.000010
0.093250 0.011720 0.005623 0.000010 0.000010 0.000010 0.889368 0.000010
0.134195 0.036931 0.007427 0.000011 0.000010 0.000010 0.733403 0.088014
0.152232 0.026244 0.093728 0.006616 0.018092 0.694388 0.000010 0.008690
0.074919 0.015541 0.017913 0.008099 0.000010 0.880260 0.003248 0.000010
0.058947 0.000010 0.000010 0.000010 0.015808 0.907566 0.017640 0.000010
0.177257 0.079522 0.093255 0.018084 0.000010 0.577838 0.000010 0.054023
0.085200 0.052303 0.042770 0.011893 0.000010 0.776316 0.005452 0.026055
0.059574 0.195024 0.158659 0.071666 0.000010 0.420077 0.000010 0.094980
0.062033 0.010236 0.079350 0.008347 0.014769 0.794924 0.003961 0.026380
0.511174 0.007383 0.034370 0.021863 0.000010 0.407520 0.001259 0.016421
0.602401 0.000134 0.024823 0.000010 0.000019 0.321266 0.000010 0.051337
0.389116 0.038122 0.077139 0.018916 0.000010 0.463848 0.003264 0.009584
0.417228 0.033956 0.003954 0.030443 0.000010 0.164239 0.324649 0.025522
0.356544 0.017590 0.000010 0.019801 0.001015 0.103871 0.457260 0.043909
0.074416 0.000010 0.000010 0.000010 0.000010 0.000010 0.835985 0.089550
0.132640 0.000010 0.000010 0.000010 0.000010 0.000010 0.832641 0.034668
0.094938 0.000010 0.000010 0.000010 0.000010 0.000010 0.905002 0.000010
0.100657 0.000010 0.000010 0.000010 0.001551 0.000010 0.897742 0.000010
0.100138 0.041419 0.000010 0.000010 0.000010 0.009837 0.753487 0.095088
0.137685 0.036658 0.027467 0.006288 0.000010 0.000010 0.730477 0.061405
0.132559 0.011703 0.120085 0.023935 0.002103 0.660530 0.000010 0.049075
0.057444 0.000010 0.020562 0.000010 0.000010 0.907819 0.014135 0.000010
0.042392 0.000010 0.019601 0.002651 0.000010 0.924139 0.010459 0.000738
0.178439 0.046033 0.108856 0.029099 0.027810 0.559008 0.002123 0.048632
0.123572 0.061741 0.039791 0.015956 0.017696 0.725116 0.000010 0.016118
0.077771 0.183279 0.167901 0.066587 0.002066 0.432215 0.000010 0.070171
0.071988 0.002093 0.062127 0.032719 0.005705 0.789374 0.000010 0.035983
0.784299 0.003199 0.009668 0.000010 0.000017 0.202787 0.000010 0.000010
0.358560 0.082995 0.073643 0.005066 0.006796 0.440297 0.032632 0.000010
0.315559 0.021851 0.075232 0.027881 0.000010 0.458315 0.092454 0.008698
0.263483 0.010429 0.044919 0.017373 0.005182 0.138999 0.486074 0.033542
0.335930 0.005156 0.000010 0.029358 0.019584 0.126475 0.462647 0.020839
0.127600 0.000010 0.000010 0.000010 0.000010 0.000010 0.822225 0.050124
0.123247 0.000010 0.000010 0.000010 0.004151 0.000010 0.835365 0.037198
0.097694 0.000010 0.000010 0.000010 0.003615 0.000010 0.898641 0.000010
0.097271 0.000010 0.000010 0.005982 0.000010 0.000010 0.896697 0.000010
0.105231 0.000010 0.000010 0.000010 0.000010 0.000010 0.894709 0.000010
0.112263 0.029107 0.021360 0.013985 0.009512 0.000010 0.729586 0.084177
0.128359 0.025514 0.000010 0.003743 0.004265 0.000010 0.773440 0.064659
0.160678 0.054231 0.068677 0.010665 0.000010 0.676802 0.000010 0.028926
0.076456 0.030510 0.055509 0.000010 0.027020 0.788581 0.020371 0.001544
0.038117 0.000010 0.000010 0.001447 0.000010 0.937399 0.020556 0.002450
0.214098 0.072374 0.109990 0.009996 0.009131 0.538739 0.006086 0.039586
0.108727 0.066954 0.075352 0.036034 0.000010 0.692771 0.000010 0.020143
0.070706 0.015303 0.032341 0.008611 0.038638 0.787745 0.001581 0.045076
0.432963 0.056880 0.036318 0.039612 0.002901 0.412624 0.000010 0.018692
0.502226 0.034763 0.034899 0.030101 0.000010 0.359314 0.010747 0.027940
0.326599 0.060242 0.074786 0.006333 0.000010 0.490241 0.030466 0.011323
0.644411 0.003209 0.017878 0.021744 0.010118 0.301602 0.000010 0.001028
0.000010 0.000010 0.000010 0.000010 0.000010 0.946436 0.053504 0.000010
0.371946 0.000010 0.051198 0.000010 0.009578 0.113437 0.419127 0.034694
0.094075 0.000010 0.000010 0.000010 0.000010 0.000010 0.826549 0.079326
0.126070 0.000010 0.017453 0.000010 0.000010 0.000010 0.856427 0.000010
0.107803 0.000010 0.000010 0.000010 0.000010 0.000010 0.892137 0.000010
0.096915 0.048617 0.000010 0.011190 0.000010 0.000010 0.729864 0.113384
0.119299 0.027996 0.002776 0.009813 0.002325 0.000010 0.759286 0.078495
0.104574 0.059473 0.000805 0.012715 0.013062 0.802191 0.000010 0.007171
0.104675 0.000010 0.038978 0.009246 0.014533 0.832538 0.000010 0.000010
0.094778 0.000010 0.068961 0.026889 0.000010 0.809332 0.000010 0.000010
0.081764 0.013517 0.050834 0.013060 0.008085 0.779591 0.000010 0.053139
0.055637 0.208867 0.167615 0.029964 0.017608 0.455880 0.000010 0.064418
0.064486 0.010617 0.065195 0.025046 0.026554 0.789235 0.000010 0.018857
0.696141 0.005670 0.042192 0.000010 0.000010 0.238432 0.000010 0.017536
0.499488 0.044595 0.036662 0.000011 0.000010 0.400875 0.006634 0.011726
0.586898 0.010725 0.043914 0.048442 0.015128 0.217542 0.077341 0.000010
0.520614 0.017679 0.028069 0.000010 0.017933 0.415675 0.000010 0.000010
0.305133 0.020622 0.030851 0.033376 0.009097 0.096881 0.504030 0.000010
0.000010 0.000010 0.000010 0.000012 0.000010 0.956347 0.043591 0.000010
0.116151 0.000010 0.000010 0.000010 0.000010 0.000010 0.822565 0.061235
0.095879 0.000010 0.006015 0.000011 0.000010 0.000010 0.898055 0.000010
0.118323 0.000010 0.000010 0.000010 0.000010 0.000010 0.803741 0.077886
0.109092 0.000010 0.000010 0.000010 0.000010 0.000010 0.814948 0.075910
0.043204 0.016328 0.085104 0.005197 0.038038 0.807078 0.005041 0.000010
0.499139 0.065534 0.048042 0.024488 0.000010 0.361183 0.000010 0.001593
0.057930 0.193545 0.140993 0.030730 0.040945 0.447876 0.000010 0.087971
0.055874 0.010749 0.083741 0.024579 0.000010 0.811699 0.000010 0.013337
0.572800 0.030986 0.040813 0.000010 0.000010 0.343395 0.011976 0.000010
0.333168 0.052682 0.056691 0.052027 0.000010 0.485559 0.008614 0.011250
0.352771 0.023973 0.066617 0.016048 0.000010 0.328158 0.189128 0.023295
0.288251 0.044573 0.034434 0.000010 0.002300 0.148279 0.440528 0.041625
0.000010 0.000010 0.000010 0.000010 0.000010 0.953371 0.046569 0.000010
0.116169 0.000010 0.000010 0.000010 0.000010 0.000010 0.883771 0.000010
0.119602 0.063679 0.008197 0.000010 0.000010 0.000010 0.718681 0.089812
0.118163 0.020104 0.026362 0.000010 0.000010 0.000010 0.753673 0.081667
0.138274 0.040899 0.000010 0.000010 0.000010 0.000010 0.739097 0.081690
0.062170 0.000010 0.026667 0.000010 0.010273 0.885152 0.015708 0.000010
0.094422 0.007404 0.059543 0.007968 0.000010 0.828535 0.000010 0.002108
0.089532 0.042952 0.077026 0.021454 0.015244 0.711968 0.000010 0.041813
0.044858 0.035280 0.062162 0.016893 0.000010 0.792865 0.002978 0.044954
0.066632 0.228324 0.123106 0.035606 0.008147 0.448843 0.000010 0.089332
0.769782 0.027105 0.014821 0.000010 0.000010 0.183438 0.000010 0.004825
0.466452 0.049182 0.044393 0.010952 0.010876 0.386424 0.023978 0.007743
0.315987 0.080929 0.049655 0.027208 0.000010 0.468251 0.037894 0.020066
0.398739 0.064230 0.042935 0.000010 0.000010 0.471386 0.008189 0.014500
0.322385 0.020646 0.074372 0.019165 0.039495 0.472096 0.009429 0.042412
0.000010 0.000010 0.000010 0.000010 0.000010 0.950603 0.049337 0.000010
0.088379 0.163930 0.142276 0.034833 0.007551 0.496229 0.000010 0.066791
0.068244 0.036407 0.073835 0.031926 0.000010 0.779334 0.001840 0.008404
0.577027 0.000010 0.044426 0.012350 0.025301 0.329386 0.003492 0.008009
0.481842 0.030274 0.064076 0.016670 0.000010 0.382324 0.016259 0.008546
0.584606 0.069727 0.000010 0.015232 0.023733 0.199184 0.088831 0.018676
0.411246 0.045485 0.062179 0.027487 0.000010 0.432858 0.000010 0.020725
0.279456 0.022836 0.007683 0.025530 0.033805 0.149780 0.473149 0.007761
0.000010 0.000010 0.000010 0.000010 0.000010 0.965691 0.034249 0.000010
0.000010 0.000010 0.000010 0.000010 0.000010 0.959800 0.040140 0.000010
0.000010 0.044099 0.048230 0.029006 0.000010 0.821117 0.042299 0.015229
0.049026 0.043048 0.000987 0.018719 0.000010 0.879278 0.000010 0.008922
0.171339 0.130640 0.153722 0.052736 0.000010 0.413283 0.048908 0.029363
0.945873 0.000010 0.000010 0.000010 0.000010 0.000010 0.046778 0.007298
0.877276 0.000010 0.000010 0.000010 0.000010 0.011239 0.111436 0.000010
0.291268 0.025724 0.000010 0.016938 0.000010 0.666030 0.000010 0.000010
0.271981 0.012578 0.046234 0.000010 0.000010 0.669167 0.000010 0.000010
0.266475 0.010390 0.031714 0.008173 0.007958 0.675270 0.000010 0.000010
0.038735 0.009803 0.013181 0.016440 0.002767 0.850541 0.048596 0.019938
0.000010 0.000010 0.000010 0.011852 0.000010 0.941356 0.046742 0.000010
0.066652 0.022796 0.037404 0.014358 0.000010 0.852566 0.001476 0.004738
0.151219 0.151100 0.101223 0.055899 0.046757 0.396066 0.058987 0.038748
0.922739 0.000010 0.000010 0.000010 0.000010 0.000010 0.077201 0.000010
0.957525 0.000010 0.000010 0.000010 0.000010 0.042415 0.000010 0.000010
0.261736 0.049336 0.014935 0.000010 0.011408 0.640618 0.000010 0.021948
0.284376 0.007977 0.067469 0.000010 0.003930 0.631990 0.000010 0.004238
0.000010 0.000010 0.000010 0.000010 0.000010 0.792366 0.178623 0.028962
0.519782 0.032772 0.017918 0.000994 0.000010 0.403560 0.001411 0.023553
0.000010 0.000010 0.000010 0.000010 0.000010 0.952102 0.044793 0.003055
0.097427 0.146398 0.140079 0.033397 0.035254 0.480388 0.000010 0.067047
0.162016 0.184153 0.129448 0.096329 0.026218 0.344141 0.019087 0.038608
0.877648 0.000010 0.000010 0.007060 0.006011 0.000010 0.109241 0.000010
0.977947 0.000010 0.000010 0.000010 0.000010 0.000010 0.021993 0.000010
0.280218 0.009796 0.004534 0.014191 0.024895 0.650082 0.000010 0.016274
0.267197 0.014036 0.034871 0.020862 0.000010 0.657439 0.000010 0.005576
0.287528 0.000010 0.043468 0.000010 0.000010 0.661112 0.000010 0.007852
0.000865 0.000010 0.001900 0.000010 0.000010 0.858249 0.128956 0.009999
0.000010 0.000010 0.000010 0.000010 0.000010 0.952577 0.047363 0.000010
0.000010 0.035630 0.073105 0.006723 0.017663 0.808267 0.029398 0.029205
0.091319 0.127760 0.151026 0.043265 0.041163 0.479260 0.000010 0.066197
0.200882 0.134068 0.062116 0.054819 0.028273 0.394559 0.066190 0.059093
0.732603 0.000010 0.000010 0.000010 0.000010 0.000010 0.267337 0.000010
0.940547 0.001379 0.000019 0.003396 0.000010 0.000010 0.053883 0.000757
0.293758 0.013539 0.042343 0.010161 0.000010 0.640169 0.000010 0.000010
0.287979 0.004766 0.038750 0.026353 0.000010 0.628054 0.000010 0.014079
0.277316 0.016114 0.024730 0.012538 0.013827 0.655455 0.000010 0.000010
0.000010 0.000010 0.000010 0.000010 0.000010 0.770611 0.199157 0.030182
0.144743 0.058008 0.000568 0.002203 0.000010 0.000010 0.741220 0.053238
0.101286 0.053532 0.000010 0.019870 0.000010 0.007214 0.745270 0.072808
0.146643 0.065786 0.086769 0.010188 0.001648 0.674267 0.000010 0.014690
0.042184 0.000010 0.000010 0.000010 0.000010 0.932897 0.024869 0.000010
0.188419 0.037913 0.104813 0.032780 0.024217 0.572606 0.001584 0.037668
0.000010 0.000010 0.000010 0.000010 0.000010 0.958966 0.040974 0.000010
0.048647 0.017534 0.017557 0.000010 0.000010 0.910304 0.005928 0.000010
0.080849 0.150350 0.120208 0.067239 0.019431 0.512534 0.000010 0.049379
0.169522 0.082130 0.109957 0.066657 0.021533 0.442553 0.050716 0.056932
0.876523 0.000010 0.000010 0.000010 0.000010 0.000010 0.123417 0.000010
0.963580 0.000010 0.000010 0.000010 0.004913 0.000010 0.031457 0.000010
0.265454 0.022407 0.044410 0.001117 0.000010 0.659110 0.001525 0.005966
0.273810 0.000010 0.025699 0.050675 0.000010 0.649776 0.000010 0.000010
0.260304 0.015707 0.042709 0.008067 0.010705 0.653539 0.000788 0.008181
0.006560 0.011811 0.000010 0.000010 0.011478 0.846156 0.102611 0.021363
0.075410 0.036963 0.022581 0.000935 0.000010 0.864081 0.000010 0.000010
0.049455 0.183820 0.144785 0.048262 0.043716 0.423501 0.000010 0.106452
0.947185 0.000010 0.000010 0.000010 0.000010 0.000010 0.052755 0.000010
0.953251 0.000010 0.000010 0.001107 0.007851 0.000010 0.037272 0.000489
0.810758 0.000010 0.000010 0.000010 0.000010 0.000010 0.189182 0.000010
0.294730 0.003297 0.013369 0.021810 0.007778 0.658996 0.000010 0.000010
0.002382 0.045924 0.045324 0.023990 0.016341 0.819484 0.025669 0.020886
0.049729 0.023300 0.065179 0.000010 0.021079 0.833777 0.000010 0.006915
0.096162 0.153448 0.158838 0.070094 0.019592 0.412254 0.000010 0.089602
0.194618 0.143851 0.124147 0.050351 0.000010 0.407056 0.030818 0.049148
0.949448 0.000010 0.000010 0.000010 0.000010 0.000010 0.050492 0.000010
0.971495 0.000010 0.000010 0.000010 0.000010 0.000010 0.028445 0.000010
0.275090 0.008266 0.034413 0.000431 0.011837 0.659411 0.000010 0.010543
0.290070 0.012579 0.025503 0.007600 0.000010 0.664217 0.000010 0.000010
0.295818 0.000708 0.028695 0.012413 0.012902 0.649443 0.000010 0.000010
0.000010 0.000010 0.000010 0.000010 0.000010 0.833420 0.166520 0.000010
0.000010 0.000010 0.046533 0.020326 0.001965 0.871163 0.047789 0.012204
0.066794 0.026526 0.039586 0.002145 0.000010 0.864919 0.000010 0.000010
0.094523 0.131443 0.201072 0.045775 0.032630 0.421293 0.000010 0.073254
0.187521 0.134370 0.131705 0.028793 0.001980 0.417300 0.072268 0.026062
0.929371 0.000010 0.000010 0.000010 0.000010 0.006635 0.063944 0.000010
0.922346 0.000010 0.000010 0.011431 0.000010 0.000010 0.066173 0.000010
0.259959 0.015545 0.021822 0.011791 0.029638 0.648310 0.000010 0.012926
0.269656 0.000010 0.002879 0.036096 0.028084 0.663255 0.000010 0.000010
0.294059 0.015821 0.013561 0.024401 0.017465 0.634674 0.000010 0.000010
0.000010 0.000010 0.015132 0.025782 0.032175 0.861155 0.044009 0.021726
0.061938 0.048163 0.025319 0.000010 0.000389 0.864161 0.000010 0.000010
0.176872 0.174322 0.101324 0.046134 0.037309 0.381703 0.055904 0.026432
0.954796 0.000010 0.000010 0.000010 0.000010 0.000010 0.045144 0.000010
0.935882 0.000010 0.000013 0.000010 0.000010 0.000010 0.058483 0.005582
0.303948 0.020522 0.008360 0.001278 0.027641 0.634414 0.000010 0.003827
0.000010 0.000010 0.058281 0.027191 0.007020 0.838087 0.036722 0.032679
0.062852 0.043927 0.005939 0.000010 0.000010 0.873059 0.000010 0.014193
0.148530 0.125932 0.112016 0.069969 0.046147 0.423785 0.043479 0.030144
0.952794 0.000010 0.000010 0.000010 0.000010 0.000010 0.047146 0.000010
0.912243 0.000010 0.000010 0.000010 0.000044 0.000010 0.087663 0.000010
0.276463 0.000010 0.005501 0.034943 0.006380 0.666242 0.000010 0.010451
0.309588 0.029642 0.015662 0.000670 0.000010 0.644407 0.000010 0.000010
0.000010 0.000010 0.000010 0.000010 0.000010 0.799898 0.180086 0.019966
0.000010 0.000010 0.000010 0.000010 0.000010 0.813143 0.177553 0.009254
0.258705 0.028136 0.102994 0.038482 0.000010 0.515926 0.038551 0.017195
0.358720 0.042587 0.055410 0.033034 0.000010 0.446285 0.017983 0.045971
0.315365 0.002111 0.044306 0.022990 0.036558 0.094193 0.471776 0.012701
0.000010 0.013536 0.035289 0.029535 0.000010 0.863236 0.043584 0.014798
0.072990 0.006325 0.000367 0.020901 0.016808 0.881625 0.000975 0.000010
0.057046 0.215782 0.159160 0.035344 0.014332 0.444368 0.000010 0.073957
0.936280 0.000010 0.003971 0.000010 0.000010 0.000010 0.056299 0.003411
0.889030 0.000010 0.000010 0.001259 0.000010 0.000010 0.108282 0.001390
0.282038 0.000010 0.044729 0.022981 0.015397 0.634825 0.000010 0.000010
0.290930 0.002062 0.050603 0.000010 0.000010 0.643619 0.000010 0.012757
0.000010 0.000010 0.000010 0.000010 0.000010 0.802982 0.190891 0.006077
0.144563 0.027503 0.007817 0.003134 0.007217 0.000010 0.740549 0.069205
0.040567 0.015074 0.012874 0.001217 0.014683 0.915565 0.000010 0.000010
0.000010 0.000010 0.000010 0.013682 0.000010 0.833192 0.130794 0.022292
0.272320 0.017520 0.022779 0.022584 0.011627 0.639881 0.000010 0.013278
0.957686 0.000010 0.000010 0.000010 0.000010 0.000010 0.042254 0.000010
0.297541 0.004251 0.029916 0.016903 0.003559 0.647810 0.000010 0.000010
0.176182 0.155247 0.101758 0.060040 0.015214 0.440779 0.036715 0.014065
0.063786 0.190148 0.117606 0.059684 0.050417 0.465702 0.000010 0.052646
0.000010 0.039339 0.085204 0.033217 0.001632 0.778234 0.049007 0.013356
0.715402 0.000010 0.000010 0.000010 0.000010 0.000010 0.284538 0.000010
0.119305 0.040509 0.056726 0.013509 0.041864 0.728068 0.000010 0.000010
0.000010 0.000010 0.000010 0.000010 0.000010 0.006654 0.750159 0.243137
0.000010 0.000010 0.000010 0.000010 0.006268 0.009621 0.765596 0.218475
0.000010 0.000010 0.000010 0.000010 0.004238 0.013185 0.738453 0.244084
0.000010 0.000010 0.000010 0.000010 0.000010 0.000010 0.740196 0.259744
0.031684 0.144048 0.295772 0.040174 0.016608 0.270788 0.000010 0.200915
0.069726 0.184724 0.238013 0.071562 0.000010 0.263847 0.000010 0.172108
0.054544 0.135175 0.293730 0.058830 0.009287 0.257636 0.000010 0.190787
0.048749 0.108337 0.269113 0.071237 0.008720 0.269636 0.000010 0.224199
0.014715 0.004823 0.000010 0.000010 0.000204 0.050697 0.724326 0.205215
0.061966 0.000010 0.000010 0.000010 0.000010 0.000010 0.801489 0.136496
0.045626 0.000010 0.000010 0.000010 0.000010 0.000010 0.789455 0.164869
0.050115 0.013057 0.000010 0.000010 0.000010 0.000010 0.790109 0.146679
0.061156 0.000010 0.000010 0.000010 0.000010 0.000010 0.794562 0.144231
0.048175 0.000010 0.001100 0.000010 0.000010 0.000010 0.785835 0.164850
0.000010 0.000010 0.000010 0.000010 0.000010 0.020359 0.769164 0.210427
0.057968 0.000016 0.000010 0.000010 0.000010 0.000010 0.788754 0.153222
0.077342 0.053684 0.076576 0.000010 0.020790 0.032003 0.536147 0.203448
0.000010 0.000010 0.000010 0.000010 0.000010 0.093336 0.604942 0.301672
0.000010 0.000010 0.000010 0.000010 0.000010 0.000010 0.729125 0.270815
0.000010 0.000010 0.000010 0.000010 0.000010 0.000010 0.725186 0.274754
0.000010 0.000010 0.000010 0.000010 0.000010 0.000010 0.728667 0.271273
0.000010 0.000010 0.000010 0.000010 0.012733 0.007999 0.722805 0.256423
0.000010 0.000010 0.000010 0.000010 0.000010 0.012539 0.706017 0.281393
0.000010 0.000010 0.000010 0.000010 0.002524 0.007186 0.764563 0.225687
0.000010 0.000010 0.000010 0.000010 0.000010 0.009106 0.722163 0.268681
0.000010 0.000010 0.000010 0.000010 0.000010 0.000010 0.722649 0.277291
0.000010 0.000010 0.000010 0.000010 0.000011 0.000010 0.712904 0.287034
0.000010 0.000010 0.000010 0.000010 0.000010 0.025241 0.722073 0.252636
0.000010 0.000010 0.000010 0.008311 0.000010 0.000010 0.772567 0.219072
0.006583 0.000010 0.000010 0.006962 0.004749 0.016714 0.778450 0.186523
0.000010 0.000010 0.000010 0.000010 0.000010 0.000010 0.766001 0.233939
0.000010 0.000010 0.000010 0.000010 0.000010 0.021376 0.763893 0.214681
0.000010 0.002369 0.000010 0.006633 0.000010 0.022508 0.751840 0.216620
0.000010 0.000010 0.000010 0.000010 0.000724 0.003207 0.772854 0.223175
0.000010 0.000010 0.000010 0.000010 0.000010 0.017914 0.774540 0.207496
0.000010 0.000010 0.000010 0.000010 0.000010 0.000010 0.775424 0.224516
0.003766 0.000010 0.000010 0.000010 0.007152 0.002596 0.775300 0.211155
0.000010 0.000010 0.000010 0.000010 0.000010 0.000619 0.772262 0.227069
0.000010 0.000010 0.000010 0.000010 0.000010 0.013673 0.767528 0.218749
0.000010 0.000010 0.000010 0.000010 0.000010 0.012606 0.729536 0.257808
0.000010 0.000010 0.000010 0.000010 0.000010 0.007381 0.739090 0.253479
0.000010 0.000010 0.000010 0.000010 0.000010 0.000010 0.739211 0.260729
0.000010 0.000010 0.000010 0.000010 0.000010 0.000010 0.755039 0.244901
0.000010 0.000010 0.000010 0.000010 0.000010 0.000010 0.752587 0.247353
0.000010 0.000010 0.000010 0.000010 0.000010 0.000010 0.760986 0.238954
0.000010 0.000010 0.000010 0.000010 0.000010 0.000010 0.769449 0.230491
0.000010 0.000010 0.000010 0.000010 0.000010 0.031176 0.742152 0.226622
0.000010 0.000768 0.000010 0.000010 0.005378 0.006127 0.737773 0.249924
0.000010 0.000010 0.000010 0.000010 0.000010 0.015955 0.739380 0.244615
0.000010 0.000010 0.000010 0.000010 0.000010 0.007172 0.773073 0.219705
0.000010 0.000010 0.000010 0.000010 0.000010 0.000010 0.768700 0.231240
0.000010 0.000010 0.000010 0.000010 0.000010 0.000010 0.733849 0.266091
0.000010 0.004021 0.000010 0.000892 0.000010 0.000256 0.768101 0.226699
0.014743 0.000010 0.000010 0.000010 0.000010 0.004015 0.765303 0.215900
0.000010 0.000010 0.000010 0.000010 0.000010 0.013230 0.764771 0.221948
0.000010 0.000010 0.000010 0.000010 0.000010 0.007536 0.768858 0.223557
0.000010 0.000010 0.000010 0.000019 0.000010 0.000010 0.785254 0.214677
0.000010 0.000010 0.000010 0.000010 0.000010 0.045359 0.758933 0.195658
0.011542 0.000010 0.000010 0.015075 0.000010 0.000010 0.768657 0.204687
0.000010 0.000010 0.000010 0.000010 0.000010 0.012881 0.729781 0.257288
0.000010 0.000010 0.000010 0.000010 0.000010 0.000010 0.751024 0.248916
0.000010 0.013152 0.000010 0.000010 0.000010 0.032262 0.751597 0.202948
0.000010 0.000010 0.000010 0.000010 0.000011 0.000010 0.745161 0.254778
0.000010 0.000010 0.000010 0.000010 0.000010 0.000010 0.721486 0.278454
0.000010 0.013337 0.000010 0.000010 0.000010 0.008940 0.767161 0.210522
0.000010 0.000010 0.000010 0.000010 0.000010 0.012553 0.723856 0.263541
0.000010 0.000010 0.000010 0.001254 0.000010 0.018606 0.760277 0.219823
0.000010 0.000010 0.002388 0.000010 0.004564 0.000356 0.761515 0.231146
0.000010 0.000010 0.000010 0.000010 0.000010 0.000010 0.747349 0.252591
0.000010 0.000010 0.000010 0.000010 0.000010 0.006880 0.706460 0.286610
0.000010 0.000010 0.000010 0.000010 0.000010 0.009750 0.724663 0.265537
0.000010 0.000010 0.000010 0.000010 0.000010 0.009148 0.738181 0.252621
0.000010 0.000010 0.000010 0.000010 0.000010 0.002702 0.736479 0.260769
0.000010 0.069482 0.098180 0.000010 0.053868 0.095119 0.406984 0.276346
0.024149 0.006982 0.014468 0.000010 0.000010 0.000010 0.770129 0.184242
0.025398 0.000010 0.000010 0.000010 0.000010 0.000010 0.786454 0.188098
0.036659 0.000010 0.000010 0.000010 0.000010 0.000010 0.779405 0.183886
0.040781 0.000010 0.000010 0.000010 0.000010 0.000010 0.784720 0.174449
0.031673 0.000010 0.013383 0.000010 0.000010 0.000010 0.765008 0.189895
0.033594 0.000010 0.000010 0.000010 0.005348 0.000010 0.790962 0.170057
0.050263 0.000010 0.000010 0.000010 0.000010 0.000010 0.788505 0.161182
0.044544 0.000010 0.000010 0.000010 0.000010 0.011075 0.799940 0.144400
0.015619 0.000010 0.000010 0.000010 0.000010 0.007195 0.772024 0.205122
0.000010 0.000010 0.000010 0.000010 0.000010 0.011806 0.743296 0.244848
0.021548 0.000010 0.000010 0.000010 0.000010 0.003526 0.764596 0.210290
0.014054 0.000010 0.000010 0.000010 0.000010 0.023733 0.747098 0.215075
0.012616 0.000010 0.000010 0.000010 0.004166 0.012971 0.750520 0.219696
0.008369 0.000010 0.000010 0.006890 0.000010 0.002443 0.762298 0.219970
0.045421 0.000010 0.000010 0.000010 0.000010 0.000010 0.792783 0.161745
0.000010 0.000010 0.012180 0.000010 0.005079 0.000010 0.762015 0.220686
0.009112 0.000010 0.000010 0.000010 0.000010 0.041950 0.761204 0.187693
0.000010 0.000010 0.000010 0.000010 0.000010 0.013678 0.707183 0.279089
0.000010 0.000010 0.000010 0.000010 0.002126 0.004887 0.750583 0.242365
0.002099 0.000010 0.001810 0.000010 0.000010 0.011747 0.753424 0.230890
0.000482 0.000010 0.000010 0.018569 0.000010 0.006843 0.781942 0.192135
0.000010 0.000010 0.000010 0.000010 0.000010 0.000586 0.736378 0.262986
0.067821 0.122433 0.272202 0.076816 0.018174 0.157593 0.006925 0.278036
0.017604 0.215430 0.229883 0.012276 0.070012 0.081229 0.058343 0.315223
0.000010 0.197386 0.192319 0.034297 0.030698 0.185003 0.058164 0.302124
0.038442 0.038196 0.040818 0.024700 0.012876 0.028476 0.608743 0.207749
0.035289 0.107160 0.333898 0.059203 0.014799 0.155234 0.003661 0.290757
0.043000 0.126366 0.307650 0.060191 0.000010 0.167628 0.000010 0.295145
0.020533 0.045009 0.134289 0.033943 0.060669 0.087540 0.319361 0.298655
0.030578 0.064532 0.160611 0.031654 0.052497 0.094363 0.311210 0.254555
0.017374 0.238750 0.164439 0.028543 0.043239 0.085352 0.154181 0.268122
0.000449 0.069216 0.044208 0.838666 0.011669 0.006767 0.000010 0.029016
0.033696 0.102825 0.303021 0.083400 0.000010 0.130165 0.000010 0.346873
0.006012 0.172902 0.319932 0.048876 0.004817 0.168132 0.000010 0.279319
0.021304 0.045083 0.133113 0.019302 0.037260 0.128673 0.303520 0.311746
0.000010 0.197344 0.181751 0.019893 0.081280 0.133039 0.050429 0.336254
0.000010 0.031704 0.152229 0.024230 0.033680 0.127176 0.199502 0.431470
0.023500 0.131982 0.291577 0.066578 0.017630 0.190051 0.000010 0.278672
0.016840 0.084672 0.142434 0.034900 0.031784 0.087457 0.329849 0.272064
0.027112 0.055110 0.171841 0.013314 0.032296 0.086560 0.318062 0.295705
0.059734 0.105482 0.107006 0.020782 0.023257 0.067590 0.376157 0.239992
0.043346 0.080182 0.037597 0.000010 0.017651 0.025058 0.585848 0.210309
0.004474 0.010207 0.123240 0.023462 0.055214 0.100077 0.304748 0.378578
0.000010 0.054789 0.136479 0.031563 0.009038 0.113955 0.216619 0.437548
0.028254 0.142826 0.347518 0.047097 0.028070 0.151363 0.000010 0.254862
0.000010 0.030462 0.114804 0.055206 0.054284 0.123995 0.207644 0.413594
0.033613 0.138312 0.314802 0.033217 0.000010 0.148925 0.008978 0.322143
0.010146 0.046775 0.124753 0.008619 0.060172 0.104456 0.352711 0.292367
0.018657 0.075542 0.141737 0.016964 0.005684 0.098092 0.336468 0.306856
0.037824 0.074865 0.087091 0.000010 0.012276 0.040075 0.544673 0.203186
0.032670 0.080212 0.305451 0.076174 0.057738 0.155075 0.000010 0.292670
0.000010 0.038137 0.139037 0.036547 0.000010 0.141091 0.207484 0.437684
0.015254 0.138540 0.281518 0.090615 0.008961 0.152076 0.000010 0.313028
0.022667 0.244353 0.107641 0.025855 0.086712 0.077334 0.132863 0.302575
0.008805 0.194461 0.139049 0.008995 0.071095 0.098461 0.159955 0.319179
0.005805 0.124353 0.348323 0.068104 0.000010 0.160774 0.000010 0.292621
0.032653 0.146927 0.297315 0.058612 0.019787 0.162437 0.000010 0.282259
0.000010 0.029286 0.145775 0.016959 0.018525 0.145742 0.206945 0.436758
0.062052 0.010615 0.030455 0.014135 0.026514 0.037324 0.597878 0.221026
0.046803 0.067642 0.091968 0.024350 0.006763 0.071799 0.456620 0.234055
0.006007 0.078898 0.137544 0.002609 0.044633 0.102048 0.336274 0.291987
0.000010 0.212249 0.138860 0.015634 0.057335 0.125002 0.118344 0.332566
0.000010 0.073036 0.105224 0.033238 0.000010 0.152127 0.217256 0.419098
0.014815 0.245581 0.129552 0.032664 0.095527 0.094715 0.117665 0.269482
0.038288 0.056614 0.049512 0.017326 0.019831 0.027601 0.598592 0.192236
0.012612 0.248966 0.094208 0.000010 0.086767 0.104220 0.148745 0.304472
0.025301 0.138136 0.308332 0.053792 0.006771 0.168496 0.000010 0.299162
0.000010 0.054823 0.171029 0.002391 0.020604 0.133101 0.194400 0.423642
0.032212 0.091747 0.143595 0.004798 0.049561 0.080204 0.331207 0.266676
0.022760 0.067040 0.171385 0.015080 0.034076 0.051533 0.328674 0.309452
0.019228 0.078687 0.163288 0.022056 0.019043 0.078895 0.333300 0.285502
0.000010 0.023858 0.164740 0.031628 0.050732 0.132815 0.183220 0.412997
0.031225 0.131898 0.324750 0.054114 0.000010 0.134742 0.000010 0.323251
0.027601 0.226192 0.227301 0.017782 0.051879 0.103043 0.027966 0.318237
0.018637 0.223542 0.153003 0.008187 0.069404 0.091113 0.147911 0.288203
0.066159 0.031079 0.035382 0.011597 0.019163 0.010859 0.603725 0.222037
0.041450 0.127868 0.290667 0.059017 0.000010 0.180164 0.000010 0.300814
0.046006 0.136448 0.294795 0.059424 0.016594 0.124908 0.000010 0.321814
0.031362 0.055837 0.070535 0.000010 0.019987 0.071982 0.509140 0.241148
0.028343 0.025326 0.139893 0.048033 0.003871 0.087203 0.341530 0.325801
0.065463 0.000010 0.050759 0.023839 0.030418 0.045393 0.574622 0.209494
0.000010 0.000010 0.124413 0.027815 0.063076 0.158103 0.205483 0.421090
0.037127 0.220058 0.124344 0.004221 0.085058 0.098169 0.126454 0.304570
0.003785 0.239000 0.132122 0.000010 0.081825 0.126431 0.111428 0.305400
0.022458 0.044138 0.133828 0.000010 0.024671 0.103316 0.367383 0.304197
0.023917 0.079949 0.311791 0.073584 0.010445 0.204497 0.000010 0.295809
0.025154 0.115747 0.334186 0.073219 0.010373 0.140078 0.000010 0.301234
0.052717 0.107747 0.306666 0.074257 0.028385 0.146101 0.000010 0.284115
0.022689 0.061909 0.097029 0.013624 0.009634 0.057098 0.491613 0.246403
0.022434 0.102289 0.224907 0.036730 0.014358 0.095320 0.207090 0.296873
0.054904 0.049714 0.052007 0.003972 0.027978 0.050128 0.584702 0.176595
0.015774 0.115631 0.309276 0.068511 0.009016 0.143154 0.000010 0.338629
0.000010 0.022618 0.165212 0.020589 0.016482 0.131601 0.198532 0.444957
0.000010 0.240992 0.164826 0.000010 0.056988 0.151202 0.055953 0.330020
0.000010 0.037242 0.075663 0.018569 0.058701 0.126872 0.269812 0.413131
0.004011 0.239259 0.155419 0.008911 0.063417 0.086527 0.138469 0.303986
0.005051 0.146155 0.332137 0.046721 0.006876 0.172882 0.000010 0.290169
0.042396 0.133767 0.304043 0.086513 0.007593 0.141157 0.000010 0.284520
0.012051 0.124289 0.310052 0.085009 0.004621 0.150692 0.004429 0.308858
0.027809 0.073462 0.122981 0.035607 0.030467 0.085987 0.335078 0.288609
0.020052 0.058273 0.065693 0.009394 0.012388 0.049382 0.566358 0.218460
0.056667 0.071450 0.029838 0.012767 0.007482 0.052302 0.582530 0.186963
0.016533 0.156757 0.137526 0.023504 0.021863 0.109826 0.229189 0.304802
0.000010 0.039316 0.133228 0.028206 0.026499 0.110052 0.198631 0.464058
0.031339 0.219645 0.103935 0.057073 0.064746 0.093309 0.139156 0.290797
0.000010 0.293352 0.104058 0.016615 0.030023 0.125721 0.101240 0.328981
0.000010 0.261464 0.111613 0.023119 0.099853 0.092557 0.086469 0.324915
0.000010 0.332671 0.099253 0.020885 0.096940 0.077935 0.083595 0.288710
0.020185 0.235307 0.522127 0.052297 0.045765 0.041875 0.016474 0.065969
0.010873 0.154653 0.308173 0.035373 0.000010 0.147402 0.000010 0.343506
0.000144 0.520700 0.035156 0.000010 0.119154 0.031325 0.097389 0.196122
0.018104 0.190565 0.103953 0.010444 0.056631 0.104385 0.261913 0.254003
0.017496 0.276174 0.117620 0.015265 0.097003 0.131903 0.067398 0.277142
0.014170 0.268868 0.125640 0.032430 0.068916 0.106746 0.092579 0.290651
0.000010 0.253711 0.178295 0.002995 0.049118 0.111540 0.062045 0.342286
0.010380 0.291789 0.117400 0.007616 0.071346 0.104785 0.104555 0.292127
0.000010 0.179595 0.704174 0.030725 0.032687 0.002505 0.015469 0.034836
0.019714 0.148386 0.279649 0.051146 0.000010 0.139787 0.000010 0.361298
0.008307 0.155237 0.212968 0.004951 0.054039 0.125825 0.058201 0.380472
0.000010 0.515755 0.019671 0.000010 0.107344 0.045244 0.078209 0.233757
0.000010 0.464315 0.064508 0.000010 0.078392 0.061237 0.097438 0.234090
0.006471 0.103434 0.326462 0.052376 0.000010 0.115484 0.000010 0.395753
0.032526 0.144769 0.274347 0.052374 0.045079 0.150330 0.000010 0.300566
0.000010 0.299993 0.122311 0.013340 0.121095 0.055959 0.118914 0.268378
0.012222 0.126813 0.317289 0.026466 0.000010 0.147290 0.000010 0.369900
0.000010 0.226352 0.637228 0.030491 0.069152 0.000010 0.000010 0.036746
0.012350 0.116002 0.322343 0.055172 0.000010 0.141225 0.000010 0.352887
0.018074 0.165634 0.213900 0.000010 0.021992 0.179227 0.058697 0.342465
0.000010 0.535938 0.026462 0.000010 0.071773 0.057332 0.092259 0.216217
0.005578 0.433588 0.091950 0.000010 0.096740 0.072063 0.080554 0.219516
0.020069 0.189144 0.149410 0.010366 0.101447 0.136337 0.063379 0.329849
0.005696 0.116624 0.332638 0.050938 0.018381 0.150154 0.000010 0.325559
0.006559 0.307176 0.115500 0.000010 0.118011 0.056352 0.126510 0.269883
0.000010 0.317514 0.095009 0.029986 0.090019 0.095363 0.083150 0.288950
0.009197 0.075087 0.311508 0.054492 0.030626 0.155596 0.000010 0.363484
0.000010 0.208812 0.619025 0.041432 0.021284 0.040775 0.037979 0.030684
0.011364 0.080846 0.294471 0.078632 0.017506 0.160991 0.000227 0.355963
0.034014 0.163530 0.213703 0.017252 0.036106 0.134758 0.027422 0.373216
0.000010 0.440466 0.010239 0.018127 0.109476 0.094642 0.090203 0.236838
0.000010 0.531865 0.038588 0.000010 0.113445 0.039418 0.091692 0.184971
0.000010 0.176402 0.141462 0.028373 0.071856 0.095315 0.146039 0.340543
0.015299 0.350648 0.094685 0.000593 0.097406 0.075784 0.105715 0.259870
0.000010 0.207463 0.683652 0.078251 0.030593 0.000010 0.000010 0.000010
0.016968 0.111010 0.333533 0.055345 0.000610 0.146800 0.000010 0.335723
0.000010 0.476042 0.036292 0.000010 0.119495 0.082654 0.091738 0.193759
0.020017 0.452038 0.090770 0.007500 0.147889 0.026190 0.070232 0.185362
0.000010 0.222000 0.154274 0.006711 0.100403 0.100902 0.139141 0.276558
0.003556 0.090957 0.052608 0.778376 0.044328 0.000010 0.000010 0.030156
0.017946 0.205120 0.143132 0.037840 0.069908 0.106495 0.112080 0.307478
0.000010 0.351597 0.125381 0.008405 0.042890 0.068709 0.102168 0.300840
0.000010 0.206106 0.677516 0.035476 0.038100 0.012870 0.008341 0.021581
