0.000010 0.017780 0.009603 0.013771 0.249067 0.309550 0.155693 0.000010 0.226101 0.018415
0.000010 0.000010 0.000010 0.014784 0.324835 0.275351 0.073596 0.000010 0.303487 0.007908
0.000010 0.000019 0.000016 0.027416 0.246830 0.356474 0.115692 0.000010 0.231548 0.021985
0.000010 0.000010 0.001046 0.000010 0.287213 0.292551 0.090207 0.023602 0.305341 0.000010
0.000010 0.000010 0.031984 0.018499 0.234149 0.331195 0.136715 0.000010 0.247418 0.000010
0.000010 0.000010 0.004284 0.008994 0.259330 0.317755 0.108937 0.000010 0.263557 0.037111
0.000010 0.000010 0.000010 0.033653 0.297712 0.278253 0.115133 0.005309 0.263511 0.006399
0.000010 0.000010 0.000010 0.000010 0.538234 0.058984 0.000010 0.000010 0.402712 0.000010
0.000010 0.000010 0.000010 0.000010 0.537166 0.065818 0.000010 0.000010 0.396946 0.000010
0.000010 0.006704 0.000010 0.000010 0.025341 0.000010 0.000010 0.000010 0.967885 0.000010
0.000010 0.000010 0.008891 0.038247 0.488378 0.100811 0.000010 0.000010 0.363623 0.000010
0.000010 0.000010 0.010241 0.015323 0.537159 0.110561 0.000010 0.000010 0.326666 0.000010
0.020963 0.028636 0.011060 0.009880 0.000010 0.071403 0.757523 0.100505 0.000010 0.000010
0.042453 0.000010 0.070216 0.031205 0.000010 0.155359 0.575382 0.109004 0.000010 0.016350
0.002540 0.000010 0.006996 0.014403 0.015538 0.054292 0.886215 0.015698 0.000010 0.004297
0.016904 0.022403 0.052490 0.026036 0.000010 0.154578 0.584634 0.083260 0.011400 0.048285
0.000010 0.019364 0.013800 0.022374 0.240410 0.343288 0.102180 0.001848 0.240538 0.016189
0.000010 0.031924 0.003687 0.017051 0.242919 0.307937 0.123739 0.000010 0.267524 0.005199
0.000010 0.000010 0.000010 0.000010 0.533473 0.049633 0.000010 0.000010 0.416824 0.000010
0.006274 0.000010 0.000010 0.000010 0.603519 0.069427 0.000010 0.000010 0.320720 0.000010
0.000010 0.000010 0.000010 0.000010 0.555472 0.075431 0.000010 0.000018 0.369019 0.000010
0.000010 0.000010 0.000010 0.000010 0.000010 0.000010 0.000010 0.000010 0.999910 0.000010
0.000010 0.004398 0.001901 0.052815 0.531148 0.072290 0.000010 0.000010 0.334188 0.003231
0.000010 0.000010 0.005909 0.013755 0.497565 0.100325 0.000010 0.016861 0.364270 0.001285
0.007121 0.011657 0.000010 0.014664 0.000010 0.050489 0.841057 0.066881 0.000010 0.008102
0.016915 0.000010 0.012521 0.012989 0.000651 0.113665 0.789899 0.035706 0.000228 0.017416
0.005534 0.018120 0.003697 0.023774 0.025822 0.024341 0.898683 0.000010 0.000010 0.000010
0.043105 0.014478 0.042815 0.059323 0.000010 0.143728 0.562860 0.124604 0.000010 0.009066
0.000010 0.005047 0.009536 0.035081 0.250224 0.354868 0.087377 0.000010 0.243077 0.014770
0.000010 0.014091 0.000010 0.017199 0.254723 0.316666 0.114231 0.035184 0.231988 0.015898
0.000010 0.000010 0.000010 0.000010 0.479369 0.096180 0.000010 0.000010 0.424380 0.000010
0.005329 0.000010 0.000010 0.010392 0.640343 0.050842 0.000010 0.000010 0.293044 0.000010
0.000010 0.000010 0.001707 0.000010 0.061393 0.000010 0.000010 0.000010 0.936829 0.000010
0.000010 0.000010 0.000010 0.000018 0.000010 0.000010 0.000010 0.000010 0.999902 0.000010
0.000010 0.000010 0.021369 0.015099 0.496519 0.076292 0.000010 0.000010 0.370825 0.019856
0.000010 0.000010 0.016293 0.009421 0.492956 0.077680 0.000010 0.015052 0.370373 0.018195
0.024942 0.000010 0.000010 0.034197 0.000010 0.105957 0.727808 0.080007 0.000010 0.027049
0.012618 0.027876 0.002111 0.013063 0.017019 0.074817 0.830259 0.017706 0.004521 0.000010
0.002500 0.009437 0.000010 0.030651 0.000013 0.109674 0.775960 0.071736 0.000010 0.000010
0.030387 0.028308 0.022453 0.034031 0.000010 0.167302 0.580242 0.087933 0.005323 0.044012
0.000010 0.000010 0.002826 0.000010 0.261369 0.286969 0.119199 0.016406 0.269376 0.043825
0.000010 0.012354 0.023554 0.013531 0.236210 0.327465 0.093495 0.041775 0.251597 0.000010
0.000010 0.000010 0.000010 0.000010 0.565314 0.062889 0.000010 0.000010 0.371727 0.000010
0.000010 0.000010 0.000010 0.000010 0.557928 0.045858 0.000010 0.000010 0.396143 0.000010
0.000010 0.000010 0.000010 0.000010 0.000010 0.000010 0.000010 0.000010 0.999910 0.000010
0.001141 0.000010 0.000010 0.000010 0.051359 0.000010 0.003706 0.000010 0.943734 0.000010
0.000010 0.000010 0.000010 0.000010 0.000010 0.000010 0.000010 0.000010 0.999910 0.000010
0.000010 0.000010 0.022694 0.023882 0.499595 0.108723 0.000010 0.000010 0.345056 0.000010
0.000010 0.000010 0.035447 0.000010 0.483259 0.082812 0.000010 0.000010 0.375952 0.022480
0.031169 0.002027 0.000010 0.026378 0.000010 0.133268 0.702984 0.077218 0.000010 0.026927
0.010263 0.000010 0.000010 0.000010 0.028415 0.019663 0.917261 0.000010 0.000138 0.024220
0.000010 0.009782 0.000010 0.021203 0.000010 0.083799 0.843677 0.016392 0.000010 0.025108
0.037700 0.015306 0.053635 0.013955 0.000010 0.133385 0.637900 0.066165 0.015096 0.026849
0.016106 0.000010 0.000010 0.041974 0.000010 0.080441 0.801293 0.038253 0.000010 0.021893
0.056268 0.018240 0.141621 0.108625 0.000010 0.035277 0.458670 0.109668 0.000010 0.071609
0.011340 0.015192 0.014343 0.016578 0.008595 0.038475 0.805059 0.059313 0.000010 0.031095
0.019834 0.000010 0.016981 0.021270 0.000010 0.502509 0.373169 0.066197 0.000010 0.000010
0.012321 0.014343 0.041519 0.009415 0.000010 0.277442 0.523785 0.089437 0.019793 0.011933
0.004709 0.000010 0.000010 0.000010 0.000010 0.628991 0.335156 0.026746 0.000010 0.004349
0.023603 0.000010 0.037111 0.027476 0.000198 0.338751 0.475364 0.065822 0.018012 0.013652
0.002247 0.003706 0.051826 0.000811 0.215210 0.298570 0.188725 0.000010 0.227229 0.011665
0.046684 0.012078 0.045320 0.000631 0.000010 0.076135 0.722625 0.073642 0.000010 0.022867
0.000824 0.000010 0.058932 0.039760 0.000010 0.088132 0.700219 0.112093 0.000010 0.000010
0.020406 0.000010 0.009665 0.013223 0.015704 0.458199 0.384414 0.057875 0.023809 0.016695
0.025760 0.000010 0.065099 0.008801 0.034862 0.585082 0.200848 0.001380 0.069090 0.009068
0.019711 0.032150 0.057091 0.021177 0.000010 0.417929 0.418715 0.020538 0.012344 0.000335
0.000010 0.000010 0.046958 0.048139 0.011762 0.359502 0.435730 0.058769 0.028384 0.010736
0.007669 0.000010 0.034571 0.039421 0.250632 0.280122 0.144734 0.006926 0.235559 0.000353
0.000010 0.000010 0.040249 0.033401 0.243243 0.318719 0.117899 0.000010 0.246450 0.000010
0.038778 0.000010 0.040998 0.014482 0.000010 0.095428 0.729481 0.074669 0.000010 0.006134
0.049151 0.037861 0.100044 0.095874 0.000010 0.073349 0.490062 0.105811 0.000010 0.047828
0.031255 0.000010 0.000010 0.035961 0.000010 0.060701 0.786114 0.044215 0.000010 0.041714
0.022744 0.000010 0.035098 0.010582 0.019732 0.470933 0.371758 0.051295 0.000010 0.017838
0.021062 0.003383 0.035328 0.032181 0.000309 0.293062 0.463315 0.102469 0.022849 0.026043
0.017681 0.008891 0.032427 0.024426 0.000010 0.362747 0.482118 0.069321 0.000010 0.002369
0.024245 0.000010 0.012014 0.029314 0.017829 0.356089 0.415341 0.066860 0.036523 0.041776
0.000010 0.022025 0.000010 0.042798 0.201156 0.277502 0.175120 0.017302 0.228687 0.035389
0.000010 0.000010 0.055822 0.030556 0.222661 0.348160 0.114920 0.016614 0.211237 0.000010
0.002216 0.000010 0.019774 0.011573 0.247276 0.299664 0.125152 0.018502 0.241371 0.034460
0.000010 0.000010 0.000010 0.000010 0.535861 0.073151 0.000010 0.000010 0.390918 0.000010
0.000010 0.000010 0.000010 0.000010 0.000010 0.000010 0.000010 0.000010 0.999910 0.000010
0.000010 0.000010 0.000010 0.000010 0.131578 0.001976 0.000010 0.001351 0.858309 0.006736
0.000010 0.000013 0.000010 0.000010 0.000010 0.000010 0.000010 0.000010 0.999907 0.000010
0.019744 0.008559 0.036773 0.013546 0.557850 0.062669 0.009333 0.000817 0.290700 0.000010
0.000010 0.000010 0.021597 0.024510 0.505104 0.066033 0.000010 0.000010 0.363237 0.019479
0.013316 0.000010 0.031838 0.051233 0.000010 0.112616 0.721567 0.069352 0.000010 0.000047
0.016187 0.000010 0.000010 0.000010 0.018818 0.047534 0.914006 0.000010 0.000010 0.003404
0.008256 0.000010 0.026219 0.012854 0.000010 0.126952 0.733403 0.051840 0.000010 0.040446
0.046700 0.000010 0.011464 0.063474 0.000010 0.141139 0.562198 0.085988 0.025727 0.063291
0.000010 0.000010 0.012740 0.032076 0.245376 0.351487 0.094084 0.026544 0.237663 0.000010
0.000010 0.000010 0.014303 0.005810 0.352242 0.215713 0.042009 0.000010 0.369883 0.000010
0.000010 0.000010 0.000010 0.000010 0.567653 0.067728 0.000010 0.000010 0.364549 0.000010
0.000010 0.000010 0.000010 0.000010 0.524526 0.064520 0.000010 0.000010 0.410884 0.000010
0.000010 0.000010 0.000010 0.000010 0.037425 0.000010 0.000010 0.000010 0.962495 0.000010
0.000010 0.000010 0.000010 0.000010 0.000010 0.000010 0.000010 0.000010 0.999910 0.000010
0.000010 0.000010 0.009619 0.007127 0.505966 0.110056 0.000010 0.007226 0.348988 0.010987
0.000010 0.010889 0.011917 0.021313 0.520370 0.081864 0.000010 0.007065 0.341030 0.005532
0.036339 0.000010 0.000656 0.018525 0.000010 0.122070 0.706826 0.087375 0.000010 0.028178
0.000010 0.013620 0.000010 0.007179 0.000010 0.057374 0.841728 0.046378 0.000010 0.033681
0.012771 0.043114 0.049309 0.032565 0.000010 0.148968 0.595522 0.090034 0.013714 0.013993
0.027934 0.028200 0.007933 0.033552 0.000199 0.073840 0.764520 0.054559 0.000010 0.009254
0.062285 0.025834 0.224260 0.150598 0.000010 0.070942 0.220426 0.159769 0.000010 0.085867
0.012505 0.018862 0.020516 0.025774 0.009633 0.023830 0.824218 0.043575 0.003872 0.017215
0.004891 0.000186 0.000010 0.027853 0.000010 0.620175 0.313553 0.033302 0.000010 0.000010
0.029675 0.014078 0.029630 0.000010 0.000010 0.492759 0.370575 0.041112 0.000010 0.022142
0.007128 0.000010 0.066045 0.025927 0.000010 0.377960 0.445771 0.072569 0.004569 0.000010
0.000010 0.002521 0.027287 0.042493 0.239199 0.251462 0.127377 0.038999 0.262462 0.008191
0.000010 0.000010 0.000353 0.033969 0.244305 0.323436 0.135093 0.000010 0.237765 0.025049
0.000010 0.000010 0.000010 0.000010 0.582210 0.061440 0.000010 0.000010 0.356281 0.000010
0.000010 0.000010 0.000010 0.000010 0.577454 0.074888 0.000010 0.000010 0.347588 0.000010
0.000010 0.000010 0.000010 0.000010 0.000010 0.000010 0.000010 0.000010 0.999910 0.000010
0.011424 0.000010 0.000011 0.000010 0.102307 0.000014 0.000010 0.000010 0.886194 0.000010
0.003721 0.000010 0.030094 0.013102 0.500827 0.105151 0.000010 0.001196 0.345879 0.000010
0.016052 0.018408 0.015157 0.032015 0.000010 0.142944 0.684306 0.087861 0.000010 0.003237
0.000010 0.000010 0.008682 0.013220 0.007439 0.075660 0.870590 0.014844 0.000010 0.009534
0.001673 0.020257 0.000010 0.000010 0.010712 0.055766 0.900737 0.000010 0.010814 0.000010
0.057658 0.000010 0.067676 0.026851 0.000010 0.161825 0.568950 0.097505 0.004678 0.014837
0.029364 0.000010 0.042686 0.023673 0.000010 0.077160 0.766515 0.043714 0.006869 0.010000
0.062101 0.000010 0.163156 0.082100 0.000010 0.056221 0.412856 0.154580 0.000010 0.068957
0.031486 0.014250 0.001815 0.027558 0.000010 0.053315 0.785386 0.074356 0.006344 0.005480
0.024790 0.000010 0.000010 0.018520 0.000010 0.505327 0.398383 0.030599 0.001824 0.020527
0.042647 0.000010 0.004764 0.000010 0.000010 0.599957 0.312670 0.039912 0.000010 0.000010
0.016444 0.000010 0.023547 0.038768 0.000010 0.384551 0.453896 0.062740 0.003256 0.016779
0.000019 0.000010 0.033035 0.001617 0.188515 0.395198 0.159805 0.010210 0.182582 0.029008
0.015411 0.000767 0.011117 0.003012 0.278572 0.328432 0.099417 0.000010 0.244908 0.018353
0.000010 0.000010 0.000010 0.000010 0.613706 0.038925 0.000010 0.000010 0.347299 0.000010
0.000010 0.000010 0.000010 0.000010 0.523904 0.058511 0.000010 0.000010 0.417515 0.000010
0.000010 0.000010 0.000010 0.000010 0.000010 0.000010 0.000010 0.000010 0.999910 0.000010
0.000010 0.000010 0.000010 0.000010 0.000010 0.000010 0.000010 0.000010 0.999910 0.000010
0.000329 0.000010 0.036486 0.010675 0.530375 0.073903 0.007147 0.000010 0.341055 0.000010
0.000010 0.000011 0.023132 0.009869 0.479451 0.104637 0.000010 0.017467 0.358383 0.007031
0.040372 0.002959 0.009211 0.023419 0.000010 0.125325 0.651472 0.126375 0.000010 0.020847
0.005307 0.000010 0.000010 0.008878 0.020150 0.054090 0.895227 0.016307 0.000010 0.000010
0.011898 0.000010 0.000010 0.012171 0.013357 0.035991 0.910176 0.016368 0.000010 0.000010
0.047142 0.026515 0.039992 0.022868 0.000010 0.166833 0.550879 0.113356 0.005469 0.026936
0.019974 0.018341 0.053915 0.019603 0.000010 0.116845 0.714446 0.042445 0.000010 0.014411
0.055126 0.002805 0.137435 0.102721 0.000010 0.070451 0.424106 0.143979 0.000010 0.063357
0.031351 0.002234 0.013136 0.000010 0.000010 0.063330 0.777564 0.083249 0.000010 0.029106
0.000010 0.000657 0.003959 0.000010 0.000010 0.782920 0.193939 0.018475 0.000010 0.000010
0.004741 0.006312 0.062236 0.043335 0.000010 0.348300 0.431577 0.065419 0.034163 0.003908
0.014301 0.000010 0.004910 0.034671 0.044061 0.304212 0.449339 0.063050 0.059086 0.026359
0.003902 0.004819 0.000010 0.031803 0.277697 0.231014 0.136468 0.022393 0.277339 0.014557
0.001967 0.017285 0.000010 0.006582 0.271993 0.304938 0.117267 0.000010 0.255178 0.024770
0.000010 0.000011 0.000010 0.000010 0.543029 0.066071 0.000010 0.000010 0.390830 0.000010
0.000010 0.000010 0.000010 0.000011 0.522742 0.054327 0.000010 0.000010 0.422860 0.000010
0.000010 0.000010 0.000010 0.000010 0.000010 0.000010 0.000010 0.000010 0.999910 0.000010
0.000010 0.000010 0.000010 0.000010 0.000010 0.000010 0.000010 0.000010 0.999910 0.000010
0.000010 0.000010 0.000010 0.000010 0.000010 0.000010 0.000010 0.000010 0.999910 0.000010
0.002985 0.011173 0.017727 0.019920 0.491897 0.080601 0.000010 0.012020 0.350065 0.013602
0.000010 0.000011 0.002467 0.018855 0.515827 0.090458 0.000010 0.000010 0.372342 0.000010
0.032794 0.000010 0.038080 0.039279 0.000010 0.155370 0.666377 0.059892 0.000010 0.008178
0.000018 0.026082 0.028455 0.012811 0.019535 0.072104 0.775890 0.059830 0.005265 0.000010
0.007323 0.000010 0.005207 0.000010 0.020636 0.034073 0.923038 0.005265 0.004427 0.000010
0.036429 0.006560 0.052643 0.054410 0.000010 0.203837 0.530154 0.100704 0.008417 0.006836
0.017359 0.000010 0.052157 0.034114 0.000010 0.104156 0.682336 0.075378 0.000010 0.034468
0.046629 0.034607 0.010559 0.026496 0.005695 0.063052 0.781070 0.025874 0.000010 0.006007
0.019261 0.003740 0.035579 0.043346 0.000010 0.429717 0.403918 0.027140 0.000010 0.037279
0.030722 0.000010 0.031539 0.009820 0.006879 0.498105 0.349447 0.039184 0.004301 0.029993
0.016535 0.000010 0.036079 0.054683 0.012602 0.318867 0.481474 0.053821 0.020879 0.005049
0.011423 0.009733 0.003102 0.000010 0.000010 0.639652 0.292246 0.023347 0.000010 0.020466
0.000010 0.000010 0.000010 0.000010 0.066448 0.000010 0.933472 0.000010 0.000010 0.000010
0.000010 0.007425 0.002711 0.000010 0.242042 0.345067 0.108721 0.057179 0.236826 0.000010
0.000010 0.000010 0.000010 0.000010 0.591347 0.051541 0.000010 0.000013 0.357039 0.000010
0.005175 0.000017 0.000015 0.000010 0.219913 0.028602 0.000010 0.007626 0.738623 0.000010
0.000010 0.000010 0.000010 0.000010 0.000019 0.000010 0.000010 0.000011 0.999901 0.000010
0.021615 0.001262 0.050343 0.000010 0.498537 0.068754 0.000276 0.000010 0.345447 0.013746
0.000010 0.001169 0.017006 0.008686 0.527423 0.089561 0.000010 0.000010 0.346748 0.009377
0.016452 0.010808 0.055531 0.009341 0.000010 0.098728 0.789635 0.008588 0.000010 0.010899
0.008018 0.013859 0.000010 0.016560 0.000010 0.101210 0.821437 0.031823 0.000010 0.007063
0.001467 0.001769 0.000010 0.016683 0.000010 0.090333 0.798427 0.066528 0.000010 0.024764
0.044940 0.002743 0.026155 0.000010 0.000010 0.073591 0.767201 0.077234 0.000010 0.008105
0.051158 0.017379 0.156015 0.116373 0.000010 0.050133 0.446345 0.135660 0.000010 0.026916
0.011324 0.027003 0.015090 0.000010 0.000010 0.061176 0.776677 0.084461 0.000010 0.024239
0.016596 0.000010 0.000010 0.019858 0.000015 0.695331 0.229116 0.039044 0.000010 0.000010
0.018759 0.000010 0.035168 0.016908 0.000010 0.488286 0.392651 0.036009 0.012189 0.000010
0.000010 0.016604 0.000637 0.025480 0.030914 0.579792 0.212117 0.033574 0.053496 0.047377
0.000451 0.018871 0.016689 0.000010 0.000010 0.516279 0.406619 0.041051 0.000010 0.000010
0.000010 0.008516 0.003316 0.020895 0.270635 0.267549 0.090299 0.006838 0.300159 0.031784
0.000010 0.000010 0.000010 0.000010 0.055448 0.000010 0.944472 0.000010 0.000010 0.000010
0.000010 0.000010 0.000010 0.000010 0.529872 0.060869 0.000010 0.000010 0.409189 0.000010
0.000010 0.000010 0.000010 0.000010 0.000010 0.000010 0.000010 0.000010 0.999910 0.000010
0.000010 0.000010 0.000010 0.000010 0.534580 0.076522 0.000010 0.000010 0.388828 0.000010
0.000010 0.000010 0.000010 0.000010 0.560778 0.064723 0.000010 0.000010 0.374428 0.000010
0.000010 0.036618 0.009912 0.027524 0.000010 0.034664 0.797131 0.083476 0.007929 0.002726
0.005870 0.000010 0.055415 0.014307 0.000010 0.494261 0.350463 0.055478 0.000010 0.024176
0.066786 0.041949 0.149791 0.096849 0.000010 0.052607 0.439910 0.123520 0.000010 0.028569
0.012526 0.000010 0.012772 0.005164 0.000010 0.045365 0.802560 0.095823 0.003393 0.022376
0.000010 0.000010 0.025915 0.013064 0.007552 0.571854 0.332843 0.045494 0.003247 0.000010
0.017808 0.000010 0.031005 0.050185 0.000010 0.323642 0.478271 0.039283 0.010795 0.048991
0.021131 0.000106 0.009501 0.028171 0.093694 0.333954 0.322170 0.056023 0.119977 0.015273
0.007827 0.002931 0.039321 0.008855 0.254091 0.259089 0.145220 0.032793 0.249863 0.000010
0.000010 0.000010 0.000010 0.000010 0.057471 0.000010 0.942449 0.000010 0.000010 0.000010
0.001966 0.000010 0.000010 0.000010 0.004076 0.000010 0.001295 0.000513 0.992100 0.000010
0.000010 0.000010 0.045942 0.029344 0.506424 0.092850 0.000010 0.000010 0.325390 0.000010
0.000010 0.000010 0.011836 0.013618 0.525030 0.089484 0.000010 0.015974 0.344019 0.000010
0.002797 0.000010 0.009851 0.030687 0.504017 0.103840 0.000010 0.000010 0.348767 0.000010
0.009289 0.010385 0.000010 0.005402 0.008761 0.055269 0.874337 0.027025 0.009513 0.000010
0.002226 0.000010 0.009683 0.002766 0.000010 0.090843 0.815575 0.071902 0.000010 0.006975
0.034033 0.014470 0.036010 0.030933 0.000010 0.084629 0.703446 0.077533 0.000010 0.018927
0.035497 0.000010 0.041204 0.000010 0.000243 0.037421 0.782580 0.083778 0.004599 0.014658
0.065707 0.006070 0.186427 0.097251 0.000010 0.062320 0.440926 0.108005 0.000010 0.033273
0.007340 0.000010 0.021672 0.007622 0.000010 0.767238 0.174919 0.021169 0.000010 0.000010
0.013987 0.010199 0.037470 0.027156 0.000010 0.457256 0.378266 0.040483 0.026249 0.008924
0.021235 0.000010 0.056581 0.048769 0.016664 0.308355 0.459858 0.037613 0.025320 0.025594
0.019111 0.000014 0.052913 0.022446 0.000010 0.390541 0.462422 0.042539 0.009995 0.000010
0.032943 0.036420 0.025305 0.006799 0.009079 0.316967 0.463948 0.088103 0.002752 0.017684
0.000010 0.000010 0.000010 0.003243 0.060790 0.000010 0.935897 0.000010 0.000010 0.000010
0.045389 0.008236 0.140327 0.057758 0.000010 0.081474 0.486927 0.146556 0.000010 0.033312
0.010766 0.000010 0.030932 0.019632 0.002884 0.063806 0.766547 0.075736 0.000010 0.029677
0.014305 0.022746 0.000010 0.015689 0.000010 0.570176 0.321284 0.040603 0.005776 0.009401
0.013494 0.000010 0.018572 0.030816 0.000010 0.474051 0.374279 0.055891 0.017652 0.015223
0.022676 0.021324 0.069977 0.005080 0.031250 0.570862 0.195365 0.000010 0.067230 0.016225
0.023410 0.000010 0.038178 0.019563 0.000010 0.404151 0.424266 0.064140 0.000010 0.026262
0.000010 0.031842 0.018877 0.000130 0.238265 0.239919 0.147005 0.003251 0.298370 0.022330
0.000010 0.000010 0.000010 0.000010 0.044462 0.000010 0.955458 0.000010 0.000010 0.000010
0.000010 0.000010 0.000010 0.000010 0.050453 0.000010 0.949467 0.000010 0.000010 0.000010
0.000010 0.000010 0.041556 0.008499 0.055027 0.000010 0.805880 0.059665 0.000010 0.029333
0.027075 0.000010 0.034943 0.015575 0.000010 0.038759 0.867851 0.000010 0.000010 0.015757
0.017566 0.000010 0.087486 0.097295 0.025213 0.163313 0.405671 0.122354 0.030122 0.050969
0.014382 0.000010 0.000010 0.000010 0.021855 0.938185 0.000010 0.000010 0.025518 0.000010
0.000010 0.000010 0.000010 0.000010 0.058620 0.871301 0.005578 0.000010 0.064442 0.000010
0.000010 0.000010 0.018588 0.017175 0.000010 0.290203 0.657901 0.000010 0.000010 0.016083
0.000515 0.000010 0.006712 0.014628 0.000010 0.268574 0.658629 0.050902 0.000010 0.000010
0.003224 0.007829 0.001312 0.025811 0.000010 0.261845 0.666474 0.027177 0.000010 0.006307
0.003616 0.000343 0.016080 0.000010 0.059935 0.037052 0.837180 0.029423 0.001851 0.014511
0.000010 0.000010 0.000010 0.012333 0.043795 0.000010 0.925883 0.000010 0.011023 0.006917
0.009108 0.000010 0.024764 0.000226 0.001147 0.061929 0.839462 0.049072 0.001043 0.013239
0.031242 0.044800 0.110633 0.089429 0.038598 0.143835 0.387240 0.072489 0.028876 0.052860
0.000011 0.000010 0.000010 0.000010 0.024942 0.917736 0.000010 0.000010 0.057251 0.000010
0.000010 0.000010 0.000010 0.000010 0.000010 0.962957 0.036963 0.000010 0.000010 0.000010
0.026031 0.011561 0.041538 0.012155 0.000010 0.256199 0.630543 0.021942 0.000010 0.000010
0.004066 0.003848 0.000010 0.022220 0.000010 0.278588 0.621930 0.069308 0.000010 0.000010
0.000010 0.000010 0.000010 0.000010 0.201895 0.000010 0.781931 0.000010 0.016104 0.000010
0.026448 0.000010 0.027093 0.010383 0.000010 0.511306 0.395944 0.022997 0.005799 0.000010
0.000010 0.000010 0.000010 0.000010 0.060193 0.000010 0.939727 0.000010 0.000010 0.000010
0.050852 0.033734 0.106536 0.095637 0.000011 0.093337 0.472813 0.115819 0.000010 0.031252
0.040875 0.023289 0.137338 0.102784 0.000010 0.145343 0.338948 0.094584 0.024249 0.092581
0.000010 0.003928 0.000010 0.000010 0.047622 0.869874 0.000010 0.000010 0.071166 0.007360
0.000010 0.000010 0.000010 0.000010 0.000312 0.982416 0.000010 0.000010 0.017202 0.000010
0.013054 0.025113 0.010947 0.000010 0.000010 0.277919 0.638474 0.022260 0.000010 0.012204
0.002877 0.000010 0.008424 0.014131 0.000257 0.265669 0.647267 0.041074 0.000010 0.020281
0.009029 0.000010 0.000010 0.005077 0.000010 0.284853 0.651753 0.049237 0.000010 0.000010
0.000010 0.000010 0.000010 0.011380 0.125266 0.000010 0.836314 0.000010 0.026980 0.000010
0.000010 0.000010 0.000010 0.000010 0.058026 0.000010 0.941840 0.000010 0.000064 0.000010
0.014570 0.015999 0.029458 0.026035 0.035136 0.000010 0.795957 0.074995 0.002565 0.005277
0.053614 0.039184 0.099305 0.080892 0.000010 0.084464 0.471929 0.131097 0.000010 0.039495
0.039992 0.025369 0.118131 0.043826 0.045293 0.192336 0.387202 0.062986 0.032194 0.052673
0.000010 0.000010 0.000010 0.000010 0.129831 0.703739 0.000010 0.000010 0.166360 0.000010
0.003784 0.000010 0.000010 0.005689 0.018338 0.934336 0.000010 0.000010 0.037273 0.000540
0.000010 0.000010 0.001809 0.029173 0.000010 0.291772 0.631780 0.036726 0.000010 0.008700
0.010956 0.000010 0.003314 0.010445 0.000010 0.286207 0.617939 0.046312 0.000010 0.024797
0.000010 0.015028 0.006584 0.019145 0.000010 0.277710 0.645293 0.024173 0.000010 0.012038
0.000010 0.000010 0.000010 0.000010 0.218600 0.000010 0.759197 0.000010 0.022133 0.000010
0.000010 0.000010 0.028294 0.017355 0.483852 0.104535 0.000010 0.000010 0.365915 0.000010
0.000010 0.000010 0.030747 0.022234 0.516512 0.071186 0.000011 0.000010 0.341849 0.017431
0.023959 0.002125 0.048179 0.041294 0.000010 0.135736 0.664111 0.077377 0.000010 0.007197
0.000010 0.000010 0.002289 0.000010 0.029548 0.041897 0.924330 0.000010 0.001886 0.000010
0.039534 0.020306 0.023874 0.041999 0.000010 0.171764 0.568034 0.096100 0.009261 0.029117
0.000010 0.000010 0.000010 0.000010 0.040144 0.000010 0.951216 0.000010 0.008570 0.000010
0.000010 0.000010 0.016397 0.010323 0.000010 0.042506 0.904993 0.017109 0.008631 0.000010
0.031665 0.020262 0.125198 0.059837 0.000010 0.076531 0.502572 0.119144 0.000010 0.064771
0.050070 0.021667 0.057750 0.063085 0.015370 0.158037 0.437703 0.093185 0.041133 0.061999
0.000010 0.000010 0.000010 0.000010 0.053444 0.865047 0.000010 0.000010 0.081439 0.000010
0.000010 0.004577 0.000010 0.000010 0.011731 0.966506 0.000010 0.000010 0.017126 0.000010
0.008344 0.000010 0.006237 0.034796 0.004131 0.261943 0.648707 0.035812 0.000010 0.000010
0.000010 0.000010 0.000010 0.018023 0.000010 0.270686 0.643098 0.018933 0.000010 0.049209
0.006178 0.010979 0.010885 0.015019 0.004533 0.257685 0.643241 0.044670 0.000010 0.006799
0.000010 0.010308 0.012666 0.007219 0.127810 0.008913 0.833044 0.000010 0.000010 0.000010
0.000509 0.000010 0.041572 0.000010 0.000057 0.071168 0.850213 0.036442 0.000010 0.000010
0.075491 0.043371 0.148335 0.086213 0.000010 0.047104 0.416379 0.137463 0.000010 0.045624
0.000010 0.000010 0.000010 0.000010 0.026739 0.945499 0.000010 0.000010 0.027692 0.000010
0.000010 0.000831 0.011824 0.000010 0.016599 0.949848 0.000010 0.000010 0.020849 0.000010
0.000010 0.000010 0.000010 0.000010 0.090421 0.790271 0.000010 0.000010 0.119238 0.000010
0.003002 0.009645 0.003096 0.000010 0.000010 0.291457 0.649079 0.022024 0.000010 0.021666
0.010579 0.015345 0.041320 0.014305 0.034863 0.000086 0.806639 0.053165 0.000010 0.023688
0.009348 0.019809 0.016545 0.023487 0.000010 0.043714 0.823386 0.063682 0.000010 0.000010
0.073342 0.018622 0.129966 0.064943 0.000010 0.086579 0.404767 0.155785 0.000010 0.065975
0.041579 0.000010 0.108106 0.075221 0.014418 0.185700 0.398109 0.108701 0.020092 0.048063
0.000010 0.000010 0.000010 0.000010 0.028159 0.948115 0.000010 0.000010 0.023656 0.000010
0.000010 0.000010 0.000010 0.001613 0.000570 0.973964 0.000010 0.000010 0.023793 0.000010
0.018475 0.012789 0.003279 0.009966 0.000010 0.269449 0.649173 0.036840 0.000010 0.000010
0.000010 0.000010 0.008152 0.007953 0.000010 0.288132 0.653018 0.035534 0.000010 0.007171
0.000010 0.011356 0.000010 0.009043 0.000010 0.297559 0.636527 0.034605 0.000010 0.010870
0.000010 0.000010 0.000010 0.000010 0.184004 0.000010 0.804194 0.000010 0.011732 0.000010
0.002796 0.002870 0.000010 0.000010 0.059078 0.000010 0.857435 0.056815 0.000045 0.020931
0.000010 0.000010 0.028874 0.000010 0.000010 0.064714 0.851023 0.053127 0.000010 0.002212
0.053523 0.032038 0.093077 0.096363 0.000010 0.087499 0.413988 0.181998 0.000010 0.041494
0.020261 0.000326 0.098820 0.084460 0.022691 0.174432 0.410425 0.104993 0.057144 0.026448
0.000010 0.000010 0.000010 0.000010 0.032154 0.929086 0.002031 0.000010 0.036669 0.000010
0.000010 0.000010 0.000010 0.000010 0.024698 0.919112 0.000010 0.000010 0.045063 0.011066
0.011016 0.027750 0.019602 0.002661 0.000010 0.257834 0.638511 0.032335 0.000010 0.010271
0.007123 0.028689 0.000010 0.009176 0.000010 0.265650 0.654866 0.000010 0.000010 0.034457
0.005596 0.017983 0.007384 0.019210 0.000010 0.293725 0.624748 0.007515 0.000010 0.023818
0.009899 0.031970 0.000010 0.000010 0.057083 0.000010 0.845585 0.030848 0.000010 0.024574
0.011025 0.000050 0.034492 0.028936 0.000010 0.056623 0.852351 0.016494 0.000010 0.000010
0.027672 0.037277 0.136739 0.076402 0.013170 0.164298 0.373271 0.079429 0.047403 0.044338
0.000010 0.000010 0.000010 0.000010 0.020441 0.954775 0.000010 0.000010 0.024715 0.000010
0.003361 0.000010 0.000010 0.000010 0.028883 0.933366 0.000010 0.000620 0.033721 0.000010
0.003600 0.027015 0.023246 0.000010 0.000010 0.303968 0.621533 0.020153 0.000010 0.000456
0.017367 0.006409 0.000010 0.000010 0.049015 0.000010 0.822810 0.078042 0.000010 0.026318
0.013001 0.000010 0.040414 0.015192 0.001431 0.059671 0.862318 0.007942 0.000010 0.000010
0.026443 0.045335 0.089125 0.080668 0.024481 0.141050 0.415016 0.085984 0.024546 0.067352
0.000010 0.000010 0.000010 0.000010 0.011573 0.952093 0.000010 0.000010 0.036264 0.000010
0.000010 0.000010 0.000010 0.000010 0.045460 0.906917 0.000010 0.000010 0.047553 0.000010
0.013329 0.009572 0.000010 0.001295 0.000010 0.274838 0.657598 0.009765 0.000010 0.033572
0.002937 0.000010 0.015133 0.029131 0.000010 0.306877 0.636181 0.009486 0.000010 0.000226
0.000010 0.000010 0.000010 0.000010 0.193937 0.000010 0.783832 0.000010 0.022161 0.000010
0.000010 0.000010 0.000010 0.000010 0.201491 0.000010 0.787585 0.000010 0.010854 0.000010
0.023203 0.000010 0.011230 0.043366 0.004152 0.247068 0.508290 0.089476 0.037107 0.036097
0.049540 0.000010 0.032028 0.029966 0.003955 0.349675 0.439484 0.049146 0.015715 0.030481
0.000010 0.034073 0.002548 0.000010 0.257166 0.282296 0.087614 0.037334 0.278127 0.020821
0.011422 0.000010 0.006872 0.015433 0.051749 0.000010 0.848883 0.034974 0.001525 0.029123
0.000010 0.017132 0.009535 0.001196 0.000010 0.068266 0.874749 0.005942 0.002501 0.020659
0.057327 0.012337 0.167831 0.111258 0.000010 0.050110 0.436192 0.131777 0.000010 0.033148
0.000010 0.000010 0.000010 0.000010 0.048738 0.934519 0.000010 0.005363 0.011320 0.000010
0.000010 0.000010 0.000010 0.000010 0.059156 0.880575 0.000010 0.000010 0.060199 0.000010
0.000010 0.018133 0.000010 0.000010 0.000010 0.281574 0.624081 0.052639 0.000010 0.023523
0.011014 0.000010 0.000010 0.021553 0.000010 0.286609 0.633865 0.046909 0.000010 0.000010
0.000010 0.000010 0.000010 0.000010 0.200793 0.000010 0.774104 0.000010 0.025034 0.000010
0.000012 0.006249 0.003793 0.024226 0.504687 0.112873 0.000010 0.000010 0.347175 0.000965
0.000010 0.014316 0.016295 0.009335 0.000010 0.038037 0.906382 0.014565 0.000010 0.001040
0.000010 0.000010 0.000010 0.000010 0.142283 0.000010 0.823846 0.000010 0.016954 0.016857
0.013046 0.010604 0.020978 0.000010 0.000010 0.270919 0.626412 0.036928 0.000010 0.021084
0.000010 0.000010 0.000010 0.000010 0.027318 0.958770 0.000010 0.000010 0.013843 0.000010
0.002819 0.002382 0.000010 0.032968 0.000010 0.294286 0.638968 0.014669 0.000010 0.013879
0.015135 0.015294 0.114817 0.084214 0.012452 0.167091 0.431382 0.074138 0.027482 0.057995
0.044030 0.050281 0.143072 0.104039 0.000010 0.058098 0.457332 0.086700 0.000010 0.056428
0.000010 0.000101 0.023461 0.044248 0.057078 0.000010 0.764791 0.076157 0.003181 0.030963
0.000010 0.000010 0.000010 0.000010 0.136514 0.684096 0.000010 0.000010 0.179320 0.000010
0.000010 0.044323 0.036757 0.011142 0.000010 0.111805 0.719394 0.063623 0.000010 0.012926
0.064489 0.000010 0.000010 0.000010 0.710819 0.006138 0.021646 0.009725 0.187143 0.000010
0.033838 0.018529 0.000010 0.012447 0.743252 0.013712 0.008617 0.000010 0.169575 0.000010
0.033774 0.022611 0.011887 0.000012 0.770570 0.000010 0.029408 0.006662 0.122252 0.002814
0.057329 0.004049 0.002649 0.000010 0.790273 0.000010 0.014798 0.020968 0.109905 0.000010
0.143580 0.013367 0.132826 0.072007 0.000010 0.023035 0.269274 0.311266 0.000010 0.034626
0.126384 0.000010 0.161702 0.084049 0.000010 0.062714 0.259984 0.239874 0.000010 0.065263
0.135306 0.005006 0.125186 0.069742 0.000010 0.044298 0.256381 0.310080 0.000010 0.053981
0.154448 0.004566 0.111779 0.049757 0.000010 0.044262 0.268705 0.300387 0.000010 0.066076
0.022126 0.006514 0.025012 0.002665 0.688203 0.024439 0.052733 0.003300 0.174997 0.000010
0.002204 0.000010 0.000010 0.000010 0.647637 0.058590 0.000010 0.000010 0.291509 0.000010
0.021269 0.000010 0.000010 0.000010 0.676655 0.048242 0.000010 0.000010 0.253773 0.000010
0.004345 0.000010 0.007364 0.021874 0.655029 0.040335 0.000010 0.000010 0.271012 0.000010
0.007839 0.000010 0.000010 0.000010 0.660755 0.058675 0.000010 0.000010 0.272671 0.000010
0.014211 0.000010 0.000010 0.018032 0.658165 0.039481 0.000010 0.003918 0.266153 0.000010
0.022748 0.000010 0.000010 0.010160 0.743526 0.010600 0.023056 0.015072 0.174808 0.000010
0.026368 0.000010 0.000010 0.000010 0.631180 0.051048 0.000010 0.000010 0.291345 0.000010
0.064920 0.018522 0.067152 0.002285 0.466856 0.072191 0.029913 0.109578 0.168574 0.000010
0.084309 0.000010 0.003827 0.000010 0.760541 0.000010 0.143906 0.000010 0.000010 0.007367
0.056539 0.000010 0.000010 0.000010 0.784249 0.001738 0.013709 0.039760 0.103966 0.000010
0.065633 0.016423 0.002253 0.000010 0.800692 0.000010 0.021654 0.008814 0.084501 0.000010
0.054989 0.000010 0.000176 0.000010 0.808398 0.000010 0.021756 0.021533 0.082983 0.010136
0.040878 0.036978 0.004494 0.000010 0.792120 0.000010 0.025091 0.012150 0.087601 0.000668
0.055662 0.000010 0.000010 0.000010 0.814508 0.000010 0.039680 0.018126 0.053923 0.018061
0.032120 0.012209 0.022707 0.000010 0.737074 0.006343 0.012657 0.001071 0.175798 0.000010
0.048669 0.007006 0.005802 0.000010 0.803759 0.000010 0.034589 0.003137 0.077967 0.019051
0.066263 0.001248 0.019573 0.000010 0.778846 0.000010 0.005874 0.023579 0.100856 0.003742
0.071154 0.000010 0.050862 0.000010 0.784630 0.000010 0.000010 0.000010 0.088492 0.004812
0.047934 0.000010 0.000010 0.000010 0.767716 0.000010 0.042649 0.014788 0.108436 0.018437
0.017081 0.000010 0.000010 0.000010 0.771547 0.022214 0.000010 0.005607 0.154203 0.029307
0.004064 0.015517 0.000010 0.000010 0.729621 0.017712 0.018391 0.003121 0.194322 0.017231
0.024109 0.019793 0.000010 0.002307 0.803707 0.000010 0.000010 0.027414 0.122630 0.000010
0.029634 0.002802 0.000010 0.000010 0.762645 0.000010 0.042497 0.000010 0.155099 0.007283
0.014158 0.000010 0.025521 0.000010 0.760766 0.017607 0.022429 0.000010 0.139951 0.019538
0.011772 0.015090 0.000010 0.027148 0.804719 0.005176 0.003218 0.002998 0.124059 0.005810
0.005214 0.008072 0.000010 0.021798 0.785689 0.019944 0.010130 0.010213 0.138919 0.000010
0.026682 0.000010 0.000010 0.006561 0.788958 0.022536 0.000010 0.000010 0.141707 0.013516
0.017162 0.016283 0.000010 0.017467 0.775105 0.021042 0.001775 0.000010 0.151136 0.000010
0.038734 0.005355 0.000010 0.000010 0.727495 0.000010 0.005271 0.022246 0.192342 0.008527
0.035363 0.000010 0.000010 0.000010 0.725470 0.004286 0.017608 0.024075 0.187817 0.005350
0.068305 0.000010 0.000010 0.003817 0.756646 0.000010 0.038388 0.000010 0.127248 0.005556
0.044923 0.000010 0.000010 0.006436 0.823864 0.000010 0.039240 0.000010 0.078791 0.006706
0.050604 0.000010 0.000010 0.024465 0.821110 0.000010 0.021089 0.000010 0.078877 0.003814
0.038822 0.022074 0.000010 0.000012 0.876516 0.000010 0.000820 0.000010 0.051801 0.009924
0.045413 0.001403 0.000010 0.000515 0.912715 0.000010 0.000010 0.000010 0.016421 0.023492
0.021904 0.000010 0.000010 0.013024 0.921900 0.000010 0.014796 0.000010 0.016994 0.011342
0.019099 0.000010 0.000010 0.021118 0.929415 0.000010 0.000010 0.000010 0.020409 0.009909
0.035507 0.000010 0.027838 0.000010 0.730192 0.000010 0.034072 0.014083 0.158268 0.000010
0.038771 0.014531 0.044312 0.000010 0.754417 0.000010 0.014513 0.000010 0.133415 0.000010
0.056230 0.004615 0.028161 0.000010 0.710502 0.000010 0.025407 0.000010 0.175045 0.000010
0.018641 0.000010 0.000010 0.010417 0.783549 0.009010 0.013079 0.011677 0.143279 0.010328
0.053857 0.000010 0.000010 0.000010 0.731048 0.005945 0.000010 0.019290 0.189810 0.000010
0.042386 0.000010 0.000204 0.000010 0.847284 0.000010 0.023120 0.030933 0.056033 0.000010
0.032798 0.000010 0.002838 0.032185 0.769204 0.000958 0.003014 0.000010 0.150436 0.008547
0.036759 0.000010 0.000010 0.000010 0.737879 0.034410 0.015500 0.000010 0.175402 0.000010
0.027113 0.006087 0.000010 0.000557 0.760184 0.000010 0.022914 0.024918 0.158197 0.000010
0.010533 0.007410 0.000012 0.009449 0.825949 0.000010 0.018604 0.019603 0.102864 0.005565
0.024797 0.012246 0.000010 0.000010 0.809267 0.000010 0.004669 0.000010 0.139246 0.009735
0.003547 0.002995 0.000010 0.014869 0.779168 0.001435 0.052533 0.005312 0.131531 0.008601
0.030003 0.000010 0.000010 0.007671 0.726467 0.022705 0.000010 0.000010 0.187558 0.025556
0.050550 0.000020 0.013114 0.000010 0.773387 0.000010 0.033154 0.007164 0.112053 0.010537
0.046907 0.000010 0.019300 0.000010 0.730595 0.000010 0.003983 0.029395 0.169780 0.000010
0.031146 0.000010 0.025783 0.003569 0.681853 0.000010 0.031884 0.013843 0.208422 0.003480
0.047615 0.012742 0.006460 0.000010 0.792960 0.000010 0.000010 0.027705 0.112478 0.000010
0.075422 0.005830 0.024646 0.000010 0.802108 0.000010 0.000010 0.000010 0.080883 0.011071
0.027104 0.002232 0.037990 0.000010 0.707782 0.004090 0.012766 0.000010 0.203604 0.004413
0.050868 0.003917 0.000010 0.000010 0.811164 0.000010 0.050305 0.008824 0.074881 0.000010
0.029776 0.000010 0.001870 0.000010 0.748903 0.000010 0.034829 0.000010 0.161822 0.022760
0.034776 0.011110 0.000010 0.009974 0.742050 0.006880 0.000010 0.027811 0.167369 0.000010
0.037507 0.000010 0.017074 0.000010 0.858971 0.000010 0.004780 0.023270 0.058358 0.000010
0.070783 0.000010 0.009184 0.000010 0.781985 0.000010 0.027751 0.029505 0.080752 0.000010
0.055130 0.015150 0.000010 0.000015 0.798703 0.000010 0.040028 0.000010 0.084172 0.006773
0.045829 0.015618 0.000010 0.003186 0.796941 0.000010 0.024486 0.004329 0.098458 0.011132
0.052576 0.016996 0.000010 0.010113 0.772952 0.000010 0.018851 0.009936 0.118546 0.000010
0.115478 0.047380 0.094013 0.002871 0.420295 0.001478 0.093182 0.149673 0.075620 0.000010
0.023487 0.000010 0.001512 0.032100 0.668351 0.020940 0.000010 0.012617 0.240963 0.000010
0.028068 0.005394 0.000010 0.000010 0.685845 0.026922 0.000010 0.010986 0.242745 0.000010
0.018467 0.001725 0.000010 0.000010 0.667957 0.034623 0.000010 0.023230 0.250481 0.003487
0.014429 0.000010 0.004709 0.006764 0.687540 0.046658 0.000010 0.000010 0.239116 0.000754
0.029082 0.000010 0.000010 0.025692 0.684010 0.030662 0.000010 0.010746 0.219768 0.000010
0.014291 0.016511 0.000010 0.000334 0.678023 0.031474 0.000010 0.002778 0.253149 0.003420
0.011006 0.000010 0.000010 0.007048 0.678990 0.047346 0.006106 0.000010 0.249464 0.000010
0.000010 0.000010 0.000010 0.005551 0.672990 0.039886 0.014426 0.000010 0.267097 0.000010
0.024172 0.010224 0.000010 0.003211 0.721887 0.023224 0.006239 0.009701 0.195389 0.005944
0.048788 0.000010 0.022936 0.000010 0.749383 0.000010 0.023642 0.009586 0.143834 0.001802
0.033678 0.000044 0.002039 0.014634 0.715369 0.030019 0.002971 0.008440 0.192796 0.000010
0.034667 0.006089 0.004834 0.001939 0.716069 0.029471 0.031987 0.000010 0.174924 0.000010
0.034093 0.019497 0.007241 0.000010 0.710312 0.023030 0.018378 0.002433 0.184841 0.000165
0.037053 0.000010 0.000010 0.011295 0.726099 0.017988 0.005335 0.004666 0.181080 0.016463
0.011171 0.000010 0.000010 0.000010 0.692362 0.046894 0.004710 0.000010 0.243715 0.001108
0.029835 0.011868 0.000010 0.008286 0.720823 0.001763 0.000010 0.037113 0.188104 0.002188
0.025402 0.000010 0.004310 0.000010 0.699666 0.018438 0.048831 0.000010 0.203313 0.000010
0.072555 0.001870 0.003571 0.007720 0.764667 0.000010 0.024525 0.028731 0.096341 0.000010
0.039657 0.012996 0.000010 0.008220 0.746857 0.007680 0.009800 0.021187 0.153583 0.000010
0.049169 0.000010 0.000010 0.011772 0.699418 0.008082 0.012920 0.022279 0.196330 0.000010
0.014012 0.010019 0.004466 0.000875 0.715912 0.006830 0.007773 0.000698 0.210938 0.028476
0.056737 0.000789 0.011491 0.000010 0.759462 0.000010 0.009991 0.032039 0.129461 0.000010
0.179711 0.009458 0.159146 0.000010 0.017870 0.053864 0.156773 0.354483 0.000010 0.068675
0.206825 0.053958 0.230348 0.040027 0.076955 0.010718 0.083432 0.284488 0.005109 0.008140
0.189523 0.017162 0.227141 0.000010 0.083437 0.000010 0.182211 0.269056 0.000010 0.031440
0.062770 0.011150 0.051566 0.000010 0.522883 0.031572 0.026426 0.069983 0.197573 0.026068
0.184311 0.006404 0.140708 0.007640 0.015391 0.024322 0.158593 0.410714 0.000010 0.051907
0.200563 0.000010 0.153134 0.003778 0.000010 0.036300 0.171745 0.380956 0.000010 0.053494
0.156466 0.056000 0.065992 0.007207 0.340077 0.023173 0.085818 0.181908 0.051796 0.031564
0.128027 0.049235 0.068959 0.034896 0.300778 0.028132 0.094217 0.189528 0.076936 0.029293
0.158492 0.029752 0.254514 0.025615 0.151425 0.011327 0.085186 0.216810 0.040191 0.026688
0.016225 0.009803 0.052906 0.035799 0.000010 0.001462 0.006275 0.042201 0.000010 0.835309
0.232167 0.000010 0.138182 0.000010 0.000010 0.026752 0.136208 0.393477 0.000010 0.073173
0.186952 0.001625 0.174668 0.059554 0.003332 0.000140 0.170131 0.361936 0.000010 0.041651
0.180376 0.034142 0.061255 0.008993 0.315823 0.020754 0.128916 0.176739 0.056293 0.016710
0.221488 0.067422 0.227301 0.003352 0.076664 0.000010 0.132751 0.254355 0.000010 0.016647
0.247220 0.013789 0.085634 0.000010 0.265030 0.000010 0.125354 0.251850 0.000010 0.011093
0.178579 0.011705 0.157086 0.018399 0.000010 0.017377 0.195730 0.361868 0.000010 0.059237
0.131916 0.029001 0.106384 0.000010 0.311647 0.012810 0.086171 0.202190 0.088354 0.031517
0.162648 0.029234 0.066664 0.023579 0.308797 0.023529 0.087508 0.209282 0.078043 0.010716
