0.170400 0.419635 0.000010 0.045572 0.023697 0.000010 0.340676
0.083763 0.551910 0.024552 0.004798 0.016421 0.005088 0.313468
0.128009 0.422529 0.000010 0.014341 0.028200 0.020797 0.386115
0.091702 0.519876 0.029848 0.000010 0.000010 0.027378 0.331176
0.150355 0.425863 0.000010 0.053778 0.000010 0.003829 0.366154
0.113563 0.459370 0.018305 0.007899 0.040439 0.008729 0.351695
0.121497 0.491674 0.023427 0.004988 0.011930 0.036912 0.309572
0.000010 0.818719 0.081789 0.000010 0.000010 0.000010 0.099453
0.000010 0.817771 0.061160 0.000010 0.005474 0.000010 0.115565
0.000010 0.883380 0.000010 0.000010 0.000010 0.000010 0.116570
0.000010 0.741928 0.068468 0.042061 0.002253 0.006231 0.139048
0.000010 0.748140 0.087544 0.010110 0.000010 0.011828 0.142358
0.769440 0.000010 0.022479 0.033357 0.000010 0.093915 0.080789
0.585675 0.000010 0.055534 0.065166 0.021885 0.107481 0.164249
0.898403 0.010815 0.000010 0.000010 0.007614 0.023545 0.059604
0.594809 0.005747 0.012965 0.078184 0.050976 0.086650 0.170669
0.109976 0.424087 0.009405 0.042220 0.018701 0.022130 0.373482
0.137212 0.452398 0.000010 0.052372 0.011542 0.000010 0.346457
0.000010 0.840787 0.030723 0.000010 0.000010 0.000010 0.128450
0.000010 0.793664 0.119518 0.000010 0.000010 0.000010 0.086778
0.000010 0.806901 0.068380 0.000010 0.000010 0.000010 0.124679
0.000012 0.904472 0.000010 0.000010 0.000010 0.000010 0.095476
0.002641 0.750221 0.084562 0.037837 0.008185 0.013244 0.103310
0.000010 0.750115 0.078689 0.000010 0.003956 0.033608 0.133612
0.855156 0.000010 0.001977 0.004337 0.011403 0.070640 0.056477
0.802312 0.000368 0.005574 0.008965 0.020135 0.040397 0.122250
0.916122 0.020819 0.000010 0.033041 0.000010 0.000010 0.029988
0.571596 0.000010 0.046182 0.069535 0.013846 0.143137 0.155694
0.094107 0.433797 0.013815 0.033695 0.017923 0.020499 0.386163
0.120405 0.427414 0.025171 0.014663 0.018698 0.049329 0.344320
0.000010 0.800877 0.028269 0.001014 0.000010 0.000010 0.169810
0.000010 0.799802 0.136803 0.000010 0.000010 0.000010 0.063355
0.000010 0.890267 0.000010 0.000010 0.000010 0.000010 0.109683
0.000010 0.890327 0.000010 0.000010 0.000010 0.000010 0.109623
0.000010 0.755533 0.071521 0.029513 0.021115 0.010139 0.112170
0.000010 0.751825 0.071197 0.008936 0.024419 0.029292 0.114320
0.737542 0.000010 0.020515 0.000010 0.032841 0.092613 0.116471
0.844291 0.017841 0.008447 0.027540 0.000930 0.019551 0.081399
0.790125 0.000010 0.000010 0.003199 0.000010 0.090574 0.116072
0.588875 0.001656 0.028745 0.052501 0.047981 0.099589 0.180652
0.128878 0.468532 0.000010 0.003936 0.047763 0.028133 0.322749
0.099499 0.429680 0.016329 0.040172 0.000010 0.053613 0.360696
0.000010 0.818294 0.070208 0.000010 0.000010 0.000010 0.111458
0.000010 0.839414 0.053877 0.000010 0.000010 0.000010 0.106670
0.000010 0.900615 0.000010 0.000010 0.000010 0.000010 0.099335
0.000010 0.884569 0.000010 0.000010 0.000010 0.000010 0.115381
0.000010 0.903002 0.000010 0.000010 0.000010 0.000010 0.096948
0.000010 0.732611 0.081822 0.032941 0.000010 0.010525 0.142081
0.000010 0.749729 0.058683 0.040869 0.027398 0.000010 0.123300
0.713358 0.000010 0.017716 0.000010 0.031670 0.090235 0.147001
0.928431 0.022273 0.002691 0.000010 0.022995 0.000010 0.023591
0.853681 0.000010 0.000010 0.010978 0.024763 0.026899 0.083659
0.647907 0.012733 0.035900 0.061912 0.030178 0.065625 0.145745
0.814334 0.000010 0.000660 0.004048 0.029032 0.063023 0.088893
0.468247 0.000010 0.064816 0.194917 0.076620 0.148315 0.047075
0.816391 0.004187 0.015880 0.026561 0.033198 0.059664 0.044119
0.385051 0.000010 0.015151 0.010943 0.000010 0.077617 0.511217
0.534333 0.017669 0.014321 0.047561 0.015065 0.082165 0.288887
0.346792 0.000010 0.002031 0.000010 0.006676 0.011301 0.633180
0.484264 0.017083 0.026681 0.024789 0.021455 0.075822 0.349907
0.192332 0.387952 0.024870 0.052857 0.013116 0.000010 0.328862
0.734955 0.000010 0.052946 0.044102 0.025991 0.059083 0.082912
0.715317 0.000010 0.008647 0.057382 0.000306 0.123716 0.094622
0.393318 0.035968 0.018307 0.003985 0.019535 0.061530 0.467358
0.209264 0.094764 0.022910 0.058320 0.011621 0.002808 0.600312
0.430613 0.012256 0.012622 0.088840 0.002846 0.025412 0.427410
0.445180 0.036671 0.000010 0.056761 0.013791 0.078538 0.369050
0.150044 0.425949 0.031645 0.047545 0.003172 0.032919 0.308726
0.129367 0.432698 0.003762 0.052326 0.000010 0.029691 0.352146
0.739862 0.000010 0.041740 0.032466 0.010158 0.070811 0.104954
0.499596 0.000010 0.062736 0.164561 0.052701 0.138366 0.082030
0.798046 0.000010 0.011768 0.009505 0.045518 0.062783 0.072370
0.382100 0.016079 0.032513 0.028644 0.020093 0.046698 0.473874
0.472389 0.021536 0.026168 0.042291 0.028512 0.106759 0.302345
0.492857 0.000010 0.016815 0.042135 0.005263 0.071519 0.371401
0.422442 0.049066 0.025071 0.012226 0.045980 0.077748 0.367466
0.181178 0.381484 0.000010 0.040181 0.036846 0.054087 0.306214
0.123489 0.382009 0.013647 0.066582 0.000010 0.038369 0.375894
0.127217 0.427172 0.036564 0.009515 0.038311 0.030307 0.330914
0.000010 0.812356 0.051963 0.004998 0.007754 0.000010 0.122910
0.000010 0.899649 0.000010 0.000010 0.000010 0.000010 0.100301
0.000010 0.883148 0.000010 0.000010 0.000010 0.000010 0.116802
0.000010 0.903487 0.000010 0.000010 0.000010 0.000010 0.096463
0.008598 0.728219 0.136563 0.044052 0.000010 0.000681 0.081877
0.000010 0.752905 0.085057 0.031543 0.024668 0.002623 0.103194
0.732644 0.000010 0.010302 0.043850 0.003277 0.089716 0.120202
0.925129 0.011546 0.009378 0.000010 0.002673 0.000010 0.051253
0.744665 0.000010 0.003402 0.021611 0.043679 0.050836 0.135797
0.569569 0.020922 0.038267 0.012958 0.075542 0.122187 0.160556
0.099871 0.424524 0.018110 0.016782 0.004098 0.055043 0.381572
0.053027 0.637014 0.010902 0.029431 0.000010 0.007017 0.262599
0.000010 0.812244 0.075590 0.000010 0.000010 0.000010 0.112126
0.000010 0.819238 0.059357 0.000010 0.000010 0.000010 0.121365
0.000010 0.891005 0.000010 0.000010 0.000010 0.000010 0.108945
0.000010 0.907019 0.000010 0.000010 0.000010 0.000010 0.092931
0.000010 0.741918 0.078840 0.005939 0.013321 0.018021 0.141951
0.003023 0.749606 0.061550 0.037290 0.007568 0.027156 0.113807
0.718355 0.000010 0.029059 0.000010 0.030517 0.090613 0.131436
0.853885 0.000010 0.000010 0.002261 0.035930 0.047036 0.060868
0.606363 0.008775 0.013306 0.092357 0.018467 0.095633 0.165100
0.775471 0.000010 0.025641 0.039510 0.012048 0.067649 0.079671
0.229125 0.000010 0.091278 0.299385 0.092236 0.205774 0.082192
0.836512 0.010511 0.011850 0.041935 0.020254 0.047502 0.031437
0.322939 0.000010 0.000010 0.000010 0.000010 0.050390 0.626632
0.381757 0.000010 0.032021 0.034278 0.024767 0.027598 0.499570
0.456479 0.003539 0.013291 0.063891 0.000010 0.076261 0.386528
0.129180 0.440661 0.022156 0.045394 0.012035 0.064593 0.285982
0.144351 0.425258 0.000010 0.014161 0.030423 0.031902 0.353894
0.000012 0.818205 0.075905 0.000010 0.000010 0.000010 0.105848
0.000010 0.803033 0.084774 0.000010 0.000010 0.000010 0.112153
0.000010 0.905487 0.000010 0.000014 0.000010 0.000010 0.094459
0.000010 0.889921 0.000010 0.001000 0.002565 0.011262 0.095231
0.000010 0.733733 0.088820 0.029046 0.000010 0.012410 0.135971
0.695384 0.000010 0.010187 0.036242 0.007539 0.097168 0.153470
0.882342 0.003164 0.000010 0.000010 0.012102 0.025806 0.076566
0.912166 0.018270 0.000010 0.007760 0.000376 0.000010 0.061408
0.579182 0.000010 0.053798 0.063286 0.021974 0.101355 0.180395
0.777882 0.005061 0.025885 0.042652 0.013057 0.048571 0.086892
0.421632 0.000010 0.094262 0.172121 0.077082 0.170232 0.064661
0.796275 0.004055 0.027050 0.018540 0.008533 0.082699 0.062847
0.407782 0.001316 0.016684 0.000010 0.023059 0.038711 0.512437
0.320616 0.000010 0.050695 0.000010 0.000010 0.025929 0.602731
0.464999 0.003368 0.009958 0.021438 0.022806 0.085810 0.391621
0.164573 0.324775 0.025292 0.028249 0.031755 0.006598 0.418757
0.104394 0.457509 0.044151 0.014635 0.021268 0.000010 0.358033
0.000010 0.836133 0.089572 0.000010 0.000010 0.000010 0.074254
0.000010 0.832766 0.034108 0.000010 0.000010 0.000010 0.133086
0.000010 0.905171 0.000010 0.000010 0.000010 0.000010 0.094779
0.000010 0.898359 0.000010 0.000010 0.000010 0.000010 0.101591
0.010756 0.753710 0.095441 0.035980 0.000010 0.001775 0.102328
0.000010 0.730699 0.061683 0.027943 0.008859 0.031148 0.139657
0.661413 0.000010 0.049112 0.009103 0.024193 0.122951 0.133219
0.907740 0.013405 0.000010 0.000010 0.000010 0.021383 0.057442
0.924740 0.010121 0.000017 0.000010 0.001713 0.020594 0.042805
0.560594 0.002626 0.050162 0.063034 0.030473 0.113337 0.179774
0.726877 0.000010 0.016645 0.070055 0.017102 0.043719 0.125592
0.433980 0.000010 0.068960 0.169282 0.069286 0.176890 0.081592
0.790382 0.000010 0.035721 0.002514 0.033307 0.065352 0.072715
0.202889 0.000010 0.000010 0.000010 0.000010 0.011663 0.785408
0.441697 0.032714 0.000010 0.079361 0.006869 0.078820 0.360529
0.459012 0.092393 0.008866 0.010017 0.030852 0.081319 0.317540
0.139080 0.486397 0.033927 0.010588 0.018294 0.047211 0.264504
0.127598 0.463447 0.022317 0.019442 0.030291 0.000010 0.336896
0.000010 0.822434 0.050002 0.000010 0.000010 0.000010 0.127524
0.000010 0.835930 0.039182 0.000010 0.000010 0.000010 0.124848
0.000010 0.899702 0.000010 0.000010 0.000010 0.000010 0.100248
0.000010 0.896969 0.000010 0.000010 0.005348 0.000010 0.097643
0.000010 0.894842 0.000010 0.000010 0.000010 0.000010 0.105108
0.000010 0.730025 0.084962 0.034278 0.014839 0.022700 0.113185
0.000010 0.773754 0.065127 0.026650 0.004741 0.000010 0.129708
0.677881 0.000010 0.028811 0.045562 0.011707 0.073611 0.162418
0.790957 0.020879 0.003136 0.048007 0.000306 0.058843 0.077871
0.938784 0.020080 0.001680 0.000010 0.000841 0.000010 0.038595
0.540075 0.006012 0.039868 0.072031 0.011124 0.114837 0.216054
0.694206 0.000010 0.020028 0.052262 0.038819 0.083082 0.111592
0.789861 0.002515 0.046984 0.044486 0.009243 0.035618 0.071291
0.413420 0.000010 0.017961 0.052242 0.040580 0.040669 0.435117
0.359884 0.010765 0.027874 0.028056 0.031040 0.038684 0.503696
0.491275 0.030356 0.011474 0.045791 0.009516 0.082157 0.329431
0.302044 0.000010 0.002003 0.009352 0.022059 0.019335 0.645197
0.947079 0.052871 0.000010 0.000010 0.000010 0.000010 0.000010
0.114058 0.419769 0.035884 0.003467 0.000010 0.053977 0.372835
0.000010 0.826847 0.079418 0.000010 0.000010 0.000010 0.093694
0.000010 0.856695 0.000010 0.000010 0.000010 0.016850 0.126415
0.000010 0.892385 0.000010 0.000010 0.000010 0.000010 0.107565
0.000010 0.729985 0.113509 0.044142 0.013296 0.000010 0.099048
0.000010 0.759512 0.078839 0.027010 0.010194 0.004214 0.120219
0.804503 0.000010 0.007426 0.063744 0.013210 0.004768 0.106339
0.834485 0.000010 0.000010 0.004467 0.010867 0.043889 0.106272
0.809429 0.000010 0.000010 0.000010 0.025566 0.070282 0.094692
0.781193 0.000010 0.053496 0.014884 0.013552 0.054253 0.082614
0.458168 0.000010 0.064549 0.210523 0.032702 0.174030 0.060018
0.791194 0.000010 0.020514 0.028829 0.025787 0.068334 0.065333
0.237985 0.000010 0.016745 0.000010 0.000010 0.047822 0.697417
0.402106 0.006902 0.012274 0.032259 0.000010 0.044620 0.501829
0.218527 0.078103 0.000010 0.020166 0.049110 0.046167 0.587917
0.417135 0.000010 0.000010 0.029652 0.000448 0.030481 0.522264
0.097209 0.504491 0.000253 0.023506 0.034611 0.033387 0.306544
0.956890 0.043060 0.000010 0.000010 0.000010 0.000010 0.000010
0.000010 0.822675 0.060395 0.000010 0.000010 0.000010 0.116890
0.000010 0.898328 0.000010 0.000010 0.000010 0.005581 0.096050
0.000010 0.803933 0.077464 0.000010 0.000010 0.000010 0.118563
0.000010 0.815167 0.075152 0.000010 0.000010 0.000010 0.109642
0.809190 0.006172 0.002115 0.044690 0.006115 0.087952 0.043767
0.362441 0.000010 0.001179 0.051985 0.027780 0.054815 0.501791
0.450217 0.000010 0.089337 0.215868 0.033479 0.148551 0.062538
0.813195 0.000010 0.013168 0.000010 0.026711 0.090234 0.056673
0.344180 0.012095 0.000010 0.024518 0.000010 0.044706 0.574481
0.486207 0.008376 0.010846 0.045316 0.052902 0.061335 0.335018
0.328483 0.189141 0.023190 0.017990 0.017327 0.069756 0.354113
0.148481 0.440689 0.041908 0.041192 0.000010 0.037804 0.289916
0.953996 0.045954 0.000010 0.000010 0.000010 0.000010 0.000010
0.000010 0.883994 0.000010 0.000010 0.000010 0.000010 0.115956
0.000010 0.718895 0.089773 0.058409 0.000010 0.011658 0.121244
0.000010 0.754094 0.082441 0.011916 0.000010 0.031573 0.119956
0.000010 0.739581 0.083514 0.034934 0.000010 0.000010 0.141942
0.888431 0.016014 0.000010 0.000010 0.000010 0.031810 0.063715
0.829295 0.000010 0.002122 0.000010 0.008904 0.064178 0.095480
0.713780 0.000010 0.042510 0.050487 0.021942 0.080655 0.090616
0.794619 0.002556 0.045296 0.022447 0.019636 0.069163 0.046283
0.451262 0.000010 0.088436 0.218558 0.039311 0.131027 0.071396
0.185141 0.000010 0.005442 0.011229 0.000010 0.025039 0.773129
0.387580 0.024224 0.007975 0.051214 0.012196 0.048657 0.468153
0.470188 0.037922 0.020025 0.059432 0.032481 0.060345 0.319607
0.472452 0.008061 0.014633 0.055715 0.000010 0.048060 0.401068
0.474035 0.010475 0.045078 0.048769 0.020191 0.078347 0.323106
0.951320 0.048630 0.000010 0.000010 0.000010 0.000010 0.000010
0.498227 0.000010 0.065989 0.158344 0.037188 0.148437 0.091805
0.780788 0.001392 0.008220 0.028093 0.033178 0.078589 0.069739
0.331020 0.004754 0.009532 0.014349 0.013991 0.048633 0.577721
0.383389 0.016377 0.008989 0.014999 0.020501 0.071735 0.484009
0.201598 0.089721 0.020297 0.084000 0.017422 0.000010 0.586951
0.433556 0.000010 0.020662 0.036817 0.029161 0.066280 0.413514
0.151186 0.474363 0.009926 0.048337 0.026275 0.009649 0.280264
0.966260 0.033690 0.000010 0.000010 0.000010 0.000010 0.000010
0.960471 0.039479 0.000010 0.000010 0.000010 0.000010 0.000010
0.823367 0.042074 0.014940 0.034089 0.031235 0.054284 0.000010
0.880713 0.000010 0.008155 0.035367 0.019461 0.005572 0.050722
0.414394 0.048590 0.029458 0.116086 0.055794 0.160999 0.174678
0.000010 0.047580 0.007161 0.000010 0.000010 0.000010 0.945219
0.010595 0.111732 0.000010 0.000010 0.000010 0.000010 0.877632
0.668520 0.000010 0.000010 0.010556 0.020637 0.006689 0.293578
0.670111 0.000010 0.000010 0.000010 0.002721 0.053388 0.273751
0.676270 0.000010 0.000010 0.013301 0.008430 0.034605 0.267373
0.852300 0.048323 0.019948 0.007245 0.016982 0.015760 0.039441
0.942876 0.046309 0.000010 0.000010 0.010775 0.000010 0.000010
0.854405 0.001030 0.004782 0.012530 0.016271 0.042756 0.068225
0.398778 0.059918 0.041118 0.180008 0.058728 0.107055 0.154395
0.000010 0.077438 0.000010 0.000010 0.000010 0.000010 0.922512
0.042064 0.000010 0.000010 0.000010 0.000010 0.000010 0.957886
0.642004 0.000010 0.022606 0.053397 0.000010 0.018281 0.263691
0.632788 0.000010 0.004520 0.008347 0.000010 0.069324 0.285002
0.793721 0.178208 0.028031 0.000010 0.000010 0.000010 0.000010
0.404567 0.001617 0.023427 0.019629 0.004075 0.024544 0.522142
0.953109 0.044260 0.002587 0.000010 0.000014 0.000010 0.000010
0.482681 0.000010 0.068656 0.165487 0.035515 0.146715 0.100937
0.345912 0.019276 0.039145 0.192437 0.099993 0.137022 0.166215
0.000010 0.110544 0.000010 0.000010 0.009615 0.000010 0.879801
0.000010 0.022905 0.000010 0.000010 0.000010 0.000010 0.977045
0.651226 0.000010 0.018096 0.025877 0.015399 0.007812 0.281581
0.658783 0.000010 0.005582 0.003749 0.023026 0.040189 0.268660
0.661511 0.000010 0.007107 0.000010 0.000010 0.043780 0.287572
0.858717 0.128466 0.009148 0.000010 0.000010 0.002337 0.001312
0.953168 0.046782 0.000010 0.000010 0.000010 0.000010 0.000010
0.810447 0.029677 0.030281 0.044151 0.007941 0.077493 0.000010
0.481528 0.000010 0.068551 0.153306 0.044920 0.157368 0.094317
0.396622 0.066627 0.060188 0.147852 0.056483 0.068210 0.204019
0.000010 0.267529 0.000010 0.000010 0.000010 0.000010 0.732421
0.000010 0.054433 0.000010 0.000010 0.004073 0.000160 0.941304
0.640754 0.000010 0.000010 0.008609 0.010487 0.045408 0.294722
0.628689 0.000010 0.013769 0.000010 0.026860 0.041849 0.288814
0.656548 0.000010 0.000010 0.023299 0.013379 0.028041 0.278713
0.771738 0.198800 0.029422 0.000010 0.000010 0.000010 0.000010
0.000010 0.741828 0.054558 0.030100 0.010969 0.013329 0.149207
0.009460 0.745564 0.073430 0.041983 0.025118 0.000010 0.104434
0.675418 0.000010 0.014029 0.059050 0.011323 0.091566 0.148605
0.933193 0.024187 0.000010 0.000010 0.000010 0.000010 0.042580
0.574118 0.001847 0.039081 0.053160 0.033893 0.108253 0.189648
0.959705 0.040245 0.000010 0.000010 0.000010 0.000010 0.000010
0.911947 0.005686 0.000010 0.009327 0.000010 0.022955 0.050065
0.514146 0.000010 0.050055 0.155329 0.069252 0.126440 0.084769
0.444003 0.051043 0.058089 0.092016 0.068458 0.114786 0.171606
0.000010 0.123793 0.000010 0.000010 0.000010 0.000010 0.876157
0.000010 0.033303 0.000010 0.000010 0.000010 0.000010 0.966647
0.659866 0.001331 0.005834 0.014282 0.002650 0.048822 0.267215
0.648564 0.000010 0.000010 0.000010 0.049901 0.027288 0.274218
0.654958 0.000871 0.008857 0.018728 0.009200 0.045906 0.261480
0.848788 0.102646 0.021876 0.019179 0.000010 0.000010 0.007491
0.865799 0.000010 0.000010 0.024663 0.003976 0.027980 0.077562
0.426018 0.000010 0.108501 0.207744 0.051624 0.152691 0.053412
0.000010 0.053187 0.000010 0.000010 0.000010 0.000010 0.946763
0.000010 0.038271 0.002113 0.003088 0.002342 0.000010 0.954166
0.000010 0.189631 0.000010 0.000010 0.000010 0.000010 0.810319
0.660449 0.000010 0.000010 0.004668 0.022785 0.015944 0.296134
0.821757 0.025738 0.021359 0.052722 0.025257 0.049850 0.003317
0.835506 0.000010 0.008182 0.036726 0.000010 0.068888 0.050678
0.414165 0.000010 0.089934 0.158993 0.072432 0.165083 0.099382
0.408482 0.030235 0.048311 0.129757 0.053622 0.131038 0.198556
0.000010 0.051160 0.000010 0.000010 0.000010 0.000010 0.948790
0.000010 0.029029 0.000010 0.000010 0.000010 0.000010 0.970921
0.660382 0.000010 0.010921 0.014701 0.000814 0.036920 0.276252
0.665393 0.000010 0.000010 0.000550 0.010609 0.031319 0.292109
0.650977 0.000010 0.000819 0.007990 0.012646 0.030979 0.296579
0.833946 0.166004 0.000010 0.000010 0.000010 0.000010 0.000010
0.872763 0.047420 0.012233 0.000010 0.019871 0.047693 0.000010
0.866621 0.000010 0.000010 0.017658 0.003444 0.044340 0.067917
0.422944 0.000010 0.075031 0.150917 0.047133 0.206596 0.097369
0.418604 0.071809 0.025666 0.124793 0.030627 0.137688 0.190813
0.005863 0.064410 0.000010 0.000010 0.000010 0.000010 0.929686
0.000010 0.066633 0.000010 0.000010 0.010828 0.000010 0.922499
0.649674 0.000010 0.014608 0.036298 0.013031 0.025425 0.260954
0.666494 0.000010 0.000010 0.013112 0.039372 0.009194 0.271809
0.635943 0.000010 0.000010 0.026382 0.025324 0.016834 0.295497
0.864746 0.044960 0.024045 0.017602 0.028738 0.019899 0.000010
0.865562 0.000010 0.000010 0.041615 0.000010 0.029438 0.063355
0.384175 0.056406 0.028116 0.192614 0.049747 0.108071 0.180871
0.000010 0.045532 0.000010 0.000010 0.000010 0.000010 0.954418
0.000010 0.058988 0.005424 0.000010 0.000010 0.000010 0.935548
0.636461 0.000010 0.005395 0.039429 0.002312 0.011120 0.305273
0.840288 0.036767 0.033351 0.000010 0.028368 0.061206 0.000010
0.874902 0.000010 0.013701 0.034430 0.000010 0.012042 0.064904
0.426197 0.044447 0.032708 0.155306 0.071962 0.118125 0.151255
0.000010 0.047368 0.000010 0.000010 0.000010 0.000010 0.952582
0.000010 0.088027 0.000010 0.000010 0.000010 0.000010 0.911923
0.668115 0.000013 0.011605 0.000010 0.035710 0.007251 0.277296
0.646423 0.000010 0.000010 0.007967 0.006558 0.026340 0.312691
0.801068 0.179755 0.019136 0.000010 0.000010 0.000010 0.000010
0.814680 0.177194 0.008086 0.000010 0.000010 0.000010 0.000010
0.516855 0.038519 0.017297 0.018836 0.040233 0.108114 0.260146
0.447279 0.017891 0.046450 0.030423 0.035724 0.061413 0.360822
0.095178 0.473127 0.015595 0.031143 0.023719 0.045637 0.315602
0.865172 0.043379 0.014102 0.005628 0.031173 0.040536 0.000010
0.884214 0.001002 0.000010 0.016273 0.021453 0.003104 0.073943
0.445642 0.000010 0.073696 0.214786 0.038463 0.166194 0.061210
0.000010 0.056984 0.003957 0.000010 0.000010 0.003158 0.935871
0.000010 0.108898 0.000638 0.000010 0.000890 0.000010 0.889544
0.637502 0.000010 0.000010 0.002433 0.026017 0.050234 0.283794
0.643543 0.000010 0.011951 0.000010 0.000010 0.053066 0.291410
0.803530 0.190421 0.006009 0.000010 0.000010 0.000010 0.000010
0.000010 0.740994 0.069766 0.029964 0.004371 0.009246 0.145648
0.917519 0.000010 0.000010 0.024523 0.001105 0.015455 0.041379
0.834594 0.130395 0.021894 0.000010 0.013086 0.000010 0.000010
0.641034 0.000010 0.013872 0.021387 0.024036 0.025983 0.273678
0.000010 0.042791 0.000010 0.000010 0.000010 0.000010 0.957159
0.648718 0.000010 0.000010 0.002108 0.017774 0.032919 0.298460
0.442280 0.036633 0.014248 0.154501 0.063081 0.109318 0.179940
0.468608 0.000010 0.054857 0.221940 0.061574 0.124774 0.068238
0.780013 0.048716 0.013473 0.035057 0.033415 0.089316 0.000010
0.000010 0.284977 0.000010 0.000010 0.000010 0.000010 0.714973
0.730987 0.000010 0.000010 0.071697 0.015137 0.060572 0.121588
0.006142 0.750319 0.243499 0.000010 0.000010 0.000010 0.000010
0.012717 0.766487 0.220756 0.000010 0.000010 0.000010 0.000010
0.015262 0.739060 0.245638 0.000010 0.000010 0.000010 0.000010
0.000017 0.740334 0.259609 0.000010 0.000010 0.000010 0.000010
0.271646 0.000010 0.202112 0.150921 0.040980 0.300886 0.033445
0.265398 0.000010 0.171676 0.171586 0.073532 0.245500 0.072297
0.258151 0.000010 0.191484 0.137592 0.058512 0.298287 0.055964
0.269663 0.000010 0.225100 0.110822 0.071231 0.273264 0.049910
0.051054 0.724522 0.205491 0.004247 0.000010 0.000010 0.014666
0.000010 0.801681 0.136669 0.000010 0.000010 0.000010 0.061609
0.000010 0.789682 0.165082 0.000010 0.000010 0.000010 0.045195
0.000010 0.790994 0.150126 0.004197 0.000010 0.000010 0.054653
0.000010 0.794661 0.143924 0.000010 0.000010 0.000010 0.061374
0.000010 0.786167 0.165383 0.000010 0.000010 0.000490 0.047930
0.020243 0.769363 0.210353 0.000010 0.000010 0.000010 0.000010
0.000010 0.788934 0.153176 0.000010 0.000010 0.000010 0.057850
0.032817 0.536830 0.205423 0.067826 0.000010 0.078979 0.078116
0.093452 0.605031 0.301478 0.000010 0.000010 0.000010 0.000010
0.000010 0.729299 0.270651 0.000010 0.000010 0.000010 0.000010
0.000010 0.725377 0.274573 0.000010 0.000010 0.000010 0.000010
0.000010 0.728889 0.271061 0.000010 0.000010 0.000010 0.000010
0.014382 0.724333 0.261245 0.000010 0.000010 0.000010 0.000010
0.012740 0.706267 0.280953 0.000010 0.000010 0.000010 0.000010
0.008518 0.765051 0.226391 0.000010 0.000010 0.000010 0.000010
0.008778 0.722315 0.268867 0.000010 0.000010 0.000010 0.000010
0.000010 0.722803 0.277147 0.000010 0.000010 0.000010 0.000010
0.000010 0.713126 0.286824 0.000010 0.000010 0.000010 0.000010
0.024915 0.722222 0.252823 0.000010 0.000010 0.000010 0.000010
0.000010 0.772742 0.218847 0.000010 0.008372 0.000010 0.000010
0.017995 0.779012 0.187849 0.000010 0.007903 0.000010 0.007221
0.000010 0.766014 0.233936 0.000010 0.000010 0.000010 0.000010
0.021099 0.764079 0.214782 0.000010 0.000010 0.000010 0.000010
0.023279 0.752116 0.216488 0.000010 0.008087 0.000010 0.000010
0.003294 0.773130 0.223536 0.000010 0.000010 0.000010 0.000010
0.017384 0.774694 0.207882 0.000010 0.000010 0.000010 0.000010
0.000010 0.775602 0.224348 0.000010 0.000010 0.000010 0.000010
0.005848 0.776175 0.213044 0.000010 0.000010 0.000010 0.004903
0.000164 0.772401 0.227395 0.000010 0.000010 0.000010 0.000010
0.013514 0.767698 0.218748 0.000010 0.000010 0.000010 0.000010
0.012495 0.729723 0.257742 0.000010 0.000010 0.000010 0.000010
0.007441 0.739338 0.253180 0.000010 0.000010 0.000010 0.000010
0.000017 0.739513 0.260430 0.000010 0.000010 0.000010 0.000010
0.000010 0.755209 0.244741 0.000010 0.000010 0.000010 0.000010
0.000010 0.752830 0.247120 0.000010 0.000010 0.000010 0.000010
0.000010 0.761269 0.238681 0.000010 0.000010 0.000010 0.000010
0.000010 0.769688 0.230262 0.000010 0.000010 0.000010 0.000010
0.031296 0.742304 0.226360 0.000010 0.000010 0.000010 0.000010
0.005969 0.738055 0.249940 0.006006 0.000010 0.000010 0.000010
0.015735 0.739523 0.244702 0.000010 0.000010 0.000010 0.000010
0.007005 0.773261 0.219694 0.000010 0.000010 0.000010 0.000010
0.000010 0.768777 0.231173 0.000010 0.000010 0.000010 0.000010
0.000010 0.734062 0.265888 0.000010 0.000010 0.000010 0.000010
0.001530 0.768476 0.227211 0.000010 0.002752 0.000010 0.000010
0.004184 0.765605 0.216082 0.000010 0.000010 0.000010 0.014099
0.012974 0.764918 0.222068 0.000010 0.000010 0.000010 0.000010
0.007348 0.769032 0.223579 0.000010 0.000010 0.000010 0.000010
0.000010 0.785354 0.214596 0.000010 0.000010 0.000010 0.000010
0.045208 0.759106 0.195646 0.000010 0.000010 0.000010 0.000010
0.000010 0.768875 0.204832 0.000010 0.014885 0.000010 0.011378
0.012838 0.729966 0.257156 0.000010 0.000010 0.000010 0.000010
0.000139 0.751262 0.248559 0.000010 0.000010 0.000010 0.000010
0.035068 0.752173 0.203681 0.006959 0.002098 0.000010 0.000010
0.000010 0.745280 0.254670 0.000010 0.000010 0.000010 0.000010
0.000010 0.721697 0.278253 0.000010 0.000010 0.000010 0.000010
0.010352 0.767515 0.211065 0.011038 0.000010 0.000010 0.000010
0.012400 0.724034 0.263527 0.000010 0.000010 0.000010 0.000010
0.018827 0.760537 0.219556 0.000010 0.001050 0.000010 0.000010
0.001753 0.762081 0.232422 0.000010 0.000010 0.003714 0.000010
0.000010 0.747611 0.252339 0.000010 0.000010 0.000010 0.000010
0.006985 0.706678 0.286297 0.000010 0.000010 0.000010 0.000010
0.009772 0.724863 0.265325 0.000010 0.000010 0.000010 0.000010
0.008854 0.738363 0.252743 0.000010 0.000010 0.000010 0.000010
0.002506 0.736701 0.260752 0.000010 0.000010 0.000010 0.000010
0.097377 0.408619 0.280598 0.112020 0.000010 0.101365 0.000010
0.000010 0.770584 0.185036 0.000010 0.000010 0.019516 0.024833
0.000010 0.786704 0.188567 0.000010 0.000010 0.000010 0.024690
0.000010 0.779617 0.184201 0.000010 0.000010 0.000010 0.036142
0.000010 0.784850 0.173993 0.000010 0.000010 0.000010 0.041116
0.000010 0.765207 0.190074 0.000010 0.000010 0.013133 0.031556
0.000010 0.791738 0.172984 0.000010 0.000010 0.000010 0.035238
0.000013 0.788714 0.161191 0.000010 0.000010 0.000010 0.050052
0.010663 0.800069 0.144414 0.000010 0.000010 0.000010 0.044824
0.007192 0.772264 0.205266 0.000010 0.000010 0.000010 0.015248
0.011666 0.743416 0.244877 0.000010 0.000010 0.000010 0.000010
0.003644 0.764865 0.210145 0.000010 0.000010 0.000010 0.021316
0.023603 0.747236 0.215499 0.000010 0.000010 0.000010 0.013632
0.014797 0.751138 0.221113 0.000010 0.000010 0.000010 0.012922
0.002358 0.762525 0.219870 0.000010 0.007057 0.000010 0.008170
0.000012 0.793039 0.161545 0.000010 0.000010 0.000010 0.045375
0.000010 0.762662 0.222755 0.000010 0.000010 0.014543 0.000010
0.041806 0.761367 0.187686 0.000010 0.000010 0.000010 0.009111
0.013702 0.707362 0.278896 0.000010 0.000010 0.000010 0.000010
0.005636 0.750983 0.243340 0.000010 0.000010 0.000010 0.000010
0.011414 0.753675 0.230399 0.000010 0.000010 0.002835 0.001657
0.006887 0.782176 0.192384 0.000010 0.018296 0.000010 0.000238
0.000499 0.736593 0.262868 0.000010 0.000010 0.000010 0.000010
0.158416 0.006995 0.279729 0.128793 0.078226 0.278271 0.069569
0.085021 0.060056 0.319787 0.263908 0.014122 0.237202 0.019903
0.188533 0.058912 0.303909 0.212601 0.035668 0.200366 0.000010
0.029332 0.609282 0.208741 0.045959 0.024967 0.042813 0.038907
0.155617 0.003663 0.292878 0.111540 0.059989 0.340379 0.035934
0.167813 0.000010 0.296067 0.107951 0.064053 0.318703 0.045403
0.089836 0.321340 0.302842 0.095386 0.033859 0.136673 0.020064
0.096560 0.312844 0.258377 0.105638 0.031986 0.164073 0.030523
0.088840 0.154987 0.270554 0.263450 0.030688 0.171250 0.020232
0.006782 0.000010 0.028985 0.078700 0.839014 0.045421 0.001088
0.129947 0.000010 0.347535 0.093636 0.084516 0.309402 0.034955
0.168756 0.000010 0.279704 0.166295 0.049759 0.327206 0.008270
0.130452 0.304738 0.314725 0.073549 0.019494 0.136124 0.020918
0.137717 0.052621 0.341225 0.257385 0.021393 0.188707 0.000953
0.128190 0.200453 0.434168 0.059924 0.023073 0.154182 0.000010
0.190806 0.000010 0.280074 0.139706 0.066968 0.297774 0.024662
0.088921 0.330664 0.274486 0.105384 0.036254 0.146524 0.017767
0.087689 0.319062 0.298419 0.078688 0.013345 0.175693 0.027104
0.069160 0.376667 0.241664 0.118305 0.022208 0.110602 0.061395
0.026240 0.586373 0.211570 0.089928 0.000010 0.041167 0.044713
0.102030 0.306568 0.382798 0.056962 0.023404 0.125141 0.003096
0.114825 0.216852 0.438562 0.059486 0.030587 0.139679 0.000010
0.152274 0.000010 0.257216 0.158470 0.048194 0.353773 0.030063
0.126049 0.209279 0.417624 0.075505 0.054908 0.116625 0.000010
0.149645 0.008633 0.323233 0.120577 0.037075 0.325580 0.035256
0.106843 0.354686 0.296549 0.095209 0.008936 0.127933 0.009845
0.098882 0.336531 0.307709 0.074002 0.018094 0.145555 0.019227
0.041232 0.545065 0.204100 0.080209 0.000010 0.090318 0.039066
0.156513 0.000010 0.298252 0.124844 0.076496 0.310568 0.033316
0.141383 0.207469 0.438117 0.033642 0.036078 0.143300 0.000010
0.152530 0.000010 0.314021 0.138573 0.090737 0.287064 0.017065
0.082450 0.135090 0.307106 0.307276 0.027856 0.114810 0.025413
0.102299 0.161775 0.323398 0.244987 0.010957 0.145574 0.011011
0.161423 0.000010 0.293557 0.110054 0.070524 0.357167 0.007265
0.163219 0.000010 0.284014 0.154116 0.059637 0.304359 0.034645
0.146563 0.207416 0.438656 0.041832 0.016809 0.148714 0.000010
0.038431 0.598958 0.223259 0.031310 0.014402 0.031758 0.061881
0.072424 0.456864 0.234324 0.067986 0.025238 0.095648 0.047515
0.104026 0.337526 0.295371 0.112264 0.003296 0.140987 0.006529
0.129664 0.119891 0.335827 0.250953 0.017600 0.146055 0.000010
0.153804 0.217355 0.419721 0.060950 0.035754 0.112406 0.000010
0.099716 0.120134 0.274606 0.315365 0.034938 0.137586 0.017653
0.028534 0.599217 0.193962 0.069351 0.018090 0.051500 0.039345
0.109657 0.150975 0.309254 0.312219 0.000010 0.102154 0.015732
0.168758 0.000010 0.299911 0.134589 0.054639 0.314899 0.027194
0.134097 0.194973 0.425157 0.069716 0.001353 0.174693 0.000010
0.082665 0.332649 0.270374 0.128857 0.005828 0.146725 0.032903
0.052825 0.329670 0.312305 0.091604 0.015546 0.174976 0.023075
0.080052 0.333812 0.287145 0.090073 0.022260 0.166924 0.019734
0.134406 0.184689 0.416507 0.066509 0.031002 0.166876 0.000010
0.135956 0.000010 0.323908 0.114092 0.057724 0.335467 0.032842
0.106575 0.029010 0.321259 0.257722 0.019477 0.235665 0.030292
0.095032 0.149554 0.292274 0.271653 0.010457 0.159726 0.021304
0.011981 0.604532 0.223309 0.044636 0.011852 0.037520 0.066169
0.180609 0.000010 0.301500 0.114177 0.061202 0.298936 0.043566
0.125707 0.000010 0.323189 0.143596 0.059517 0.300576 0.047404
0.073382 0.509812 0.242597 0.069707 0.000010 0.072593 0.031899
0.087302 0.341721 0.326408 0.026031 0.047985 0.142394 0.028160
0.047451 0.576109 0.212910 0.018201 0.025598 0.053984 0.065747
0.160070 0.207459 0.425518 0.054068 0.026923 0.125951 0.000010
0.102694 0.128583 0.309581 0.282781 0.005821 0.130745 0.039796
0.131256 0.113413 0.309890 0.298798 0.000010 0.139717 0.006915
0.104659 0.368242 0.306406 0.061570 0.000010 0.136948 0.022164
0.204764 0.000010 0.297468 0.081885 0.074424 0.317344 0.024105
0.140278 0.000010 0.302653 0.117240 0.073852 0.339661 0.026307
0.146938 0.000010 0.286980 0.126393 0.074379 0.311644 0.053655
0.057926 0.491955 0.247255 0.066504 0.013678 0.099486 0.023196
0.095759 0.207285 0.298496 0.107402 0.037363 0.230452 0.023244
0.051308 0.585609 0.178552 0.069566 0.004880 0.054060 0.056025
0.143449 0.000010 0.339808 0.117146 0.068363 0.315028 0.016197
0.132018 0.198967 0.446714 0.035270 0.019520 0.167501 0.000010
0.156355 0.057376 0.333785 0.279519 0.000010 0.172945 0.000010
0.129586 0.271516 0.417111 0.086346 0.017883 0.077547 0.000010
0.090465 0.139828 0.307746 0.281509 0.011491 0.162192 0.006770
0.173644 0.000010 0.290679 0.142290 0.047846 0.339058 0.006473
0.141667 0.000010 0.285321 0.132624 0.086709 0.309691 0.043979
0.150634 0.004055 0.310135 0.118955 0.086419 0.316553 0.013247
0.087396 0.335911 0.291188 0.094661 0.035968 0.126318 0.028559
0.050554 0.566807 0.219232 0.064364 0.010163 0.068318 0.020560
0.053221 0.582764 0.187243 0.072136 0.013549 0.032916 0.058171
0.111200 0.229615 0.305898 0.165828 0.024682 0.144312 0.018465
0.111471 0.199338 0.465956 0.059901 0.027618 0.135706 0.000010
0.097083 0.140610 0.294534 0.264375 0.058858 0.110280 0.034260
0.130250 0.101697 0.330248 0.302987 0.019241 0.114569 0.001009
0.099144 0.089260 0.330896 0.336767 0.024955 0.118969 0.000010
0.085560 0.086400 0.293716 0.401072 0.023919 0.108447 0.000886
0.043570 0.017416 0.069090 0.259815 0.055657 0.531886 0.022566
0.147890 0.000010 0.344448 0.139975 0.037549 0.317433 0.012697
0.040602 0.100145 0.201363 0.601332 0.000010 0.048640 0.007908
0.107850 0.263303 0.257170 0.228768 0.011828 0.110587 0.020495
0.137675 0.069774 0.282086 0.345174 0.017956 0.126156 0.021180
0.111513 0.094277 0.293770 0.314897 0.034514 0.133849 0.017180
0.116548 0.063247 0.345103 0.284175 0.004108 0.186809 0.000010
0.109986 0.106381 0.295227 0.338022 0.010059 0.126613 0.013713
0.002491 0.016262 0.038974 0.195887 0.033324 0.713053 0.000010
0.141248 0.000010 0.362315 0.130650 0.054102 0.289907 0.021767
0.128779 0.059547 0.384212 0.193343 0.005950 0.219072 0.009099
0.055508 0.080723 0.239103 0.585664 0.003576 0.031328 0.004097
0.070317 0.099496 0.237258 0.511950 0.000010 0.078505 0.002464
0.116205 0.000010 0.397324 0.084386 0.056195 0.337932 0.007947
0.152044 0.000010 0.303973 0.177370 0.052931 0.279410 0.034262
0.063085 0.122250 0.275071 0.390553 0.015413 0.131861 0.001766
0.147863 0.000010 0.370795 0.116593 0.027405 0.324437 0.012897
0.001644 0.000010 0.043001 0.273893 0.034411 0.646966 0.000076
0.141914 0.000010 0.354165 0.106018 0.056223 0.329013 0.012657
0.181618 0.058922 0.343939 0.174866 0.000010 0.220748 0.019897
0.066714 0.094280 0.218437 0.575542 0.000010 0.042061 0.002957
0.080034 0.082525 0.223599 0.498227 0.000010 0.104402 0.011205
0.141589 0.066159 0.335851 0.267112 0.011826 0.155938 0.021525
0.150527 0.000010 0.327822 0.124844 0.051214 0.338882 0.006701
0.063347 0.129677 0.276019 0.393958 0.002551 0.124595 0.009854
0.102175 0.085491 0.293712 0.379868 0.031367 0.105610 0.001776
0.156255 0.000010 0.366562 0.097475 0.054455 0.315827 0.009415
0.041801 0.038508 0.033072 0.213485 0.045049 0.628075 0.000010
0.161625 0.000421 0.358167 0.089185 0.078938 0.300226 0.011438
0.137346 0.028145 0.375388 0.184261 0.018351 0.220908 0.035602
0.103930 0.093284 0.242321 0.515456 0.021758 0.023241 0.000010
0.050524 0.095207 0.191327 0.608791 0.000010 0.053586 0.000554
0.099406 0.148035 0.345421 0.229723 0.029912 0.147493 0.000010
0.082712 0.107990 0.264084 0.417243 0.003624 0.104406 0.019941
0.000018 0.000010 0.003376 0.221455 0.081104 0.694027 0.000010
0.147007 0.000010 0.336535 0.102299 0.056019 0.340346 0.017784
0.092030 0.094821 0.199045 0.558626 0.000010 0.049812 0.005656
0.034881 0.073734 0.192608 0.557845 0.011249 0.103024 0.026659
0.106427 0.141984 0.282875 0.298675 0.008495 0.161534 0.000010
0.000010 0.000010 0.032187 0.128607 0.778744 0.054774 0.005669
0.111274 0.113909 0.311234 0.256051 0.039277 0.148806 0.019449
0.074248 0.103127 0.302882 0.370963 0.011125 0.137646 0.000010
0.014134 0.009189 0.024642 0.225373 0.038876 0.686877 0.000909
0.119992 0.000010 0.347116 0.118687 0.082557 0.302134 0.029503
0.184319 0.047389 0.352659 0.156531 0.040382 0.198231 0.020487
0.080084 0.115336 0.222492 0.521562 0.000010 0.037541 0.022976
0.046744 0.093131 0.231015 0.600445 0.000010 0.028645 0.000010
0.087669 0.084680 0.288041 0.346614 0.009324 0.168225 0.015447
0.096452 0.216277 0.302947 0.206949 0.038956 0.116903 0.021517
0.116390 0.049573 0.313607 0.324153 0.000010 0.196256 0.000010
0.107714 0.207750 0.290701 0.263880 0.029227 0.100718 0.000010
0.074146 0.091123 0.305546 0.370047 0.019180 0.133783 0.006175
0.049856 0.028008 0.046201 0.245395 0.043960 0.557899 0.028681
0.120584 0.000010 0.346155 0.106763 0.081292 0.310937 0.034259
0.082378 0.089680 0.220573 0.591915 0.000010 0.014985 0.000459
0.151118 0.076667 0.320461 0.229163 0.020555 0.173600 0.028436
0.116491 0.072620 0.270858 0.356436 0.020790 0.144876 0.017928
0.132441 0.000010 0.339474 0.101552 0.080974 0.309908 0.035641
0.117272 0.070947 0.305838 0.312519 0.038586 0.154829 0.000010
0.116749 0.088018 0.303100 0.352932 0.000010 0.136949 0.002242
0.090637 0.097490 0.304162 0.390467 0.002456 0.114778 0.000010
0.008992 0.025108 0.053340 0.221875 0.063693 0.590811 0.036183
0.112462 0.000010 0.373260 0.100747 0.058539 0.329291 0.025691
0.077065 0.086264 0.225077 0.571683 0.000010 0.021987 0.017914
0.090101 0.096412 0.234731 0.542869 0.002826 0.033051 0.000010
0.097095 0.079091 0.295765 0.322337 0.016716 0.149412 0.039584
0.100842 0.027920 0.144438 0.080208 0.053751 0.585580 0.007261
0.098911 0.001044 0.180821 0.026384 0.013871 0.674471 0.004498
0.006033 0.017996 0.000938 0.249507 0.087153 0.610961 0.027412
0.103574 0.050959 0.089863 0.177092 0.054428 0.479329 0.044755
0.149277 0.013810 0.057827 0.319288 0.048550 0.347827 0.063422
0.062464 0.046862 0.052929 0.355928 0.055207 0.395473 0.031135
0.119599 0.012692 0.082347 0.256590 0.084069 0.360256 0.084447
0.073348 0.012412 0.167346 0.117634 0.000010 0.623931 0.005319
0.050142 0.036184 0.160281 0.103655 0.020158 0.606659 0.022921
0.000010 0.000010 0.000010 0.397914 0.034497 0.567549 0.000010
0.034449 0.020625 0.002736 0.234972 0.062633 0.608389 0.036196
0.061457 0.010064 0.132849 0.124886 0.023964 0.623809 0.022970
0.044958 0.013016 0.137170 0.085094 0.002661 0.717091 0.000010
0.025233 0.011911 0.021764 0.271172 0.066578 0.574505 0.028838
0.103248 0.008445 0.045887 0.422391 0.105893 0.251342 0.062793
0.053916 0.006698 0.119915 0.135791 0.027662 0.647115 0.008903
0.053647 0.007291 0.163344 0.076224 0.036793 0.662690 0.000010
0.079182 0.020033 0.050942 0.247925 0.053827 0.516934 0.031157
0.000010 0.000010 0.000010 0.361464 0.031946 0.606550 0.000010
0.000010 0.008096 0.000010 0.437481 0.012475 0.541918 0.000010
0.000010 0.008401 0.000010 0.385108 0.003762 0.602699 0.000010
0.043518 0.019273 0.000010 0.150989 0.048799 0.697835 0.039576
0.075258 0.016816 0.171444 0.021709 0.000010 0.714753 0.000010
0.129091 0.021825 0.115744 0.199064 0.025623 0.491417 0.017237
0.012796 0.018110 0.020492 0.292189 0.034494 0.621909 0.000010
0.048360 0.032459 0.083864 0.156981 0.584708 0.083302 0.010326
0.079071 0.008294 0.098523 0.127199 0.044940 0.641963 0.000010
0.060924 0.018202 0.088499 0.209072 0.060577 0.562717 0.000010
0.066069 0.021700 0.096809 0.138750 0.042109 0.619977 0.014586
0.000010 0.005050 0.000010 0.378409 0.048269 0.568241 0.000010
0.000010 0.003987 0.000010 0.376869 0.016215 0.602899 0.000010
0.000010 0.008646 0.000010 0.455931 0.008420 0.526973 0.000010
0.083489 0.051366 0.075041 0.333092 0.014235 0.436106 0.006672
0.053506 0.008477 0.154774 0.032128 0.021411 0.710518 0.019186
0.022949 0.015723 0.170952 0.135481 0.034536 0.618975 0.001384
0.023315 0.011898 0.062019 0.225824 0.016844 0.610359 0.049741
0.158515 0.120445 0.141574 0.170152 0.075666 0.332449 0.001198
0.033133 0.009012 0.103490 0.134141 0.026731 0.684206 0.009286
0.070672 0.007482 0.169577 0.100060 0.030082 0.622116 0.000010
0.083105 0.012238 0.129266 0.106991 0.021296 0.640806 0.006298
0.115886 0.050920 0.151862 0.106243 0.046350 0.522504 0.006234
0.000010 0.014592 0.000010 0.424859 0.020590 0.539930 0.000010
0.000010 0.000010 0.000010 0.434371 0.019842 0.545746 0.000010
0.006374 0.015871 0.000010 0.254186 0.067111 0.630722 0.025727
0.044707 0.013580 0.176054 0.023167 0.050279 0.675426 0.016788
0.083129 0.022812 0.171773 0.027779 0.000010 0.694487 0.000010
0.072847 0.013056 0.005448 0.465851 0.086406 0.273749 0.082642
0.158364 0.062727 0.082015 0.225374 0.065019 0.337524 0.068977
0.151401 0.020822 0.032961 0.321334 0.085711 0.293176 0.094595
0.169434 0.019331 0.065095 0.286648 0.064419 0.342867 0.052206
0.051371 0.024120 0.101598 0.191277 0.057323 0.546089 0.028224
0.000010 0.006506 0.000010 0.419062 0.008910 0.552611 0.012891
0.047633 0.017349 0.041997 0.270128 0.056909 0.555512 0.010471
0.000010 0.000010 0.000010 0.391829 0.013721 0.594410 0.000010
0.083770 0.102390 0.065965 0.156205 0.050304 0.531371 0.009996
0.141044 0.019513 0.043199 0.264463 0.080553 0.370810 0.080418
