0.000010 0.079661 0.024782 0.443600 0.053104 0.398843
0.006578 0.035358 0.015854 0.569698 0.069903 0.302610
0.017110 0.054847 0.030933 0.454132 0.042065 0.400913
0.037625 0.024994 0.000010 0.542019 0.071513 0.323839
0.002836 0.088991 0.000010 0.454204 0.050666 0.403293
0.011753 0.041958 0.041940 0.485245 0.060393 0.358712
0.037835 0.034509 0.012474 0.510457 0.075301 0.329424
0.000010 0.000010 0.000010 0.798795 0.146215 0.054960
0.000010 0.017213 0.020415 0.803377 0.117358 0.041627
0.031128 0.000010 0.000010 0.886979 0.000010 0.081864
0.016289 0.057947 0.005060 0.729328 0.114587 0.076789
0.023131 0.028222 0.000010 0.734751 0.136085 0.077800
0.098731 0.012018 0.000010 0.000010 0.221828 0.667403
0.121142 0.070566 0.020662 0.000010 0.196695 0.590925
0.007629 0.000010 0.000010 0.000010 0.249236 0.743106
0.092394 0.080441 0.048638 0.011610 0.164128 0.602789
0.020580 0.082030 0.019418 0.453732 0.050046 0.374195
0.000932 0.085894 0.012045 0.478377 0.047507 0.375245
0.000010 0.019770 0.000010 0.827275 0.099682 0.053253
0.000010 0.000010 0.000010 0.769806 0.184496 0.045668
0.000010 0.000010 0.000010 0.791892 0.135360 0.072719
0.024164 0.000010 0.000010 0.907757 0.000010 0.068049
0.013991 0.043576 0.009107 0.729398 0.138942 0.064985
0.044954 0.013016 0.006230 0.737578 0.121960 0.076261
0.058588 0.000010 0.000010 0.000010 0.228250 0.713132
0.035426 0.000013 0.017293 0.000010 0.224903 0.722355
0.000010 0.002649 0.000010 0.000010 0.261983 0.735337
0.156567 0.073523 0.011929 0.000010 0.181588 0.576383
0.022261 0.074221 0.018608 0.465320 0.048606 0.370984
0.053886 0.048442 0.019800 0.453682 0.065351 0.358840
0.000010 0.024120 0.000320 0.795330 0.081476 0.098745
0.005817 0.000010 0.000010 0.771353 0.205148 0.017662
0.016162 0.008676 0.000010 0.889201 0.000010 0.085941
0.039206 0.000010 0.000010 0.893820 0.000010 0.066944
0.020410 0.040886 0.024433 0.738931 0.120112 0.055229
0.041173 0.021726 0.026918 0.736274 0.117839 0.056071
0.093918 0.000010 0.025320 0.000010 0.208203 0.672539
0.016356 0.012487 0.000010 0.003838 0.244309 0.723001
0.081324 0.000010 0.000010 0.000010 0.206682 0.711964
0.107869 0.058526 0.045018 0.009160 0.174975 0.604452
0.028678 0.033470 0.047654 0.490936 0.050233 0.349030
0.058516 0.076725 0.000010 0.458854 0.049789 0.356105
0.000010 0.003611 0.000010 0.798611 0.136936 0.060822
0.002162 0.000010 0.008336 0.822940 0.122199 0.044353
0.042552 0.000010 0.000010 0.907983 0.000010 0.049436
0.034118 0.000010 0.000010 0.886263 0.000010 0.079589
0.024570 0.000010 0.000010 0.902508 0.000010 0.072892
0.024004 0.052803 0.000010 0.720821 0.125880 0.076482
0.000010 0.051061 0.030101 0.734277 0.110296 0.074255
0.095756 0.000010 0.028678 0.000010 0.197151 0.678395
0.000010 0.000010 0.005165 0.000010 0.265332 0.729472
0.014569 0.000010 0.022643 0.000010 0.206944 0.755824
0.073192 0.061576 0.028560 0.013417 0.200272 0.622982
0.055448 0.000010 0.018531 0.000010 0.217364 0.708637
0.162201 0.182070 0.075647 0.000010 0.176341 0.403731
0.054443 0.003943 0.027435 0.000010 0.239575 0.674594
0.080952 0.067610 0.000010 0.052718 0.080465 0.718245
0.089221 0.067994 0.013746 0.039809 0.143624 0.645606
0.030242 0.051988 0.018907 0.052127 0.061965 0.784770
0.081623 0.057067 0.019179 0.047649 0.133809 0.660673
0.000010 0.085044 0.013379 0.410065 0.085451 0.406051
0.068080 0.028336 0.024146 0.000010 0.235489 0.643938
0.122260 0.041898 0.000010 0.000010 0.198078 0.637743
0.067438 0.051131 0.019637 0.082232 0.096838 0.682725
0.010278 0.129967 0.012240 0.163496 0.040446 0.643573
0.031286 0.129934 0.001917 0.053059 0.099995 0.683809
0.081443 0.089760 0.013161 0.069774 0.096313 0.649549
0.037589 0.077855 0.003716 0.445969 0.081531 0.353340
0.030691 0.087230 0.000010 0.459127 0.050300 0.372642
0.079546 0.016904 0.008107 0.000010 0.233722 0.661711
0.150374 0.157907 0.050335 0.000010 0.184069 0.457304
0.060887 0.000010 0.035759 0.000010 0.223682 0.679652
0.054252 0.081605 0.018516 0.064170 0.101653 0.679804
0.114803 0.068189 0.026466 0.046088 0.130381 0.614072
0.081273 0.076694 0.003094 0.026072 0.125476 0.687391
0.085754 0.046262 0.045530 0.082208 0.113845 0.626401
0.053088 0.071581 0.040154 0.404758 0.045055 0.385363
0.039066 0.106312 0.001931 0.413413 0.051199 0.388079
0.036722 0.041376 0.040013 0.450817 0.078689 0.352383
0.000010 0.027576 0.014193 0.796110 0.111711 0.050401
0.029134 0.000010 0.000010 0.900984 0.000010 0.069852
0.035788 0.000010 0.008182 0.881700 0.000010 0.074310
0.034080 0.000010 0.000010 0.905556 0.000010 0.060335
0.007103 0.051854 0.000010 0.702670 0.187321 0.051042
0.011085 0.040473 0.026390 0.733385 0.133607 0.055059
0.091651 0.032386 0.000858 0.000010 0.199771 0.675324
0.000010 0.000010 0.000010 0.000010 0.258359 0.741601
0.054095 0.011473 0.040114 0.000010 0.198823 0.695485
0.135374 0.016232 0.074608 0.026262 0.170597 0.576927
0.059208 0.053641 0.006771 0.455958 0.051959 0.372463
0.004630 0.053388 0.000157 0.646702 0.059803 0.235319
0.000010 0.021376 0.000010 0.794163 0.138424 0.046018
0.000010 0.012488 0.005151 0.806075 0.122058 0.054219
0.024013 0.000010 0.015896 0.896390 0.000010 0.063681
0.044573 0.000010 0.000010 0.905193 0.000010 0.050204
0.030654 0.020965 0.016258 0.729522 0.124227 0.078373
0.024262 0.043300 0.007798 0.730684 0.119431 0.074525
0.094717 0.000010 0.027498 0.000010 0.208073 0.669692
0.032762 0.000010 0.028829 0.000010 0.215089 0.723300
0.099436 0.093232 0.017957 0.013151 0.169670 0.606554
0.070952 0.020840 0.007397 0.000010 0.231313 0.669488
0.227448 0.303108 0.093065 0.000010 0.123920 0.252450
0.046639 0.014231 0.015627 0.000010 0.247900 0.675593
0.059074 0.070907 0.002295 0.066522 0.044663 0.756540
0.037802 0.090584 0.023347 0.049954 0.097240 0.701073
0.082754 0.096662 0.000010 0.040004 0.111243 0.669327
0.068286 0.071512 0.013205 0.458131 0.070931 0.317935
0.029815 0.050339 0.031196 0.451560 0.052492 0.384598
0.015554 0.000010 0.000010 0.800192 0.139999 0.044235
0.007104 0.000010 0.012388 0.787444 0.146518 0.046536
0.016464 0.000010 0.000010 0.909482 0.000010 0.074024
0.051369 0.008582 0.008535 0.884560 0.001732 0.045223
0.030699 0.050510 0.000010 0.722014 0.128488 0.068280
0.101383 0.034907 0.004862 0.000010 0.186839 0.671998
0.010186 0.000010 0.006339 0.000010 0.227322 0.756133
0.000010 0.000010 0.000010 0.000010 0.244401 0.755559
0.118102 0.070928 0.019672 0.005159 0.184702 0.601436
0.053529 0.028948 0.009114 0.000010 0.234491 0.673907
0.188884 0.167578 0.075825 0.000010 0.188666 0.379037
0.089948 0.000010 0.001608 0.000010 0.235528 0.672896
0.046387 0.051722 0.026103 0.055426 0.088742 0.731621
0.043106 0.068998 0.000010 0.064946 0.084710 0.738230
0.092509 0.059190 0.019684 0.038704 0.107203 0.682709
0.011816 0.072592 0.030886 0.363074 0.067364 0.454269
0.002694 0.054641 0.022472 0.483301 0.080509 0.356383
0.000010 0.000010 0.008160 0.811584 0.161393 0.018843
0.000010 0.000010 0.002403 0.820497 0.102589 0.074490
0.015428 0.000010 0.000010 0.905352 0.000010 0.079190
0.033334 0.000010 0.000010 0.897321 0.000010 0.069315
0.005030 0.041517 0.000010 0.731952 0.152773 0.068718
0.034504 0.038090 0.010635 0.717989 0.111130 0.087652
0.131516 0.010029 0.021076 0.000010 0.209645 0.627724
0.000010 0.000010 0.000010 0.000010 0.255418 0.744542
0.000010 0.000010 0.000010 0.000010 0.253109 0.746851
0.126077 0.070610 0.029691 0.010227 0.179632 0.583763
0.045290 0.060141 0.015039 0.000010 0.204933 0.674587
0.193980 0.164649 0.068115 0.000010 0.166186 0.407060
0.060028 0.000010 0.025472 0.000010 0.240289 0.674190
0.014937 0.102474 0.000010 0.096591 0.000010 0.785978
0.083049 0.111607 0.005635 0.064774 0.096502 0.638433
0.086853 0.035289 0.029083 0.117556 0.119357 0.611861
0.053306 0.033197 0.018900 0.498744 0.088939 0.306913
0.000010 0.052190 0.031356 0.485811 0.073791 0.356843
0.000010 0.000010 0.000010 0.808415 0.119621 0.071935
0.012323 0.034707 0.000010 0.824310 0.093653 0.034997
0.036720 0.000010 0.000010 0.898397 0.000010 0.064853
0.023463 0.000010 0.010205 0.893559 0.000010 0.072753
0.023533 0.000010 0.000010 0.903207 0.000010 0.073230
0.043710 0.051315 0.019172 0.715847 0.126193 0.043763
0.000010 0.041054 0.007545 0.758157 0.118822 0.074413
0.080247 0.044350 0.009951 0.000010 0.199492 0.665950
0.054381 0.032528 0.000010 0.011023 0.223010 0.679048
0.000010 0.000010 0.000010 0.000010 0.259411 0.740549
0.125060 0.084911 0.008760 0.019439 0.166546 0.595284
0.086239 0.042480 0.035458 0.000010 0.195707 0.640106
0.040078 0.025855 0.005916 0.000010 0.257762 0.670379
0.046216 0.097963 0.041050 0.040270 0.099019 0.675482
0.048090 0.079579 0.032555 0.064424 0.089112 0.686240
0.085596 0.072516 0.008860 0.057951 0.127228 0.647849
0.029326 0.092592 0.023836 0.054777 0.045323 0.754145
0.000010 0.000010 0.000010 0.022423 0.266490 0.711056
0.057616 0.047218 0.000010 0.450090 0.071130 0.373936
0.000010 0.000010 0.000010 0.804423 0.152136 0.043411
0.057303 0.009173 0.000010 0.854671 0.018175 0.060668
0.029971 0.000010 0.000010 0.891268 0.000010 0.078731
0.000010 0.054594 0.016278 0.709777 0.158044 0.061296
0.018803 0.042658 0.013403 0.743254 0.128617 0.053265
0.000288 0.050655 0.010363 0.000010 0.217995 0.720688
0.034636 0.000010 0.002957 0.000010 0.220235 0.742152
0.063625 0.000010 0.016463 0.000010 0.210619 0.709273
0.063481 0.000010 0.009592 0.000010 0.253021 0.673885
0.186176 0.201255 0.032220 0.000010 0.168454 0.411885
0.066040 0.010905 0.021076 0.000010 0.235594 0.666375
0.057678 0.076521 0.000010 0.080819 0.035613 0.749359
0.051104 0.085206 0.000010 0.058284 0.085568 0.719827
0.051643 0.091627 0.051181 0.145011 0.020559 0.639979
0.040168 0.084737 0.003562 0.047943 0.075471 0.748118
0.032438 0.051298 0.035114 0.524070 0.049922 0.307158
0.000010 0.000010 0.000010 0.012111 0.290303 0.697556
0.001216 0.000010 0.006829 0.808976 0.123556 0.059414
0.042496 0.000010 0.000794 0.895257 0.000010 0.061433
0.000010 0.000010 0.021165 0.792001 0.134590 0.052224
0.000010 0.000010 0.002322 0.798337 0.141019 0.058302
0.087288 0.016404 0.002436 0.000010 0.230721 0.663142
0.063141 0.112306 0.025119 0.043860 0.068031 0.687543
0.166530 0.208139 0.032705 0.000010 0.189642 0.402974
0.079982 0.000010 0.011674 0.000010 0.230485 0.677839
0.047730 0.084528 0.000406 0.077395 0.053788 0.736153
0.066490 0.074138 0.050777 0.036583 0.118943 0.653069
0.077797 0.050295 0.017141 0.219662 0.099984 0.535121
0.043073 0.068724 0.000010 0.456536 0.096592 0.335065
0.000010 0.000010 0.000010 0.016108 0.268363 0.715499
0.025557 0.000010 0.000010 0.887114 0.000010 0.087299
0.027773 0.078660 0.000010 0.703713 0.136479 0.053365
0.039406 0.024300 0.000010 0.737380 0.132354 0.066550
0.000808 0.048992 0.000010 0.725415 0.131735 0.093040
0.019638 0.000010 0.000010 0.000010 0.243686 0.736646
0.053037 0.000010 0.000010 0.000010 0.225490 0.721444
0.087454 0.032761 0.020573 0.000010 0.227520 0.631682
0.074307 0.000319 0.014666 0.000010 0.252494 0.658204
0.149700 0.212623 0.037025 0.000010 0.189080 0.411562
0.036837 0.115317 0.000010 0.073644 0.010320 0.763871
0.052541 0.098654 0.012914 0.072253 0.082229 0.681408
0.064090 0.085654 0.032853 0.063886 0.128835 0.624682
0.051480 0.091564 0.000010 0.046176 0.115255 0.695515
0.091764 0.076220 0.018584 0.037151 0.148633 0.627647
0.000010 0.000010 0.000010 0.018852 0.264266 0.716852
0.163235 0.154326 0.034545 0.000010 0.183922 0.463962
0.076755 0.007747 0.026554 0.000010 0.220694 0.668241
0.052009 0.084431 0.012492 0.067906 0.057946 0.725217
0.077058 0.063218 0.021302 0.066190 0.079872 0.692360
0.004569 0.157881 0.018561 0.156703 0.039128 0.623158
0.075554 0.079044 0.029998 0.035010 0.107217 0.673176
0.011939 0.071487 0.026654 0.489788 0.068256 0.331876
0.000010 0.000010 0.000010 0.004220 0.276672 0.719078
0.000010 0.000010 0.000010 0.008350 0.268048 0.723573
0.058015 0.004811 0.029375 0.014877 0.268620 0.624303
0.006439 0.004543 0.011923 0.000010 0.248400 0.728685
0.167588 0.124728 0.055051 0.057262 0.131199 0.464172
0.000010 0.078728 0.000010 0.171030 0.000010 0.750213
0.000010 0.072345 0.000010 0.218863 0.000010 0.708762
0.005550 0.033525 0.019988 0.003118 0.167730 0.770090
0.056070 0.015901 0.003487 0.000010 0.167536 0.756996
0.035408 0.032723 0.007905 0.004769 0.167082 0.752113
0.012130 0.000010 0.007613 0.026306 0.268032 0.685908
0.000010 0.000010 0.000010 0.016913 0.265437 0.717620
0.036118 0.000010 0.007642 0.000010 0.235330 0.720890
0.116044 0.186408 0.058236 0.065703 0.139460 0.434149
0.000010 0.081991 0.000010 0.195799 0.000010 0.722180
0.000010 0.110720 0.000010 0.095920 0.000010 0.793331
0.023226 0.073151 0.000010 0.000028 0.181070 0.722514
0.073244 0.030884 0.000010 0.000010 0.165433 0.730419
0.000010 0.000010 0.000010 0.137255 0.303275 0.559440
0.033001 0.073471 0.004129 0.057287 0.091415 0.740698
0.000010 0.000010 0.000010 0.008892 0.292497 0.698581
0.158586 0.165348 0.033724 0.000010 0.187270 0.455062
0.150765 0.202740 0.099864 0.030648 0.111676 0.404307
0.000010 0.098562 0.013686 0.221787 0.000010 0.665945
0.000010 0.084100 0.000010 0.161208 0.000010 0.754662
0.009595 0.044164 0.015524 0.008719 0.184075 0.737924
0.039947 0.019174 0.021810 0.010636 0.174550 0.733882
0.056277 0.000010 0.000010 0.003921 0.178117 0.761666
0.000010 0.000010 0.000010 0.092105 0.270103 0.637762
0.000010 0.000010 0.000010 0.015800 0.268402 0.715768
0.078857 0.020892 0.003821 0.005289 0.267758 0.623383
0.171586 0.149356 0.043870 0.000010 0.182566 0.452612
0.080566 0.163028 0.055738 0.077531 0.154131 0.469007
0.000010 0.068187 0.000010 0.357327 0.000010 0.574456
0.004156 0.110411 0.000842 0.172491 0.000010 0.712090
0.045723 0.031827 0.010602 0.005804 0.156402 0.749641
0.043031 0.018918 0.026680 0.010610 0.176249 0.724513
0.026380 0.041900 0.014458 0.006143 0.164443 0.746676
0.000010 0.000010 0.000010 0.157680 0.299823 0.542468
0.016865 0.044519 0.012697 0.731082 0.102227 0.092610
0.000010 0.047450 0.026156 0.725721 0.130679 0.069985
0.097841 0.057107 0.009460 0.000010 0.181773 0.653810
0.000010 0.000010 0.000010 0.000010 0.252975 0.746985
0.120839 0.060611 0.031742 0.010816 0.173933 0.602059
0.000010 0.000010 0.000010 0.012634 0.262134 0.725202
0.006726 0.000010 0.000010 0.000010 0.224096 0.769148
0.135965 0.148229 0.067372 0.000010 0.177469 0.470956
0.127970 0.101270 0.067557 0.058828 0.161972 0.482403
0.003855 0.053994 0.000010 0.241096 0.000010 0.701035
0.000010 0.091675 0.000010 0.162307 0.000010 0.745987
0.046849 0.028659 0.001319 0.016829 0.178092 0.728251
0.037078 0.000010 0.059020 0.000010 0.157876 0.746006
0.043433 0.033129 0.007799 0.015036 0.176462 0.724141
0.000010 0.000010 0.000010 0.071052 0.283395 0.645524
0.024999 0.001415 0.001777 0.000010 0.230097 0.741702
0.172181 0.201664 0.049822 0.000010 0.205691 0.370632
0.000010 0.075217 0.000010 0.180709 0.000010 0.744044
0.000010 0.108505 0.000010 0.156915 0.000010 0.734550
0.013556 0.075829 0.000010 0.290570 0.000010 0.620025
0.013268 0.023723 0.022010 0.015300 0.166148 0.759551
0.050775 0.025014 0.020385 0.000635 0.272665 0.630527
0.063207 0.007092 0.000010 0.000010 0.233934 0.695747
0.189189 0.159537 0.071918 0.000010 0.174865 0.404481
0.143405 0.142534 0.053114 0.042438 0.138622 0.479886
0.000010 0.083488 0.000010 0.177222 0.000010 0.739260
0.000010 0.091196 0.000010 0.160703 0.000010 0.748071
0.040193 0.035332 0.000088 0.001120 0.180373 0.742894
0.030656 0.019407 0.010068 0.005296 0.176446 0.758127
0.027186 0.029911 0.011613 0.009374 0.171780 0.750136
0.000010 0.000010 0.000010 0.124367 0.289121 0.586482
0.040056 0.000010 0.010639 0.017201 0.288167 0.643927
0.036763 0.000010 0.000010 0.000010 0.227042 0.736165
0.225208 0.151418 0.046941 0.000010 0.166407 0.410017
0.145021 0.135275 0.030007 0.082318 0.132110 0.475269
0.000242 0.082520 0.000010 0.179909 0.000010 0.737309
0.000010 0.083072 0.011944 0.184291 0.000010 0.720673
0.025622 0.053141 0.012697 0.003194 0.186529 0.718817
0.008248 0.029126 0.040474 0.005684 0.167091 0.749378
0.017258 0.043603 0.024902 0.012993 0.163046 0.738197
0.016355 0.000010 0.025873 0.017778 0.294262 0.645722
0.024026 0.014442 0.000010 0.000010 0.236003 0.725508
0.116824 0.202704 0.049235 0.066812 0.119498 0.444927
0.000010 0.072232 0.000010 0.175104 0.000010 0.752634
0.017983 0.068643 0.000010 0.182267 0.000010 0.731087
0.009865 0.060605 0.001161 0.014985 0.171418 0.741966
0.067921 0.000010 0.020946 0.007305 0.299494 0.604324
0.009504 0.004869 0.000010 0.000010 0.251286 0.734322
0.124563 0.160386 0.071886 0.049862 0.139387 0.453917
0.000010 0.087956 0.000010 0.168907 0.000010 0.743107
0.000010 0.090039 0.000010 0.200655 0.000010 0.709276
0.015423 0.000010 0.040748 0.003467 0.187759 0.752592
0.026078 0.030366 0.005341 0.016050 0.159793 0.762372
0.000010 0.000010 0.000010 0.140155 0.291256 0.568558
0.000010 0.000010 0.000010 0.134707 0.291985 0.573278
0.115794 0.035422 0.039197 0.057447 0.136764 0.615376
0.075922 0.065845 0.034175 0.049271 0.133060 0.641727
0.048066 0.062570 0.024795 0.494062 0.057458 0.313049
0.045755 0.000010 0.025597 0.013150 0.290111 0.625378
0.000010 0.000010 0.014152 0.000010 0.233917 0.751901
0.180946 0.206225 0.036811 0.000010 0.175282 0.400727
0.003034 0.082123 0.000010 0.175166 0.000010 0.739658
0.000010 0.089110 0.001255 0.218969 0.000010 0.690645
0.047841 0.020175 0.027209 0.017174 0.148322 0.739278
0.059079 0.015552 0.000010 0.005190 0.178455 0.741715
0.000010 0.000010 0.000010 0.147904 0.298227 0.553838
0.015169 0.044094 0.007324 0.727857 0.120397 0.085159
0.005671 0.000010 0.000010 0.000010 0.232076 0.762223
0.000010 0.000010 0.000819 0.094618 0.287712 0.616831
0.027766 0.040107 0.022618 0.008317 0.179622 0.721570
0.012568 0.075078 0.000010 0.168407 0.000010 0.743927
0.029986 0.024061 0.017777 0.015446 0.160353 0.752377
0.113893 0.161778 0.062496 0.046058 0.126450 0.489325
0.135458 0.212968 0.059983 0.000010 0.170352 0.421229
0.084865 0.010385 0.031494 0.024191 0.252243 0.596821
0.000010 0.073361 0.000010 0.372786 0.000010 0.553822
0.061227 0.064048 0.011958 0.000010 0.186687 0.676071
0.000010 0.000010 0.000010 0.701058 0.298902 0.000010
0.000010 0.000010 0.000010 0.715829 0.284131 0.000010
0.000010 0.000010 0.000010 0.683394 0.316566 0.000010
0.000010 0.000010 0.000010 0.681810 0.318150 0.000010
0.347774 0.151913 0.039304 0.000010 0.215184 0.245815
0.286643 0.176978 0.072933 0.000010 0.192626 0.270810
0.344007 0.141598 0.058084 0.000010 0.200496 0.255804
0.323600 0.115969 0.069927 0.000010 0.236341 0.254154
0.000010 0.008229 0.000010 0.680571 0.283449 0.027731
0.000010 0.000010 0.000010 0.772931 0.205399 0.021640
0.000010 0.000010 0.000010 0.756097 0.236667 0.007206
0.000920 0.010395 0.000010 0.756242 0.211730 0.020702
0.000010 0.000010 0.000131 0.765730 0.218281 0.015838
0.015864 0.000010 0.000010 0.751678 0.227587 0.004851
0.000010 0.000010 0.000010 0.718853 0.281107 0.000010
0.000010 0.000010 0.004146 0.759591 0.218588 0.017656
0.101416 0.080428 0.000010 0.516122 0.233544 0.068481
0.000010 0.000010 0.000010 0.549378 0.443319 0.007273
0.000010 0.000010 0.000010 0.673776 0.326184 0.000010
0.000010 0.000010 0.000010 0.660343 0.339617 0.000010
0.000010 0.000010 0.000010 0.666680 0.333280 0.000010
0.000010 0.000010 0.000010 0.668747 0.331213 0.000010
0.000010 0.000010 0.000010 0.642087 0.357873 0.000010
0.000010 0.000010 0.000010 0.714810 0.285150 0.000010
0.000010 0.000010 0.000010 0.663177 0.336783 0.000010
0.000010 0.000010 0.000010 0.663008 0.336952 0.000010
0.000010 0.000010 0.000010 0.656639 0.343321 0.000010
0.000010 0.000010 0.000010 0.668959 0.331001 0.000010
0.000010 0.000010 0.000012 0.723956 0.276002 0.000010
0.000010 0.000010 0.004228 0.732605 0.263137 0.000010
0.000010 0.000010 0.000010 0.711388 0.288572 0.000010
0.000010 0.000010 0.000010 0.709778 0.290182 0.000010
0.000010 0.000010 0.005627 0.703159 0.291184 0.000010
0.000010 0.000010 0.000010 0.719076 0.280884 0.000010
0.000010 0.000010 0.000010 0.722822 0.277138 0.000010
0.000010 0.000010 0.000010 0.723442 0.276518 0.000010
0.000010 0.000010 0.000010 0.726842 0.273118 0.000010
0.000010 0.000010 0.000010 0.721686 0.278274 0.000010
0.000010 0.000010 0.000010 0.719519 0.280441 0.000010
0.000010 0.000010 0.000010 0.672924 0.327036 0.000010
0.000010 0.000010 0.000010 0.676690 0.323270 0.000010
0.000010 0.000010 0.000010 0.676249 0.323711 0.000010
0.000010 0.000010 0.000010 0.692195 0.307765 0.000010
0.000010 0.000010 0.000010 0.688191 0.311769 0.000010
0.000010 0.000010 0.000010 0.693061 0.306899 0.000010
0.000010 0.000010 0.000010 0.703250 0.296710 0.000010
0.000010 0.000010 0.000010 0.693126 0.306834 0.000010
0.000010 0.000010 0.000010 0.682573 0.317387 0.000010
0.000010 0.000010 0.000010 0.690903 0.309057 0.000010
0.000010 0.000010 0.000010 0.718341 0.281619 0.000010
0.000010 0.000010 0.000010 0.716399 0.283561 0.000010
0.000010 0.000010 0.000010 0.669806 0.330154 0.000010
0.000010 0.000010 0.000010 0.717050 0.282910 0.000010
0.000010 0.000010 0.000010 0.719715 0.280245 0.000010
0.000010 0.000010 0.000010 0.711583 0.288377 0.000010
0.000010 0.000010 0.000010 0.709209 0.290751 0.000010
0.000010 0.000010 0.000010 0.724591 0.275369 0.000010
0.000010 0.000010 0.000010 0.710240 0.289720 0.000010
0.000010 0.000010 0.008691 0.724010 0.267268 0.000010
0.000010 0.000010 0.000010 0.675367 0.324593 0.000010
0.000010 0.000010 0.000010 0.697212 0.302748 0.000010
0.003690 0.008553 0.003388 0.705594 0.278765 0.000010
0.000010 0.000010 0.000010 0.687989 0.311971 0.000010
0.000010 0.000010 0.000010 0.662210 0.337750 0.000010
0.000010 0.002698 0.000010 0.720380 0.276892 0.000010
0.000010 0.000010 0.000010 0.660745 0.339215 0.000010
0.000010 0.000010 0.000010 0.707670 0.292290 0.000010
0.000010 0.000010 0.000010 0.711856 0.288104 0.000010
0.000010 0.000010 0.000010 0.683257 0.316703 0.000010
0.000010 0.000010 0.000010 0.649106 0.350854 0.000010
0.000010 0.000010 0.000010 0.662167 0.337793 0.000010
0.000010 0.000010 0.000010 0.679339 0.320621 0.000010
0.000010 0.000010 0.000010 0.681335 0.318625 0.000010
0.135331 0.118818 0.000010 0.377292 0.313815 0.054734
0.023336 0.002112 0.000010 0.731480 0.243052 0.000010
0.000010 0.000010 0.000010 0.747117 0.252843 0.000010
0.001619 0.000010 0.005391 0.742674 0.247515 0.002790
0.000010 0.000010 0.000425 0.749578 0.241377 0.008600
0.020647 0.001015 0.000010 0.726946 0.251372 0.000010
0.000010 0.000010 0.005135 0.753560 0.240250 0.001035
0.000010 0.000010 0.000010 0.752199 0.230242 0.017529
0.000010 0.000010 0.000010 0.761934 0.218790 0.019246
0.000010 0.000010 0.000010 0.727300 0.272660 0.000010
0.000010 0.000010 0.000010 0.689980 0.309980 0.000010
0.001304 0.000010 0.000010 0.723065 0.275602 0.000010
0.000010 0.000010 0.000010 0.703249 0.288125 0.008596
0.000010 0.001947 0.000010 0.707601 0.289926 0.000506
0.000010 0.000010 0.003242 0.717101 0.279627 0.000010
0.000010 0.000010 0.000010 0.755831 0.231953 0.012186
0.001582 0.000010 0.000010 0.715877 0.282511 0.000010
0.000010 0.000010 0.000010 0.716413 0.267603 0.015955
0.000010 0.000010 0.000010 0.653857 0.346103 0.000010
0.000010 0.000010 0.000010 0.700217 0.299743 0.000010
0.002836 0.000010 0.000010 0.707811 0.289324 0.000010
0.000010 0.000010 0.007572 0.734417 0.257981 0.000010
0.000010 0.000010 0.000010 0.682522 0.317438 0.000010
0.340747 0.146505 0.077297 0.009645 0.255141 0.170665
0.300606 0.278496 0.015750 0.052548 0.285414 0.067186
0.259028 0.220114 0.036233 0.045559 0.305748 0.133319
0.061501 0.051795 0.026370 0.578854 0.249458 0.032021
0.406125 0.125282 0.058649 0.003753 0.264546 0.141646
0.384974 0.121243 0.063332 0.000010 0.262347 0.168093
0.181888 0.105512 0.034910 0.299028 0.308712 0.069951
0.203636 0.114021 0.033060 0.293042 0.274448 0.081792
0.222006 0.273261 0.032200 0.142359 0.259845 0.070330
0.051569 0.078216 0.839855 0.000010 0.024424 0.005927
0.385623 0.110711 0.083763 0.000010 0.293408 0.126485
0.389698 0.172072 0.048445 0.000010 0.256190 0.133584
0.185297 0.083517 0.020669 0.281825 0.327771 0.100922
0.254554 0.268574 0.022514 0.040422 0.321142 0.092793
0.237235 0.077963 0.026715 0.174218 0.430317 0.053552
0.360869 0.146336 0.065750 0.000010 0.261337 0.165698
0.188969 0.113711 0.037291 0.308984 0.283500 0.067545
0.223599 0.089676 0.014896 0.299274 0.299506 0.073050
0.144950 0.130475 0.023684 0.359577 0.254589 0.086725
0.062873 0.097964 0.000010 0.558422 0.245740 0.034989
0.183792 0.070374 0.024932 0.279933 0.379587 0.061383
0.214155 0.076807 0.032973 0.191980 0.422229 0.061856
0.410343 0.167763 0.047313 0.000010 0.232400 0.142170
0.187501 0.090890 0.057379 0.183540 0.412864 0.067825
0.396200 0.136543 0.035766 0.006555 0.290500 0.134436
0.170990 0.102404 0.010098 0.328354 0.316500 0.071655
0.193648 0.084083 0.019201 0.313568 0.315307 0.074193
0.111331 0.087674 0.000010 0.518649 0.238749 0.043588
0.374946 0.135637 0.076254 0.000010 0.272758 0.140394
0.220913 0.048751 0.039224 0.181521 0.433236 0.076356
0.355223 0.148323 0.089288 0.000010 0.279887 0.127269
0.169313 0.320495 0.030028 0.122639 0.287405 0.070120
0.203301 0.256834 0.012497 0.145711 0.308737 0.072920
0.421183 0.116066 0.069844 0.000010 0.267522 0.125375
0.367207 0.164412 0.059265 0.000010 0.260021 0.149084
0.226622 0.057789 0.019616 0.182284 0.430307 0.083382
0.053638 0.041032 0.016261 0.571450 0.260358 0.057261
0.126394 0.077650 0.026530 0.434283 0.260842 0.074302
0.184992 0.120127 0.004388 0.312667 0.308739 0.069087
0.208866 0.261682 0.019622 0.102063 0.330144 0.077622
0.192191 0.077654 0.039748 0.189866 0.427450 0.073092
0.185607 0.325828 0.036623 0.106738 0.268822 0.076384
0.069603 0.075143 0.019420 0.570971 0.230242 0.034621
0.154618 0.324331 0.000010 0.134612 0.303918 0.082512
0.380694 0.145266 0.054465 0.000010 0.272327 0.147238
0.252120 0.086758 0.004644 0.170076 0.422084 0.064317
0.185312 0.140028 0.007057 0.312224 0.282652 0.072726
0.223739 0.104172 0.017240 0.308587 0.305977 0.040285
0.209582 0.099489 0.023861 0.311693 0.295114 0.060261
0.243201 0.082880 0.034578 0.160449 0.412549 0.066343
0.409887 0.128422 0.057141 0.000010 0.275887 0.128654
0.298625 0.273879 0.020123 0.022393 0.292821 0.092159
0.214351 0.283086 0.011454 0.137463 0.274621 0.079024
0.066818 0.055421 0.013246 0.580889 0.242141 0.041485
0.367374 0.128616 0.061159 0.000010 0.274440 0.168401
0.374184 0.160353 0.059246 0.000010 0.272188 0.134019
0.100258 0.076963 0.000648 0.481393 0.277788 0.062949
0.193262 0.038561 0.049119 0.319424 0.328150 0.071485
0.077206 0.028368 0.026890 0.551852 0.247082 0.068603
0.201845 0.070186 0.029836 0.180938 0.428907 0.088289
0.188990 0.297810 0.007209 0.118408 0.289786 0.097797
0.200129 0.309462 0.000010 0.099347 0.297401 0.093652
0.182853 0.071995 0.000010 0.343441 0.321629 0.080072
0.384964 0.088767 0.073285 0.000010 0.282346 0.170629
0.407407 0.128972 0.072694 0.000010 0.267805 0.123112
0.373388 0.142517 0.074246 0.000010 0.257283 0.152556
0.131615 0.073299 0.015030 0.464809 0.269657 0.045590
0.282052 0.119163 0.038120 0.192355 0.289418 0.078893
0.069595 0.076166 0.006122 0.560091 0.221824 0.066201
0.393709 0.127645 0.067673 0.000010 0.287967 0.122996
0.241400 0.051735 0.022477 0.173984 0.434500 0.075904
0.238219 0.290994 0.000010 0.044274 0.320614 0.105889
0.144571 0.101230 0.021444 0.240494 0.428823 0.063439
0.217302 0.291215 0.013261 0.124738 0.291446 0.062037
0.403166 0.147893 0.046729 0.000010 0.266244 0.135958
0.372691 0.146703 0.086802 0.000010 0.252563 0.141231
0.385156 0.128993 0.085948 0.000459 0.280565 0.118878
0.172757 0.105316 0.037121 0.314983 0.295942 0.073881
0.087217 0.069019 0.010957 0.533877 0.264660 0.034270
0.048588 0.079509 0.014760 0.556083 0.232943 0.068117
0.196570 0.176577 0.025733 0.211522 0.303752 0.085846
0.216864 0.080199 0.030593 0.172471 0.450684 0.049190
0.164471 0.278262 0.060384 0.129651 0.277368 0.089864
0.175235 0.313628 0.020060 0.085435 0.319206 0.086435
0.180867 0.349240 0.025967 0.074182 0.310116 0.059627
0.163214 0.410513 0.025509 0.072779 0.275486 0.052499
0.547645 0.261741 0.057207 0.019103 0.067789 0.046515
0.394551 0.148891 0.036869 0.000010 0.292350 0.127330
0.081790 0.609764 0.000010 0.087911 0.197430 0.023095
0.150721 0.236336 0.012696 0.243404 0.273239 0.083604
0.179099 0.355482 0.019449 0.059127 0.276466 0.110378
0.187389 0.325984 0.035355 0.082214 0.282221 0.086836
0.254310 0.297646 0.005932 0.048485 0.329041 0.064586
0.180254 0.349207 0.010846 0.092858 0.285404 0.081431
0.720144 0.193240 0.035044 0.017241 0.034320 0.000010
0.370328 0.144517 0.053501 0.000010 0.303050 0.128594
0.292826 0.209160 0.006661 0.047402 0.352381 0.091571
0.074013 0.594316 0.005512 0.068933 0.222769 0.034458
0.119443 0.521370 0.000010 0.086275 0.228909 0.043992
0.424879 0.098969 0.054819 0.000010 0.330419 0.090904
0.350229 0.189590 0.051500 0.000010 0.264066 0.144605
0.180370 0.400563 0.016829 0.107641 0.259677 0.034921
0.405575 0.128300 0.025621 0.000010 0.316038 0.124456
0.657607 0.271849 0.036166 0.001157 0.033211 0.000010
0.409439 0.118345 0.053928 0.000010 0.297725 0.120553
0.288389 0.186803 0.000010 0.047787 0.334218 0.142792
0.078145 0.583591 0.000010 0.080880 0.216056 0.041317
0.144023 0.507058 0.000010 0.071877 0.217365 0.059668
0.220475 0.280817 0.012910 0.055521 0.316944 0.113333
0.414322 0.134170 0.049206 0.000010 0.284973 0.117319
0.171628 0.404598 0.004775 0.115352 0.262229 0.041418
0.160102 0.389498 0.032672 0.071659 0.280674 0.065395
0.396195 0.108312 0.052750 0.000010 0.316970 0.125763
0.637501 0.210728 0.045976 0.037378 0.044045 0.024373
0.380376 0.100185 0.077619 0.000010 0.315456 0.126354
0.296663 0.201763 0.020060 0.023289 0.336319 0.121905
0.066201 0.523300 0.024276 0.078028 0.246979 0.061218
0.086743 0.615675 0.000010 0.083494 0.184491 0.029587
0.210167 0.240801 0.031641 0.131219 0.325035 0.061136
0.150106 0.429057 0.005160 0.095466 0.255623 0.064588
0.695855 0.218216 0.083072 0.001925 0.000922 0.000010
0.417272 0.114350 0.055335 0.000010 0.291175 0.121858
0.082453 0.564581 0.000010 0.081655 0.207422 0.063879
0.133331 0.567823 0.013890 0.066301 0.181634 0.037020
0.211827 0.307351 0.011795 0.123374 0.290339 0.055314
0.066845 0.131646 0.780044 0.000010 0.021445 0.000010
0.203456 0.268676 0.039829 0.099825 0.302528 0.085687
0.194770 0.382108 0.013375 0.089020 0.283162 0.037566
0.696506 0.220332 0.041408 0.011486 0.020851 0.009417
0.382859 0.134411 0.081217 0.000010 0.285639 0.115864
0.266105 0.170499 0.040874 0.036882 0.337055 0.148586
0.076119 0.531985 0.000010 0.103870 0.221111 0.066904
0.072199 0.611481 0.000010 0.079003 0.224051 0.013256
0.218946 0.359576 0.011010 0.073658 0.270857 0.065954
0.164521 0.218837 0.040057 0.197866 0.302061 0.076658
0.259820 0.335022 0.000010 0.038020 0.293349 0.073779
0.150169 0.272820 0.030247 0.186256 0.299156 0.061352
0.190502 0.382146 0.020166 0.078160 0.282387 0.046639
0.571261 0.246085 0.044796 0.031044 0.048067 0.058746
0.390749 0.122620 0.079952 0.000010 0.287094 0.119576
0.051689 0.600365 0.000010 0.075528 0.222008 0.050401
0.232390 0.243552 0.021576 0.066019 0.309766 0.126697
0.195929 0.366993 0.022119 0.062506 0.259790 0.092662
0.389019 0.116265 0.080494 0.000010 0.280613 0.133599
0.208154 0.321862 0.039680 0.056777 0.297526 0.076002
0.190629 0.364440 0.000010 0.073047 0.295866 0.076007
0.175300 0.402649 0.004322 0.081946 0.292390 0.043392
0.602633 0.226071 0.065504 0.030279 0.042542 0.032971
0.412869 0.116303 0.057834 0.000010 0.307831 0.105153
0.058209 0.583167 0.000010 0.074228 0.225743 0.058643
0.075122 0.550955 0.004928 0.081639 0.238536 0.048820
0.206049 0.337857 0.018255 0.072076 0.269650 0.096113
0.620064 0.081672 0.054452 0.026402 0.139493 0.077917
0.718386 0.030945 0.013715 0.001012 0.164371 0.071571
0.616015 0.248217 0.087917 0.023288 0.000010 0.024553
0.499698 0.180567 0.055290 0.052326 0.101292 0.110826
0.361274 0.321811 0.049969 0.017388 0.083750 0.165808
0.405319 0.356566 0.057461 0.047058 0.063345 0.070251
0.380364 0.265084 0.085739 0.019853 0.086820 0.162140
0.663073 0.121898 0.000010 0.011853 0.149279 0.053886
0.645157 0.110190 0.020952 0.038012 0.135589 0.050101
0.561888 0.399101 0.037573 0.001418 0.000010 0.000010
0.611750 0.235491 0.063913 0.026497 0.008489 0.053860
0.657716 0.128800 0.024911 0.012886 0.114797 0.060890
0.752012 0.087313 0.003710 0.013462 0.117719 0.025785
0.583045 0.272420 0.068888 0.016867 0.017958 0.040822
0.262227 0.425340 0.108196 0.012296 0.062822 0.129119
0.676176 0.137214 0.028613 0.007503 0.107026 0.043468
0.702841 0.082054 0.037628 0.006605 0.143889 0.026982
0.529362 0.248439 0.054821 0.022121 0.061473 0.083785
0.594000 0.360695 0.033890 0.000010 0.000010 0.011395
0.533330 0.439278 0.016943 0.010430 0.000010 0.000010
0.593053 0.388498 0.007227 0.011202 0.000010 0.000010
0.696856 0.153932 0.050963 0.027318 0.000010 0.070921
0.758030 0.025579 0.000010 0.015553 0.157017 0.043811
0.518457 0.199665 0.026407 0.020982 0.122915 0.111574
0.628627 0.289016 0.036991 0.019229 0.020406 0.005732
0.102547 0.159798 0.585431 0.029356 0.080478 0.042390
0.665729 0.126757 0.045742 0.007581 0.099039 0.055153
0.586795 0.209273 0.062530 0.016604 0.090328 0.034470
0.643759 0.140251 0.043122 0.023169 0.090830 0.058870
0.560792 0.380704 0.050158 0.008327 0.000010 0.000010
0.596749 0.376720 0.020129 0.006382 0.000010 0.000010
0.518710 0.458253 0.012620 0.010397 0.000010 0.000010
0.448555 0.330569 0.016844 0.047284 0.090976 0.065772
0.750496 0.036786 0.021807 0.012087 0.126160 0.052664
0.658575 0.140194 0.035883 0.015795 0.138347 0.011207
0.626594 0.231421 0.018628 0.019011 0.051290 0.053057
0.354548 0.169106 0.076070 0.108295 0.175457 0.116524
0.710261 0.136154 0.028001 0.011333 0.085274 0.028978
0.664775 0.105122 0.031544 0.005671 0.157031 0.035858
0.673290 0.108212 0.022166 0.012492 0.120016 0.063824
0.552213 0.108061 0.047169 0.046401 0.156987 0.089169
0.522451 0.423616 0.023907 0.016067 0.000010 0.013949
0.538625 0.436993 0.024352 0.000010 0.000010 0.000010
0.629460 0.252409 0.067676 0.021056 0.000010 0.029389
0.719511 0.028809 0.051189 0.016361 0.142213 0.041917
0.741358 0.031191 0.000010 0.021813 0.154905 0.050722
0.274640 0.471654 0.088233 0.020597 0.022195 0.122680
0.353034 0.230108 0.065811 0.064084 0.111740 0.175223
0.303286 0.326937 0.086542 0.028447 0.058452 0.196337
0.360589 0.287491 0.065353 0.021397 0.091331 0.173838
0.568801 0.195092 0.058859 0.026483 0.092366 0.058400
0.544558 0.426001 0.012888 0.010711 0.000010 0.005832
0.562896 0.269640 0.058719 0.018078 0.047345 0.043322
0.584485 0.395000 0.020485 0.000010 0.000010 0.000010
0.539934 0.154878 0.050810 0.097848 0.086884 0.069645
0.383364 0.268917 0.081851 0.026232 0.067141 0.172496
0.214516 0.553794 0.152401 0.011165 0.026921 0.041203
0.375599 0.294211 0.087064 0.030009 0.057171 0.155946
0.728375 0.072993 0.016956 0.027125 0.116221 0.038331
0.622560 0.123132 0.063217 0.005309 0.097281 0.088501
0.627299 0.129423 0.058739 0.016804 0.091876 0.075858
0.561209 0.410432 0.010845 0.017495 0.000010 0.000010
0.559590 0.403317 0.032030 0.005044 0.000010 0.000010
0.621837 0.269373 0.037454 0.004621 0.023444 0.043271
0.571757 0.245590 0.042592 0.011983 0.053726 0.074351
0.744030 0.085926 0.009246 0.000010 0.120932 0.039856
0.406209 0.272462 0.083562 0.018901 0.075755 0.143110
0.550854 0.252571 0.034533 0.012296 0.077361 0.072384
0.577478 0.151679 0.050968 0.025354 0.106466 0.088055
0.303990 0.254946 0.084850 0.048977 0.143543 0.163693
0.164380 0.526630 0.135102 0.013783 0.059716 0.100389
0.765870 0.064826 0.036353 0.013087 0.108277 0.011587
0.672822 0.112999 0.024980 0.018320 0.104207 0.066671
0.561478 0.385595 0.043877 0.009030 0.000010 0.000010
0.582379 0.406452 0.011139 0.000010 0.000010 0.000010
0.623574 0.225386 0.071663 0.020305 0.005499 0.053573
0.577889 0.220901 0.081705 0.012726 0.007411 0.099368
0.509232 0.173942 0.042209 0.004780 0.160350 0.109487
0.450660 0.151318 0.061373 0.064495 0.170128 0.102026
0.255129 0.501687 0.110686 0.000560 0.035392 0.096546
0.685269 0.151166 0.024959 0.023751 0.097346 0.017509
0.648816 0.121919 0.036983 0.020388 0.108898 0.062996
0.685011 0.093022 0.035455 0.016950 0.130922 0.038640
0.348916 0.261762 0.046345 0.082070 0.159458 0.101449
0.565194 0.434766 0.000010 0.000010 0.000010 0.000010
0.556697 0.379576 0.043938 0.000081 0.000010 0.019699
0.612027 0.160165 0.000010 0.017617 0.136122 0.074059
0.625720 0.245807 0.071868 0.006705 0.000010 0.049891
0.564761 0.202543 0.065263 0.013682 0.086345 0.067405
0.615205 0.317643 0.064568 0.002564 0.000010 0.000010
0.498665 0.270742 0.073350 0.027226 0.073217 0.056800
0.294397 0.172038 0.012339 0.030226 0.334780 0.156220
0.198348 0.350334 0.020044 0.052550 0.286268 0.092457
0.193278 0.376736 0.023311 0.050809 0.264516 0.091350
0.272189 0.250706 0.029318 0.044443 0.305926 0.097418
0.508837 0.268862 0.073396 0.015186 0.045561 0.088159
0.195332 0.000303 0.030762 0.000010 0.773583 0.000010
0.000010 0.032768 0.957151 0.000010 0.010051 0.000010
0.411295 0.123115 0.056851 0.000010 0.287901 0.120828
0.215715 0.324475 0.027147 0.067221 0.276580 0.088862
0.260713 0.176285 0.008863 0.094271 0.330261 0.129608
0.576017 0.234979 0.066626 0.043913 0.051392 0.027073
0.191504 0.000010 0.019685 0.000010 0.788782 0.000010
0.265761 0.021622 0.012743 0.000010 0.694135 0.005729
0.032391 0.031391 0.936187 0.000010 0.000010 0.000010
0.330567 0.153270 0.052268 0.017405 0.310704 0.135786
0.265057 0.181442 0.006197 0.050447 0.347466 0.149391
0.298287 0.260473 0.001452 0.030581 0.321416 0.087790
0.419375 0.131173 0.044484 0.000010 0.278487 0.126472
0.274827 0.104169 0.037909 0.061779 0.407175 0.114140
0.255610 0.173168 0.007874 0.075729 0.395027 0.092594
0.275786 0.153936 0.000010 0.071881 0.405574 0.092812
0.233734 0.092268 0.009335 0.033809 0.617369 0.013485
0.300083 0.033832 0.000010 0.021208 0.637389 0.007479
0.026236 0.127338 0.817728 0.000010 0.005034 0.023653
0.369256 0.121452 0.091402 0.000010 0.281509 0.136371
0.375418 0.156442 0.050813 0.000010 0.303513 0.113804
0.155010 0.411328 0.020810 0.074186 0.247682 0.090984
0.655094 0.259298 0.026285 0.008862 0.020006 0.030455
0.440141 0.108434 0.071612 0.000010 0.276182 0.103622
0.281702 0.134256 0.006327 0.056786 0.420037 0.100893
0.286099 0.132460 0.038035 0.046957 0.404698 0.091750
0.228353 0.000010 0.014481 0.000010 0.757135 0.000010
0.234500 0.072729 0.016261 0.010861 0.636042 0.029607
0.231173 0.355769 0.032953 0.053438 0.284911 0.041756
0.251140 0.213223 0.036327 0.057707 0.305578 0.136026
0.359941 0.128393 0.047914 0.034029 0.309940 0.119783
0.651033 0.242755 0.073019 0.008554 0.009709 0.014930
0.270272 0.164473 0.010774 0.083312 0.389040 0.082129
0.284938 0.169361 0.000010 0.049658 0.401966 0.094066
0.228700 0.017006 0.017823 0.000010 0.736451 0.000010
0.233677 0.040107 0.010291 0.000010 0.715905 0.000010
0.231958 0.075580 0.020939 0.017663 0.642214 0.011647
0.404616 0.301388 0.048893 0.040991 0.074636 0.129476
0.234639 0.320273 0.008337 0.050743 0.299977 0.086031
0.263759 0.244048 0.000010 0.038601 0.315552 0.138030
0.299256 0.185193 0.000010 0.036510 0.335934 0.143098
0.592582 0.258835 0.088681 0.014065 0.023054 0.022783
0.234203 0.032004 0.037339 0.190388 0.412347 0.093718
0.228545 0.171913 0.000010 0.086397 0.399579 0.113555
0.232731 0.029005 0.007406 0.000010 0.730838 0.000010
0.241449 0.010376 0.030446 0.000010 0.697518 0.020201
0.235401 0.054945 0.037012 0.001074 0.663031 0.008537
0.386432 0.173857 0.035940 0.000010 0.246998 0.156762
0.262661 0.263506 0.022351 0.041524 0.313428 0.096531
0.711485 0.228815 0.045366 0.008710 0.005613 0.000010
0.070939 0.171024 0.730684 0.001652 0.025692 0.000010
0.284087 0.143465 0.003276 0.072953 0.411054 0.085165
0.244704 0.191608 0.000010 0.073953 0.406312 0.083413
0.202577 0.068704 0.017816 0.000010 0.710883 0.000010
0.240107 0.055189 0.015296 0.014235 0.675162 0.000010
0.000010 0.090179 0.903649 0.000010 0.006143 0.000010
0.715545 0.100491 0.021638 0.024270 0.116102 0.021953
0.254063 0.178032 0.013799 0.061453 0.335369 0.157284
0.647019 0.249497 0.057563 0.002023 0.021380 0.022518
0.036434 0.069418 0.869995 0.003631 0.020512 0.000010
0.261119 0.220681 0.000010 0.053641 0.396777 0.067773
0.300016 0.148860 0.010031 0.093733 0.389362 0.057998
0.270425 0.143914 0.000010 0.072839 0.396846 0.115965
0.242514 0.032569 0.024810 0.000010 0.676992 0.023105
0.261887 0.045880 0.005060 0.000010 0.687154 0.000010
0.044276 0.000010 0.955684 0.000010 0.000010 0.000010
