0.409879 0.086576 0.503544
0.304919 0.042194 0.652887
0.412446 0.074847 0.512707
0.343405 0.036191 0.620404
0.412341 0.074108 0.513551
0.371831 0.074795 0.553374
0.353896 0.061243 0.584862
0.055111 0.005358 0.939531
0.021930 0.039061 0.939009
0.000227 0.000010 0.999763
0.068990 0.077455 0.853555
0.082697 0.053119 0.864185
0.896213 0.103777 0.000010
0.796394 0.197613 0.005993
0.973290 0.022007 0.004703
0.779842 0.204108 0.016050
0.386724 0.098776 0.514500
0.375392 0.081887 0.542721
0.022238 0.014751 0.963011
0.071547 0.011006 0.917447
0.071185 0.000010 0.928805
0.000010 0.000010 0.999980
0.067872 0.073185 0.858943
0.083124 0.054830 0.862046
0.941991 0.057999 0.000010
0.935580 0.062765 0.001656
0.954029 0.032899 0.013072
0.782399 0.217591 0.000010
0.381779 0.091275 0.526946
0.391861 0.091707 0.516432
0.066724 0.013935 0.919341
0.049164 0.027050 0.923787
0.000010 0.000010 0.999980
0.000010 0.000010 0.999980
0.052080 0.082250 0.865670
0.057505 0.080530 0.861966
0.894659 0.105331 0.000010
0.936626 0.048452 0.014922
0.935013 0.064977 0.000010
0.791551 0.193671 0.014778
0.363267 0.079054 0.557679
0.379258 0.100966 0.519776
0.052704 0.009046 0.938250
0.038495 0.000010 0.961495
0.000010 0.000010 0.999980
0.000785 0.000010 0.999205
0.000010 0.000010 0.999980
0.076791 0.076741 0.846469
0.059753 0.080788 0.859459
0.894477 0.105513 0.000010
0.981429 0.000010 0.018561
0.950415 0.049575 0.000010
0.816737 0.160635 0.022628
0.927874 0.072116 0.000010
0.593696 0.406294 0.000010
0.898320 0.101670 0.000010
0.840161 0.113283 0.046556
0.807480 0.148172 0.044348
0.883770 0.073377 0.042853
0.813508 0.135577 0.050916
0.438809 0.090488 0.470703
0.865486 0.134504 0.000010
0.852156 0.147834 0.000010
0.806589 0.109638 0.083773
0.696541 0.132838 0.170621
0.795252 0.152191 0.052556
0.773437 0.155159 0.071403
0.387512 0.100524 0.511964
0.387430 0.092027 0.520543
0.887842 0.112148 0.000010
0.650326 0.349664 0.000010
0.902433 0.097557 0.000010
0.801861 0.132827 0.065312
0.772100 0.177707 0.050193
0.837122 0.138516 0.024362
0.763246 0.147670 0.089083
0.414100 0.129247 0.456653
0.410542 0.121395 0.468063
0.388074 0.094981 0.516945
0.029709 0.041392 0.928899
0.000010 0.000010 0.999980
0.002154 0.000010 0.997836
0.000010 0.000010 0.999980
0.080278 0.078971 0.840750
0.053017 0.082532 0.864451
0.880534 0.119456 0.000010
0.995148 0.000010 0.004842
0.893889 0.106101 0.000010
0.771301 0.194754 0.033944
0.398553 0.085430 0.516017
0.216957 0.041659 0.741383
0.041238 0.024487 0.934276
0.036382 0.019892 0.943726
0.000010 0.000010 0.999980
0.000010 0.000010 0.999980
0.082610 0.062525 0.854865
0.070297 0.073203 0.856500
0.890190 0.109800 0.000010
0.938240 0.061750 0.000010
0.787058 0.194172 0.018770
0.890984 0.109006 0.000010
0.408665 0.591325 0.000010
0.902493 0.096551 0.000957
0.851792 0.092251 0.055958
0.816687 0.134172 0.049141
0.808351 0.152206 0.039443
0.353095 0.122227 0.524678
0.405678 0.082813 0.511508
0.056226 0.002348 0.941426
0.065234 0.005174 0.929593
0.000010 0.000010 0.999980
0.000010 0.000010 0.999980
0.072829 0.079140 0.848031
0.873852 0.125483 0.000665
0.970555 0.029435 0.000010
0.978066 0.009244 0.012690
0.795263 0.192958 0.011779
0.890203 0.104800 0.004997
0.581910 0.414925 0.003165
0.906909 0.093081 0.000010
0.849150 0.099164 0.051685
0.847132 0.091203 0.061664
0.825040 0.138505 0.036456
0.490030 0.098921 0.411049
0.375870 0.069256 0.554874
0.027112 0.013881 0.959007
0.047359 0.000010 0.952631
0.000010 0.000010 0.999980
0.000010 0.000010 0.999980
0.078604 0.056181 0.865215
0.088468 0.073640 0.837892
0.854158 0.145506 0.000336
0.986040 0.006314 0.007646
0.987371 0.010759 0.001870
0.778123 0.204933 0.016944
0.866393 0.133597 0.000010
0.600313 0.399677 0.000010
0.908938 0.091052 0.000010
0.837751 0.079333 0.082916
0.761845 0.171357 0.066798
0.749051 0.120667 0.130282
0.344607 0.080611 0.574781
0.372782 0.070136 0.557081
0.056609 0.000010 0.943381
0.006160 0.038768 0.955072
0.000010 0.000010 0.999980
0.000010 0.000010 0.999980
0.000010 0.000010 0.999980
0.049500 0.108658 0.841842
0.060984 0.051596 0.887419
0.865895 0.134095 0.000010
0.888501 0.090326 0.021173
0.984964 0.000010 0.015026
0.780033 0.195153 0.024814
0.841128 0.158862 0.000010
0.897320 0.099175 0.003505
0.795759 0.165396 0.038845
0.798515 0.138098 0.063387
0.794508 0.143110 0.062382
0.838586 0.117713 0.043701
0.954415 0.000010 0.045575
0.415932 0.071006 0.513062
0.051522 0.000010 0.948468
0.008800 0.024322 0.966878
0.000010 0.000010 0.999980
0.072129 0.086208 0.841663
0.051527 0.076064 0.872408
0.910678 0.089312 0.000010
0.955759 0.044231 0.000010
0.930200 0.069790 0.000010
0.910736 0.089254 0.000010
0.599588 0.400402 0.000010
0.892117 0.107873 0.000010
0.833977 0.095012 0.071011
0.833458 0.110328 0.056214
0.701699 0.152092 0.146209
0.854837 0.103687 0.041475
0.311090 0.091344 0.597567
0.961502 0.000010 0.038488
0.042249 0.012595 0.945156
0.000010 0.000010 0.999980
0.045891 0.025737 0.928371
0.053370 0.008976 0.937655
0.889388 0.110602 0.000010
0.795294 0.166806 0.037900
0.597917 0.402073 0.000010
0.912729 0.087261 0.000010
0.829676 0.099866 0.070458
0.791745 0.170611 0.037644
0.638420 0.114134 0.247445
0.379118 0.093461 0.527420
0.961329 0.000010 0.038661
0.000172 0.000010 0.999818
0.061387 0.107454 0.831159
0.076494 0.057595 0.865911
0.092283 0.054601 0.853116
0.965662 0.022552 0.011786
0.949973 0.050017 0.000010
0.851470 0.148520 0.000010
0.896339 0.103651 0.000010
0.598890 0.401100 0.000010
0.827041 0.113870 0.059089
0.787571 0.141206 0.071224
0.763014 0.165853 0.071133
0.828204 0.125726 0.046071
0.791259 0.166377 0.042364
0.958660 0.000010 0.041330
0.662885 0.337105 0.000010
0.887946 0.112044 0.000010
0.821233 0.116810 0.061956
0.809859 0.126774 0.063367
0.671903 0.164050 0.164046
0.808998 0.157811 0.033192
0.344903 0.093986 0.561111
0.974299 0.000010 0.025691
0.967754 0.000010 0.032236
0.858867 0.105226 0.035907
0.945457 0.054533 0.000010
0.624236 0.307950 0.067814
0.769594 0.062658 0.167748
0.719060 0.057167 0.223773
0.932277 0.065454 0.002270
0.936498 0.063492 0.000010
0.923415 0.072699 0.003886
0.915604 0.037074 0.047322
0.961958 0.000010 0.038032
0.942580 0.057410 0.000010
0.575408 0.342966 0.081627
0.732453 0.071135 0.196412
0.821093 0.093923 0.084984
0.893982 0.103006 0.003012
0.912607 0.087383 0.000010
0.807529 0.000010 0.192461
0.853293 0.092902 0.053805
0.965618 0.000010 0.034372
0.651097 0.343196 0.005707
0.542651 0.418987 0.038363
0.662256 0.109399 0.228345
0.771084 0.071693 0.157222
0.908409 0.079050 0.012541
0.909956 0.076856 0.013188
0.948337 0.047272 0.004392
0.870517 0.000010 0.129473
0.962647 0.000010 0.037343
0.863851 0.111666 0.024483
0.650958 0.346397 0.002645
0.610202 0.293024 0.096773
0.562878 0.050090 0.387032
0.720461 0.108792 0.170747
0.916661 0.080376 0.002963
0.903134 0.084247 0.012619
0.911879 0.081078 0.007043
0.783421 0.000010 0.216569
0.079964 0.067408 0.852629
0.066661 0.080102 0.853237
0.849002 0.150988 0.000010
0.982673 0.000010 0.017317
0.794678 0.189721 0.015602
0.966596 0.000010 0.033394
0.984680 0.012980 0.002340
0.658878 0.341112 0.000010
0.650601 0.274826 0.074574
0.710245 0.040069 0.249687
0.757383 0.083955 0.158662
0.908138 0.071792 0.020070
0.922423 0.077567 0.000010
0.900528 0.081396 0.018076
0.872802 0.021291 0.105907
0.953565 0.046425 0.000010
0.577048 0.420279 0.002673
0.759790 0.060829 0.179381
0.748296 0.097918 0.153787
0.625372 0.066559 0.308069
0.923129 0.060496 0.016376
0.866986 0.114745 0.018269
0.921514 0.078476 0.000010
0.603394 0.396596 0.000010
0.638606 0.309123 0.052271
0.752156 0.072851 0.174993
0.749775 0.093718 0.156507
0.924017 0.073990 0.001993
0.935597 0.059420 0.004983
0.920534 0.069189 0.010278
0.826288 0.000010 0.173702
0.900538 0.057758 0.041704
0.953112 0.046878 0.000010
0.614625 0.385307 0.000067
0.627397 0.276008 0.096595
0.753178 0.069129 0.177693
0.731651 0.083851 0.184498
0.895354 0.097967 0.006679
0.910841 0.082516 0.006644
0.899046 0.086489 0.014465
0.885287 0.071411 0.043302
0.941234 0.058756 0.000010
0.574284 0.346379 0.079337
0.773717 0.051370 0.174912
0.752919 0.066613 0.180468
0.905224 0.078052 0.016724
0.870337 0.096757 0.032907
0.956106 0.043884 0.000010
0.603390 0.334016 0.062593
0.761512 0.069455 0.169033
0.716944 0.080446 0.202609
0.937660 0.054839 0.007501
0.924107 0.059771 0.016122
0.805235 0.000010 0.194755
0.812595 0.000010 0.187395
0.780098 0.156085 0.063817
0.789440 0.156616 0.053944
0.330310 0.106035 0.563655
0.875785 0.085801 0.038414
0.961336 0.038654 0.000010
0.591242 0.408748 0.000010
0.755106 0.072554 0.172340
0.697745 0.078147 0.224108
0.903258 0.081470 0.015272
0.929100 0.064374 0.006527
0.795120 0.000010 0.204870
0.081898 0.065588 0.852515
0.972003 0.027987 0.000010
0.858499 0.004357 0.137144
0.895959 0.091701 0.012341
0.760203 0.074762 0.165035
0.917555 0.067413 0.015033
0.630948 0.314435 0.054618
0.596259 0.403731 0.000010
0.825735 0.130139 0.044126
0.543139 0.049971 0.406890
0.864362 0.135628 0.000010
0.097157 0.025347 0.877496
0.063595 0.047375 0.889030
0.066853 0.070443 0.862704
0.070122 0.057032 0.872846
0.504035 0.495955 0.000010
0.499292 0.500698 0.000010
0.507086 0.492904 0.000010
0.523946 0.476044 0.000010
0.106114 0.054620 0.839265
0.062140 0.010189 0.927671
0.066369 0.014963 0.918668
0.053750 0.036921 0.909328
0.063583 0.012235 0.924182
0.055698 0.035926 0.908376
0.074737 0.033003 0.892259
0.056335 0.028962 0.914704
0.172836 0.194061 0.633103
0.195779 0.072892 0.731329
0.083881 0.055390 0.860729
0.064364 0.077988 0.857648
0.075933 0.061754 0.862312
0.074994 0.076311 0.848696
0.091405 0.072108 0.836488
0.056964 0.054907 0.888130
0.091684 0.054799 0.853517
0.055893 0.089040 0.855067
0.048903 0.100891 0.850206
0.103381 0.048837 0.847782
0.051297 0.049762 0.898940
0.055540 0.046290 0.898171
0.049539 0.057347 0.893114
0.085646 0.024635 0.889718
0.070313 0.057908 0.871779
0.051237 0.052339 0.896423
0.075568 0.028186 0.896246
0.049716 0.046084 0.904201
0.050441 0.050694 0.898866
0.057535 0.046037 0.896428
0.082240 0.027891 0.889868
0.089524 0.051984 0.858492
0.086660 0.043030 0.870310
0.065691 0.065644 0.868665
0.052908 0.054778 0.892314
0.043122 0.063561 0.893317
0.059985 0.044672 0.895344
0.055021 0.038635 0.906345
0.083140 0.054002 0.862857
0.047725 0.089031 0.863243
0.076362 0.059797 0.863841
0.065969 0.036188 0.897843
0.076645 0.021305 0.902049
0.083522 0.048426 0.868053
0.046218 0.062875 0.890907
0.088157 0.019306 0.892537
0.077276 0.033425 0.889299
0.055714 0.050504 0.893782
0.045201 0.037129 0.917670
0.089336 0.033854 0.876810
0.057149 0.051498 0.891354
0.085040 0.058011 0.856949
0.053977 0.069320 0.876702
0.066800 0.066173 0.867027
0.051723 0.070552 0.877725
0.045479 0.097896 0.856625
0.049357 0.062212 0.888432
0.104493 0.038310 0.857197
0.069757 0.046359 0.883884
0.059626 0.054759 0.885615
0.060144 0.056729 0.883127
0.085635 0.080778 0.833588
0.081632 0.064343 0.854025
0.064999 0.068974 0.866027
0.075722 0.060938 0.863340
0.224903 0.285169 0.489928
0.044421 0.065395 0.890184
0.063562 0.024808 0.911630
0.055593 0.041959 0.902448
0.056086 0.034975 0.908939
0.057924 0.057547 0.884529
0.049825 0.037411 0.912764
0.079702 0.007154 0.913145
0.070046 0.008787 0.921168
0.062013 0.044804 0.893182
0.072002 0.060305 0.867693
0.068323 0.044691 0.886986
0.093826 0.037951 0.868223
0.075624 0.051316 0.873060
0.062305 0.052552 0.885143
0.069851 0.011029 0.919120
0.045965 0.070486 0.883549
0.094562 0.025803 0.879635
0.087995 0.077897 0.834108
0.067047 0.057992 0.874961
0.081218 0.043183 0.875599
0.039288 0.058305 0.902406
0.069878 0.067547 0.862575
0.434819 0.525469 0.039712
0.307246 0.591327 0.101427
0.388046 0.519540 0.092414
0.122300 0.165850 0.711850
0.431880 0.536493 0.031628
0.463744 0.530765 0.005491
0.265224 0.339002 0.395774
0.267069 0.351658 0.381273
0.265492 0.530817 0.203690
0.073204 0.910329 0.016467
0.433476 0.548336 0.018188
0.416855 0.565787 0.017358
0.313690 0.308957 0.377353
0.345200 0.563121 0.091678
0.348754 0.376968 0.274278
0.450501 0.542659 0.006840
0.250055 0.347966 0.401979
0.277714 0.330080 0.392207
0.234215 0.310359 0.455425
0.125731 0.186968 0.687301
0.299826 0.312625 0.387549
0.349045 0.360194 0.290762
0.417372 0.576709 0.005919
0.339752 0.378891 0.281357
0.435115 0.525429 0.039456
0.262197 0.307154 0.430649
0.279187 0.308819 0.411994
0.150631 0.211161 0.638208
0.428968 0.546914 0.024117
0.376343 0.342519 0.281138
0.416283 0.562942 0.020775
0.260915 0.551731 0.187354
0.287635 0.495206 0.217159
0.429900 0.552447 0.017653
0.428308 0.551054 0.020638
0.382702 0.337305 0.279993
0.154096 0.141722 0.704182
0.213165 0.243786 0.543049
0.263891 0.325295 0.410813
0.309499 0.521612 0.168890
0.357599 0.351514 0.290887
0.262815 0.571000 0.166185
0.117305 0.183826 0.698870
0.276387 0.518519 0.205094
0.437860 0.543304 0.018837
0.363083 0.372145 0.264772
0.247378 0.346625 0.405997
0.243177 0.350294 0.406529
0.254577 0.338393 0.407030
0.355555 0.390359 0.254087
0.435680 0.555355 0.008965
0.345557 0.587920 0.066523
0.276185 0.523409 0.200406
0.127200 0.160841 0.711959
0.462317 0.514722 0.022960
0.423143 0.561997 0.014860
0.193433 0.205070 0.601496
0.285015 0.292817 0.422168
0.171067 0.151737 0.677196
0.378695 0.341498 0.279807
0.299811 0.518372 0.181818
0.310559 0.528881 0.160560
0.280391 0.271424 0.448184
0.475083 0.502567 0.022350
0.417993 0.560875 0.021132
0.431205 0.548547 0.020248
0.183913 0.234445 0.581641
0.310397 0.424362 0.265241
0.148864 0.169056 0.682080
0.431829 0.557516 0.010655
0.384804 0.343146 0.272049
0.356226 0.546562 0.097212
0.320130 0.327573 0.352298
0.268875 0.541704 0.189420
0.432985 0.553663 0.013352
0.414349 0.563992 0.021658
0.411299 0.555635 0.033066
0.257138 0.331715 0.411148
0.144618 0.192572 0.662810
0.148802 0.169855 0.681343
0.296568 0.411692 0.291740
0.350585 0.373497 0.275918
0.276498 0.529377 0.194125
0.303400 0.548461 0.148139
0.266977 0.597182 0.135841
0.234043 0.636614 0.129344
0.248557 0.727887 0.023556
0.436892 0.561155 0.001953
0.121089 0.740243 0.138669
0.248868 0.426159 0.324973
0.305995 0.584681 0.109324
0.284993 0.576509 0.138498
0.316077 0.577876 0.106047
0.277881 0.569615 0.152503
0.230095 0.753369 0.016536
0.438128 0.556473 0.005399
0.374976 0.519142 0.105882
0.142020 0.738741 0.119239
0.177777 0.682335 0.139888
0.431100 0.545411 0.023489
0.425274 0.567501 0.007225
0.203391 0.629156 0.167453
0.450025 0.534466 0.015509
0.213496 0.785373 0.001130
0.438522 0.550337 0.011140
0.424854 0.474401 0.100746
0.152040 0.715861 0.132099
0.194443 0.686789 0.118768
0.348926 0.540419 0.110655
0.428688 0.562210 0.009102
0.210068 0.612653 0.177279
0.251426 0.620807 0.127768
0.455523 0.530842 0.013636
0.244795 0.716431 0.038774
0.440774 0.524970 0.034256
0.405556 0.524059 0.070385
0.187474 0.679553 0.132973
0.122275 0.747777 0.129948
0.287590 0.510224 0.202186
0.225501 0.622501 0.151998
0.200835 0.799155 0.000010
0.435493 0.541891 0.022616
0.171661 0.698236 0.130103
0.141828 0.749304 0.108868
0.254992 0.555509 0.189499
0.052340 0.925325 0.022335
0.302890 0.534289 0.162822
0.230666 0.621070 0.148264
0.228102 0.763381 0.008517
0.414985 0.569102 0.015912
0.427772 0.483078 0.089150
0.178530 0.662167 0.159303
0.119660 0.747042 0.133298
0.263070 0.610425 0.126505
0.270994 0.450974 0.278032
0.308135 0.606699 0.085166
0.245412 0.489201 0.265387
0.238585 0.625314 0.136100
0.256954 0.709743 0.033303
0.425261 0.557748 0.016991
0.152482 0.719985 0.127533
0.367374 0.512091 0.120535
0.281492 0.608191 0.110317
0.435834 0.555184 0.008983
0.289802 0.599431 0.110766
0.285845 0.583597 0.130557
0.237387 0.620600 0.142013
0.238877 0.728552 0.032571
0.424582 0.555024 0.020395
0.168647 0.705645 0.125708
0.168795 0.696294 0.134911
0.297424 0.580054 0.122522
0.363421 0.598283 0.038295
0.412016 0.574892 0.013092
0.209708 0.770198 0.020094
0.327670 0.607461 0.064869
0.326386 0.649098 0.024516
0.218241 0.723617 0.058143
0.333002 0.639925 0.027073
0.358970 0.616078 0.024951
0.332744 0.615655 0.051601
0.127599 0.872391 0.000010
0.245904 0.730819 0.023277
0.338983 0.640337 0.020681
0.340567 0.639318 0.020115
0.224896 0.761320 0.013784
0.237253 0.742858 0.019889
0.325105 0.661989 0.012906
0.338721 0.644013 0.017265
0.282113 0.692137 0.025750
0.150055 0.849935 0.000010
0.114661 0.877171 0.008168
0.127233 0.864454 0.008313
0.291254 0.687419 0.021327
0.388831 0.586671 0.024497
0.348680 0.619601 0.031719
0.199884 0.780577 0.019540
0.132329 0.811853 0.055818
0.326131 0.662534 0.011335
0.269646 0.705617 0.024737
0.317726 0.653918 0.028356
0.123576 0.867810 0.008614
0.136812 0.860195 0.002993
0.121046 0.869708 0.009246
0.241578 0.697684 0.060738
0.373957 0.606897 0.019146
0.299303 0.673552 0.027145
0.274474 0.707768 0.017757
0.320601 0.534275 0.145123
0.296930 0.688189 0.014882
0.338465 0.643501 0.018034
0.351575 0.628489 0.019937
0.356384 0.576603 0.067012
0.134968 0.850000 0.015032
0.098639 0.901351 0.000010
0.213139 0.769200 0.017660
0.366931 0.607397 0.025672
0.390208 0.575521 0.034271
0.207259 0.769218 0.023522
0.349035 0.569757 0.081208
0.326579 0.640295 0.033126
0.341171 0.629201 0.029628
0.289152 0.675688 0.035160
0.130013 0.860577 0.009410
0.240721 0.738301 0.020978
0.124863 0.875127 0.000010
0.281074 0.602734 0.116192
0.334078 0.634921 0.031000
0.101442 0.880351 0.018207
0.303603 0.661334 0.035064
0.342258 0.623584 0.034157
0.349834 0.638785 0.011381
0.336168 0.643546 0.020286
0.121516 0.863116 0.015369
0.128017 0.869263 0.002720
0.243612 0.753827 0.002561
0.279589 0.706154 0.014257
0.353556 0.642019 0.004425
0.317536 0.657440 0.025024
0.288826 0.694656 0.016518
0.336275 0.630137 0.033587
0.341300 0.587915 0.070785
0.167711 0.807922 0.024367
0.322102 0.658107 0.019791
0.348686 0.627561 0.023752
0.092756 0.896517 0.010727
0.131296 0.868694 0.000010
0.246056 0.737698 0.016246
0.282437 0.708835 0.008728
0.368540 0.613503 0.017957
0.342965 0.566366 0.090669
0.180566 0.815434 0.004000
0.287082 0.681589 0.031329
0.333562 0.636501 0.029937
0.340028 0.633502 0.026471
0.290736 0.596174 0.113090
0.119396 0.880594 0.000010
0.158541 0.841449 0.000010
0.351355 0.618770 0.029876
0.239231 0.759226 0.001543
0.292566 0.687499 0.019934
0.175462 0.824528 0.000010
0.250669 0.714318 0.035014
0.442669 0.480033 0.077298
0.300088 0.596539 0.103373
0.284939 0.617152 0.097909
0.348228 0.555926 0.095845
0.271300 0.712176 0.016523
0.462448 0.425726 0.111826
0.036095 0.954545 0.009360
0.437002 0.552267 0.010731
0.296784 0.584082 0.119133
0.392236 0.452661 0.155103
0.225405 0.724925 0.049671
0.477297 0.425671 0.097032
0.482429 0.406514 0.111057
0.038051 0.955903 0.006047
0.423229 0.517850 0.058921
0.431888 0.462238 0.105874
0.354475 0.566053 0.079473
0.434006 0.542385 0.023609
0.431728 0.438721 0.129550
0.386891 0.466704 0.146405
0.406330 0.449836 0.143833
0.422695 0.438085 0.139220
0.453654 0.414887 0.131459
0.067068 0.926938 0.005994
0.435212 0.552142 0.012647
0.419448 0.564469 0.016083
0.257491 0.617720 0.124789
0.234648 0.759589 0.005763
0.415231 0.573045 0.011724
0.422710 0.449864 0.127426
0.408662 0.476536 0.114802
0.491288 0.408773 0.099939
0.456034 0.432439 0.111527
0.255110 0.638194 0.106696
0.381201 0.509626 0.109173
0.412528 0.510399 0.077073
0.215366 0.780376 0.004258
0.374156 0.471105 0.154740
0.403533 0.480823 0.115644
0.478971 0.408911 0.112118
0.456787 0.427709 0.115504
0.440928 0.433976 0.125096
0.294802 0.655275 0.049923
0.312464 0.584191 0.103345
0.396994 0.515969 0.087038
0.431840 0.481223 0.086937
0.214908 0.771127 0.013965
0.386307 0.327821 0.285872
0.405008 0.435539 0.159453
0.477159 0.406870 0.115971
0.488056 0.404034 0.107910
0.457907 0.435339 0.106753
0.431925 0.546250 0.021825
0.348529 0.559573 0.091898
0.206031 0.790919 0.003050
0.040001 0.937392 0.022606
0.398236 0.454852 0.146912
0.377116 0.476183 0.146700
0.437241 0.461594 0.101165
0.447527 0.421882 0.130591
0.023126 0.962542 0.014331
0.319016 0.647560 0.033424
0.422104 0.459796 0.118099
0.227417 0.772573 0.000010
0.050972 0.920434 0.028594
0.368080 0.509694 0.122226
0.358816 0.475688 0.165496
0.424764 0.433121 0.142115
0.490332 0.413417 0.096251
0.448510 0.442233 0.109257
0.056532 0.943458 0.000010
0.226558 0.761029 0.012413
0.191316 0.793329 0.015356
0.278779 0.695604 0.025617
0.279826 0.718779 0.001395
0.401227 0.553807 0.044966
0.362290 0.629935 0.007775
0.398805 0.592095 0.009099
0.262937 0.711004 0.026060
0.237379 0.710009 0.052612
0.319052 0.669412 0.011536
0.353767 0.616566 0.029667
0.280967 0.701705 0.017329
0.161315 0.816199 0.022487
0.246889 0.748882 0.004229
0.378224 0.577245 0.044531
0.284328 0.704623 0.011049
0.243373 0.722277 0.034351
0.277134 0.689621 0.033245
0.304631 0.665905 0.029464
0.264980 0.712327 0.022693
0.169895 0.815228 0.014877
0.215783 0.784207 0.000010
0.380419 0.616086 0.003495
0.368346 0.612687 0.018967
0.256592 0.738479 0.004930
0.241251 0.731126 0.027622
0.263172 0.732377 0.004451
0.306092 0.660585 0.033324
0.311263 0.675002 0.013735
0.271146 0.723931 0.004923
0.171295 0.797398 0.031308
0.277743 0.722247 0.000010
0.210254 0.789347 0.000399
0.353746 0.642911 0.003344
0.262625 0.683516 0.053859
0.298464 0.686908 0.014627
0.317541 0.668645 0.013814
0.341388 0.647616 0.010996
0.244187 0.747782 0.008031
0.245519 0.732854 0.021626
0.214654 0.785336 0.000010
0.286931 0.694666 0.018403
0.382206 0.617784 0.000010
0.373242 0.590551 0.036207
0.270098 0.593302 0.136600
0.257792 0.733657 0.008552
0.197802 0.787745 0.014453
0.344932 0.641229 0.013839
0.344929 0.652553 0.002518
0.279976 0.680544 0.039480
0.174343 0.806905 0.018752
0.256428 0.737093 0.006479
0.237927 0.762063 0.000010
0.374680 0.599290 0.026029
0.403491 0.586571 0.009938
0.269479 0.704792 0.025728
0.227227 0.739750 0.033023
0.328590 0.663668 0.007741
0.295719 0.698817 0.005464
0.333673 0.648310 0.018017
0.251333 0.745523 0.003144
0.162440 0.814972 0.022589
0.221626 0.759692 0.018682
0.384851 0.603419 0.011729
0.380788 0.591907 0.027305
0.252624 0.715169 0.032207
0.286912 0.672274 0.040814
0.352124 0.630888 0.016989
0.311719 0.672833 0.015449
0.310302 0.670584 0.019114
0.221054 0.759556 0.019391
0.186918 0.790501 0.022580
0.299457 0.679550 0.020993
0.299807 0.684643 0.015550
0.379024 0.573913 0.047064
0.353816 0.640724 0.005459
0.273252 0.666229 0.060520
0.275197 0.710450 0.014353
0.338475 0.649937 0.011588
0.329659 0.669356 0.000985
0.337349 0.644281 0.018370
0.219421 0.775624 0.004956
0.214211 0.771986 0.013803
0.314755 0.670441 0.014803
0.282244 0.699372 0.018384
0.289766 0.703914 0.006319
0.169932 0.819343 0.010725
0.177404 0.822586 0.000010
0.294373 0.547658 0.157969
0.380675 0.595595 0.023730
0.266832 0.713685 0.019484
0.256987 0.729282 0.013731
0.275865 0.703349 0.020787
0.375629 0.604179 0.020193
0.284328 0.710760 0.004912
0.157402 0.842588 0.000010
0.150199 0.839095 0.010706
0.432420 0.553069 0.014511
0.395604 0.565945 0.038451
0.282531 0.701925 0.015545
0.317161 0.644859 0.037981
0.207283 0.792199 0.000518
0.197710 0.801319 0.000971
0.202905 0.775789 0.021307
0.325313 0.670517 0.004170
0.266649 0.722028 0.011323
0.228992 0.769544 0.001464
0.220257 0.779733 0.000010
0.241364 0.758626 0.000010
0.265691 0.690641 0.043668
0.187123 0.793993 0.018884
0.246238 0.730448 0.023314
0.277006 0.688802 0.034192
0.329001 0.640150 0.030849
0.211725 0.778561 0.009714
0.163184 0.833263 0.003552
0.254737 0.737092 0.008171
0.285411 0.678970 0.035619
0.260175 0.723857 0.015968
0.362659 0.628877 0.008464
0.167108 0.832882 0.000010
0.214264 0.781263 0.004474
0.279554 0.710952 0.009494
0.312835 0.666526 0.020639
0.250774 0.749174 0.000052
0.210679 0.779811 0.009510
0.149813 0.850177 0.000010
0.256735 0.720251 0.023014
0.257168 0.733046 0.009785
0.276708 0.708281 0.015012
0.268713 0.703104 0.028184
0.259660 0.728603 0.011737
0.178374 0.821616 0.000010
0.177839 0.816820 0.005341
0.150677 0.849313 0.000010
0.166179 0.809090 0.024731
0.116192 0.852154 0.031654
0.138177 0.841814 0.020010
0.146099 0.851005 0.002895
0.145948 0.848788 0.005264
0.097957 0.859518 0.042525
0.235138 0.750571 0.014291
0.167477 0.818754 0.013769
0.180403 0.793437 0.026160
0.132086 0.856893 0.011020
0.141613 0.842576 0.015812
0.268673 0.726337 0.004990
0.152251 0.825217 0.022532
0.151805 0.824658 0.023537
0.165399 0.809172 0.025429
0.159102 0.824585 0.016314
0.153965 0.833626 0.012409
0.119212 0.852467 0.028321
0.257520 0.727694 0.014786
0.268101 0.708869 0.023030
0.281472 0.698235 0.020293
0.301088 0.691877 0.007035
0.275113 0.697749 0.027138
0.250234 0.719220 0.030546
0.245351 0.733092 0.021557
0.248863 0.719369 0.031768
0.305358 0.685751 0.008892
0.207741 0.769856 0.022403
0.230284 0.737896 0.031820
0.310239 0.664508 0.025253
0.262506 0.716928 0.020566
0.234212 0.743684 0.022104
0.225475 0.747541 0.026984
0.271669 0.714202 0.014130
0.257305 0.701914 0.040781
0.287773 0.699251 0.012976
0.286725 0.683669 0.029606
0.282165 0.706844 0.010992
0.274510 0.701443 0.024048
0.348793 0.626303 0.024904
0.273711 0.711409 0.014880
0.303479 0.655268 0.041253
0.261818 0.710181 0.028001
0.227892 0.740278 0.031830
0.260418 0.720842 0.018740
0.291249 0.692607 0.016144
0.283686 0.698874 0.017440
0.249677 0.726863 0.023460
0.277574 0.701828 0.020598
0.132431 0.849655 0.017914
0.144273 0.834599 0.021128
0.118716 0.855230 0.026055
0.168842 0.814515 0.016643
0.170646 0.807182 0.022172
0.130096 0.849687 0.020217
0.192977 0.791829 0.015194
0.207205 0.776723 0.016072
0.099396 0.754169 0.146435
0.142625 0.850376 0.007000
0.155771 0.800401 0.043828
0.273566 0.706506 0.019928
0.135618 0.840212 0.024171
0.293385 0.694818 0.011797
0.185137 0.787113 0.027750
0.133353 0.845461 0.021186
0.130336 0.850605 0.019058
0.170421 0.822341 0.007238
0.085444 0.889491 0.025065
0.197342 0.780279 0.022379
0.120935 0.862947 0.016118
0.111058 0.870067 0.018875
0.128783 0.847715 0.023502
0.153636 0.824872 0.021491
0.082593 0.882950 0.034457
0.093111 0.887475 0.019414
0.130619 0.839247 0.030134
0.116368 0.858842 0.024790
0.137462 0.855278 0.007260
0.146832 0.831964 0.021204
0.169754 0.819074 0.011172
0.142439 0.848077 0.009484
0.130427 0.849233 0.020341
0.154230 0.829038 0.016732
0.227328 0.741380 0.031293
0.109598 0.869745 0.020658
0.135233 0.858686 0.006081
0.148022 0.836121 0.015857
0.143492 0.833424 0.023084
0.159701 0.828406 0.011893
0.185800 0.738164 0.076037
0.159968 0.817901 0.022132
0.110347 0.880088 0.009565
0.181501 0.801868 0.016632
0.118123 0.838327 0.043549
0.227685 0.755054 0.017261
0.311973 0.674040 0.013988
0.240776 0.754089 0.005135
0.264535 0.718917 0.016547
0.241729 0.753238 0.005033
0.246048 0.747558 0.006394
0.147051 0.834411 0.018538
0.336594 0.663396 0.000010
0.270792 0.707315 0.021893
0.297964 0.672460 0.029576
0.226985 0.760540 0.012476
0.166605 0.822230 0.011165
0.187712 0.789536 0.022752
0.173328 0.814989 0.011684
0.330542 0.666973 0.002485
0.160705 0.831047 0.008249
0.273943 0.724753 0.001304
0.179269 0.802812 0.017919
0.132035 0.846692 0.021274
0.148029 0.827475 0.024497
0.128749 0.848392 0.022859
0.171522 0.816357 0.012120
0.193340 0.788547 0.018113
0.189341 0.788112 0.022547
0.135440 0.838159 0.026401
0.222883 0.776942 0.000175
0.212041 0.773640 0.014319
0.258314 0.719267 0.022419
0.217844 0.782146 0.000010
0.324128 0.675862 0.000010
0.261108 0.723218 0.015673
0.202680 0.791487 0.005832
0.310214 0.683118 0.006668
0.294825 0.705165 0.000010
0.303768 0.659551 0.036680
0.191699 0.777484 0.030817
0.195839 0.801982 0.002179
0.181274 0.184567 0.634159
0.205829 0.260352 0.533820
0.147583 0.200343 0.652074
0.116151 0.179635 0.704213
0.179987 0.150603 0.669410
0.199479 0.245742 0.554779
0.211452 0.228955 0.559594
0.199938 0.272941 0.527120
0.205227 0.243991 0.550782
0.183744 0.201358 0.614898
0.152613 0.161927 0.685460
0.171770 0.182519 0.645711
0.191774 0.188599 0.619627
0.163761 0.158837 0.677402
0.446978 0.539294 0.013729
0.286015 0.512145 0.201841
0.167371 0.154519 0.678110
0.365368 0.364292 0.270340
0.366215 0.346666 0.287119
0.166344 0.265560 0.568096
0.432472 0.556917 0.010612
0.259349 0.333928 0.406723
0.203617 0.279897 0.516486
0.308792 0.314021 0.377186
0.387322 0.470510 0.142168
0.220970 0.241332 0.537698
0.134240 0.091969 0.773791
0.075188 0.189157 0.735656
0.265211 0.350102 0.384687
0.118068 0.168074 0.713859
0.444648 0.538867 0.016485
0.322602 0.385982 0.291415
0.442195 0.554929 0.002877
0.401287 0.576665 0.022048
0.259339 0.524661 0.216001
0.295732 0.510780 0.193488
0.269992 0.547387 0.182621
0.294893 0.573777 0.131330
0.432588 0.552460 0.014952
0.432980 0.547328 0.019692
0.144404 0.714606 0.140990
0.379588 0.417383 0.203029
0.402338 0.501593 0.096069
0.431728 0.528574 0.039697
0.473352 0.403974 0.122675
0.051343 0.937053 0.011604
0.374333 0.609091 0.016576
0.049705 0.934842 0.015453
0.000010 0.989176 0.010814
0.050952 0.941829 0.007219
0.047231 0.936065 0.016704
0.107000 0.871963 0.021037
0.031020 0.947653 0.021327
0.029495 0.968142 0.002363
0.034575 0.949275 0.016150
0.021753 0.960610 0.017637
0.032158 0.956736 0.011107
0.029899 0.934785 0.035316
0.070702 0.909422 0.019876
0.012476 0.967533 0.019991
0.017418 0.961625 0.020957
0.002124 0.989319 0.008557
0.012382 0.969330 0.018288
0.115345 0.883210 0.001445
0.047339 0.939549 0.013112
0.032458 0.953285 0.014256
0.043733 0.934923 0.021344
0.029338 0.969036 0.001626
0.046161 0.942584 0.011255
0.056213 0.936067 0.007719
0.036603 0.953135 0.010262
0.034324 0.946901 0.018776
0.042561 0.942870 0.014568
0.052766 0.928405 0.018829
0.106895 0.876881 0.016224
0.134117 0.841266 0.024617
0.048554 0.887966 0.063480
0.160473 0.831009 0.008518
0.053236 0.933052 0.013712
0.118926 0.868628 0.012446
0.034671 0.963199 0.002130
0.122161 0.843759 0.034080
0.050389 0.944338 0.005272
0.055886 0.940692 0.003421
0.078308 0.904776 0.016916
0.072072 0.922136 0.005792
0.042501 0.957489 0.000010
0.214832 0.782488 0.002680
0.053415 0.926979 0.019607
0.092446 0.831003 0.076551
0.100681 0.875830 0.023489
0.046098 0.938344 0.015558
0.129810 0.796752 0.073438
0.137460 0.848692 0.013848
0.086876 0.899076 0.014047
0.111659 0.877353 0.010988
0.045097 0.910059 0.044845
0.047634 0.932316 0.020050
0.079915 0.866860 0.053225
0.090508 0.834020 0.075472
0.074350 0.880353 0.045297
0.083154 0.854563 0.062284
0.095829 0.837750 0.066422
0.060042 0.899051 0.040907
0.090139 0.803156 0.106705
0.075186 0.849383 0.075431
0.031175 0.919689 0.049137
0.092156 0.867612 0.040232
0.079992 0.862186 0.057823
0.145007 0.813984 0.041008
0.048754 0.890920 0.060326
0.102785 0.856345 0.040871
0.026042 0.949741 0.024216
0.116530 0.821717 0.061753
0.094625 0.816437 0.088937
0.071279 0.882108 0.046614
0.040393 0.920721 0.038886
0.130617 0.801324 0.068059
0.057762 0.901732 0.040506
0.054892 0.908881 0.036227
0.067879 0.895184 0.036937
0.084978 0.855968 0.059054
0.062787 0.887012 0.050201
0.089073 0.862144 0.048783
0.109842 0.825407 0.064751
0.075197 0.860208 0.064596
0.094380 0.882303 0.023317
0.088559 0.863322 0.048120
0.068306 0.824210 0.107484
0.000010 0.946666 0.053324
0.039017 0.918700 0.042283
0.026769 0.922582 0.050649
0.096309 0.852889 0.050802
0.103028 0.836775 0.060196
0.066094 0.869063 0.064843
0.077714 0.873252 0.049034
0.086358 0.860053 0.053589
0.039431 0.897458 0.063111
0.085790 0.850819 0.063391
0.064786 0.882433 0.052781
0.045137 0.864325 0.090538
0.091356 0.857103 0.051541
0.059861 0.879722 0.060418
0.095991 0.868791 0.035217
0.081177 0.863355 0.055468
0.099486 0.858164 0.042350
0.026746 0.912359 0.060895
0.071388 0.873340 0.055272
0.075344 0.866737 0.057920
0.084546 0.864857 0.050596
0.140360 0.755104 0.104535
0.111875 0.874081 0.014044
0.048003 0.917531 0.034466
0.092892 0.837804 0.069304
0.097039 0.810329 0.092632
0.129318 0.790785 0.079897
0.025027 0.938333 0.036640
0.073266 0.838676 0.088058
0.098926 0.841666 0.059408
0.029406 0.917129 0.053465
0.108988 0.798311 0.092701
0.093109 0.851958 0.054933
0.059454 0.910430 0.030116
0.057709 0.872650 0.069640
0.094358 0.812517 0.093125
0.093716 0.809637 0.096647
0.108035 0.842432 0.049533
0.035769 0.925149 0.039081
0.024084 0.941825 0.034091
0.096218 0.798706 0.105076
0.077241 0.822949 0.099810
0.079675 0.849552 0.070773
0.080899 0.891524 0.027577
0.114509 0.820964 0.064527
0.016546 0.941291 0.042163
0.113289 0.845809 0.040902
0.128463 0.811241 0.060296
0.143887 0.819046 0.037067
0.106842 0.835147 0.058011
0.108687 0.810848 0.080465
0.027839 0.916405 0.055756
0.076754 0.880408 0.042838
0.088767 0.829712 0.081521
0.083530 0.884937 0.031533
0.090427 0.875697 0.033877
0.050494 0.895463 0.054043
0.039054 0.878117 0.082829
0.111372 0.841229 0.047400
0.057195 0.904363 0.038442
0.146686 0.757086 0.096229
0.073707 0.864977 0.061316
0.097321 0.803998 0.098682
0.095876 0.853935 0.050189
0.049632 0.876330 0.074038
0.086182 0.834944 0.078874
0.052365 0.899358 0.048277
0.073852 0.887098 0.039051
0.070084 0.886793 0.043123
0.007914 0.965256 0.026830
0.081348 0.867511 0.051141
0.068767 0.889660 0.041573
0.107817 0.843753 0.048431
0.073533 0.827478 0.098990
0.065798 0.882446 0.051756
0.078366 0.852742 0.068892
0.114867 0.820451 0.064683
0.111373 0.820296 0.068331
0.086850 0.782552 0.130599
0.085376 0.834550 0.080074
0.096915 0.855797 0.047289
0.097872 0.855410 0.046718
0.091927 0.842494 0.065579
0.068636 0.881432 0.049931
0.072006 0.869518 0.058476
0.073531 0.875757 0.050711
0.099375 0.784475 0.116150
0.052671 0.887113 0.060217
0.064133 0.885023 0.050844
0.000010 0.957871 0.042119
0.092175 0.858887 0.048938
0.093737 0.802623 0.103640
0.092785 0.822786 0.084429
0.076182 0.857123 0.066695
0.064675 0.866519 0.068805
0.002528 0.976563 0.020909
0.081382 0.845704 0.072914
0.093334 0.806862 0.099804
0.072679 0.878380 0.048941
0.182028 0.753755 0.064217
0.093053 0.848682 0.058265
0.072613 0.871347 0.056040
0.052257 0.881915 0.065828
0.127275 0.816273 0.056452
0.077707 0.905592 0.016700
0.051354 0.896071 0.052575
0.043422 0.898247 0.058331
0.168616 0.817068 0.014317
0.043688 0.916942 0.039370
0.048591 0.923283 0.028125
0.084173 0.844429 0.071397
0.065268 0.888545 0.046187
0.114209 0.852841 0.032950
0.095875 0.833049 0.071076
0.067336 0.863581 0.069083
0.091409 0.875018 0.033573
0.071873 0.869629 0.058499
0.069023 0.892619 0.038358
0.027740 0.920760 0.051501
0.063189 0.901323 0.035488
0.058191 0.907305 0.034504
0.043938 0.857522 0.098540
0.029055 0.933614 0.037331
0.070995 0.850140 0.078864
0.077415 0.888747 0.033839
0.056414 0.912659 0.030927
0.095723 0.865887 0.038390
0.053157 0.887671 0.059172
0.097569 0.848048 0.054383
0.035601 0.898798 0.065601
0.059617 0.912572 0.027811
0.129591 0.804696 0.065713
0.109955 0.812031 0.078013
0.108008 0.817079 0.074914
0.092588 0.888242 0.019170
0.139684 0.784231 0.076085
0.052201 0.881967 0.065831
0.091625 0.885633 0.022741
0.137523 0.831416 0.031061
0.081903 0.869915 0.048181
0.120096 0.793913 0.085991
0.101617 0.821575 0.076808
0.098234 0.845930 0.055835
0.082412 0.861238 0.056350
0.126446 0.840421 0.033134
0.099066 0.871749 0.029185
0.058517 0.913707 0.027776
0.098835 0.765446 0.135719
0.109213 0.812078 0.078709
0.169686 0.775322 0.054992
0.081895 0.837721 0.080384
0.081125 0.882853 0.036022
0.159371 0.753173 0.087456
0.087285 0.873110 0.039605
0.134343 0.824243 0.041414
0.115263 0.787708 0.097029
0.004012 0.954068 0.041920
0.103910 0.859142 0.036949
0.158429 0.769985 0.071586
0.094621 0.862486 0.042893
0.015688 0.951134 0.033178
0.056661 0.910085 0.033254
0.092406 0.885431 0.022163
0.104044 0.845194 0.050762
0.102168 0.841528 0.056305
0.123801 0.851079 0.025121
0.086423 0.894739 0.018838
0.046468 0.936367 0.017164
0.121225 0.805740 0.073035
0.069275 0.879518 0.051207
0.115248 0.846701 0.038051
0.097631 0.787213 0.115156
0.062204 0.817308 0.120488
0.054511 0.913205 0.032284
0.035780 0.885881 0.078340
0.138262 0.780934 0.080804
0.070231 0.883803 0.045966
0.046825 0.905061 0.048114
0.047936 0.909411 0.042653
0.040534 0.922342 0.037125
0.062435 0.893661 0.043904
0.091902 0.859480 0.048618
0.018266 0.931690 0.050044
0.100126 0.845464 0.054409
0.097934 0.795598 0.106468
0.101747 0.844528 0.053726
0.072282 0.893863 0.033855
0.128953 0.822120 0.048927
0.066893 0.900690 0.032416
0.167080 0.805294 0.027625
0.075167 0.865034 0.059798
0.072119 0.869487 0.058394
0.090492 0.853103 0.056405
0.099784 0.842802 0.057413
0.079066 0.879709 0.041225
0.022799 0.943026 0.034175
0.082686 0.870007 0.047307
0.109291 0.795189 0.095520
0.040720 0.920010 0.039271
0.078190 0.868100 0.053709
0.146520 0.767551 0.085929
0.079344 0.856421 0.064235
0.071979 0.891784 0.036237
0.145286 0.827269 0.027445
0.167269 0.748498 0.084233
0.111175 0.853154 0.035672
0.000010 0.936607 0.063383
0.130245 0.775613 0.094142
0.111086 0.847500 0.041414
0.108093 0.840741 0.051167
0.087628 0.850823 0.061549
0.121059 0.778980 0.099962
0.146775 0.791594 0.061631
0.024672 0.928201 0.047128
0.014079 0.929509 0.056412
0.111402 0.840283 0.048316
0.105043 0.856967 0.037989
0.053815 0.883738 0.062447
0.058633 0.895108 0.046259
0.066531 0.890514 0.042955
0.092564 0.801598 0.105839
0.036772 0.932722 0.030506
0.141179 0.799190 0.059630
0.079436 0.875995 0.044569
0.080890 0.866324 0.052786
0.064228 0.857386 0.078386
0.028144 0.919160 0.052696
0.125372 0.838253 0.036375
0.146661 0.765403 0.087935
0.096840 0.803369 0.099791
0.048570 0.909808 0.041621
0.061297 0.875856 0.062847
0.078425 0.841417 0.080157
0.002105 0.941460 0.056434
0.107635 0.859448 0.032917
0.051171 0.922938 0.025891
0.069781 0.888651 0.041568
0.058931 0.894944 0.046125
0.010829 0.946065 0.043106
0.091539 0.801298 0.107162
0.146242 0.821389 0.032369
0.185732 0.802138 0.012130
0.099030 0.793747 0.107223
0.095674 0.850260 0.054066
0.140629 0.809721 0.049651
0.032686 0.932559 0.034755
0.188413 0.673343 0.138244
0.054727 0.918580 0.026693
0.061275 0.894724 0.044001
0.117958 0.776456 0.105585
0.093472 0.864048 0.042479
0.119354 0.758579 0.122067
0.106184 0.842706 0.051110
0.078775 0.885644 0.035582
0.082786 0.871395 0.045819
0.085434 0.845072 0.069494
0.063678 0.826973 0.109349
0.062893 0.893814 0.043293
0.149307 0.746107 0.104586
0.010360 0.919134 0.070506
0.125455 0.776787 0.097758
0.057142 0.909997 0.032862
0.109419 0.794479 0.096101
0.127852 0.844619 0.027529
0.047065 0.918805 0.034130
0.020996 0.932524 0.046480
0.118145 0.753911 0.127943
0.131124 0.783805 0.085071
0.120242 0.829888 0.049870
0.019039 0.949271 0.031689
0.098067 0.790515 0.111418
0.093001 0.866396 0.040603
0.143376 0.832105 0.024519
0.051728 0.894939 0.053333
0.112571 0.855621 0.031808
0.097391 0.867444 0.035165
0.082794 0.884484 0.032722
0.224095 0.745052 0.030853
0.065244 0.901123 0.033633
0.130664 0.815392 0.053944
0.120416 0.857839 0.021744
0.105476 0.802262 0.092263
0.111015 0.848656 0.040330
0.089889 0.859633 0.050478
0.096758 0.871430 0.031812
0.109489 0.803304 0.087207
0.013926 0.946496 0.039577
0.096199 0.840287 0.063514
0.053333 0.907797 0.038870
0.071525 0.864271 0.064204
0.098225 0.780566 0.121209
0.028996 0.943693 0.027311
0.081821 0.859430 0.058749
0.131470 0.766974 0.101556
0.060015 0.883432 0.056553
0.104597 0.844134 0.051269
0.126542 0.822685 0.050773
0.074724 0.879910 0.045366
0.051969 0.900132 0.047898
0.061952 0.905969 0.032079
0.093361 0.875309 0.031331
0.094927 0.881192 0.023880
0.116533 0.788201 0.095266
0.091094 0.850926 0.057980
0.051291 0.906312 0.042397
0.000010 0.954669 0.045321
0.063969 0.879989 0.056042
0.098533 0.799593 0.101874
0.045142 0.916474 0.038383
0.075011 0.871710 0.053279
0.019813 0.933610 0.046577
0.123807 0.859439 0.016755
0.177904 0.801257 0.020838
0.139728 0.835193 0.025080
0.173635 0.822639 0.003726
0.230684 0.755894 0.013421
0.172426 0.811492 0.016081
0.164707 0.814289 0.021004
0.315362 0.683039 0.001599
0.148346 0.828070 0.023583
0.119353 0.870263 0.010383
0.110589 0.862205 0.027206
0.260522 0.722002 0.017475
0.324755 0.675031 0.000213
0.132635 0.844377 0.022988
0.159953 0.828872 0.011175
0.202552 0.764636 0.032812
0.149408 0.837882 0.012710
0.104005 0.877921 0.018074
0.264496 0.728602 0.006902
0.143038 0.825481 0.031482
0.376883 0.623107 0.000010
0.133623 0.849345 0.017033
0.189530 0.785843 0.024627
0.329900 0.670090 0.000010
0.141397 0.844596 0.014007
0.113417 0.869518 0.017066
0.272961 0.727029 0.000010
0.165078 0.803159 0.031763
0.137947 0.847085 0.014968
0.167435 0.798927 0.033638
0.441582 0.558408 0.000010
0.472357 0.520295 0.007349
0.411132 0.588858 0.000010
0.412721 0.587269 0.000010
0.445702 0.538028 0.016270
