0.486901 0.000010 0.134826 0.378262
0.632786 0.005190 0.083643 0.278381
0.496103 0.005112 0.121930 0.376855
0.600715 0.040211 0.061220 0.297854
0.497117 0.000010 0.123397 0.379476
0.535473 0.015091 0.113664 0.335772
0.566258 0.038807 0.086637 0.308298
0.911547 0.037584 0.013319 0.037550
0.911155 0.012387 0.054873 0.021585
0.970109 0.000010 0.016501 0.013381
0.827602 0.030381 0.085680 0.056337
0.837682 0.050255 0.052401 0.059662
0.000010 0.289881 0.030200 0.679909
0.000651 0.277013 0.120277 0.602060
0.000010 0.235687 0.000010 0.764293
0.011112 0.221087 0.154926 0.612875
0.497877 0.011492 0.139739 0.350891
0.524921 0.000010 0.128076 0.346994
0.933955 0.000010 0.037183 0.028852
0.888877 0.073441 0.000131 0.037551
0.902008 0.041515 0.000010 0.056467
0.990776 0.000010 0.009204 0.000010
0.833038 0.043491 0.075257 0.048214
0.835720 0.060650 0.048539 0.055092
0.000010 0.268815 0.000010 0.731165
0.000010 0.233073 0.026317 0.740601
0.007298 0.220788 0.006773 0.765142
0.000010 0.289478 0.126310 0.584202
0.510662 0.010554 0.132041 0.346743
0.499228 0.052149 0.110852 0.337771
0.891375 0.000010 0.039964 0.068650
0.895035 0.091961 0.003680 0.009325
0.972715 0.000010 0.016771 0.010503
0.977296 0.000010 0.019228 0.003465
0.839878 0.037947 0.085764 0.036411
0.835869 0.053772 0.074273 0.036085
0.000010 0.270831 0.041301 0.687858
0.010219 0.232641 0.013064 0.744076
0.000010 0.261276 0.011019 0.727695
0.009082 0.241701 0.133303 0.615913
0.539677 0.018438 0.114964 0.326921
0.502784 0.045164 0.121655 0.330397
0.911191 0.009612 0.031130 0.048067
0.933971 0.028638 0.008623 0.028768
0.988784 0.000010 0.011196 0.000010
0.970593 0.000010 0.011120 0.018277
0.987753 0.000010 0.005058 0.007179
0.820500 0.046987 0.075965 0.056547
0.833883 0.009728 0.099852 0.056537
0.000010 0.264412 0.044418 0.691160
0.008752 0.223716 0.000010 0.767522
0.000010 0.198128 0.029125 0.772738
0.018200 0.241542 0.105291 0.634967
0.000010 0.249225 0.022265 0.728500
0.000010 0.287401 0.294775 0.417814
0.000010 0.262936 0.043126 0.693927
0.041607 0.136855 0.115583 0.705955
0.038581 0.195614 0.117158 0.648647
0.036962 0.079876 0.112196 0.770966
0.045271 0.181726 0.112396 0.660607
0.455067 0.026778 0.127349 0.390806
0.000010 0.278182 0.062754 0.659054
0.000010 0.276334 0.075250 0.648406
0.077575 0.132190 0.113900 0.676335
0.162915 0.033337 0.180697 0.623050
0.047348 0.113054 0.163344 0.676254
0.065722 0.144023 0.148323 0.641932
0.494925 0.057326 0.115579 0.332169
0.503587 0.016916 0.130310 0.349187
0.000010 0.279824 0.041675 0.678492
0.000010 0.284899 0.245353 0.469738
0.000010 0.261001 0.041042 0.697948
0.059397 0.132017 0.135718 0.672868
0.044589 0.205300 0.137072 0.613039
0.019120 0.175887 0.119914 0.685079
0.082537 0.165515 0.129053 0.622895
0.441399 0.037286 0.156743 0.364573
0.452315 0.031882 0.151361 0.364442
0.499770 0.052012 0.114924 0.333294
0.902400 0.000069 0.065066 0.032464
0.981760 0.000010 0.018220 0.000010
0.968435 0.000010 0.015967 0.015588
0.991122 0.000010 0.008858 0.000010
0.814150 0.084606 0.060030 0.041215
0.838092 0.041085 0.083565 0.037258
0.000010 0.255617 0.060320 0.684053
0.000010 0.219297 0.000010 0.780683
0.000010 0.225327 0.065743 0.708920
0.028719 0.262063 0.123159 0.586059
0.499139 0.044953 0.108073 0.347836
0.718680 0.000010 0.078060 0.203250
0.905753 0.032705 0.032823 0.028719
0.915550 0.000010 0.045733 0.038707
0.980582 0.000010 0.018300 0.001108
0.988022 0.000010 0.011958 0.000010
0.828579 0.050214 0.061746 0.059461
0.830277 0.038958 0.076905 0.053860
0.000010 0.272953 0.043686 0.683351
0.000010 0.235131 0.022067 0.742792
0.013525 0.228211 0.142009 0.616255
0.000010 0.264402 0.049111 0.686477
0.000010 0.289071 0.452268 0.258651
0.000010 0.261330 0.040180 0.698479
0.050454 0.083517 0.126220 0.739808
0.043158 0.117779 0.145891 0.693171
0.034216 0.162906 0.137463 0.665414
0.507178 0.067699 0.128265 0.296858
0.495062 0.020534 0.120154 0.364250
0.912614 0.058951 0.000010 0.028425
0.900889 0.061480 0.000244 0.037387
0.990197 0.000010 0.009783 0.000010
0.971015 0.000010 0.028965 0.000010
0.821765 0.057090 0.073152 0.047993
0.000010 0.251840 0.068255 0.679895
0.000010 0.216420 0.003006 0.780563
0.006397 0.209135 0.000010 0.784458
0.006058 0.264307 0.121065 0.608570
0.000010 0.256515 0.051369 0.692107
0.000010 0.317748 0.284808 0.397434
0.000010 0.288641 0.022503 0.688846
0.045921 0.113341 0.116758 0.723979
0.055930 0.108656 0.110588 0.724826
0.030635 0.165435 0.125304 0.678625
0.396847 0.033008 0.134840 0.435306
0.537324 0.022572 0.105008 0.335095
0.931560 0.034881 0.020512 0.013047
0.925152 0.000010 0.022172 0.052667
0.986448 0.000010 0.003828 0.009714
0.980284 0.000010 0.019696 0.000010
0.838872 0.054737 0.053764 0.052627
0.812535 0.041296 0.077460 0.068709
0.000010 0.298584 0.061109 0.640298
0.000230 0.231303 0.000010 0.768456
0.000010 0.230689 0.000010 0.769291
0.011690 0.262987 0.132642 0.592681
0.000010 0.224912 0.089525 0.685553
0.000010 0.299467 0.280492 0.420031
0.000010 0.279790 0.024141 0.696059
0.076685 0.005587 0.154824 0.762904
0.060324 0.145266 0.162812 0.631598
0.122702 0.166148 0.102384 0.608766
0.555959 0.067418 0.089129 0.287493
0.539437 0.000513 0.116958 0.343091
0.917380 0.000010 0.020055 0.062556
0.927793 0.002573 0.059224 0.010409
0.981851 0.000010 0.018129 0.000010
0.977858 0.000010 0.017345 0.004788
0.984780 0.000010 0.010923 0.004287
0.815602 0.065317 0.094045 0.025037
0.861058 0.014732 0.070163 0.054047
0.000010 0.245522 0.078380 0.676088
0.015265 0.239939 0.047491 0.697305
0.007854 0.215691 0.000010 0.776445
0.019947 0.248658 0.131392 0.600003
0.000010 0.251582 0.098333 0.650076
0.000010 0.264189 0.041630 0.694171
0.034411 0.121484 0.172046 0.672059
0.057767 0.115371 0.148359 0.678503
0.056344 0.171387 0.124946 0.647323
0.038587 0.060698 0.161155 0.739560
0.040894 0.189351 0.000010 0.769746
0.495827 0.070786 0.082230 0.351157
0.922014 0.037416 0.000010 0.040561
0.940160 0.000010 0.045692 0.014138
0.975699 0.000010 0.009220 0.015071
0.815669 0.057025 0.079916 0.047390
0.846354 0.041388 0.076507 0.035751
0.000010 0.203598 0.063461 0.732931
0.000010 0.235023 0.004754 0.760213
0.000010 0.249752 0.021499 0.728739
0.000010 0.287329 0.018792 0.693869
0.000010 0.299781 0.280485 0.419724
0.000010 0.267836 0.045391 0.686763
0.065045 0.073238 0.132583 0.729134
0.050148 0.116274 0.124764 0.708813
0.138273 0.046334 0.192798 0.622595
0.036933 0.096450 0.130121 0.736495
0.578490 0.011392 0.127181 0.282937
0.032183 0.211883 0.000010 0.755925
0.917713 0.018843 0.026622 0.036822
0.977314 0.000010 0.022666 0.000010
0.900884 0.032857 0.033707 0.032551
0.910065 0.020595 0.024391 0.044950
0.000010 0.275114 0.043622 0.681254
0.032768 0.109132 0.179795 0.678305
0.000010 0.303343 0.281641 0.415006
0.000010 0.284051 0.017123 0.698816
0.064741 0.081269 0.132843 0.721147
0.031974 0.156454 0.158183 0.653389
0.236649 0.132249 0.107448 0.523655
0.510001 0.075751 0.098778 0.315471
0.034369 0.183951 0.000010 0.781670
0.971783 0.000010 0.004227 0.023980
0.805194 0.063764 0.094591 0.036450
0.839101 0.064399 0.048438 0.048062
0.826982 0.035742 0.063767 0.073509
0.005226 0.237817 0.000010 0.756947
0.000010 0.258914 0.000010 0.741066
0.000010 0.276794 0.075593 0.647603
0.000010 0.294122 0.029269 0.676600
0.000010 0.290345 0.287289 0.422355
0.054204 0.037268 0.168406 0.740122
0.065871 0.111057 0.152291 0.670780
0.064935 0.161687 0.149052 0.624327
0.040455 0.143672 0.124697 0.691176
0.037118 0.204304 0.128763 0.629815
0.034762 0.197972 0.000010 0.767256
0.000010 0.296829 0.227912 0.475249
0.000010 0.259134 0.053141 0.687715
0.056913 0.090029 0.143301 0.709757
0.057772 0.129335 0.131561 0.681332
0.156380 0.025746 0.212710 0.605164
0.028129 0.155000 0.147168 0.669703
0.542837 0.020582 0.127282 0.309299
0.020535 0.207725 0.000010 0.771730
0.030029 0.158391 0.000010 0.811570
0.030294 0.280078 0.037437 0.652191
0.000010 0.233872 0.016952 0.749165
0.061979 0.239630 0.230411 0.467980
0.157240 0.000010 0.130798 0.711952
0.211287 0.000010 0.120960 0.667743
0.000010 0.153065 0.069045 0.777880
0.000010 0.196629 0.042457 0.760904
0.000010 0.179223 0.061629 0.759138
0.040826 0.244351 0.000010 0.714813
0.031255 0.207332 0.000010 0.761403
0.000010 0.249883 0.009552 0.740555
0.075586 0.206375 0.278777 0.439262
0.184912 0.000010 0.137281 0.677797
0.074176 0.000010 0.164854 0.760960
0.000010 0.187727 0.082690 0.729573
0.000010 0.206137 0.058976 0.734877
0.180568 0.207837 0.000010 0.611585
0.048983 0.107045 0.113183 0.730788
0.026763 0.230857 0.000010 0.742370
0.001274 0.290122 0.238827 0.469777
0.033514 0.213024 0.344021 0.409441
0.215697 0.000010 0.166908 0.617385
0.146144 0.000010 0.138971 0.714875
0.007433 0.173126 0.071789 0.747653
0.008334 0.186822 0.062530 0.742314
0.000010 0.205120 0.023702 0.771168
0.120045 0.206108 0.000010 0.673836
0.033883 0.184316 0.000010 0.781792
0.018614 0.294613 0.036107 0.650666
0.000010 0.300582 0.235011 0.464397
0.090305 0.190204 0.243387 0.476104
0.370574 0.000010 0.104426 0.524990
0.160081 0.000010 0.171499 0.668411
0.000010 0.174241 0.069573 0.756176
0.007697 0.190512 0.066549 0.735243
0.002062 0.167592 0.076781 0.753564
0.204544 0.203262 0.000010 0.592184
0.826944 0.022821 0.081300 0.068935
0.827299 0.031501 0.088134 0.053066
0.000010 0.244971 0.093669 0.661349
0.011759 0.192776 0.000010 0.795455
0.010656 0.254562 0.124430 0.610352
0.028509 0.179561 0.000010 0.791920
0.000010 0.217290 0.000010 0.782690
0.000010 0.267408 0.247533 0.485049
0.068312 0.239948 0.201427 0.490314
0.237668 0.000010 0.105420 0.656903
0.147366 0.000010 0.148243 0.704382
0.014082 0.192133 0.055464 0.738320
0.000010 0.177798 0.064834 0.757358
0.013099 0.188997 0.063807 0.734097
0.098045 0.214783 0.000010 0.687161
0.000010 0.231882 0.011877 0.756231
0.000010 0.321098 0.288793 0.390099
0.168361 0.000010 0.127074 0.704555
0.142018 0.000010 0.162559 0.695413
0.294813 0.000010 0.126803 0.578374
0.011099 0.157486 0.061814 0.769602
0.012834 0.279606 0.047808 0.659751
0.000010 0.270320 0.018764 0.710906
0.000010 0.311651 0.271441 0.416898
0.046975 0.234071 0.236291 0.482663
0.164096 0.000010 0.137293 0.698602
0.144106 0.000010 0.156196 0.699688
0.000010 0.193327 0.055439 0.751224
0.000457 0.180745 0.050079 0.768719
0.006124 0.171583 0.063577 0.758716
0.163096 0.198978 0.000010 0.637916
0.034609 0.288823 0.000010 0.676558
0.000010 0.241332 0.006149 0.752509
0.000010 0.327770 0.252957 0.419263
0.089943 0.220982 0.211836 0.477238
0.166818 0.000010 0.136402 0.696770
0.173001 0.000010 0.147715 0.679275
0.001349 0.187111 0.081325 0.730214
0.001047 0.155923 0.083317 0.759712
0.009027 0.156309 0.087047 0.747617
0.038053 0.275513 0.010469 0.675964
0.000010 0.236471 0.018413 0.745106
0.073652 0.189260 0.290757 0.446331
0.162651 0.000010 0.118552 0.718786
0.170997 0.000010 0.135054 0.693938
0.011573 0.158490 0.078063 0.751875
0.027272 0.326959 0.005291 0.640478
0.000010 0.241462 0.004007 0.754521
0.056715 0.214528 0.267090 0.461667
0.156238 0.000010 0.134442 0.709310
0.191196 0.000010 0.143619 0.665175
0.002352 0.187787 0.042728 0.767133
0.010428 0.159087 0.061852 0.768633
0.183926 0.190968 0.000010 0.625097
0.177841 0.186868 0.000010 0.635282
0.057625 0.212844 0.113455 0.616076
0.048244 0.178326 0.131567 0.641863
0.545813 0.037518 0.127189 0.289481
0.032731 0.292713 0.014143 0.660414
0.000010 0.212651 0.013355 0.773984
0.000010 0.301809 0.288541 0.409640
0.162083 0.000010 0.140001 0.697906
0.211476 0.000010 0.140117 0.648397
0.010566 0.169910 0.073861 0.745663
0.001133 0.209798 0.039668 0.749400
0.192501 0.201633 0.000010 0.605856
0.826812 0.030758 0.075830 0.066600
0.000010 0.221879 0.001826 0.776285
0.125915 0.223300 0.000010 0.650775
0.006110 0.183630 0.078525 0.731735
0.154753 0.000010 0.143523 0.701714
0.010169 0.166735 0.063750 0.759347
0.049670 0.194567 0.261933 0.493831
0.000010 0.257714 0.307347 0.434929
0.038139 0.283940 0.055396 0.622524
0.388939 0.000010 0.102720 0.508331
0.000010 0.219361 0.094830 0.685799
0.841987 0.157993 0.000010 0.000010
0.858332 0.141648 0.000010 0.000010
0.832124 0.167856 0.000010 0.000010
0.835331 0.164649 0.000010 0.000010
0.000010 0.482691 0.262135 0.255164
0.000010 0.411043 0.306078 0.282869
0.000010 0.466229 0.269582 0.264178
0.000010 0.482445 0.246837 0.270707
0.811236 0.146181 0.005142 0.037442
0.897184 0.087514 0.000010 0.015292
0.888592 0.092833 0.000010 0.018565
0.880633 0.096056 0.010965 0.012347
0.895296 0.073238 0.001144 0.030322
0.878669 0.120854 0.000010 0.000468
0.858935 0.141045 0.000010 0.000010
0.886171 0.089651 0.007788 0.016390
0.610724 0.223909 0.096812 0.068555
0.700422 0.252279 0.000010 0.047289
0.822317 0.177663 0.000010 0.000010
0.818344 0.181636 0.000010 0.000010
0.823725 0.176255 0.000010 0.000010
0.817577 0.182403 0.000010 0.000010
0.799058 0.200922 0.000010 0.000010
0.858416 0.141560 0.000014 0.000010
0.820645 0.179335 0.000010 0.000010
0.816829 0.183151 0.000010 0.000010
0.816339 0.183641 0.000010 0.000010
0.815478 0.184502 0.000010 0.000010
0.865849 0.134131 0.000010 0.000010
0.868535 0.121874 0.005867 0.003725
0.855771 0.144209 0.000010 0.000010
0.857301 0.142070 0.000010 0.000618
0.842875 0.138425 0.009427 0.009273
0.862484 0.137496 0.000010 0.000010
0.862187 0.137793 0.000010 0.000010
0.870661 0.129319 0.000010 0.000010
0.867294 0.132686 0.000010 0.000010
0.860820 0.139160 0.000010 0.000010
0.854510 0.145470 0.000010 0.000010
0.821428 0.178552 0.000010 0.000010
0.833975 0.166005 0.000010 0.000010
0.831302 0.168678 0.000010 0.000010
0.855110 0.144870 0.000010 0.000010
0.856229 0.143750 0.000011 0.000010
0.857428 0.142552 0.000010 0.000010
0.865341 0.134639 0.000010 0.000010
0.831388 0.168592 0.000010 0.000010
0.831946 0.159786 0.008258 0.000010
0.833363 0.166617 0.000010 0.000010
0.862768 0.137212 0.000010 0.000010
0.863899 0.136077 0.000014 0.000010
0.828821 0.171158 0.000010 0.000010
0.859307 0.139740 0.000943 0.000010
0.859860 0.132349 0.000010 0.007781
0.853187 0.146793 0.000010 0.000010
0.858181 0.141798 0.000011 0.000010
0.884738 0.115242 0.000010 0.000010
0.845788 0.141770 0.000010 0.012432
0.862106 0.129718 0.008166 0.000010
0.825448 0.174532 0.000010 0.000010
0.840031 0.159949 0.000010 0.000010
0.838467 0.154006 0.007517 0.000010
0.839150 0.160830 0.000010 0.000010
0.819843 0.180137 0.000010 0.000010
0.858727 0.121006 0.020257 0.000010
0.818891 0.181089 0.000010 0.000010
0.853444 0.145882 0.000010 0.000664
0.850154 0.149826 0.000010 0.000010
0.843743 0.156237 0.000010 0.000010
0.797180 0.202800 0.000010 0.000010
0.817976 0.182004 0.000010 0.000010
0.830840 0.169140 0.000010 0.000010
0.828006 0.171974 0.000010 0.000010
0.469963 0.336000 0.125165 0.068872
0.859043 0.131612 0.009334 0.000010
0.879493 0.120487 0.000010 0.000010
0.873370 0.125317 0.000010 0.001303
0.880078 0.107889 0.003984 0.008049
0.854857 0.140620 0.004513 0.000010
0.883399 0.114126 0.002465 0.000010
0.882675 0.089096 0.000010 0.028218
0.890511 0.088011 0.000010 0.021468
0.863303 0.136677 0.000010 0.000010
0.835091 0.164889 0.000010 0.000010
0.855948 0.144032 0.000010 0.000010
0.837800 0.142353 0.000010 0.019838
0.843506 0.147510 0.000010 0.008974
0.853841 0.146139 0.000010 0.000010
0.888989 0.083399 0.000010 0.027602
0.848753 0.151227 0.000010 0.000010
0.849480 0.123890 0.000010 0.026620
0.798878 0.201102 0.000010 0.000010
0.840716 0.159264 0.000010 0.000010
0.841303 0.158677 0.000010 0.000010
0.871322 0.118418 0.010250 0.000010
0.826346 0.173634 0.000010 0.000010
0.031894 0.506916 0.271832 0.189357
0.093322 0.488623 0.333255 0.084801
0.084863 0.478405 0.279763 0.156969
0.687343 0.196749 0.082878 0.033029
0.024861 0.567932 0.247703 0.159505
0.000010 0.562187 0.249217 0.188585
0.378479 0.381706 0.154395 0.085421
0.364684 0.365157 0.174840 0.095320
0.193083 0.388765 0.332574 0.085579
0.013778 0.059444 0.859434 0.067345
0.009102 0.588553 0.249419 0.152926
0.010807 0.548776 0.287481 0.152936
0.360665 0.405749 0.115606 0.117981
0.083198 0.488139 0.312606 0.116058
0.257866 0.552499 0.104590 0.085044
0.001493 0.534567 0.273445 0.190495
0.385155 0.367639 0.168829 0.078376
0.375221 0.406981 0.131934 0.085864
0.437501 0.297047 0.172103 0.093349
0.663632 0.198782 0.102433 0.035153
0.369948 0.449767 0.095289 0.084996
0.275719 0.525355 0.104802 0.094123
0.000010 0.544622 0.294629 0.160740
0.266580 0.494949 0.136577 0.101895
0.033148 0.582885 0.228911 0.155055
0.412783 0.376166 0.126064 0.084986
0.394350 0.400025 0.118047 0.087578
0.615129 0.234775 0.106339 0.043757
0.016421 0.551381 0.268699 0.163498
0.265378 0.540622 0.081454 0.112545
0.012196 0.550646 0.285920 0.151238
0.177251 0.373351 0.359414 0.089984
0.205158 0.419445 0.284831 0.090565
0.010288 0.580124 0.258750 0.150838
0.012900 0.533382 0.282916 0.170801
0.265020 0.544935 0.074546 0.115499
0.679471 0.201717 0.060038 0.058774
0.522883 0.277404 0.119071 0.080641
0.393380 0.382716 0.141669 0.082235
0.158062 0.450671 0.292673 0.098594
0.275026 0.514091 0.103922 0.106960
0.156804 0.366109 0.381535 0.095552
0.674725 0.188899 0.103738 0.032638
0.194479 0.374804 0.329427 0.101290
0.011808 0.554893 0.262723 0.170576
0.249948 0.554740 0.099702 0.095610
0.388842 0.355242 0.172158 0.083757
0.388297 0.411711 0.147172 0.052820
0.389710 0.387373 0.149142 0.073775
0.238893 0.538895 0.124318 0.097894
0.001143 0.595292 0.251390 0.152174
0.059086 0.496659 0.330961 0.113294
0.189534 0.398823 0.319062 0.092580
0.686936 0.201499 0.073664 0.037901
0.015967 0.549078 0.243841 0.191115
0.007437 0.559267 0.277611 0.155685
0.579672 0.264688 0.087280 0.068359
0.404192 0.407353 0.098830 0.089625
0.653454 0.212714 0.063357 0.070475
0.264488 0.523331 0.090278 0.121903
0.171332 0.393833 0.320472 0.114363
0.150655 0.417891 0.317583 0.113871
0.429626 0.386360 0.090103 0.093911
0.015335 0.569000 0.220874 0.194791
0.014083 0.574097 0.267155 0.144665
0.012622 0.534556 0.279094 0.173728
0.559999 0.285296 0.103766 0.050939
0.251059 0.460277 0.194552 0.094112
0.658775 0.183383 0.095628 0.062214
0.004073 0.594781 0.253461 0.147685
0.256644 0.558610 0.075403 0.109343
0.088204 0.477244 0.305967 0.128584
0.335357 0.465026 0.103958 0.095659
0.179132 0.414204 0.327244 0.079421
0.005325 0.569478 0.267060 0.158136
0.014525 0.532935 0.290894 0.161646
0.023962 0.566840 0.267734 0.141464
0.393759 0.364229 0.155579 0.086433
0.638937 0.233758 0.089392 0.037913
0.658141 0.171980 0.102342 0.067537
0.278055 0.401501 0.217726 0.102718
0.260114 0.552094 0.101800 0.085992
0.183915 0.361386 0.345736 0.108963
0.138941 0.417749 0.336485 0.106825
0.126710 0.411878 0.379021 0.082391
0.120683 0.366267 0.442015 0.071035
0.018356 0.459924 0.471504 0.050216
0.000010 0.601166 0.249559 0.149265
0.131448 0.226769 0.606623 0.035160
0.310901 0.331072 0.262598 0.095428
0.101445 0.377494 0.390161 0.130900
0.129352 0.394466 0.372319 0.103863
0.097551 0.490699 0.323755 0.087995
0.142886 0.387358 0.370947 0.098809
0.008814 0.559587 0.431589 0.000010
0.000010 0.597058 0.250235 0.152697
0.096102 0.544867 0.241617 0.117414
0.112519 0.241417 0.599027 0.047038
0.132070 0.287234 0.523026 0.057670
0.015028 0.656665 0.210808 0.117499
0.001880 0.534617 0.297271 0.166231
0.157936 0.355002 0.435300 0.051761
0.006998 0.630979 0.213830 0.148192
0.000010 0.511722 0.488258 0.000010
0.001203 0.619105 0.234957 0.144735
0.091602 0.528305 0.213824 0.166269
0.124967 0.240137 0.580513 0.054384
0.111261 0.294906 0.523901 0.069932
0.101375 0.454584 0.309625 0.134416
0.003753 0.604424 0.249881 0.141943
0.167432 0.348801 0.425799 0.057968
0.119501 0.368757 0.426084 0.085658
0.004565 0.625127 0.219478 0.150830
0.033605 0.505561 0.435814 0.025020
0.025015 0.603402 0.220907 0.150676
0.061908 0.545616 0.247990 0.144487
0.125585 0.258136 0.538850 0.077429
0.123204 0.217931 0.620322 0.038543
0.190601 0.446987 0.282335 0.080077
0.143326 0.328320 0.447250 0.081104
0.000010 0.499778 0.500202 0.000010
0.015840 0.612631 0.229621 0.141908
0.123028 0.237453 0.566237 0.073283
0.102168 0.245428 0.606270 0.046135
0.178767 0.404474 0.343082 0.073678
0.019878 0.067495 0.867652 0.044975
0.152538 0.422691 0.319016 0.105754
0.139341 0.397576 0.407246 0.055836
0.003372 0.529713 0.460351 0.006564
0.007191 0.586776 0.268165 0.137868
0.080476 0.509415 0.233222 0.176886
0.151238 0.237938 0.531859 0.078965
0.126075 0.239726 0.605878 0.028321
0.117740 0.400925 0.398001 0.083334
0.264370 0.374299 0.265899 0.095431
0.077061 0.467350 0.361750 0.093838
0.252655 0.361815 0.305798 0.079732
0.127519 0.393334 0.413572 0.065575
0.027510 0.459946 0.454324 0.058219
0.008765 0.590142 0.257764 0.143328
0.120688 0.223945 0.591841 0.063526
0.111374 0.453118 0.285507 0.150001
0.102479 0.379539 0.409630 0.108351
0.001106 0.587232 0.255310 0.156351
0.102309 0.424145 0.376110 0.097435
0.121856 0.411543 0.370959 0.095643
0.133082 0.388748 0.414573 0.063596
0.026438 0.479401 0.461514 0.032646
0.011813 0.627021 0.231278 0.129888
0.118897 0.232210 0.575577 0.073317
0.127557 0.254850 0.553392 0.064200
0.114164 0.396422 0.377405 0.112009
0.031596 0.603271 0.280503 0.084631
0.003761 0.707556 0.210442 0.078241
0.014545 0.446912 0.516366 0.022177
0.057745 0.460534 0.366562 0.115159
0.019136 0.335336 0.476688 0.168840
0.052229 0.342598 0.532336 0.072837
0.022162 0.358671 0.454363 0.164805
0.016571 0.650125 0.274273 0.059031
0.043612 0.615353 0.287217 0.053818
0.000010 0.339046 0.660934 0.000010
0.017670 0.445265 0.483848 0.053218
0.012881 0.608300 0.316553 0.062266
0.012562 0.688826 0.271057 0.027556
0.008053 0.436932 0.515519 0.039495
0.016068 0.238597 0.611658 0.133677
0.006058 0.613975 0.334206 0.045762
0.009281 0.670631 0.285249 0.034839
0.019629 0.442271 0.452349 0.085751
0.000010 0.347268 0.639153 0.013569
0.004205 0.317348 0.678437 0.000010
0.003983 0.354762 0.641246 0.000010
0.013796 0.499232 0.419277 0.067695
0.017715 0.731249 0.200549 0.050487
0.024863 0.503320 0.355954 0.115863
0.012385 0.472938 0.512690 0.001987
0.051206 0.139217 0.726287 0.083291
0.004511 0.592223 0.343607 0.059659
0.017987 0.523472 0.420571 0.037970
0.021748 0.573851 0.344427 0.059974
0.003636 0.337138 0.659216 0.000010
0.000010 0.373216 0.626764 0.000010
0.005158 0.310944 0.678537 0.005361
0.054103 0.396072 0.480249 0.069576
0.010250 0.697169 0.237859 0.054722
0.021066 0.626968 0.334302 0.017664
0.012818 0.507736 0.428939 0.050506
0.135899 0.404241 0.329122 0.130739
0.007925 0.614296 0.349460 0.028319
0.011417 0.657930 0.287166 0.043487
0.012693 0.626938 0.293533 0.066835
0.057727 0.556040 0.288308 0.097926
0.011051 0.291362 0.671846 0.025741
0.000010 0.320165 0.679815 0.000010
0.011123 0.446216 0.517045 0.025616
0.018839 0.691289 0.243262 0.046609
0.024738 0.719621 0.200792 0.054849
0.020053 0.206875 0.651134 0.121939
0.074316 0.353238 0.392563 0.179882
0.028552 0.270480 0.504720 0.196248
0.024082 0.350368 0.449269 0.176281
0.028013 0.511428 0.399673 0.060886
0.005462 0.306319 0.675992 0.012226
0.014755 0.445382 0.492401 0.047462
0.000010 0.341514 0.658466 0.000010
0.106861 0.462788 0.358070 0.072281
0.025761 0.342423 0.456832 0.174984
0.015069 0.165816 0.772681 0.046433
0.029749 0.321360 0.491619 0.157271
0.027565 0.658263 0.274773 0.039398
0.003049 0.565415 0.339139 0.092397
0.013573 0.559861 0.345619 0.080947
0.011283 0.322918 0.664941 0.000858
0.000010 0.329168 0.667288 0.003534
0.000010 0.471462 0.489408 0.039120
0.008632 0.463652 0.453195 0.074520
0.000010 0.688911 0.272740 0.038338
0.019804 0.366314 0.467072 0.146811
0.010616 0.477262 0.438485 0.073636
0.026894 0.531451 0.349749 0.091906
0.064395 0.349445 0.412962 0.173198
0.021442 0.159245 0.712189 0.107124
0.010639 0.684785 0.289043 0.015532
0.016395 0.605700 0.308524 0.069381
0.002914 0.335664 0.661413 0.000010
0.000010 0.330280 0.665725 0.003986
0.010499 0.456512 0.482549 0.050441
0.002867 0.425537 0.475563 0.096033
0.012188 0.536049 0.331897 0.119865
0.082675 0.488198 0.315694 0.113433
0.001178 0.203172 0.695678 0.099972
0.024053 0.605262 0.351369 0.019316
0.020720 0.594985 0.320138 0.064157
0.019033 0.647975 0.289899 0.043092
0.104802 0.394152 0.391163 0.109884
0.000010 0.326015 0.673965 0.000010
0.000010 0.334742 0.641305 0.023944
0.021610 0.595175 0.305424 0.077791
0.000010 0.443233 0.509398 0.047358
0.013252 0.502242 0.414010 0.070496
0.000010 0.427615 0.572365 0.000010
0.028758 0.434098 0.476847 0.060297
0.069346 0.537608 0.214472 0.178575
0.095556 0.406221 0.386440 0.111783
0.090401 0.382477 0.418984 0.108138
0.086966 0.484645 0.307108 0.121281
0.011148 0.411220 0.488440 0.089191
0.091157 0.891663 0.000010 0.017170
0.007723 0.029219 0.915142 0.047917
0.003316 0.610542 0.243049 0.143093
0.110410 0.408544 0.373002 0.108043
0.144863 0.494860 0.209906 0.150371
0.043042 0.462360 0.464695 0.029903
0.076930 0.912722 0.000010 0.010338
0.096406 0.848024 0.000010 0.055561
0.003166 0.052364 0.902964 0.041506
0.050663 0.551904 0.240250 0.157183
0.096666 0.522084 0.208008 0.173241
0.070795 0.523106 0.296415 0.109683
0.017055 0.599463 0.238876 0.144605
0.119106 0.587955 0.147741 0.145198
0.135691 0.556274 0.186712 0.121324
0.132096 0.593276 0.153880 0.120748
0.126564 0.766294 0.052264 0.054878
0.115624 0.831087 0.000010 0.053279
0.003376 0.031390 0.889705 0.075529
0.004227 0.569367 0.265163 0.161243
0.008892 0.593172 0.258595 0.139341
0.117011 0.328019 0.446812 0.108158
0.000027 0.493620 0.479693 0.026660
0.003152 0.617453 0.252210 0.127184
0.116921 0.606765 0.145237 0.131077
0.103843 0.598801 0.174412 0.122944
0.080045 0.893295 0.000010 0.026650
0.099810 0.780152 0.042699 0.077338
0.098514 0.426173 0.411467 0.063847
0.100423 0.466110 0.275634 0.157833
0.068231 0.570359 0.219001 0.142409
0.000010 0.479558 0.507371 0.013060
0.143154 0.566214 0.183601 0.107031
0.105569 0.599802 0.172882 0.121748
0.094741 0.860538 0.000010 0.044711
0.099574 0.858564 0.000010 0.041852
0.112212 0.784138 0.041373 0.062277
0.043872 0.359301 0.466950 0.129877
0.095119 0.446263 0.352654 0.105964
0.078862 0.497701 0.264999 0.158438
0.077942 0.539383 0.214830 0.167845
0.007557 0.451500 0.518267 0.022676
0.270018 0.533612 0.071648 0.124723
0.148654 0.544748 0.166076 0.140522
0.100485 0.858804 0.000010 0.040702
0.091886 0.835896 0.000010 0.072208
0.095873 0.803187 0.036580 0.064360
0.014308 0.538128 0.275231 0.172334
0.083817 0.484089 0.311514 0.120579
0.000010 0.519532 0.480448 0.000010
0.018753 0.078239 0.872242 0.030766
0.135440 0.591044 0.159088 0.114428
0.135229 0.566130 0.189670 0.108971
0.085858 0.844146 0.035591 0.034406
0.116802 0.822368 0.008563 0.052268
0.011764 0.033023 0.920454 0.034759
0.025224 0.653604 0.297495 0.023677
0.108154 0.497470 0.213642 0.180733
0.000010 0.489993 0.492024 0.017973
0.025525 0.045276 0.875404 0.053795
0.111894 0.566537 0.222696 0.098872
0.155259 0.583588 0.176179 0.084975
0.131535 0.574750 0.149898 0.143818
0.082202 0.833287 0.004177 0.080335
0.095176 0.859095 0.005396 0.040334
0.000010 0.046676 0.895618 0.057696
0.003966 0.475262 0.497438 0.023334
0.011697 0.246194 0.652722 0.089387
0.019937 0.453470 0.447449 0.079144
0.000010 0.459992 0.464462 0.075536
0.032837 0.763117 0.157187 0.046859
0.000010 0.745125 0.231318 0.023547
0.000010 0.898726 0.101254 0.000010
0.019593 0.553683 0.407250 0.019473
0.045271 0.507335 0.427483 0.019910
0.002584 0.689165 0.294584 0.013668
0.020385 0.695149 0.249006 0.035459
0.012102 0.437037 0.464870 0.085991
0.019130 0.206760 0.694001 0.080109
0.000170 0.475803 0.483885 0.040142
0.032077 0.815194 0.148158 0.004571
0.003533 0.555630 0.399467 0.041370
0.028091 0.436692 0.484270 0.050947
0.027129 0.502132 0.416201 0.054538
0.017074 0.727220 0.255697 0.000010
0.005164 0.747118 0.247708 0.000010
0.011605 0.243930 0.671955 0.072510
0.000010 0.522763 0.477217 0.000010
0.000010 0.791581 0.199658 0.008751
0.006596 0.800107 0.188671 0.004626
0.000010 0.485143 0.473853 0.040994
0.020293 0.532089 0.434204 0.013414
0.000010 0.562495 0.418953 0.018542
0.017442 0.747456 0.235092 0.000010
0.000700 0.749546 0.249744 0.000010
0.000010 0.461089 0.469210 0.069691
0.027556 0.206655 0.675513 0.090276
0.000010 0.525208 0.430632 0.044150
0.000010 0.484142 0.510365 0.005483
0.000010 0.792144 0.207836 0.000010
0.046090 0.547912 0.380533 0.025464
0.003348 0.677962 0.318170 0.000520
0.003779 0.731175 0.265036 0.000010
0.000010 0.771420 0.228560 0.000010
0.001252 0.503143 0.463109 0.032496
0.017754 0.244290 0.598568 0.139387
0.000010 0.483448 0.509211 0.007331
0.013106 0.422738 0.464706 0.099450
0.000010 0.872446 0.127534 0.000010
0.025829 0.720641 0.209744 0.043787
0.126448 0.470746 0.345854 0.056952
0.001878 0.583472 0.409927 0.004724
0.008668 0.468967 0.517433 0.004932
0.000328 0.746786 0.243546 0.009340
0.000010 0.771153 0.228827 0.000010
0.032913 0.453388 0.437177 0.076522
0.015739 0.208021 0.683347 0.092893
0.000010 0.496449 0.461636 0.041905
0.000010 0.489399 0.482305 0.028287
0.010615 0.845028 0.144347 0.000010
0.000010 0.877669 0.122311 0.000010
0.019457 0.449055 0.461262 0.070226
0.025565 0.533134 0.438219 0.003082
0.000010 0.752514 0.247466 0.000010
0.000010 0.746478 0.253502 0.000010
0.004565 0.768940 0.226485 0.000010
0.000010 0.439030 0.498880 0.062081
0.018788 0.240384 0.672187 0.068641
0.011672 0.457393 0.503280 0.027655
0.000010 0.877246 0.122734 0.000010
0.015349 0.825301 0.152950 0.006400
0.025461 0.499257 0.435307 0.039974
0.032318 0.535847 0.381399 0.050437
0.002479 0.752575 0.235766 0.009180
0.000443 0.765451 0.234096 0.000010
0.010283 0.697438 0.292269 0.000010
0.014507 0.429845 0.512847 0.042801
0.018891 0.199512 0.674502 0.107095
0.014334 0.556372 0.376768 0.052526
0.009002 0.555664 0.383183 0.052152
0.035204 0.832778 0.132008 0.000010
0.000010 0.774341 0.225639 0.000010
0.052417 0.502817 0.393652 0.051115
0.006680 0.609799 0.373200 0.010321
0.002855 0.723555 0.258634 0.014956
0.000010 0.780071 0.219909 0.000010
0.005161 0.715812 0.260864 0.018163
0.000313 0.487361 0.494363 0.017963
0.008695 0.498772 0.489092 0.003441
0.009497 0.397100 0.461648 0.131755
0.008417 0.646649 0.344924 0.000010
0.000409 0.574380 0.389851 0.035361
0.006232 0.342482 0.618329 0.032957
0.000010 0.439729 0.560251 0.000010
0.147844 0.441908 0.319701 0.090548
0.011657 0.793753 0.179198 0.015392
0.013161 0.529499 0.421459 0.035881
0.007839 0.554138 0.421727 0.016296
0.013782 0.574634 0.388254 0.023330
0.012915 0.664912 0.257898 0.064275
0.000010 0.568639 0.399983 0.031368
0.000010 0.418534 0.581446 0.000010
0.006068 0.377949 0.613129 0.002854
0.006242 0.600324 0.249593 0.143841
0.028218 0.809641 0.142906 0.019234
0.009275 0.489053 0.438926 0.062746
0.030635 0.609618 0.320325 0.039422
0.000010 0.388718 0.565790 0.045483
0.000010 0.396017 0.571304 0.032669
0.015782 0.422250 0.532898 0.029069
0.000010 0.497848 0.403835 0.098307
0.005336 0.499030 0.449738 0.045897
0.000010 0.533472 0.466508 0.000010
0.000010 0.382101 0.561546 0.056343
0.000010 0.573839 0.426141 0.000010
0.036144 0.495526 0.421907 0.046423
0.014678 0.307794 0.614865 0.062663
0.018472 0.503149 0.450612 0.027767
0.026696 0.570411 0.377851 0.025041
0.023318 0.620208 0.307335 0.049138
0.005449 0.441194 0.523697 0.029660
0.000010 0.381343 0.605987 0.012660
0.002741 0.414167 0.504417 0.078674
0.029189 0.428172 0.450440 0.092200
0.008483 0.530023 0.432578 0.028916
0.000010 0.675035 0.266120 0.058835
0.000010 0.398019 0.596620 0.005351
0.000010 0.469386 0.512520 0.018084
0.004583 0.421709 0.480326 0.093382
0.013491 0.595472 0.348643 0.042394
0.000010 0.576770 0.423210 0.000010
0.004537 0.371405 0.566750 0.057308
0.000010 0.364386 0.630857 0.004748
0.018052 0.386741 0.507024 0.088184
0.003441 0.498792 0.457413 0.040354
0.008053 0.527940 0.419712 0.044296
0.022018 0.598949 0.368028 0.011004
0.004231 0.591619 0.404140 0.000010
0.000010 0.487762 0.512218 0.000010
0.000240 0.389929 0.590508 0.019324
0.000010 0.189284 0.732667 0.078039
0.021396 0.165467 0.710196 0.102941
0.028281 0.126497 0.770247 0.074975
0.017405 0.154290 0.745445 0.082860
0.000405 0.136506 0.764780 0.098309
0.002522 0.145075 0.758385 0.094017
0.039305 0.131331 0.772769 0.056595
0.011210 0.183544 0.650235 0.155011
0.010478 0.180913 0.711411 0.097198
0.022626 0.181001 0.687223 0.109151
0.008016 0.184069 0.741523 0.066393
0.012638 0.166825 0.739845 0.080692
0.001825 0.212690 0.613038 0.172447
0.019565 0.123981 0.747426 0.109028
0.020685 0.152889 0.730375 0.096052
0.022434 0.138803 0.726453 0.112310
0.013561 0.176443 0.717297 0.092700
0.009386 0.168952 0.730947 0.090715
0.024711 0.161993 0.749980 0.063316
0.011808 0.182527 0.630010 0.175655
0.019366 0.207115 0.599632 0.173887
0.016744 0.213124 0.587455 0.182677
0.003308 0.203022 0.589051 0.204619
0.024021 0.161827 0.615114 0.199038
0.026936 0.168208 0.629838 0.175018
0.017831 0.215461 0.616039 0.150669
0.028047 0.153002 0.638170 0.180780
0.006318 0.167752 0.602606 0.223324
0.018935 0.197824 0.657865 0.125376
0.028800 0.147301 0.658015 0.165884
0.021574 0.190499 0.570765 0.217162
0.017026 0.194901 0.614566 0.173506
0.018727 0.186930 0.641229 0.153114
0.023230 0.214704 0.629268 0.132797
0.010920 0.154220 0.634927 0.199933
0.036287 0.207799 0.591901 0.164013
0.010289 0.189838 0.602189 0.197684
0.026097 0.163708 0.601853 0.208343
0.007561 0.211503 0.596892 0.184044
0.020413 0.194394 0.600633 0.184561
0.020816 0.201886 0.530699 0.246599
0.011855 0.183794 0.616021 0.188329
0.036594 0.153787 0.581245 0.228374
0.024306 0.185101 0.612780 0.177813
0.028040 0.159584 0.654020 0.158356
0.014999 0.191846 0.618953 0.174202
0.012571 0.220478 0.579483 0.187468
0.013491 0.210399 0.589067 0.187043
0.019406 0.200718 0.618306 0.161570
0.016998 0.196766 0.599153 0.187083
0.014354 0.181785 0.737393 0.066467
0.017828 0.159086 0.735895 0.087191
0.022674 0.150670 0.758523 0.068133
0.013436 0.173924 0.710137 0.102503
0.018613 0.164168 0.709189 0.108030
0.017757 0.124559 0.768901 0.088782
0.012208 0.190822 0.680712 0.116259
0.012913 0.178666 0.675418 0.133002
0.139746 0.143155 0.665201 0.051898
0.004467 0.193907 0.731051 0.070575
0.040080 0.160781 0.703165 0.095974
0.016793 0.139217 0.636296 0.207693
0.020844 0.140668 0.750696 0.087792
0.008031 0.236617 0.572055 0.183297
0.024076 0.162600 0.692476 0.120848
0.017957 0.150869 0.749883 0.081291
0.015685 0.168473 0.744335 0.071507
0.004971 0.132178 0.741722 0.121129
0.022340 0.131742 0.798805 0.047112
0.019814 0.147492 0.695504 0.137189
0.013524 0.126981 0.779218 0.080278
0.015623 0.148917 0.771867 0.063593
0.020203 0.171835 0.740145 0.067817
0.017900 0.198922 0.705690 0.077488
0.031208 0.120003 0.799207 0.049582
0.016564 0.141215 0.791718 0.050502
0.026861 0.121868 0.760647 0.090623
0.021672 0.138925 0.768052 0.071351
0.004287 0.172271 0.747922 0.075520
0.017617 0.166327 0.730179 0.085878
0.008707 0.160570 0.722847 0.107876
0.006625 0.145749 0.756072 0.091554
0.016924 0.186401 0.734135 0.062540
0.013314 0.163306 0.729767 0.093613
0.027285 0.202149 0.629041 0.141525
0.017679 0.130324 0.783028 0.068968
0.003641 0.166833 0.753633 0.075893
0.012655 0.138693 0.749200 0.099452
0.020578 0.148410 0.740522 0.090489
0.009091 0.171041 0.724885 0.094983
0.071008 0.201885 0.625101 0.102006
0.019132 0.172091 0.713958 0.094819
0.006802 0.156663 0.778392 0.058143
0.012997 0.179088 0.696453 0.111461
0.040256 0.127019 0.755258 0.077467
0.013618 0.221568 0.633334 0.131480
0.010588 0.178310 0.585586 0.225516
0.001880 0.208059 0.639298 0.150764
0.012671 0.182620 0.623196 0.181513
0.001710 0.216501 0.634125 0.147663
0.002774 0.226383 0.622652 0.148191
0.015671 0.172043 0.728639 0.083647
0.000010 0.271729 0.523821 0.204440
0.017983 0.203029 0.601267 0.177721
0.025092 0.217405 0.560813 0.196690
0.008950 0.199537 0.651460 0.140053
0.008520 0.149111 0.731627 0.110741
0.020213 0.161374 0.695717 0.122696
0.008603 0.174506 0.711067 0.105823
0.000010 0.228873 0.552084 0.219032
0.006015 0.159925 0.733971 0.100090
0.000010 0.230033 0.601348 0.168609
0.014498 0.211038 0.679427 0.095037
0.017912 0.170065 0.740735 0.071289
0.021192 0.182255 0.716094 0.080459
0.019360 0.171753 0.741028 0.067859
0.009153 0.176842 0.710033 0.103973
0.015186 0.166860 0.691806 0.126148
0.018719 0.157329 0.696472 0.127479
0.023153 0.166979 0.734428 0.075440
0.000010 0.179604 0.675796 0.144590
0.010392 0.214610 0.651855 0.123143
0.018803 0.213372 0.606349 0.161476
0.000010 0.177732 0.680597 0.141661
0.000010 0.234784 0.555551 0.209655
0.011903 0.195876 0.619266 0.172955
0.002828 0.212293 0.669123 0.115756
0.003619 0.189464 0.589085 0.217832
0.000010 0.239685 0.578336 0.181970
0.033034 0.173309 0.574293 0.219364
0.027420 0.164177 0.682720 0.125683
0.000010 0.179706 0.696946 0.123338
0.610186 0.285317 0.057163 0.047333
0.512868 0.330498 0.106319 0.050315
0.626710 0.311746 0.054954 0.006590
0.678404 0.250498 0.067072 0.004025
0.644505 0.277849 0.028726 0.048921
0.533179 0.317441 0.098398 0.050981
0.537783 0.320799 0.081730 0.059688
0.505730 0.371716 0.091454 0.031099
0.529352 0.340337 0.084675 0.045636
0.591499 0.283804 0.072917 0.051781
0.659075 0.303379 0.023400 0.014146
0.621041 0.294784 0.047659 0.036516
0.595855 0.288053 0.059807 0.056286
0.651504 0.309234 0.016018 0.023245
0.006442 0.559034 0.257353 0.177172
0.191078 0.362339 0.330314 0.116270
0.653696 0.244442 0.049179 0.052682
0.255012 0.540499 0.099299 0.105190
0.272081 0.504903 0.105835 0.117182
0.547028 0.278999 0.135029 0.038945
0.003747 0.587233 0.258032 0.150988
0.389256 0.418826 0.127770 0.064148
0.496318 0.314210 0.132384 0.057088
0.360002 0.406708 0.122241 0.111049
0.132318 0.466529 0.240789 0.160364
0.517007 0.306292 0.101653 0.075048
0.747817 0.165869 0.029126 0.057188
0.710651 0.174512 0.112413 0.002424
0.367634 0.403810 0.153900 0.074656
0.689384 0.188808 0.089174 0.032635
0.009048 0.576809 0.246948 0.167195
0.275071 0.531050 0.121868 0.072012
0.000010 0.661097 0.214800 0.124094
0.014352 0.563945 0.286368 0.135336
0.204966 0.373812 0.334465 0.086757
0.182941 0.446689 0.281190 0.089180
0.172194 0.423915 0.328217 0.075675
0.121705 0.439936 0.344254 0.094105
0.007585 0.622823 0.236781 0.132811
0.011687 0.617457 0.232043 0.138812
0.133800 0.217663 0.591000 0.057537
0.191114 0.473527 0.187784 0.147574
0.086932 0.501595 0.250773 0.160700
0.031075 0.574176 0.239425 0.155324
0.104115 0.858695 0.000010 0.037181
0.008258 0.035155 0.897746 0.058841
0.009309 0.625762 0.284989 0.079939
0.012820 0.000010 0.915280 0.071890
0.008252 0.000010 0.967603 0.024135
0.002962 0.013185 0.916716 0.067137
0.012213 0.002961 0.914333 0.070492
0.018053 0.113049 0.795310 0.073589
0.018386 0.003981 0.924502 0.053131
0.000010 0.000010 0.944584 0.055396
0.013240 0.000010 0.928202 0.058549
0.013042 0.000010 0.936545 0.050403
0.008598 0.000010 0.934183 0.057209
0.032603 0.047552 0.885942 0.033903
0.016426 0.037203 0.871000 0.075371
0.015905 0.000010 0.940631 0.043454
0.015728 0.000010 0.938374 0.045888
0.005824 0.011955 0.955727 0.026495
0.013043 0.000010 0.942956 0.043991
0.000010 0.135606 0.792418 0.071966
0.009934 0.053798 0.888530 0.047738
0.012074 0.007819 0.926936 0.053172
0.018296 0.054727 0.883223 0.043754
0.000010 0.000010 0.944611 0.055369
0.008148 0.000010 0.922530 0.069311
0.004717 0.059114 0.882698 0.053471
0.008248 0.016683 0.922287 0.052782
0.015346 0.000010 0.924687 0.059957
0.011907 0.022451 0.907796 0.057846
0.017152 0.010190 0.902908 0.069750
0.014054 0.110652 0.800529 0.074765
0.021361 0.152443 0.745170 0.081025
0.060219 0.010820 0.863805 0.065157
0.006149 0.142990 0.743362 0.107499
0.010388 0.023923 0.898716 0.066973
0.009839 0.136662 0.779230 0.074269
0.000010 0.009589 0.936404 0.053997
0.031542 0.110134 0.770551 0.087772
0.003843 0.020138 0.910832 0.065186
0.000532 0.000010 0.921462 0.077996
0.014037 0.056080 0.857037 0.072846
0.003461 0.051984 0.873903 0.070652
0.000010 0.030551 0.917736 0.051703
0.000187 0.142091 0.701001 0.156721
0.016330 0.034146 0.889561 0.059963
0.072488 0.098015 0.764108 0.065389
0.020547 0.127068 0.790390 0.061995
0.012153 0.035081 0.898371 0.054395
0.069139 0.104548 0.730250 0.096063
0.010670 0.122240 0.770138 0.096951
0.011355 0.003930 0.881995 0.102719
0.008918 0.105666 0.803953 0.081464
0.042028 0.093876 0.836174 0.027921
0.017281 0.045082 0.887468 0.050169
0.049432 0.103102 0.793114 0.054353
0.071367 0.126982 0.750303 0.051348
0.041292 0.134122 0.787980 0.036606
0.058938 0.086472 0.791197 0.063393
0.062127 0.141233 0.745496 0.051145
0.037603 0.057939 0.849262 0.055196
0.100624 0.211981 0.672406 0.014989
