0.443594 0.079658 0.000010 0.024781 0.053109 0.398848
0.569690 0.035355 0.006577 0.015854 0.069911 0.302612
0.454127 0.054844 0.017108 0.030933 0.042070 0.400917
0.542012 0.024991 0.037626 0.000010 0.071519 0.323842
0.454198 0.088989 0.002836 0.000010 0.050670 0.403297
0.485238 0.041955 0.011753 0.041940 0.060398 0.358716
0.510450 0.034506 0.037836 0.012474 0.075307 0.329428
0.798782 0.000010 0.000010 0.000010 0.146232 0.054957
0.803364 0.017212 0.000010 0.020414 0.117376 0.041624
0.886973 0.000010 0.031133 0.000010 0.000010 0.081864
0.729316 0.057947 0.016289 0.005059 0.114603 0.076787
0.734739 0.028221 0.023131 0.000010 0.136101 0.077799
0.000010 0.012012 0.098743 0.000010 0.221806 0.667419
0.000010 0.070560 0.121156 0.020661 0.196675 0.590938
0.000010 0.000010 0.007633 0.000010 0.249214 0.743123
0.011611 0.080436 0.092405 0.048637 0.164109 0.602802
0.453726 0.082028 0.020580 0.019417 0.050050 0.374199
0.478371 0.085892 0.000932 0.012044 0.047512 0.375250
0.827262 0.019768 0.000010 0.000010 0.099702 0.053249
0.769792 0.000010 0.000010 0.000010 0.184514 0.045665
0.791879 0.000010 0.000010 0.000010 0.135377 0.072715
0.907752 0.000010 0.024169 0.000010 0.000010 0.068048
0.729386 0.043576 0.013990 0.009106 0.138958 0.064984
0.737567 0.013015 0.044955 0.006229 0.121975 0.076259
0.000010 0.000010 0.058594 0.000010 0.228227 0.713148
0.000010 0.000010 0.035433 0.017293 0.224883 0.722372
0.000010 0.002649 0.000010 0.000010 0.261963 0.735357
0.000010 0.073516 0.156581 0.011928 0.181569 0.576396
0.465314 0.074218 0.022262 0.018608 0.048611 0.370988
0.453676 0.048438 0.053888 0.019800 0.065355 0.358844
0.795318 0.024119 0.000010 0.000319 0.081492 0.098742
0.771338 0.000010 0.005816 0.000010 0.205166 0.017660
0.889195 0.008676 0.016168 0.000010 0.000010 0.085942
0.893815 0.000010 0.039212 0.000010 0.000010 0.066943
0.738919 0.040885 0.020409 0.024432 0.120127 0.055227
0.736262 0.021726 0.041173 0.026917 0.117854 0.056069
0.000010 0.000010 0.093927 0.025318 0.208181 0.672554
0.003837 0.012484 0.016362 0.000010 0.244289 0.723018
0.000010 0.000010 0.081329 0.000010 0.206661 0.711980
0.009160 0.058521 0.107880 0.045018 0.174957 0.604465
0.490930 0.033467 0.028677 0.047654 0.050238 0.349034
0.458849 0.076721 0.058518 0.000010 0.049793 0.356109
0.798598 0.003610 0.000010 0.000010 0.136953 0.060819
0.822927 0.000010 0.002159 0.008335 0.122218 0.044351
0.907978 0.000010 0.042558 0.000010 0.000010 0.049434
0.886258 0.000010 0.034123 0.000010 0.000010 0.079589
0.902502 0.000010 0.024575 0.000010 0.000010 0.072892
0.720810 0.052802 0.024003 0.000010 0.125894 0.076480
0.734265 0.051060 0.000010 0.030100 0.110311 0.074253
0.000010 0.000010 0.095765 0.028676 0.197130 0.678410
0.000012 0.000010 0.000010 0.005166 0.265311 0.729492
0.000010 0.000010 0.014573 0.022642 0.206925 0.755840
0.013417 0.061571 0.073204 0.028560 0.200253 0.622996
0.000010 0.000010 0.055456 0.018529 0.217342 0.708652
0.000010 0.182063 0.162220 0.075644 0.176322 0.403741
0.000010 0.003939 0.054452 0.027435 0.239554 0.674610
0.052719 0.067603 0.080959 0.000010 0.080452 0.718257
0.039810 0.067988 0.089229 0.013746 0.143608 0.645619
0.052129 0.051981 0.030246 0.018909 0.061953 0.784782
0.047649 0.057061 0.081631 0.019179 0.133794 0.660686
0.410060 0.085042 0.000010 0.013379 0.085452 0.406058
0.000010 0.028330 0.068093 0.024146 0.235467 0.643954
0.000010 0.041892 0.122271 0.000010 0.198059 0.637757
0.082232 0.051125 0.067444 0.019637 0.096826 0.682737
0.163496 0.129960 0.010282 0.012241 0.040438 0.643582
0.053060 0.129928 0.031292 0.001918 0.099981 0.683821
0.069774 0.089754 0.081450 0.013161 0.096300 0.649561
0.445963 0.077852 0.037591 0.003716 0.081534 0.353344
0.459122 0.087227 0.030692 0.000010 0.050303 0.372646
0.000010 0.016899 0.079557 0.008107 0.233700 0.661726
0.000010 0.157900 0.150391 0.050333 0.184050 0.457315
0.000010 0.000010 0.060895 0.035758 0.223660 0.679667
0.064170 0.081599 0.054257 0.018517 0.101641 0.679816
0.046088 0.068183 0.114812 0.026466 0.130366 0.614084
0.026073 0.076688 0.081281 0.003094 0.125460 0.687404
0.082208 0.046256 0.085761 0.045530 0.113833 0.626412
0.404754 0.071579 0.053089 0.040153 0.045058 0.385368
0.413409 0.106308 0.039068 0.001930 0.051201 0.388083
0.450811 0.041373 0.036725 0.040013 0.078692 0.352387
0.796096 0.027575 0.000010 0.014192 0.111729 0.050397
0.900979 0.000010 0.029140 0.000010 0.000010 0.069852
0.881694 0.000010 0.035793 0.008184 0.000010 0.074310
0.905550 0.000010 0.034085 0.000010 0.000010 0.060335
0.702657 0.051853 0.007103 0.000010 0.187335 0.051041
0.733373 0.040473 0.011085 0.026389 0.133623 0.055057
0.000010 0.032380 0.091662 0.000858 0.199751 0.675339
0.000010 0.000010 0.000010 0.000010 0.258338 0.741622
0.000010 0.011468 0.054105 0.040113 0.198803 0.695501
0.026263 0.016225 0.135387 0.074607 0.170579 0.576940
0.455952 0.053638 0.059210 0.006771 0.051963 0.372467
0.646694 0.053387 0.004628 0.000157 0.059814 0.235320
0.794150 0.021374 0.000010 0.000010 0.138442 0.046015
0.806061 0.012487 0.000010 0.005151 0.122075 0.054215
0.896384 0.000010 0.024018 0.015897 0.000010 0.063681
0.905187 0.000010 0.044579 0.000010 0.000010 0.050204
0.729511 0.020964 0.030653 0.016258 0.124242 0.078372
0.730672 0.043300 0.024261 0.007797 0.119447 0.074524
0.000010 0.000010 0.094725 0.027497 0.208052 0.669707
0.000010 0.000010 0.032768 0.028828 0.215067 0.723317
0.013151 0.093227 0.099447 0.017956 0.169651 0.606568
0.000010 0.020835 0.070963 0.007397 0.231292 0.669504
0.000010 0.303097 0.227472 0.093061 0.123902 0.252457
0.000010 0.014227 0.046648 0.015627 0.247879 0.675609
0.066523 0.070900 0.059078 0.002296 0.044652 0.756551
0.049955 0.090577 0.037808 0.023348 0.097226 0.701085
0.040005 0.096655 0.082762 0.000010 0.111228 0.669340
0.458125 0.071509 0.068289 0.013204 0.070934 0.317939
0.451555 0.050336 0.029814 0.031196 0.052497 0.384603
0.800179 0.000010 0.015550 0.000010 0.140018 0.044233
0.787431 0.000010 0.007101 0.012388 0.146536 0.046534
0.909477 0.000010 0.016470 0.000010 0.000010 0.074023
0.884552 0.008580 0.051374 0.008534 0.001739 0.045222
0.722002 0.050509 0.030699 0.000010 0.128502 0.068278
0.000010 0.034902 0.101394 0.004862 0.186819 0.672013
0.000010 0.000010 0.010190 0.006338 0.227302 0.756150
0.000010 0.000010 0.000010 0.000010 0.244381 0.755579
0.005159 0.070921 0.118117 0.019671 0.184682 0.601450
0.000010 0.028944 0.053539 0.009114 0.234470 0.673923
0.000010 0.167570 0.188903 0.075822 0.188647 0.379047
0.000010 0.000010 0.089957 0.001607 0.235506 0.672911
0.055427 0.051716 0.046391 0.026103 0.088729 0.731633
0.064947 0.068991 0.043112 0.000010 0.084698 0.738243
0.038705 0.059184 0.092516 0.019684 0.107189 0.682722
0.363070 0.072588 0.011818 0.030886 0.067363 0.454276
0.483294 0.054638 0.002695 0.022473 0.080514 0.356387
0.811569 0.000010 0.000010 0.008159 0.161412 0.018839
0.820484 0.000010 0.000010 0.002402 0.102608 0.074486
0.905347 0.000010 0.015433 0.000010 0.000010 0.079190
0.897316 0.000010 0.033339 0.000010 0.000010 0.069315
0.731939 0.041517 0.005028 0.000010 0.152788 0.068717
0.717978 0.038089 0.034504 0.010634 0.111144 0.087651
0.000010 0.010023 0.131529 0.021076 0.209624 0.627738
0.000010 0.000010 0.000018 0.000010 0.255395 0.744557
0.000010 0.000010 0.000010 0.000010 0.253089 0.746871
0.010228 0.070603 0.126090 0.029690 0.179613 0.583776
0.000010 0.060136 0.045300 0.015039 0.204913 0.674602
0.000010 0.164641 0.194000 0.068112 0.166167 0.407071
0.000010 0.000010 0.060037 0.025471 0.240266 0.674206
0.096591 0.102465 0.014935 0.000010 0.000010 0.785988
0.064775 0.111601 0.083056 0.005634 0.096489 0.638445
0.117556 0.035283 0.086861 0.029083 0.119345 0.611873
0.498737 0.033194 0.053309 0.018900 0.088943 0.306917
0.485805 0.052187 0.000010 0.031356 0.073796 0.356846
0.808401 0.000010 0.000010 0.000010 0.119639 0.071930
0.824297 0.034707 0.012321 0.000010 0.093672 0.034994
0.898391 0.000010 0.036726 0.000010 0.000010 0.064853
0.893554 0.000010 0.023467 0.010206 0.000010 0.072753
0.903202 0.000010 0.023539 0.000010 0.000010 0.073229
0.715835 0.051314 0.043712 0.019171 0.126207 0.043761
0.758144 0.041053 0.000010 0.007544 0.118838 0.074411
0.000010 0.044344 0.080258 0.009951 0.199472 0.665965
0.011023 0.032525 0.054388 0.000010 0.222991 0.679064
0.000010 0.000010 0.000010 0.000010 0.259391 0.740569
0.019439 0.084904 0.125073 0.008759 0.166528 0.595297
0.000010 0.042474 0.086251 0.035458 0.195687 0.640121
0.000010 0.025851 0.040087 0.005916 0.257740 0.670395
0.040270 0.097957 0.046223 0.041050 0.099006 0.675494
0.064425 0.079572 0.048096 0.032556 0.089100 0.686251
0.057951 0.072510 0.085604 0.008859 0.127214 0.647861
0.054778 0.092586 0.029329 0.023837 0.045312 0.754158
0.022421 0.000010 0.000010 0.000010 0.266474 0.711074
0.450085 0.047214 0.057618 0.000010 0.071133 0.373941
0.804408 0.000010 0.000010 0.000010 0.152154 0.043407
0.854662 0.009171 0.057306 0.000010 0.018185 0.060666
0.891262 0.000010 0.029977 0.000010 0.000010 0.078731
0.709765 0.054594 0.000010 0.016278 0.158057 0.061295
0.743242 0.042658 0.018802 0.013402 0.128633 0.053264
0.000010 0.050650 0.000298 0.010364 0.217974 0.720705
0.000010 0.000010 0.034641 0.002957 0.220214 0.742168
0.000010 0.000010 0.063632 0.016461 0.210599 0.709289
0.000010 0.000010 0.063491 0.009591 0.252998 0.673901
0.000010 0.201247 0.186195 0.032217 0.168435 0.411896
0.000010 0.010900 0.066050 0.021076 0.235573 0.666391
0.080821 0.076514 0.057681 0.000010 0.035604 0.749370
0.058285 0.085200 0.051110 0.000010 0.085555 0.719840
0.145011 0.091621 0.051646 0.051181 0.020553 0.639988
0.047944 0.084731 0.040172 0.003563 0.075458 0.748131
0.524063 0.051296 0.032437 0.035113 0.049929 0.307161
0.012109 0.000010 0.000010 0.000010 0.290285 0.697576
0.808963 0.000010 0.001214 0.006828 0.123573 0.059411
0.895251 0.000010 0.042501 0.000795 0.000010 0.061432
0.791988 0.000013 0.000010 0.021162 0.134606 0.052220
0.798324 0.000010 0.000010 0.002321 0.141036 0.058299
0.000010 0.016399 0.087298 0.002436 0.230700 0.663158
0.043861 0.112299 0.063148 0.025119 0.068018 0.687555
0.000010 0.208131 0.166550 0.032703 0.189622 0.402985
0.000010 0.000010 0.079991 0.011672 0.230463 0.677854
0.077396 0.084521 0.047733 0.000406 0.053778 0.736165
0.036583 0.074133 0.066497 0.050777 0.118928 0.653082
0.219660 0.050289 0.077803 0.017141 0.099977 0.535130
0.456529 0.068721 0.043076 0.000010 0.096595 0.335069
0.016106 0.000010 0.000010 0.000010 0.268346 0.715518
0.887109 0.000010 0.025562 0.000010 0.000010 0.087300
0.703701 0.078659 0.027774 0.000010 0.136494 0.053363
0.737368 0.024299 0.039405 0.000010 0.132370 0.066548
0.725403 0.048991 0.000808 0.000010 0.131750 0.093039
0.000010 0.000010 0.019642 0.000010 0.243665 0.736663
0.000010 0.000010 0.053043 0.000010 0.225468 0.721460
0.000010 0.032756 0.087465 0.020573 0.227499 0.631697
0.000010 0.000314 0.074319 0.014666 0.252471 0.658220
0.000010 0.212614 0.149720 0.037022 0.189060 0.411573
0.073646 0.115310 0.036840 0.000010 0.010311 0.763883
0.072254 0.098647 0.052548 0.012915 0.082216 0.681420
0.063886 0.085648 0.064098 0.032853 0.128821 0.624694
0.046177 0.091558 0.051487 0.000010 0.115241 0.695528
0.037151 0.076213 0.091774 0.018584 0.148617 0.627660
0.018850 0.000010 0.000010 0.000010 0.264249 0.716871
0.000010 0.154318 0.163253 0.034543 0.183903 0.463973
0.000010 0.007742 0.076765 0.026553 0.220674 0.668256
0.067907 0.084424 0.052013 0.012492 0.057934 0.725229
0.066191 0.063212 0.077064 0.021302 0.079859 0.692372
0.156703 0.157875 0.004573 0.018561 0.039121 0.623167
0.035011 0.079038 0.075562 0.029999 0.107202 0.673189
0.489782 0.071484 0.011940 0.026654 0.068260 0.331880
0.004219 0.000010 0.000010 0.000010 0.276655 0.719097
0.008348 0.000010 0.000010 0.000010 0.268031 0.723591
0.014875 0.004808 0.058024 0.029374 0.268601 0.624318
0.000010 0.004538 0.006448 0.011924 0.248377 0.728703
0.057261 0.124722 0.167600 0.055049 0.131185 0.464182
0.171029 0.078720 0.000010 0.000010 0.000010 0.750221
0.218862 0.072338 0.000010 0.000010 0.000010 0.708770
0.003118 0.033521 0.005554 0.019989 0.167712 0.770106
0.000010 0.015896 0.056078 0.003488 0.167517 0.757011
0.004769 0.032719 0.035414 0.007906 0.167064 0.752128
0.026304 0.000010 0.012135 0.007613 0.268013 0.685924
0.016912 0.000010 0.000010 0.000010 0.265419 0.717639
0.000010 0.000010 0.036124 0.007641 0.235308 0.720907
0.065702 0.186402 0.116057 0.058234 0.139446 0.434158
0.195798 0.081983 0.000010 0.000010 0.000010 0.722188
0.095920 0.110710 0.000010 0.000010 0.000010 0.793340
0.000028 0.073147 0.023235 0.000010 0.181051 0.722529
0.000010 0.030879 0.073252 0.000010 0.165415 0.730435
0.137250 0.000010 0.000010 0.000010 0.303263 0.559457
0.057288 0.073465 0.033007 0.004129 0.091401 0.740711
0.008890 0.000010 0.000010 0.000010 0.292479 0.698600
0.000010 0.165341 0.158603 0.033722 0.187252 0.455073
0.030649 0.202732 0.150781 0.099862 0.111661 0.404316
0.221787 0.098553 0.000010 0.013688 0.000010 0.665952
0.161209 0.084091 0.000010 0.000010 0.000010 0.754670
0.008719 0.044158 0.009601 0.015525 0.184057 0.737939
0.010636 0.019169 0.039953 0.021811 0.174533 0.733898
0.003921 0.000010 0.056281 0.000010 0.178098 0.761680
0.092102 0.000010 0.000010 0.000010 0.270089 0.637779
0.015798 0.000010 0.000010 0.000010 0.268385 0.715787
0.005288 0.020888 0.078867 0.003821 0.267737 0.623398
0.000010 0.149349 0.171603 0.043868 0.182547 0.452623
0.077529 0.163022 0.080578 0.055736 0.154117 0.469017
0.357325 0.068183 0.000010 0.000010 0.000010 0.574462
0.172491 0.110402 0.004156 0.000843 0.000010 0.712098
0.005805 0.031822 0.045728 0.010603 0.156385 0.749656
0.010610 0.018913 0.043036 0.026681 0.176232 0.724528
0.006143 0.041895 0.026386 0.014459 0.164426 0.746691
0.157675 0.000010 0.000010 0.000010 0.299813 0.542483
0.731071 0.044518 0.016864 0.012696 0.102242 0.092609
0.725709 0.047449 0.000010 0.026155 0.130693 0.069983
0.000010 0.057101 0.097852 0.009460 0.181752 0.653825
0.000010 0.000010 0.000010 0.000010 0.252956 0.747004
0.010817 0.060604 0.120851 0.031741 0.173913 0.602073
0.012632 0.000010 0.000010 0.000010 0.262117 0.725221
0.000010 0.000010 0.006729 0.000010 0.224075 0.769166
0.000010 0.148222 0.135982 0.067369 0.177450 0.470967
0.058827 0.101264 0.127983 0.067556 0.161957 0.482413
0.241096 0.053987 0.003854 0.000010 0.000010 0.701043
0.162307 0.091667 0.000010 0.000010 0.000010 0.745995
0.016829 0.028654 0.046855 0.001320 0.178075 0.728267
0.000010 0.000010 0.037082 0.059020 0.157858 0.746021
0.015036 0.033125 0.043439 0.007800 0.176445 0.724156
0.071049 0.000010 0.000010 0.000010 0.283380 0.645541
0.000010 0.001410 0.025008 0.001777 0.230075 0.741720
0.000010 0.201656 0.172201 0.049819 0.205671 0.370643
0.180709 0.075209 0.000010 0.000010 0.000010 0.744052
0.156915 0.108496 0.000010 0.000010 0.000010 0.734558
0.290569 0.075823 0.013557 0.000010 0.000010 0.620032
0.015300 0.023719 0.013272 0.022012 0.166131 0.759567
0.000633 0.025011 0.050784 0.020385 0.272645 0.630542
0.000010 0.007087 0.063217 0.000010 0.233912 0.695764
0.000010 0.159528 0.189210 0.071916 0.174845 0.404492
0.042438 0.142527 0.143419 0.053112 0.138607 0.479896
0.177222 0.083480 0.000010 0.000010 0.000010 0.739268
0.160703 0.091188 0.000010 0.000010 0.000010 0.748079
0.001120 0.035327 0.040200 0.000089 0.180354 0.742910
0.005296 0.019403 0.030661 0.010069 0.176429 0.758143
0.009374 0.029907 0.027190 0.011614 0.171764 0.750151
0.124363 0.000010 0.000010 0.000010 0.289110 0.586497
0.017199 0.000010 0.040063 0.010638 0.288147 0.643943
0.000010 0.000010 0.036768 0.000010 0.227021 0.736181
0.000010 0.151410 0.225227 0.046938 0.166388 0.410027
0.082318 0.135269 0.145033 0.030005 0.132096 0.475280
0.179909 0.082513 0.000241 0.000010 0.000010 0.737318
0.184291 0.083063 0.000010 0.011945 0.000010 0.720681
0.003194 0.053136 0.025629 0.012698 0.186511 0.718832
0.005684 0.029122 0.008252 0.040475 0.167074 0.749393
0.012993 0.043598 0.017263 0.024903 0.163030 0.738212
0.017776 0.000010 0.016361 0.025873 0.294242 0.645738
0.000010 0.014439 0.024034 0.000010 0.235981 0.725526
0.066811 0.202698 0.116837 0.049233 0.119484 0.444936
0.175104 0.072224 0.000010 0.000010 0.000010 0.752642
0.182267 0.068634 0.017983 0.000010 0.000010 0.731096
0.014985 0.060600 0.009870 0.001163 0.171401 0.741981
0.007303 0.000010 0.067930 0.020945 0.299473 0.604340
0.000010 0.004865 0.009511 0.000010 0.251264 0.734340
0.049861 0.160380 0.124576 0.071884 0.139372 0.453927
0.168908 0.087948 0.000010 0.000010 0.000010 0.743115
0.200655 0.090031 0.000010 0.000010 0.000010 0.709284
0.003467 0.000010 0.015427 0.040747 0.187741 0.752607
0.016050 0.030361 0.026084 0.005342 0.159776 0.762387
0.140151 0.000010 0.000010 0.000010 0.291246 0.568574
0.134702 0.000010 0.000010 0.000010 0.291974 0.573293
0.057447 0.035416 0.115803 0.039197 0.136748 0.615389
0.049271 0.065839 0.075932 0.034175 0.133045 0.641739
0.494055 0.062567 0.048067 0.024795 0.057463 0.313052
0.013148 0.000010 0.045762 0.025596 0.290091 0.625393
0.000010 0.000010 0.000010 0.014154 0.233897 0.751920
0.000010 0.206216 0.180966 0.036808 0.175263 0.400737
0.175166 0.082116 0.003031 0.000010 0.000010 0.739667
0.218969 0.089102 0.000010 0.001257 0.000010 0.690652
0.017175 0.020171 0.047845 0.027210 0.148306 0.739293
0.005190 0.015547 0.059086 0.000010 0.178437 0.741731
0.147900 0.000010 0.000010 0.000010 0.298217 0.553854
0.727845 0.044094 0.015167 0.007324 0.120412 0.085158
0.000010 0.000010 0.005675 0.000010 0.232054 0.762240
0.094615 0.000010 0.000010 0.000820 0.287697 0.616848
0.008317 0.040102 0.027773 0.022619 0.179605 0.721585
0.168407 0.075070 0.012568 0.000010 0.000010 0.743935
0.015446 0.024056 0.029991 0.017778 0.160336 0.752392
0.046058 0.161772 0.113905 0.062494 0.126436 0.489336
0.000010 0.212961 0.135475 0.059981 0.170333 0.421240
0.024190 0.010382 0.084874 0.031493 0.252225 0.596835
0.372784 0.073358 0.000010 0.000010 0.000010 0.553828
0.000010 0.064043 0.061236 0.011958 0.186666 0.676087
0.701042 0.000010 0.000010 0.000010 0.298918 0.000010
0.715812 0.000010 0.000010 0.000010 0.284148 0.000010
0.683376 0.000010 0.000010 0.000010 0.316584 0.000010
0.681792 0.000010 0.000010 0.000010 0.318168 0.000010
0.000010 0.151900 0.347805 0.039300 0.215161 0.245823
0.000010 0.176966 0.286670 0.072930 0.192605 0.270818
0.000010 0.141586 0.344037 0.058081 0.200475 0.255812
0.000010 0.115956 0.323629 0.069924 0.236319 0.254162
0.680556 0.008229 0.000010 0.000010 0.283464 0.027730
0.772916 0.000010 0.000010 0.000010 0.205416 0.021637
0.756082 0.000010 0.000010 0.000010 0.236684 0.007204
0.756227 0.010395 0.000919 0.000010 0.211748 0.020700
0.765715 0.000010 0.000010 0.000130 0.218300 0.015835
0.751663 0.000010 0.015863 0.000010 0.227605 0.004849
0.718836 0.000010 0.000010 0.000010 0.281124 0.000010
0.759576 0.000010 0.000010 0.004146 0.218605 0.017654
0.516111 0.080423 0.101425 0.000010 0.233549 0.068482
0.549361 0.000010 0.000010 0.000010 0.443332 0.007278
0.673758 0.000010 0.000010 0.000010 0.326202 0.000010
0.660325 0.000010 0.000010 0.000010 0.339635 0.000010
0.666662 0.000010 0.000010 0.000010 0.333298 0.000010
0.668730 0.000010 0.000010 0.000010 0.331230 0.000010
0.642069 0.000010 0.000010 0.000010 0.357891 0.000010
0.714793 0.000010 0.000010 0.000010 0.285167 0.000010
0.663159 0.000010 0.000010 0.000010 0.336801 0.000010
0.662990 0.000010 0.000010 0.000010 0.336970 0.000010
0.656621 0.000010 0.000010 0.000010 0.343339 0.000010
0.668942 0.000010 0.000010 0.000010 0.331018 0.000010
0.723940 0.000010 0.000010 0.000010 0.276020 0.000010
0.732589 0.000010 0.000010 0.004226 0.263155 0.000010
0.711371 0.000010 0.000010 0.000010 0.288589 0.000010
0.709760 0.000010 0.000010 0.000010 0.290200 0.000010
0.703143 0.000010 0.000010 0.005626 0.291202 0.000010
0.719059 0.000010 0.000010 0.000010 0.280901 0.000010
0.722805 0.000010 0.000010 0.000010 0.277155 0.000010
0.723424 0.000010 0.000010 0.000010 0.276536 0.000010
0.726824 0.000010 0.000010 0.000010 0.273136 0.000010
0.721669 0.000010 0.000010 0.000010 0.278291 0.000010
0.719503 0.000010 0.000010 0.000010 0.280457 0.000010
0.672908 0.000010 0.000010 0.000010 0.327052 0.000010
0.676672 0.000010 0.000010 0.000010 0.323288 0.000010
0.676230 0.000010 0.000010 0.000010 0.323730 0.000010
0.692176 0.000010 0.000010 0.000010 0.307784 0.000010
0.688171 0.000010 0.000010 0.000010 0.311789 0.000010
0.693041 0.000010 0.000010 0.000010 0.306919 0.000010
0.703230 0.000010 0.000010 0.000010 0.296730 0.000010
0.693110 0.000010 0.000010 0.000010 0.306850 0.000010
0.682556 0.000010 0.000010 0.000010 0.317404 0.000010
0.690886 0.000010 0.000010 0.000010 0.309074 0.000010
0.718324 0.000010 0.000010 0.000010 0.281636 0.000010
0.716382 0.000010 0.000010 0.000010 0.283578 0.000010
0.669788 0.000010 0.000010 0.000010 0.330172 0.000010
0.717033 0.000010 0.000010 0.000010 0.282927 0.000010
0.719698 0.000010 0.000010 0.000010 0.280262 0.000010
0.711566 0.000010 0.000010 0.000010 0.288394 0.000010
0.709190 0.000010 0.000010 0.000010 0.290770 0.000010
0.724572 0.000010 0.000010 0.000010 0.275388 0.000010
0.710223 0.000010 0.000010 0.000010 0.289737 0.000010
0.723994 0.000010 0.000010 0.008690 0.267286 0.000010
0.675350 0.000010 0.000010 0.000010 0.324610 0.000010
0.697196 0.000010 0.000010 0.000010 0.302764 0.000010
0.705578 0.008552 0.003692 0.003388 0.278780 0.000010
0.687971 0.000010 0.000010 0.000010 0.311989 0.000010
0.662193 0.000010 0.000010 0.000010 0.337767 0.000010
0.720363 0.002698 0.000010 0.000010 0.276908 0.000010
0.660727 0.000010 0.000010 0.000010 0.339233 0.000010
0.707653 0.000010 0.000010 0.000010 0.292307 0.000010
0.711840 0.000010 0.000010 0.000010 0.288120 0.000010
0.683238 0.000010 0.000010 0.000010 0.316722 0.000010
0.649089 0.000010 0.000010 0.000010 0.350871 0.000010
0.662149 0.000010 0.000010 0.000010 0.337811 0.000010
0.679322 0.000010 0.000010 0.000010 0.320638 0.000010
0.681318 0.000010 0.000010 0.000010 0.318642 0.000010
0.377282 0.118812 0.135346 0.000010 0.313813 0.054737
0.731465 0.002111 0.023335 0.000010 0.243070 0.000010
0.747101 0.000010 0.000010 0.000010 0.252859 0.000010
0.742659 0.000010 0.001619 0.005391 0.247532 0.002788
0.749563 0.000010 0.000010 0.000425 0.241395 0.008598
0.726931 0.001014 0.020646 0.000010 0.251389 0.000010
0.753544 0.000010 0.000010 0.005135 0.240268 0.001033
0.752183 0.000010 0.000010 0.000010 0.230260 0.017526
0.761918 0.000010 0.000010 0.000010 0.218808 0.019244
0.727283 0.000010 0.000010 0.000010 0.272677 0.000010
0.689963 0.000010 0.000010 0.000010 0.309997 0.000010
0.723049 0.000010 0.001303 0.000010 0.275618 0.000010
0.703233 0.000010 0.000010 0.000010 0.288141 0.008596
0.707586 0.001948 0.000010 0.000010 0.289942 0.000505
0.717085 0.000010 0.000010 0.003241 0.279644 0.000010
0.755816 0.000010 0.000010 0.000010 0.231972 0.012183
0.715861 0.000010 0.001581 0.000010 0.282528 0.000010
0.716397 0.000010 0.000010 0.000010 0.267619 0.015954
0.653840 0.000010 0.000010 0.000010 0.346120 0.000010
0.700200 0.000010 0.000010 0.000010 0.299760 0.000010
0.707795 0.000010 0.002836 0.000010 0.289340 0.000010
0.734401 0.000010 0.000010 0.007571 0.257999 0.000010
0.682505 0.000010 0.000010 0.000010 0.317455 0.000010
0.009644 0.146493 0.340780 0.077293 0.255119 0.170671
0.052545 0.278485 0.300638 0.015747 0.285395 0.067191
0.045556 0.220103 0.259058 0.036231 0.305727 0.133325
0.578842 0.051793 0.061508 0.026369 0.249467 0.032021
0.003752 0.125268 0.406159 0.058646 0.264522 0.141652
0.000010 0.121229 0.385009 0.063328 0.262323 0.168100
0.299020 0.105506 0.181907 0.034908 0.308706 0.069954
0.293035 0.114014 0.203655 0.033058 0.274442 0.081796
0.142354 0.273252 0.222032 0.032197 0.259831 0.070334
0.000010 0.078215 0.051578 0.839848 0.024421 0.005927
0.000010 0.110696 0.385662 0.083758 0.293383 0.126491
0.000010 0.172058 0.389736 0.048439 0.256166 0.133591
0.281817 0.083509 0.185317 0.020667 0.327763 0.100926
0.040419 0.268564 0.254585 0.022511 0.321121 0.092800
0.174210 0.077954 0.237264 0.026713 0.430301 0.053557
0.000010 0.146322 0.360904 0.065745 0.261313 0.165705
0.308977 0.113705 0.188989 0.037288 0.283494 0.067548
0.299267 0.089668 0.223620 0.014894 0.299498 0.073053
0.359569 0.130469 0.144966 0.023682 0.254586 0.086727
0.558411 0.097961 0.062882 0.000010 0.245747 0.034990
0.279924 0.070366 0.183814 0.024931 0.379578 0.061386
0.191972 0.076797 0.214182 0.032971 0.422215 0.061861
0.000010 0.167750 0.410378 0.047308 0.232378 0.142176
0.183533 0.090881 0.187527 0.057377 0.412851 0.067830
0.006555 0.136530 0.396235 0.035761 0.290477 0.134442
0.328345 0.102397 0.171009 0.010096 0.316494 0.071659
0.313560 0.084075 0.193669 0.019199 0.315300 0.074196
0.518638 0.087669 0.111340 0.000010 0.238754 0.043589
0.000010 0.135625 0.374980 0.076250 0.272736 0.140400
0.181514 0.048741 0.220941 0.039222 0.433221 0.076361
0.000010 0.148309 0.355259 0.089283 0.279863 0.127276
0.122634 0.320486 0.169339 0.030025 0.287390 0.070125
0.145706 0.256825 0.203328 0.012494 0.308722 0.072925
0.000010 0.116053 0.421218 0.069839 0.267499 0.125381
0.000010 0.164399 0.367241 0.059261 0.259998 0.149091
0.182277 0.057779 0.226650 0.019614 0.430292 0.083387
0.571438 0.041029 0.053645 0.016261 0.260365 0.057262
0.434273 0.077645 0.126407 0.026528 0.260843 0.074303
0.312660 0.120120 0.185012 0.004386 0.308732 0.069091
0.102058 0.261673 0.208895 0.019620 0.330127 0.077628
0.189858 0.077644 0.192219 0.039746 0.427435 0.073097
0.106733 0.325819 0.185632 0.036620 0.268807 0.076388
0.570960 0.075140 0.069610 0.019419 0.230249 0.034622
0.134606 0.324321 0.154643 0.000010 0.303903 0.082517
0.000010 0.145253 0.380729 0.054460 0.272303 0.147245
0.170069 0.086748 0.252149 0.004643 0.422069 0.064322
0.312216 0.140022 0.185330 0.007055 0.282648 0.072729
0.308579 0.104165 0.223760 0.017237 0.305971 0.040288
0.311686 0.099481 0.209602 0.023859 0.295109 0.060264
0.160442 0.082870 0.243229 0.034576 0.412535 0.066348
0.000010 0.128407 0.409924 0.057136 0.275862 0.128661
0.022390 0.273867 0.298657 0.020119 0.292801 0.092165
0.137458 0.283077 0.214378 0.011452 0.274606 0.079029
0.580878 0.055417 0.066827 0.013245 0.242148 0.041485
0.000010 0.128602 0.367408 0.061156 0.274416 0.168408
0.000010 0.160339 0.374221 0.059241 0.272164 0.134025
0.481383 0.076959 0.100270 0.000647 0.277791 0.062951
0.319416 0.038553 0.193282 0.049117 0.328144 0.071488
0.551840 0.028365 0.077214 0.026889 0.247088 0.068604
0.180930 0.070177 0.201871 0.029835 0.428892 0.088295
0.118403 0.297801 0.189017 0.007206 0.289770 0.097803
0.099342 0.309451 0.200156 0.000010 0.297384 0.093658
0.343432 0.071988 0.182871 0.000010 0.321624 0.080075
0.000010 0.088754 0.384998 0.073281 0.282322 0.170636
0.000010 0.128958 0.407443 0.072689 0.267782 0.123118
0.000010 0.142505 0.373420 0.074241 0.257261 0.152562
0.464798 0.073294 0.131629 0.015028 0.269659 0.045592
0.192350 0.119153 0.282078 0.038117 0.289406 0.078897
0.560080 0.076164 0.069602 0.006121 0.221831 0.066202
0.000010 0.127630 0.393748 0.067668 0.287941 0.123003
0.173977 0.051725 0.241428 0.022476 0.434485 0.075910
0.044270 0.290981 0.238250 0.000010 0.320592 0.105895
0.240485 0.101223 0.144594 0.021443 0.428812 0.063444
0.124734 0.291205 0.217330 0.013258 0.291431 0.062042
0.000010 0.147879 0.403201 0.046725 0.266220 0.135964
0.000010 0.146690 0.372724 0.086798 0.252541 0.141238
0.000458 0.128981 0.385190 0.085943 0.280543 0.118885
0.314975 0.105309 0.172777 0.037118 0.295936 0.073885
0.533865 0.069016 0.087226 0.010956 0.264666 0.034271
0.556072 0.079506 0.048595 0.014759 0.232950 0.068118
0.211516 0.176568 0.196594 0.025731 0.303741 0.085851
0.172463 0.080190 0.216893 0.030591 0.450669 0.049195
0.129646 0.278254 0.164495 0.060381 0.277354 0.089869
0.085431 0.313619 0.175264 0.020058 0.319187 0.086441
0.074178 0.349230 0.180897 0.025964 0.310098 0.059633
0.072775 0.410504 0.163243 0.025506 0.275468 0.052504
0.019104 0.261731 0.547672 0.057199 0.067779 0.046516
0.000010 0.148875 0.394591 0.036864 0.292323 0.127337
0.087907 0.609755 0.081813 0.000010 0.197417 0.023099
0.243397 0.236329 0.150741 0.012694 0.273230 0.083608
0.059123 0.355472 0.179127 0.019446 0.276448 0.110384
0.082210 0.325975 0.187417 0.035353 0.282204 0.086841
0.048481 0.297636 0.254342 0.005929 0.329020 0.064592
0.092853 0.349198 0.180282 0.010843 0.285387 0.081436
0.017243 0.193229 0.720170 0.035036 0.034312 0.000010
0.000010 0.144502 0.370368 0.053496 0.303022 0.128601
0.047398 0.209148 0.292859 0.006658 0.352360 0.091577
0.068928 0.594308 0.074040 0.005509 0.222752 0.034463
0.086271 0.521360 0.119469 0.000010 0.228893 0.043997
0.000010 0.098953 0.424921 0.054815 0.330392 0.090910
0.000010 0.189577 0.350265 0.051496 0.264041 0.144612
0.107636 0.400553 0.180397 0.016826 0.259663 0.034925
0.000010 0.128284 0.405616 0.025616 0.316010 0.124463
0.001159 0.271838 0.657634 0.036158 0.033201 0.000010
0.000010 0.118330 0.409480 0.053923 0.297698 0.120560
0.047784 0.186790 0.288420 0.000010 0.334197 0.142799
0.080876 0.583582 0.078170 0.000010 0.216041 0.041322
0.071873 0.507048 0.144047 0.000010 0.217349 0.059673
0.055518 0.280807 0.220505 0.012907 0.316924 0.113339
0.000010 0.134156 0.414361 0.049201 0.284947 0.117325
0.115347 0.404590 0.171654 0.004772 0.262215 0.041423
0.071655 0.389489 0.160131 0.032669 0.280656 0.065400
0.000010 0.108297 0.396234 0.052746 0.316943 0.125770
0.037380 0.210717 0.637526 0.045967 0.044037 0.024374
0.000010 0.100171 0.380414 0.077614 0.315430 0.126361
0.023287 0.201750 0.296697 0.020058 0.336296 0.121912
0.078023 0.523293 0.066225 0.024273 0.246963 0.061223
0.083490 0.615666 0.086766 0.000010 0.184476 0.029591
0.131214 0.240792 0.210196 0.031639 0.325019 0.061141
0.095462 0.429049 0.150132 0.005156 0.255609 0.064593
0.001928 0.218206 0.695879 0.083062 0.000915 0.000010
0.000010 0.114335 0.417312 0.055330 0.291149 0.121864
0.081651 0.564572 0.082476 0.000010 0.207407 0.063884
0.066298 0.567815 0.133355 0.013887 0.181621 0.037024
0.123369 0.307343 0.211853 0.011792 0.290325 0.055318
0.000010 0.131645 0.066857 0.780037 0.021442 0.000010
0.099820 0.268667 0.203483 0.039826 0.302512 0.085692
0.089016 0.382098 0.194799 0.013372 0.283144 0.037571
0.011488 0.220321 0.696533 0.041399 0.020842 0.009417
0.000010 0.134396 0.382899 0.081211 0.285613 0.115870
0.036879 0.170488 0.266134 0.040871 0.337034 0.148593
0.103865 0.531976 0.076143 0.000010 0.221096 0.066909
0.078999 0.611472 0.072223 0.000010 0.224035 0.013261
0.073654 0.359566 0.218973 0.011006 0.270840 0.065960
0.197859 0.218830 0.164544 0.040054 0.302051 0.076662
0.038017 0.335009 0.259852 0.000010 0.293327 0.073785
0.186250 0.272812 0.150193 0.030245 0.299144 0.061356
0.078156 0.382136 0.190532 0.020163 0.282369 0.046644
0.031046 0.246075 0.571286 0.044788 0.048058 0.058747
0.000010 0.122605 0.390789 0.079946 0.287068 0.119582
0.075523 0.600356 0.051712 0.000010 0.221992 0.050406
0.066016 0.243541 0.232420 0.021574 0.309747 0.126703
0.062503 0.366983 0.195957 0.022116 0.259773 0.092668
0.000010 0.116250 0.389058 0.080489 0.280587 0.133606
0.056773 0.321852 0.208183 0.039677 0.297508 0.076008
0.073043 0.364429 0.190656 0.000010 0.295848 0.076013
0.081941 0.402640 0.175329 0.004319 0.292373 0.043398
0.030281 0.226061 0.602657 0.065496 0.042533 0.032972
0.000010 0.116288 0.412909 0.057829 0.307804 0.105159
0.074224 0.583158 0.058232 0.000010 0.225728 0.058648
0.081634 0.550948 0.075147 0.004925 0.238520 0.048825
0.072072 0.337847 0.206078 0.018252 0.269632 0.096119
0.026403 0.081660 0.620093 0.054446 0.139478 0.077920
0.001014 0.030931 0.718418 0.013709 0.164354 0.071574
0.023289 0.248204 0.616039 0.087906 0.000010 0.024552
0.052327 0.180558 0.499722 0.055284 0.101281 0.110829
0.017388 0.321803 0.361297 0.049963 0.083738 0.165812
0.047058 0.356557 0.405343 0.057455 0.063335 0.070252
0.019854 0.265075 0.380388 0.085733 0.086807 0.162144
0.011854 0.121883 0.663102 0.000010 0.149263 0.053888
0.038013 0.110177 0.645187 0.020945 0.135574 0.050103
0.001420 0.399089 0.561906 0.037565 0.000010 0.000010
0.026499 0.235480 0.611773 0.063905 0.008482 0.053861
0.012888 0.128788 0.657746 0.024905 0.114782 0.060892
0.013463 0.087300 0.752043 0.003704 0.117705 0.025786
0.016869 0.272410 0.583069 0.068880 0.017950 0.040822
0.012296 0.425331 0.262249 0.108190 0.062811 0.129122
0.007505 0.137202 0.676205 0.028606 0.107012 0.043470
0.006606 0.082041 0.702872 0.037621 0.143875 0.026985
0.022122 0.248428 0.529387 0.054814 0.061462 0.083787
0.000010 0.360683 0.594019 0.033883 0.000010 0.011395
0.010430 0.439268 0.533349 0.016933 0.000010 0.000010
0.011204 0.388486 0.593071 0.007219 0.000010 0.000010
0.027320 0.153920 0.696878 0.050953 0.000010 0.070920
0.015554 0.025561 0.758061 0.000010 0.157000 0.043813
0.020982 0.199654 0.518484 0.026401 0.122901 0.111578
0.019231 0.289006 0.628652 0.036982 0.020397 0.005732
0.029354 0.159795 0.102562 0.585425 0.080471 0.042392
0.007582 0.126744 0.665758 0.045735 0.099026 0.055155
0.016605 0.209262 0.586822 0.062523 0.090316 0.034472
0.023171 0.140240 0.643787 0.043115 0.090817 0.058872
0.008328 0.380692 0.560811 0.050150 0.000010 0.000010
0.006383 0.376709 0.596768 0.020120 0.000010 0.000010
0.010397 0.458243 0.518729 0.012610 0.000010 0.000010
0.047284 0.330559 0.448580 0.016837 0.090966 0.065775
0.012089 0.036773 0.750528 0.021800 0.126145 0.052665
0.015795 0.140182 0.658606 0.035877 0.138333 0.011207
0.019013 0.231410 0.626620 0.018620 0.051279 0.053058
0.108293 0.169097 0.354571 0.076065 0.175447 0.116527
0.011335 0.136141 0.710289 0.027994 0.085262 0.028979
0.005673 0.105110 0.664805 0.031538 0.157014 0.035860
0.012494 0.108201 0.673319 0.022159 0.120001 0.063826
0.046401 0.108051 0.552239 0.047163 0.156974 0.089172
0.016068 0.423604 0.522470 0.023899 0.000010 0.013948
0.000010 0.436982 0.538644 0.024344 0.000010 0.000010
0.021057 0.252396 0.629484 0.067665 0.000010 0.029387
0.016363 0.028796 0.719542 0.051183 0.142197 0.041919
0.021814 0.031175 0.741389 0.000010 0.154888 0.050724
0.020598 0.471646 0.274661 0.088226 0.022185 0.122683
0.064084 0.230099 0.353055 0.065806 0.111729 0.175227
0.028447 0.326928 0.303306 0.086536 0.058440 0.196341
0.021398 0.287483 0.360612 0.065348 0.091317 0.173843
0.026484 0.195080 0.568828 0.058852 0.092355 0.058402
0.010712 0.425991 0.544576 0.012880 0.000010 0.005831
0.018079 0.269629 0.562919 0.058712 0.047337 0.043323
0.000010 0.394990 0.584504 0.020476 0.000010 0.000010
0.097848 0.154869 0.539956 0.050803 0.086878 0.069646
0.026232 0.268908 0.383387 0.081845 0.067129 0.172500
0.011165 0.553786 0.214537 0.152394 0.026912 0.041205
0.030010 0.294202 0.375622 0.087057 0.057160 0.155950
0.027127 0.072980 0.728405 0.016950 0.116207 0.038332
0.005311 0.123120 0.622587 0.063211 0.097268 0.088503
0.016806 0.129412 0.627326 0.058733 0.091863 0.075860
0.017496 0.410421 0.561226 0.010836 0.000010 0.000010
0.005045 0.403306 0.559608 0.032021 0.000010 0.000010
0.004623 0.269361 0.621863 0.037445 0.023435 0.043272
0.011985 0.245580 0.571782 0.042585 0.053716 0.074352
0.000010 0.085914 0.744060 0.009240 0.120917 0.039858
0.018901 0.272452 0.406235 0.083555 0.075743 0.143114
0.012298 0.252561 0.550880 0.034526 0.077348 0.072387
0.025355 0.151668 0.577504 0.050962 0.106454 0.088057
0.048976 0.254938 0.304012 0.084846 0.143530 0.163698
0.013782 0.526624 0.164399 0.135096 0.059706 0.100393
0.013089 0.064813 0.765900 0.036346 0.108264 0.011588
0.018321 0.112987 0.672850 0.024974 0.104194 0.066673
0.009031 0.385585 0.561495 0.043869 0.000010 0.000010
0.000010 0.406440 0.582398 0.011132 0.000010 0.000010
0.020307 0.225375 0.623597 0.071653 0.005492 0.053574
0.012728 0.220890 0.577912 0.081697 0.007404 0.099369
0.004781 0.173930 0.509260 0.042204 0.160334 0.109491
0.064495 0.151308 0.450685 0.061367 0.170115 0.102030
0.000561 0.501680 0.255150 0.110679 0.035381 0.096549
0.023752 0.151154 0.685299 0.024952 0.097334 0.017510
0.020389 0.121907 0.648845 0.036976 0.108885 0.062998
0.016951 0.093010 0.685042 0.035449 0.130907 0.038642
0.082068 0.261753 0.348939 0.046341 0.159447 0.101452
0.000010 0.434750 0.565210 0.000010 0.000010 0.000010
0.000082 0.379565 0.556716 0.043929 0.000010 0.019698
0.017618 0.160150 0.612055 0.000010 0.136106 0.074061
0.006707 0.245794 0.625742 0.071857 0.000010 0.049890
0.013684 0.202533 0.564788 0.065256 0.086332 0.067407
0.002565 0.317630 0.615228 0.064557 0.000010 0.000010
0.027227 0.270731 0.498690 0.073344 0.073206 0.056802
0.030224 0.172026 0.294430 0.012337 0.334757 0.156227
0.052546 0.350324 0.198378 0.020041 0.286248 0.092463
0.050806 0.376726 0.193307 0.023308 0.264498 0.091356
0.044440 0.250695 0.272220 0.029315 0.305907 0.097423
0.015186 0.268851 0.508862 0.073388 0.045551 0.088161
0.000010 0.000280 0.195397 0.030767 0.773536 0.000010
0.000010 0.032775 0.000010 0.957146 0.010050 0.000010
0.000010 0.123100 0.411335 0.056846 0.287875 0.120835
0.067218 0.324465 0.215743 0.027144 0.276562 0.088868
0.094267 0.176274 0.260742 0.008860 0.330243 0.129614
0.043914 0.234969 0.576042 0.066618 0.051383 0.027073
0.000010 0.000010 0.191559 0.019682 0.788729 0.000010
0.000010 0.021599 0.265819 0.012745 0.694092 0.005736
0.000010 0.031388 0.032399 0.936177 0.000015 0.000010
0.017404 0.153257 0.330603 0.052264 0.310680 0.135792
0.050444 0.181431 0.265088 0.006195 0.347444 0.149399
0.030579 0.260461 0.298320 0.001449 0.321395 0.087796
0.000010 0.131159 0.419413 0.044479 0.278462 0.126478
0.061775 0.104156 0.274861 0.037908 0.407153 0.114147
0.075724 0.173155 0.255644 0.007872 0.395005 0.092600
0.071876 0.153923 0.275821 0.000010 0.405550 0.092819
0.033803 0.092249 0.233786 0.009336 0.617333 0.013492
0.021203 0.033813 0.300137 0.000010 0.637352 0.007485
0.000010 0.127337 0.026246 0.817722 0.005031 0.023655
0.000010 0.121437 0.369294 0.091398 0.281483 0.136378
0.000010 0.156426 0.375458 0.050808 0.303486 0.113811
0.074183 0.411319 0.155036 0.020807 0.247666 0.090989
0.008864 0.259286 0.655120 0.026277 0.019998 0.030456
0.000010 0.108419 0.440180 0.071607 0.276156 0.103628
0.056782 0.134242 0.281737 0.006325 0.420014 0.100899
0.046953 0.132447 0.286135 0.038033 0.404674 0.091757
0.000010 0.000010 0.228407 0.014478 0.757084 0.000010
0.010856 0.072711 0.234551 0.016263 0.636004 0.029614
0.053434 0.355759 0.231203 0.032950 0.284893 0.041761
0.057703 0.213212 0.251169 0.036325 0.305559 0.136033
0.034027 0.128380 0.359977 0.047910 0.309917 0.119789
0.008556 0.242744 0.651058 0.073010 0.009702 0.014930
0.083307 0.164461 0.270306 0.010772 0.389018 0.082136
0.049654 0.169346 0.284974 0.000010 0.401942 0.094073
0.000010 0.016983 0.228763 0.017827 0.736406 0.000010
0.000010 0.040084 0.233739 0.010294 0.715862 0.000010
0.017657 0.075560 0.232011 0.020941 0.642177 0.011654
0.040991 0.301378 0.404640 0.048887 0.074625 0.129478
0.050739 0.320263 0.234669 0.008334 0.299957 0.086038
0.038599 0.244035 0.263790 0.000010 0.315531 0.138036
0.036507 0.185180 0.299285 0.000010 0.335913 0.143105
0.014067 0.258826 0.592606 0.088672 0.023046 0.022783
0.190381 0.031995 0.234229 0.037338 0.412334 0.093724
0.086392 0.171900 0.228578 0.000010 0.399558 0.113562
0.000010 0.028981 0.232794 0.007410 0.730795 0.000010
0.000010 0.010353 0.241507 0.030448 0.697476 0.020207
0.001068 0.054926 0.235456 0.037014 0.662993 0.008543
0.000010 0.173844 0.386466 0.035936 0.246975 0.156769
0.041521 0.263495 0.262692 0.022348 0.313407 0.096537
0.008713 0.228804 0.711510 0.045357 0.005606 0.000010
0.001651 0.171022 0.070951 0.730678 0.025688 0.000010
0.072948 0.143452 0.284122 0.003274 0.411032 0.085171
0.073948 0.191595 0.244738 0.000010 0.406289 0.083419
0.000010 0.068683 0.202639 0.017820 0.710838 0.000010
0.014229 0.055171 0.240167 0.015299 0.675124 0.000010
0.000010 0.090185 0.000010 0.903643 0.006142 0.000010
0.024272 0.100478 0.715575 0.021632 0.116089 0.021954
0.061450 0.178021 0.254093 0.013797 0.335349 0.157291
0.002025 0.249485 0.647045 0.057554 0.021372 0.022519
0.003630 0.069419 0.036442 0.869987 0.020511 0.000010
0.053636 0.220667 0.261153 0.000010 0.396755 0.067779
0.093729 0.148847 0.300050 0.010030 0.389341 0.058004
0.072835 0.143901 0.270458 0.000010 0.396823 0.115972
0.000010 0.032546 0.242572 0.024811 0.676949 0.023112
0.000010 0.045858 0.261947 0.005063 0.687112 0.000010
0.000010 0.000010 0.044286 0.955674 0.000010 0.000010
