0.000010 0.158455 0.018433 0.000010 0.253018 0.034897 0.223233 0.311945
0.000010 0.078306 0.013097 0.000010 0.328732 0.000010 0.300435 0.279400
0.000010 0.118040 0.024597 0.013112 0.249974 0.006250 0.228968 0.359049
0.000074 0.093034 0.000010 0.018969 0.291429 0.000010 0.301768 0.294707
0.000010 0.140836 0.000010 0.000010 0.237788 0.042335 0.244448 0.334562
0.000010 0.110853 0.039091 0.001765 0.262034 0.004594 0.261116 0.320538
0.000010 0.116258 0.009843 0.030313 0.300661 0.001194 0.261047 0.280674
0.000010 0.000010 0.000010 0.000010 0.543136 0.000010 0.398167 0.058647
0.000010 0.000010 0.000010 0.000010 0.543192 0.000010 0.391541 0.065217
0.000010 0.000010 0.000010 0.000010 0.029045 0.002707 0.968198 0.000010
0.000010 0.000010 0.001379 0.000010 0.494135 0.038303 0.359366 0.106786
0.000010 0.000010 0.000010 0.009034 0.543401 0.009060 0.322042 0.116433
0.039304 0.764426 0.000010 0.088339 0.000010 0.034630 0.000010 0.073271
0.070620 0.582139 0.020634 0.102281 0.000010 0.066083 0.000010 0.158222
0.007240 0.891914 0.007379 0.021159 0.015166 0.000010 0.000010 0.057123
0.032289 0.591419 0.049235 0.080077 0.000010 0.077169 0.011505 0.158298
0.000010 0.103992 0.016848 0.014242 0.243961 0.037383 0.238053 0.345511
0.000010 0.127097 0.006706 0.000010 0.247031 0.042971 0.265037 0.311137
0.000010 0.000010 0.000010 0.000010 0.539364 0.000010 0.411549 0.049037
0.003442 0.000010 0.000010 0.000010 0.609671 0.000010 0.315807 0.071039
0.000010 0.000010 0.000010 0.000010 0.560917 0.000010 0.363987 0.075047
0.000014 0.000010 0.000010 0.000011 0.000010 0.000010 0.999925 0.000010
0.000010 0.000010 0.007997 0.010408 0.536797 0.036874 0.329928 0.077976
0.000574 0.000010 0.005039 0.028470 0.503115 0.000010 0.359869 0.102912
0.018156 0.847607 0.010584 0.065867 0.000010 0.004601 0.000010 0.053166
0.022605 0.795677 0.019484 0.036474 0.000372 0.008516 0.000461 0.116411
0.001609 0.908178 0.000010 0.000010 0.027288 0.033609 0.000010 0.029287
0.065180 0.568524 0.012051 0.136257 0.000010 0.071217 0.000010 0.146752
0.000010 0.089278 0.015548 0.014607 0.252835 0.029528 0.240974 0.357219
0.001008 0.117765 0.018345 0.042878 0.258706 0.012630 0.229353 0.319315
0.000010 0.000010 0.000010 0.000010 0.484943 0.000010 0.419285 0.095722
0.005923 0.000010 0.000010 0.000010 0.647355 0.000010 0.288403 0.058280
0.000010 0.000422 0.000010 0.000010 0.063264 0.000010 0.936263 0.000010
0.000010 0.000010 0.000010 0.000010 0.000010 0.000010 0.999930 0.000010
0.000010 0.000010 0.022071 0.005651 0.502139 0.023976 0.366389 0.079754
0.000010 0.000010 0.022559 0.024554 0.498944 0.007209 0.365699 0.081014
0.040968 0.732442 0.031558 0.085816 0.000010 0.000453 0.000010 0.108742
0.019024 0.837259 0.000427 0.015867 0.017484 0.027767 0.004674 0.077497
0.012637 0.783320 0.000010 0.086512 0.000010 0.004148 0.000010 0.113352
0.045658 0.585541 0.046277 0.093825 0.000010 0.052514 0.006075 0.170101
0.000010 0.120697 0.043037 0.016697 0.265231 0.000010 0.265939 0.288379
0.000010 0.097538 0.000010 0.046361 0.240360 0.036767 0.248890 0.330064
0.000010 0.000010 0.000010 0.000010 0.570599 0.000010 0.366729 0.062622
0.000010 0.000010 0.000010 0.000010 0.563543 0.000010 0.390897 0.045509
0.000010 0.000010 0.000010 0.000010 0.000010 0.000010 0.999930 0.000010
0.005348 0.000106 0.000010 0.000010 0.050873 0.000010 0.943633 0.000010
0.000010 0.000010 0.000010 0.000010 0.000010 0.000010 0.999930 0.000010
0.000010 0.000010 0.000010 0.006553 0.505055 0.034344 0.340919 0.113099
0.000010 0.000010 0.022655 0.000010 0.488531 0.031617 0.371674 0.085494
0.042624 0.708309 0.030255 0.082301 0.000010 0.000010 0.000010 0.136481
0.012445 0.919153 0.021026 0.000010 0.027734 0.000010 0.000130 0.019492
0.000010 0.849196 0.025983 0.025791 0.000010 0.013724 0.000010 0.085275
0.053433 0.644573 0.029280 0.059569 0.000010 0.061813 0.015462 0.135859
0.021990 0.806796 0.027746 0.056609 0.000010 0.004290 0.000010 0.082551
0.079894 0.465868 0.075077 0.141420 0.000010 0.196504 0.000010 0.041216
0.023244 0.811435 0.033038 0.056077 0.008724 0.026803 0.000010 0.040669
0.030564 0.378035 0.000010 0.074125 0.000010 0.010471 0.000010 0.506775
0.029494 0.530389 0.013946 0.078021 0.000010 0.048016 0.019588 0.280536
0.010867 0.339875 0.005984 0.011316 0.000010 0.000010 0.000010 0.631929
0.040860 0.480138 0.019895 0.072183 0.000010 0.026028 0.017891 0.342996
0.005474 0.190345 0.011411 0.000010 0.217862 0.048889 0.224873 0.301135
0.067399 0.729807 0.024771 0.054055 0.000010 0.046019 0.000010 0.077928
0.020871 0.708939 0.000052 0.119593 0.000010 0.058000 0.000010 0.092524
0.029046 0.387829 0.018753 0.059341 0.015849 0.004514 0.023423 0.461246
0.031355 0.204939 0.011543 0.001056 0.035209 0.057976 0.068867 0.589055
0.026405 0.424953 0.002017 0.022264 0.000010 0.089164 0.013275 0.421911
0.006149 0.441363 0.013619 0.076171 0.012239 0.058621 0.027990 0.363847
0.005028 0.148088 0.002707 0.027655 0.254388 0.046045 0.232878 0.283210
0.000010 0.121675 0.000010 0.019293 0.247088 0.044904 0.243561 0.323459
0.057506 0.735909 0.009686 0.065612 0.000010 0.033399 0.000010 0.097868
0.071076 0.496904 0.052104 0.134254 0.000010 0.166402 0.000010 0.079239
0.036910 0.791200 0.044513 0.055066 0.000010 0.008370 0.000010 0.063922
0.033252 0.376325 0.019280 0.046989 0.019556 0.031052 0.000010 0.473536
0.039887 0.468310 0.027925 0.102977 0.000010 0.042457 0.022576 0.295857
0.032665 0.487124 0.004365 0.067604 0.000010 0.042814 0.000010 0.365408
0.035030 0.418839 0.045264 0.074583 0.017514 0.012965 0.036425 0.359380
0.000010 0.175618 0.034764 0.044852 0.204764 0.035041 0.226358 0.278592
0.000010 0.118200 0.000010 0.031789 0.225264 0.062719 0.209380 0.352628
0.009560 0.126870 0.038760 0.025044 0.249290 0.007920 0.239291 0.303265
0.000010 0.000010 0.000010 0.000010 0.541755 0.000010 0.385677 0.072518
0.000010 0.000010 0.000010 0.000010 0.000010 0.000010 0.999930 0.000010
0.000010 0.000010 0.006961 0.000010 0.134078 0.000010 0.856535 0.002386
0.000010 0.000010 0.000010 0.000010 0.000010 0.000010 0.999930 0.000010
0.025174 0.011298 0.000303 0.003018 0.562944 0.046404 0.286729 0.064132
0.000010 0.000010 0.025543 0.000717 0.510833 0.031683 0.358943 0.072260
0.023349 0.726888 0.002604 0.085794 0.000010 0.045087 0.000010 0.116257
0.012770 0.917487 0.002230 0.000010 0.018628 0.000010 0.000010 0.048855
0.021126 0.738713 0.042882 0.045226 0.000010 0.022588 0.000010 0.129445
0.063485 0.567416 0.073861 0.113206 0.000010 0.010470 0.025827 0.145726
0.000010 0.096387 0.002631 0.048463 0.248641 0.014245 0.235174 0.354449
0.000010 0.044159 0.000010 0.000010 0.357176 0.015354 0.365792 0.217489
0.000010 0.000010 0.000010 0.000010 0.573875 0.000010 0.359106 0.066969
0.000010 0.000010 0.000010 0.000010 0.529425 0.000010 0.406259 0.064266
0.000010 0.000010 0.000010 0.000010 0.038863 0.000010 0.961077 0.000010
0.000010 0.000010 0.000010 0.000010 0.000010 0.000010 0.999930 0.000010
0.000010 0.000010 0.013946 0.013847 0.511002 0.003825 0.344797 0.112563
0.000010 0.000010 0.004823 0.019543 0.526562 0.029606 0.336219 0.083227
0.048161 0.712913 0.029711 0.084737 0.000010 0.000010 0.000010 0.124448
0.000010 0.850762 0.037139 0.044091 0.000010 0.007055 0.000010 0.060924
0.033464 0.602570 0.016920 0.089273 0.000010 0.091254 0.014298 0.152212
0.037479 0.769527 0.011635 0.063587 0.001168 0.039697 0.000010 0.076897
0.099541 0.228432 0.090857 0.199107 0.000010 0.302546 0.000010 0.079497
0.023802 0.830881 0.019248 0.043427 0.009323 0.042559 0.004388 0.026372
0.009756 0.316680 0.000010 0.049612 0.000010 0.000010 0.000010 0.623912
0.044472 0.376094 0.024247 0.025228 0.000010 0.034020 0.000010 0.495918
0.022759 0.451294 0.000010 0.074197 0.000010 0.064884 0.004345 0.382501
0.000010 0.130571 0.010183 0.058521 0.242115 0.043572 0.260432 0.254597
0.000010 0.135302 0.026868 0.022768 0.246917 0.007234 0.235367 0.325535
0.000010 0.000010 0.000010 0.000010 0.588382 0.000010 0.350816 0.060752
0.000010 0.000010 0.000010 0.000010 0.582245 0.000010 0.342962 0.074743
0.000010 0.000010 0.000010 0.000010 0.000010 0.000010 0.999930 0.000010
0.010749 0.000010 0.000010 0.000010 0.102989 0.000010 0.886212 0.000010
0.006491 0.000010 0.000010 0.008824 0.506199 0.029903 0.341413 0.107150
0.032174 0.690146 0.006006 0.090203 0.000010 0.036155 0.000010 0.145297
0.000010 0.877162 0.013274 0.024124 0.007849 0.000010 0.000010 0.077562
0.000952 0.907919 0.001080 0.000010 0.011543 0.009317 0.011085 0.058095
0.078320 0.576560 0.019669 0.091802 0.000010 0.062811 0.004584 0.166244
0.044107 0.773091 0.012561 0.041765 0.000010 0.041625 0.006733 0.080107
0.099615 0.420776 0.076373 0.165896 0.000010 0.174454 0.000010 0.062866
0.046713 0.790650 0.007582 0.075551 0.000010 0.017911 0.006466 0.055116
0.029973 0.400621 0.022337 0.037024 0.000010 0.000010 0.001718 0.508307
0.057160 0.315094 0.000010 0.025694 0.000010 0.000010 0.000010 0.602012
0.023224 0.458575 0.022009 0.082486 0.000010 0.021472 0.003536 0.388688
0.007481 0.161994 0.030963 0.003014 0.189671 0.028087 0.180894 0.397896
0.012647 0.101247 0.019527 0.000010 0.282121 0.011327 0.242168 0.330954
0.000010 0.000010 0.000010 0.000010 0.619045 0.000010 0.342144 0.038761
0.000010 0.000010 0.000010 0.000010 0.529091 0.000010 0.412514 0.058345
0.000010 0.000010 0.000010 0.000010 0.000010 0.000010 0.999930 0.000010
0.000011 0.000010 0.000010 0.000010 0.000010 0.000010 0.999929 0.000010
0.003108 0.009889 0.000010 0.000010 0.535644 0.037804 0.336660 0.076876
0.000010 0.000010 0.007673 0.024056 0.485189 0.022311 0.353886 0.106865
0.063207 0.657664 0.022987 0.118216 0.000010 0.011131 0.000010 0.126776
0.003029 0.900787 0.000010 0.019581 0.020221 0.000010 0.000010 0.056351
0.013725 0.916026 0.001711 0.016442 0.013354 0.000010 0.000010 0.038723
0.070115 0.557299 0.029028 0.105954 0.000010 0.062544 0.005721 0.169329
0.032115 0.721190 0.016453 0.038628 0.000010 0.070871 0.000010 0.120723
0.083686 0.431636 0.068100 0.169830 0.000010 0.170551 0.000010 0.076178
0.052153 0.785520 0.032537 0.060249 0.000010 0.003777 0.000010 0.065744
0.000010 0.198517 0.000010 0.013802 0.000010 0.001822 0.000010 0.785819
0.016089 0.437712 0.006371 0.074236 0.000010 0.079427 0.034162 0.351993
0.019429 0.453915 0.029815 0.076497 0.044476 0.009696 0.058663 0.307510
0.006221 0.138339 0.017557 0.039848 0.280809 0.008274 0.274875 0.234076
0.000010 0.121020 0.027868 0.000010 0.276341 0.013885 0.252417 0.308448
0.000010 0.000010 0.000010 0.000010 0.549177 0.000010 0.385317 0.065456
0.000010 0.000010 0.000010 0.000010 0.528236 0.000010 0.417728 0.053986
0.000010 0.000010 0.000010 0.000010 0.000010 0.000010 0.999930 0.000010
0.000010 0.000010 0.000010 0.000010 0.000010 0.000010 0.999930 0.000010
0.000010 0.000010 0.000010 0.000010 0.000010 0.000010 0.999930 0.000010
0.005421 0.000010 0.014098 0.019354 0.497487 0.035301 0.345638 0.082691
0.000010 0.000010 0.000286 0.000010 0.521067 0.017505 0.367891 0.093221
0.042375 0.672324 0.010682 0.069307 0.000010 0.046891 0.000010 0.158402
0.013045 0.783531 0.000010 0.054753 0.021077 0.048119 0.004530 0.074934
0.011275 0.929505 0.000010 0.000010 0.020743 0.000010 0.004259 0.034187
0.058636 0.535557 0.009927 0.108605 0.000010 0.071565 0.008248 0.207452
0.033635 0.688648 0.037880 0.077568 0.000010 0.053862 0.000010 0.108386
0.057132 0.785568 0.008645 0.031414 0.006331 0.045069 0.000010 0.065831
0.025170 0.407321 0.039684 0.039850 0.000010 0.054113 0.000010 0.433842
0.037527 0.353567 0.030897 0.037386 0.007059 0.028359 0.004099 0.501105
0.021407 0.486509 0.008918 0.079663 0.012641 0.046547 0.021085 0.323231
0.014449 0.294419 0.020660 0.017960 0.000010 0.010580 0.000010 0.641911
0.000010 0.934327 0.000010 0.000010 0.065613 0.000010 0.000010 0.000010
0.008382 0.113162 0.000010 0.049877 0.245411 0.001970 0.234135 0.347052
0.000010 0.000010 0.000010 0.000010 0.596842 0.000010 0.352064 0.051045
0.005185 0.000010 0.000010 0.006068 0.222783 0.000010 0.736655 0.029280
0.000010 0.000010 0.000010 0.000010 0.000010 0.000010 0.999930 0.000010
0.028365 0.000010 0.013316 0.000010 0.503161 0.043589 0.341282 0.070265
0.000010 0.000010 0.009141 0.000010 0.533275 0.024258 0.341859 0.091437
0.024376 0.797398 0.012051 0.000010 0.000010 0.064484 0.000010 0.101661
0.010677 0.827814 0.010570 0.040415 0.000010 0.006072 0.000010 0.104432
0.007374 0.805463 0.026770 0.067633 0.000010 0.000010 0.000010 0.092730
0.069043 0.777156 0.012693 0.048334 0.000010 0.016401 0.000010 0.076353
0.076582 0.454934 0.031456 0.168272 0.000010 0.211927 0.000010 0.056808
0.031313 0.785749 0.025675 0.064974 0.000010 0.029625 0.000010 0.062644
0.020673 0.231112 0.000010 0.049775 0.000010 0.000010 0.000010 0.698400
0.028351 0.396957 0.000010 0.040129 0.000010 0.029899 0.012228 0.492416
0.000010 0.215260 0.049395 0.045823 0.032204 0.021988 0.052967 0.582353
0.009842 0.411300 0.000010 0.029750 0.000010 0.030066 0.000010 0.519012
0.000010 0.090048 0.030802 0.023337 0.274233 0.015775 0.297265 0.268530
0.000010 0.945368 0.000010 0.000010 0.054572 0.000010 0.000010 0.000010
0.000010 0.000010 0.000010 0.000010 0.534938 0.000010 0.404119 0.060893
0.000010 0.000010 0.000010 0.000010 0.000010 0.000010 0.999930 0.000010
0.000010 0.000010 0.000010 0.000010 0.538900 0.000010 0.384512 0.076538
0.000010 0.000010 0.000010 0.000010 0.564674 0.000010 0.370432 0.064844
0.015325 0.804751 0.005601 0.084697 0.000010 0.044699 0.008469 0.036447
0.015175 0.356035 0.026652 0.052375 0.000010 0.051620 0.000010 0.498123
0.096685 0.448548 0.033057 0.144027 0.000010 0.218594 0.000010 0.059068
0.029920 0.809654 0.025354 0.084474 0.000010 0.000010 0.003173 0.047405
0.000010 0.339190 0.000010 0.046109 0.008806 0.027369 0.002771 0.575735
0.025283 0.481730 0.051447 0.057698 0.000010 0.045624 0.010745 0.327462
0.027089 0.325296 0.016867 0.063877 0.094770 0.016488 0.118978 0.336635
0.013301 0.148137 0.000010 0.032357 0.257371 0.040145 0.247179 0.261499
0.000010 0.943280 0.000010 0.000010 0.056660 0.000010 0.000010 0.000010
0.003832 0.000010 0.000010 0.000010 0.004374 0.000010 0.991744 0.000010
0.000010 0.000010 0.000010 0.011106 0.511908 0.059591 0.321142 0.096224
0.000010 0.000010 0.000010 0.025908 0.530769 0.012003 0.339531 0.091759
0.000010 0.000010 0.000010 0.000010 0.510197 0.033351 0.344501 0.111912
0.015121 0.881958 0.000010 0.025913 0.009696 0.000010 0.009113 0.058179
0.015862 0.822012 0.008514 0.060410 0.000010 0.000010 0.000010 0.093173
0.051508 0.709734 0.021173 0.077581 0.000010 0.052694 0.000010 0.087290
0.058385 0.790817 0.018741 0.064262 0.000010 0.023619 0.004361 0.039806
0.095155 0.449783 0.038518 0.126434 0.000010 0.220810 0.000010 0.069280
0.014269 0.178240 0.000010 0.024410 0.000010 0.011501 0.000010 0.771550
0.022976 0.382455 0.010950 0.045559 0.000010 0.051295 0.026221 0.460535
0.028994 0.465651 0.031960 0.057815 0.016179 0.059868 0.026048 0.313485
0.027179 0.467833 0.000010 0.044641 0.000010 0.055836 0.009812 0.394680
0.053731 0.469597 0.019476 0.075438 0.010471 0.050092 0.002203 0.318992
0.000010 0.939345 0.000010 0.000010 0.060595 0.000010 0.000010 0.000010
0.078906 0.495819 0.036126 0.142926 0.000010 0.160088 0.000010 0.086115
0.024395 0.773816 0.031968 0.072619 0.002401 0.028500 0.000010 0.066291
0.021677 0.325007 0.012404 0.047097 0.000010 0.014624 0.006480 0.572701
0.022921 0.377675 0.019955 0.069108 0.000010 0.015166 0.017423 0.477743
0.030063 0.197549 0.016641 0.000010 0.032097 0.083006 0.067018 0.573616
0.035399 0.428868 0.028323 0.062511 0.000010 0.037308 0.000010 0.407570
0.000010 0.150965 0.022630 0.001141 0.242236 0.045042 0.296341 0.241635
0.000010 0.956139 0.000010 0.000010 0.043801 0.000010 0.000010 0.000010
0.000010 0.950356 0.000010 0.000010 0.049584 0.000010 0.000010 0.000010
0.009652 0.815434 0.031463 0.053320 0.055446 0.034665 0.000010 0.000010
0.031588 0.873544 0.017251 0.000010 0.000010 0.035931 0.000010 0.041657
0.035093 0.411929 0.055405 0.157049 0.025377 0.116928 0.030102 0.168117
0.005957 0.000010 0.000010 0.000010 0.023501 0.000010 0.025319 0.945183
0.000010 0.004599 0.000010 0.000010 0.058720 0.000010 0.063620 0.873021
0.000010 0.663765 0.021213 0.006762 0.000010 0.013645 0.000010 0.294585
0.008297 0.664478 0.003137 0.052015 0.000010 0.000010 0.000010 0.272043
0.009308 0.670900 0.007866 0.031957 0.000010 0.015769 0.000010 0.264181
0.013866 0.844889 0.016854 0.015649 0.059933 0.008492 0.001433 0.038884
0.000010 0.933804 0.010508 0.000010 0.044854 0.000010 0.010794 0.000010
0.019869 0.847589 0.015690 0.038073 0.000951 0.012715 0.000894 0.064220
0.047827 0.394443 0.057944 0.101468 0.040324 0.180207 0.029170 0.148616
0.000010 0.000010 0.000010 0.000010 0.024121 0.000010 0.056979 0.918850
0.000010 0.036189 0.000010 0.000010 0.000010 0.000010 0.000010 0.963751
0.034495 0.636342 0.000010 0.015530 0.000010 0.053843 0.000010 0.259759
0.016929 0.626913 0.000012 0.066186 0.000010 0.009698 0.000010 0.280242
0.000010 0.782900 0.000010 0.000010 0.202766 0.000010 0.014285 0.000010
0.036741 0.399371 0.002082 0.021489 0.000010 0.019596 0.005548 0.515163
0.000010 0.940680 0.000010 0.000010 0.059260 0.000010 0.000010 0.000010
0.073298 0.480410 0.035396 0.144451 0.000371 0.167223 0.000010 0.098841
0.060542 0.344933 0.097947 0.127883 0.000010 0.191912 0.025146 0.151628
0.000010 0.000010 0.008048 0.000010 0.049851 0.000010 0.069510 0.872550
0.000010 0.000010 0.000010 0.000010 0.000547 0.000010 0.016548 0.982856
0.023059 0.645269 0.015150 0.007893 0.000010 0.027778 0.000010 0.280831
0.010628 0.652996 0.023154 0.039587 0.000010 0.005333 0.000010 0.268282
0.015727 0.655462 0.000010 0.042560 0.000010 0.000010 0.000010 0.286212
0.000010 0.845981 0.000010 0.000428 0.126752 0.000010 0.026800 0.000010
0.000010 0.942609 0.000010 0.000010 0.057331 0.000010 0.000010 0.000010
0.032455 0.803442 0.007742 0.074063 0.034963 0.044436 0.002889 0.000010
0.081502 0.479021 0.043776 0.151773 0.000010 0.154668 0.000010 0.089240
0.063102 0.393565 0.055792 0.063606 0.045670 0.148997 0.032421 0.196848
0.000010 0.000010 0.000010 0.000010 0.131342 0.000010 0.164237 0.704372
0.004141 0.000010 0.002789 0.000010 0.017481 0.000010 0.037481 0.938079
0.000019 0.636694 0.010770 0.046135 0.000010 0.011606 0.000010 0.294755
0.020900 0.622006 0.026917 0.041626 0.000010 0.000010 0.000010 0.288520
0.000621 0.651199 0.014495 0.027275 0.000010 0.025388 0.000010 0.281003
0.000010 0.759973 0.000010 0.000010 0.219643 0.000010 0.020334 0.000010
0.000010 0.000010 0.007917 0.005028 0.490382 0.023205 0.361349 0.112099
0.000010 0.004200 0.023133 0.000010 0.522073 0.037268 0.337600 0.075707
0.037513 0.670170 0.009128 0.083740 0.000010 0.060127 0.000010 0.139302
0.000010 0.927504 0.000010 0.000010 0.029685 0.000010 0.001143 0.041628
0.059547 0.572778 0.032134 0.099662 0.000010 0.051884 0.009398 0.174588
0.000010 0.952160 0.000010 0.000010 0.040270 0.000010 0.007520 0.000010
0.000010 0.912348 0.000010 0.020643 0.000010 0.013490 0.008850 0.044638
0.062153 0.510506 0.068362 0.120673 0.000010 0.156710 0.000010 0.081576
0.069724 0.442413 0.066429 0.109464 0.015687 0.092863 0.041390 0.162029
0.000010 0.000010 0.000010 0.000010 0.053895 0.000010 0.080474 0.865581
0.000010 0.000010 0.000010 0.000010 0.013366 0.000010 0.016635 0.969949
0.013332 0.653063 0.002474 0.047571 0.003636 0.014309 0.000010 0.265604
0.000010 0.646161 0.052262 0.027783 0.000010 0.000010 0.000010 0.273753
0.011194 0.649237 0.008935 0.045954 0.004722 0.019530 0.000010 0.260416
0.000010 0.838912 0.000010 0.000010 0.128323 0.021530 0.000010 0.011195
0.012490 0.859699 0.004339 0.023215 0.000010 0.025464 0.000010 0.074773
0.110885 0.425281 0.051126 0.149303 0.001050 0.210016 0.000010 0.052330
0.000010 0.000010 0.000010 0.000010 0.026742 0.000010 0.027215 0.945993
0.001766 0.000010 0.002310 0.000010 0.017177 0.004115 0.020583 0.954029
0.000010 0.000010 0.000010 0.000010 0.091422 0.000010 0.117745 0.790784
0.007079 0.655019 0.022844 0.015353 0.000010 0.005621 0.000010 0.294065
0.022968 0.814974 0.025211 0.046904 0.035349 0.053050 0.000010 0.001534
0.021522 0.830371 0.000010 0.064406 0.000010 0.038216 0.000010 0.045455
0.109955 0.412302 0.070452 0.155737 0.000010 0.160218 0.000010 0.091316
0.060466 0.405616 0.052813 0.125181 0.014523 0.130210 0.020046 0.191146
0.000010 0.000010 0.000010 0.000010 0.028210 0.000010 0.022905 0.948836
0.000010 0.000010 0.000010 0.000010 0.000010 0.000010 0.023604 0.976336
0.023312 0.654605 0.000246 0.034443 0.000010 0.015279 0.000010 0.272095
0.005361 0.659179 0.010710 0.031359 0.000010 0.001800 0.000010 0.291571
0.001025 0.643445 0.013094 0.032193 0.000010 0.009565 0.000010 0.300657
0.000010 0.804815 0.000010 0.000010 0.184620 0.000010 0.010514 0.000010
0.010443 0.864501 0.020290 0.045539 0.059198 0.000010 0.000010 0.000010
0.000010 0.862563 0.004683 0.043212 0.000010 0.020916 0.000010 0.068595
0.089645 0.421230 0.046072 0.199406 0.000010 0.151898 0.000010 0.091728
0.037397 0.416568 0.030004 0.132027 0.022865 0.124785 0.056912 0.179443
0.000010 0.000708 0.000010 0.000010 0.032089 0.000010 0.036215 0.930947
0.000010 0.000010 0.009942 0.000014 0.025137 0.000010 0.044208 0.920669
0.019802 0.643763 0.012800 0.025334 0.000010 0.038030 0.000010 0.260252
0.008072 0.661011 0.039597 0.006916 0.000010 0.014593 0.000010 0.269791
0.005654 0.628862 0.025544 0.015690 0.000010 0.027468 0.000010 0.296762
0.018341 0.856385 0.028748 0.018791 0.058914 0.018801 0.000010 0.000010
0.014327 0.858769 0.000010 0.025250 0.000010 0.041998 0.000010 0.059626
0.043951 0.381612 0.048694 0.100498 0.015702 0.192796 0.046992 0.169755
0.000010 0.000010 0.000010 0.000010 0.020574 0.000010 0.024137 0.955239
0.002808 0.000010 0.000010 0.000010 0.029802 0.000010 0.032608 0.934741
0.009683 0.629449 0.002517 0.011447 0.000010 0.040171 0.000010 0.306713
0.028964 0.833066 0.028422 0.060009 0.049509 0.000010 0.000010 0.000010
0.018972 0.869221 0.000010 0.011056 0.001245 0.035976 0.000010 0.063510
0.040939 0.422455 0.071264 0.113193 0.026815 0.155445 0.024438 0.145451
0.000010 0.000010 0.000010 0.000010 0.010657 0.000010 0.035831 0.953462
0.000010 0.000010 0.000010 0.000010 0.046094 0.000010 0.046134 0.907721
0.015106 0.662314 0.036320 0.008701 0.000010 0.000010 0.000010 0.277528
0.004203 0.641478 0.007772 0.025512 0.000010 0.008978 0.000010 0.312037
0.000010 0.784541 0.000010 0.000010 0.194542 0.000010 0.020867 0.000010
0.000010 0.788441 0.000010 0.000010 0.202753 0.000010 0.008756 0.000010
0.035451 0.512919 0.039655 0.102288 0.004270 0.018622 0.036895 0.249900
0.061135 0.443502 0.034647 0.057143 0.003317 0.030845 0.016086 0.353324
0.000010 0.091568 0.021406 0.037120 0.262524 0.028564 0.275184 0.283624
0.016060 0.856001 0.030921 0.036853 0.052104 0.006781 0.001269 0.000010
0.000010 0.882634 0.023006 0.001184 0.000010 0.019335 0.002838 0.070983
0.083678 0.444304 0.037446 0.160428 0.000010 0.217699 0.000010 0.056425
0.000010 0.000010 0.000010 0.001210 0.049468 0.000010 0.010891 0.938391
0.000010 0.000010 0.000010 0.000010 0.058958 0.000010 0.059518 0.881474
0.000010 0.633964 0.027305 0.049696 0.000010 0.004431 0.000010 0.284574
0.019557 0.638554 0.000010 0.052654 0.000010 0.000010 0.000010 0.289195
0.000010 0.774774 0.000010 0.000010 0.201506 0.000010 0.023670 0.000010
0.000010 0.000010 0.001941 0.002570 0.510973 0.026010 0.342300 0.116187
0.000010 0.914609 0.002476 0.013936 0.000010 0.028632 0.000010 0.040317
0.000010 0.826562 0.014658 0.000010 0.142870 0.000010 0.015870 0.000010
0.019157 0.634445 0.023890 0.025811 0.000010 0.022466 0.000010 0.274210
0.000010 0.000010 0.000010 0.000010 0.028406 0.000010 0.012511 0.959034
0.001189 0.643942 0.018750 0.033281 0.000010 0.004234 0.000010 0.298583
0.027578 0.438194 0.062332 0.103633 0.013337 0.154599 0.027492 0.172835
0.066225 0.465100 0.060435 0.119175 0.000010 0.223873 0.000010 0.065171
0.012089 0.772217 0.032851 0.086867 0.056705 0.035799 0.003461 0.000010
0.000010 0.000010 0.000010 0.000010 0.137847 0.000010 0.177618 0.684485
0.011084 0.728443 0.015553 0.054802 0.000010 0.074766 0.000010 0.115332
0.076729 0.019639 0.000010 0.000010 0.714102 0.000010 0.183661 0.005838
0.041769 0.012847 0.000010 0.000010 0.749238 0.014318 0.165419 0.016389
0.051104 0.031105 0.004030 0.000010 0.775871 0.020139 0.117731 0.000010
0.073642 0.017999 0.000010 0.007822 0.795631 0.000010 0.104876 0.000010
0.214130 0.276246 0.038973 0.291609 0.000010 0.154861 0.000010 0.024160
0.182966 0.267096 0.071255 0.237353 0.000010 0.174870 0.000010 0.066439
0.203230 0.262841 0.056290 0.290085 0.000010 0.141762 0.000010 0.045772
0.229704 0.274063 0.069785 0.266029 0.000010 0.115668 0.000010 0.044732
0.037932 0.052300 0.000010 0.000010 0.692045 0.022012 0.170859 0.024832
0.006324 0.000010 0.000010 0.000010 0.651943 0.000010 0.286380 0.055313
0.022590 0.000010 0.000010 0.000010 0.681078 0.000010 0.249237 0.047055
0.007711 0.000010 0.000010 0.008782 0.660729 0.009762 0.266915 0.046081
0.006968 0.000010 0.000010 0.000010 0.665245 0.000010 0.268307 0.059441
0.021198 0.000010 0.000010 0.013944 0.662415 0.000010 0.262038 0.040374
0.034089 0.023211 0.000010 0.014089 0.747627 0.000010 0.170540 0.010425
0.025030 0.000010 0.000010 0.000010 0.637167 0.000010 0.286388 0.051374
0.102052 0.032857 0.000010 0.083861 0.470026 0.072493 0.165312 0.073388
0.109475 0.132931 0.000010 0.000010 0.757545 0.000010 0.000010 0.000010
0.080677 0.015069 0.000010 0.015847 0.787939 0.000010 0.099403 0.001045
0.086564 0.022492 0.000010 0.000010 0.804525 0.005712 0.080676 0.000010
0.078982 0.022021 0.009013 0.000010 0.811723 0.000010 0.078231 0.000010
0.061596 0.028018 0.002639 0.000010 0.797166 0.026878 0.083683 0.000010
0.075937 0.039968 0.016552 0.000010 0.818361 0.000010 0.049152 0.000010
0.045571 0.013436 0.000010 0.000010 0.742548 0.021317 0.171022 0.006086
0.067728 0.033521 0.017608 0.000010 0.807934 0.000010 0.073179 0.000010
0.087748 0.008708 0.005124 0.006425 0.783250 0.012320 0.096414 0.000010
0.097166 0.000010 0.007796 0.000010 0.788293 0.022883 0.083832 0.000010
0.062484 0.043264 0.018001 0.000430 0.772166 0.000010 0.103635 0.000010
0.026231 0.000010 0.027591 0.000010 0.776317 0.000010 0.148942 0.020888
0.010501 0.020512 0.018292 0.000010 0.736136 0.006876 0.188839 0.018835
0.037297 0.000686 0.000010 0.032170 0.810425 0.001001 0.117595 0.000816
0.036841 0.040618 0.004680 0.000010 0.768085 0.000010 0.149746 0.000010
0.026652 0.024122 0.023334 0.000010 0.766089 0.005665 0.134817 0.019311
0.015921 0.005764 0.011905 0.027608 0.811658 0.000010 0.119260 0.007874
0.010804 0.012834 0.000010 0.028608 0.791565 0.000010 0.134433 0.021736
0.029311 0.000010 0.014788 0.000012 0.795731 0.000010 0.135785 0.024353
0.023487 0.003671 0.002418 0.007180 0.780781 0.012747 0.146439 0.023278
0.054448 0.006407 0.009780 0.009385 0.732869 0.000010 0.187091 0.000010
0.046939 0.015759 0.003838 0.016947 0.729525 0.000010 0.183287 0.003696
0.076269 0.035797 0.004152 0.000010 0.760621 0.000010 0.123132 0.000010
0.049194 0.039524 0.008148 0.000010 0.828945 0.000010 0.074160 0.000010
0.057393 0.023090 0.007614 0.011101 0.826545 0.000010 0.074237 0.000010
0.047193 0.006037 0.016054 0.000010 0.884192 0.000010 0.046494 0.000010
0.043528 0.000010 0.025699 0.000010 0.920697 0.000010 0.010035 0.000010
0.021227 0.020624 0.017192 0.000010 0.930394 0.000010 0.010532 0.000010
0.017742 0.000010 0.014963 0.015265 0.938247 0.000010 0.013753 0.000010
0.053372 0.037660 0.000010 0.006361 0.734872 0.013862 0.153853 0.000010
0.059337 0.015144 0.000010 0.000010 0.759255 0.037336 0.128897 0.000010
0.074133 0.024554 0.000010 0.000010 0.714716 0.015828 0.170739 0.000010
0.024689 0.012913 0.010404 0.015533 0.788774 0.000010 0.138210 0.009466
0.074801 0.000010 0.000010 0.000010 0.734524 0.000010 0.185283 0.005352
0.068735 0.022283 0.000010 0.007294 0.850073 0.000010 0.051586 0.000010
0.035489 0.006538 0.012493 0.002292 0.775082 0.017771 0.145970 0.004365
0.041976 0.012306 0.000010 0.000010 0.742900 0.000010 0.170173 0.032614
0.037721 0.022643 0.000010 0.020905 0.766044 0.000010 0.152657 0.000010
0.017748 0.020542 0.007014 0.021533 0.832890 0.003375 0.096888 0.000010
0.031436 0.006296 0.012269 0.000010 0.815329 0.000010 0.134641 0.000010
0.006149 0.054285 0.009882 0.015098 0.785591 0.000010 0.126101 0.002884
0.035875 0.000013 0.026631 0.000010 0.731147 0.000010 0.183027 0.023288
0.069315 0.032595 0.011482 0.000010 0.776923 0.001944 0.107721 0.000010
0.070537 0.009519 0.000010 0.011012 0.735102 0.008260 0.165550 0.000010
0.043645 0.034196 0.005467 0.009499 0.686488 0.016485 0.204210 0.000010
0.065664 0.001382 0.000010 0.015674 0.798292 0.011201 0.107767 0.000010
0.095593 0.000010 0.011142 0.000010 0.805471 0.010799 0.076966 0.000010
0.040042 0.012268 0.004593 0.000010 0.712287 0.027299 0.198994 0.004506
0.068170 0.046863 0.000010 0.000010 0.814848 0.000010 0.070079 0.000010
0.039546 0.031506 0.019040 0.000010 0.752825 0.000010 0.157053 0.000010
0.051747 0.000229 0.000010 0.027254 0.746748 0.003259 0.163030 0.007723
0.061246 0.007016 0.000010 0.009747 0.862789 0.005132 0.054050 0.000010
0.087906 0.029039 0.000010 0.018739 0.786454 0.001482 0.076359 0.000010
0.073592 0.037455 0.006466 0.000010 0.802421 0.000010 0.080036 0.000010
0.057588 0.026070 0.011678 0.000119 0.802637 0.008493 0.093404 0.000010
0.067552 0.021394 0.000010 0.013789 0.777971 0.004274 0.115001 0.000010
0.173138 0.098832 0.000010 0.110656 0.422093 0.119776 0.073958 0.001538
0.029952 0.000010 0.001263 0.030945 0.673527 0.005764 0.236411 0.022128
0.038544 0.000010 0.000010 0.004054 0.691517 0.000010 0.237760 0.028095
0.037964 0.000010 0.006213 0.000116 0.673319 0.000010 0.245132 0.037236
0.022545 0.000010 0.002537 0.000010 0.692187 0.000010 0.234428 0.048273
0.032092 0.000010 0.001021 0.028974 0.689913 0.000296 0.215124 0.032570
0.021175 0.000010 0.006697 0.006346 0.684026 0.000010 0.248530 0.033206
0.012560 0.006851 0.001604 0.000010 0.683501 0.000010 0.245416 0.050048
0.000010 0.016786 0.000010 0.000010 0.678827 0.000010 0.262157 0.042191
0.032282 0.007583 0.006650 0.007868 0.727492 0.003578 0.190723 0.023825
0.067161 0.026684 0.004165 0.000010 0.754226 0.008611 0.139132 0.000010
0.041810 0.003527 0.000010 0.013628 0.720259 0.001955 0.188449 0.030362
0.045230 0.031645 0.000010 0.000010 0.720960 0.002531 0.170243 0.029372
0.047867 0.019165 0.000932 0.000010 0.715217 0.013700 0.180694 0.022415
0.047233 0.004763 0.016536 0.006059 0.730534 0.000010 0.176625 0.018240
0.009840 0.005133 0.000122 0.000010 0.698446 0.000010 0.238621 0.047816
0.046708 0.000010 0.003612 0.035129 0.725975 0.003387 0.183373 0.001806
0.030035 0.048500 0.000010 0.000010 0.704994 0.000010 0.198328 0.018113
0.089493 0.026404 0.001041 0.020129 0.768808 0.001783 0.092333 0.000010
0.057569 0.010752 0.000010 0.018351 0.751223 0.003683 0.149380 0.009032
0.062667 0.011315 0.000010 0.022317 0.703115 0.000010 0.192386 0.008180
0.022045 0.007609 0.028179 0.000010 0.721375 0.007636 0.205915 0.007232
0.073960 0.012433 0.000010 0.020162 0.764292 0.004162 0.124971 0.000010
0.284013 0.167301 0.076321 0.269492 0.015350 0.131615 0.000010 0.055898
0.299314 0.093015 0.013069 0.233155 0.076284 0.266977 0.006261 0.011924
0.275939 0.193368 0.034415 0.197840 0.082932 0.215486 0.000010 0.000010
0.089661 0.029937 0.027682 0.048923 0.527074 0.050860 0.193641 0.032222
0.296576 0.165615 0.058575 0.331821 0.011455 0.113094 0.000010 0.022853
0.303204 0.177062 0.062055 0.309840 0.000010 0.111544 0.000010 0.036276
0.218630 0.090989 0.035432 0.139445 0.340885 0.100788 0.051312 0.022519
0.184466 0.098884 0.033134 0.166882 0.302014 0.109956 0.076228 0.028436
0.234518 0.094297 0.029671 0.168909 0.151831 0.267198 0.039752 0.013824
0.027116 0.007404 0.838452 0.044305 0.000010 0.080187 0.000010 0.002516
0.351612 0.141767 0.082988 0.299742 0.000010 0.098272 0.000010 0.025599
0.285188 0.177040 0.048890 0.317418 0.000010 0.169938 0.000010 0.001506
0.236404 0.133523 0.020713 0.139113 0.316995 0.077416 0.055326 0.020510
0.310196 0.143830 0.020182 0.185913 0.078556 0.261301 0.000010 0.000010
0.346433 0.137170 0.022649 0.163690 0.262597 0.067443 0.000010 0.000010
0.284277 0.201309 0.065240 0.288382 0.000010 0.144514 0.000010 0.016259
0.198547 0.092556 0.036962 0.148942 0.312587 0.110267 0.086638 0.013500
0.223756 0.091437 0.014442 0.177490 0.308975 0.082820 0.077309 0.023771
0.165351 0.070953 0.023565 0.111729 0.341036 0.121462 0.109415 0.056489
0.099800 0.027442 0.000010 0.046822 0.502036 0.095073 0.191526 0.037291
0.288138 0.106786 0.024247 0.132264 0.344267 0.063060 0.035663 0.005573
0.345276 0.124562 0.031129 0.150996 0.281755 0.066262 0.000010 0.000010
0.260475 0.161305 0.046768 0.345081 0.000010 0.163297 0.000010 0.023054
0.327479 0.133123 0.055266 0.126908 0.274142 0.083062 0.000010 0.000010
0.320621 0.159455 0.034821 0.317900 0.021798 0.121620 0.000010 0.023776
0.207056 0.109347 0.010135 0.132748 0.350384 0.101071 0.080260 0.008999
0.226873 0.101712 0.018930 0.147587 0.339687 0.078148 0.068976 0.018086
0.101513 0.042624 0.000010 0.093726 0.468376 0.085518 0.176427 0.031805
0.296647 0.167770 0.074500 0.304353 0.003549 0.128585 0.000010 0.024587
0.348022 0.150985 0.037056 0.152985 0.270764 0.040168 0.000010 0.000010
0.317797 0.163972 0.088678 0.277186 0.000010 0.144488 0.000010 0.007859
0.265704 0.088197 0.027288 0.113183 0.156387 0.312074 0.016111 0.021057
0.275133 0.107672 0.010971 0.144946 0.184484 0.249167 0.019949 0.007678
0.294531 0.171544 0.069699 0.349385 0.000010 0.114138 0.000010 0.000684
0.288792 0.173497 0.058076 0.296651 0.000010 0.157407 0.000010 0.025557
0.354614 0.154689 0.016986 0.156613 0.269067 0.048011 0.000010 0.000010
0.106265 0.037495 0.016872 0.038177 0.525630 0.034991 0.183418 0.057152
0.143557 0.074213 0.026918 0.099168 0.400326 0.071744 0.143097 0.040977
0.214838 0.107173 0.004299 0.144112 0.332588 0.116148 0.076414 0.004427
0.289899 0.135187 0.017394 0.145141 0.153933 0.255313 0.003124 0.000010
0.333644 0.160898 0.036258 0.120053 0.281079 0.068048 0.000010 0.000010
0.236361 0.103349 0.034421 0.136220 0.150371 0.319023 0.003979 0.016276
0.088767 0.029833 0.019960 0.055092 0.491972 0.072419 0.213541 0.028417
0.253434 0.113946 0.000010 0.103331 0.195118 0.317410 0.000010 0.016741
0.303234 0.179369 0.053122 0.306697 0.000010 0.138356 0.000010 0.019202
0.334811 0.142729 0.002388 0.185847 0.258364 0.075842 0.000010 0.000010
0.182384 0.084442 0.007367 0.151858 0.340860 0.134465 0.063834 0.034790
0.231031 0.057176 0.016285 0.179041 0.321364 0.095918 0.078566 0.020619
0.201060 0.082758 0.023746 0.170683 0.337362 0.095854 0.068094 0.020445
0.333763 0.141014 0.031925 0.175346 0.245380 0.072552 0.000010 0.000010
0.336956 0.148523 0.054628 0.323022 0.000010 0.117979 0.000010 0.018872
0.294312 0.114798 0.018188 0.234351 0.052680 0.261462 0.000010 0.024200
0.259849 0.102710 0.009812 0.156627 0.138257 0.275204 0.046821 0.010720
0.126253 0.013886 0.013362 0.038161 0.484869 0.047485 0.226037 0.049947
0.309663 0.190320 0.060170 0.289162 0.000010 0.117047 0.000010 0.033619
0.329768 0.138026 0.056676 0.289469 0.000010 0.148994 0.000010 0.037047
0.137370 0.074222 0.001812 0.077376 0.462940 0.073955 0.144315 0.028012
0.237475 0.090672 0.048973 0.146386 0.351362 0.032130 0.065203 0.027799
0.108443 0.046797 0.027342 0.057151 0.491615 0.022341 0.188581 0.057730
0.341707 0.167289 0.026944 0.133830 0.269185 0.061025 0.000010 0.000010
0.273040 0.107564 0.005175 0.128096 0.150546 0.286667 0.013732 0.035180
0.279315 0.137045 0.000010 0.136088 0.128950 0.301855 0.016727 0.000010
0.215419 0.106188 0.000010 0.141873 0.367285 0.067626 0.079154 0.022445
0.296549 0.216236 0.073184 0.310020 0.004443 0.085985 0.000010 0.013574
0.301964 0.150838 0.072802 0.331760 0.003249 0.122012 0.000010 0.017363
0.285257 0.156448 0.073123 0.304802 0.000393 0.130867 0.000010 0.049100
0.151308 0.058518 0.015210 0.102323 0.437739 0.070208 0.147044 0.017650
0.242520 0.100420 0.037181 0.229560 0.225876 0.112823 0.030647 0.020973
0.075144 0.051553 0.007314 0.057914 0.480626 0.072805 0.208756 0.045888
0.352837 0.156187 0.064711 0.301311 0.000010 0.122899 0.000010 0.002035
0.351710 0.141548 0.020004 0.179234 0.265404 0.042080 0.000010 0.000010
0.304908 0.161968 0.000010 0.169042 0.082730 0.281322 0.000010 0.000010
0.308502 0.136363 0.020411 0.090678 0.348841 0.095184 0.000010 0.000010
0.264358 0.095195 0.011222 0.161478 0.164688 0.285311 0.013724 0.004024
0.296670 0.182245 0.045176 0.329683 0.000010 0.146197 0.000010 0.000010
0.286412 0.152768 0.085760 0.301894 0.000503 0.137399 0.000010 0.035254
0.309456 0.161147 0.084502 0.308407 0.014184 0.122037 0.000010 0.000257
0.213511 0.090153 0.036479 0.128752 0.329670 0.099229 0.076819 0.025387
0.098885 0.050765 0.013420 0.074047 0.517376 0.070044 0.156617 0.018846
0.075972 0.053693 0.015790 0.039339 0.495600 0.076116 0.193006 0.050482
0.247199 0.114981 0.024962 0.144466 0.240650 0.170031 0.042441 0.015269
0.365672 0.120447 0.027474 0.149345 0.269472 0.067570 0.000010 0.000010
0.256712 0.101666 0.058149 0.108593 0.160131 0.268264 0.017607 0.028877
0.297377 0.136220 0.017455 0.110569 0.122578 0.305712 0.010079 0.000010
0.295416 0.105197 0.024217 0.115930 0.119693 0.339527 0.000010 0.000010
0.266657 0.091057 0.021898 0.103542 0.098619 0.404444 0.013774 0.000010
0.064575 0.042322 0.055675 0.528792 0.022097 0.261391 0.000444 0.024703
0.351841 0.160415 0.033836 0.304795 0.000010 0.146965 0.000010 0.002128
0.168789 0.043830 0.000010 0.048675 0.110173 0.605235 0.018334 0.004955
0.193649 0.110404 0.012389 0.112166 0.261075 0.233093 0.059702 0.017520
0.256703 0.142999 0.017253 0.123252 0.091930 0.348766 0.002384 0.016713
0.260303 0.118062 0.033203 0.132296 0.116474 0.319919 0.007443 0.012300
0.308323 0.123230 0.003139 0.184983 0.093199 0.287107 0.000010 0.000010
0.261474 0.116175 0.009392 0.124407 0.128822 0.342038 0.009078 0.008614
0.027901 0.002194 0.034343 0.714155 0.022809 0.198578 0.000010 0.000010
0.373462 0.154206 0.050379 0.277010 0.000010 0.136459 0.000010 0.008464
0.349892 0.136624 0.003968 0.218197 0.089894 0.197550 0.000010 0.003866
0.215443 0.060687 0.002485 0.027879 0.084365 0.588805 0.020326 0.000010
0.209410 0.075102 0.000010 0.075185 0.102226 0.513912 0.024144 0.000010
0.401348 0.130743 0.052473 0.325817 0.000010 0.089588 0.000010 0.000010
0.321279 0.161729 0.050297 0.266260 0.000010 0.180786 0.000010 0.019630
0.234393 0.068344 0.014715 0.130878 0.144725 0.394894 0.012042 0.000010
0.378369 0.162120 0.025049 0.312447 0.000010 0.121985 0.000010 0.000010
0.042300 0.000739 0.034740 0.643901 0.000169 0.275280 0.000010 0.002861
0.367525 0.154276 0.052930 0.314823 0.000010 0.110416 0.000010 0.000010
0.314146 0.189111 0.000010 0.219169 0.086250 0.177703 0.000010 0.013601
0.186297 0.070852 0.000010 0.041253 0.106746 0.579558 0.015275 0.000010
0.199039 0.084295 0.000010 0.101917 0.089450 0.501358 0.017277 0.006654
0.310034 0.149733 0.010949 0.153081 0.084590 0.270689 0.006383 0.014539
0.335919 0.159876 0.049161 0.326792 0.000010 0.128221 0.000010 0.000010
0.232387 0.067861 0.002675 0.123782 0.158925 0.398542 0.007677 0.008151
0.264211 0.108073 0.029859 0.101729 0.107815 0.383362 0.004943 0.000010
0.372927 0.169458 0.051218 0.302526 0.000010 0.103841 0.000010 0.000010
0.024685 0.040436 0.046099 0.626907 0.035974 0.215123 0.010766 0.000010
0.368703 0.174701 0.074537 0.286633 0.000010 0.089735 0.005671 0.000010
0.357780 0.148597 0.015981 0.216720 0.047747 0.188257 0.000010 0.024908
0.211020 0.106570 0.020851 0.020414 0.116678 0.519399 0.005058 0.000010
0.170057 0.052698 0.000010 0.048413 0.088767 0.609906 0.030140 0.000010
0.302388 0.104694 0.028926 0.144338 0.161213 0.232995 0.025435 0.000010
0.222191 0.086158 0.003429 0.104726 0.142350 0.421623 0.000010 0.019512
0.005720 0.000010 0.081655 0.690298 0.000010 0.221896 0.000400 0.000010
0.346040 0.159692 0.053181 0.329302 0.000010 0.106080 0.001652 0.004043
0.172465 0.095887 0.000010 0.048593 0.097256 0.561877 0.023498 0.000414
0.162596 0.037470 0.010545 0.102929 0.091994 0.562209 0.005702 0.026555
0.228142 0.110254 0.009448 0.164275 0.183503 0.304358 0.000010 0.000010
0.035442 0.000010 0.778062 0.051564 0.000160 0.128918 0.000010 0.005834
0.267320 0.117462 0.038286 0.149758 0.146225 0.261327 0.002809 0.016812
0.269262 0.080627 0.009405 0.134433 0.115489 0.373825 0.016948 0.000010
0.030161 0.011724 0.038960 0.681687 0.000459 0.225687 0.008315 0.003008
