0.157377 0.223261 0.251852 0.024978 0.014737 0.310414 0.017361 0.000010 0.000010
0.076083 0.300334 0.327901 0.009151 0.000010 0.277250 0.009251 0.000010 0.000010
0.117898 0.229027 0.249342 0.010591 0.000010 0.358359 0.024047 0.010716 0.000010
0.093546 0.301742 0.291038 0.001767 0.000010 0.294133 0.000010 0.017555 0.000199
0.139155 0.244590 0.237107 0.046618 0.000010 0.332490 0.000010 0.000010 0.000010
0.109709 0.260915 0.261540 0.012208 0.000010 0.319029 0.036570 0.000010 0.000010
0.115628 0.261000 0.299963 0.009477 0.000010 0.279604 0.007923 0.026386 0.000010
0.000010 0.398211 0.542396 0.000010 0.000010 0.059334 0.000010 0.000010 0.000010
0.000010 0.391854 0.542021 0.000010 0.000010 0.066066 0.000010 0.000010 0.000010
0.000010 0.967394 0.026283 0.000010 0.006262 0.000010 0.000010 0.000010 0.000010
0.000010 0.359374 0.493206 0.041822 0.000244 0.105314 0.000010 0.000010 0.000010
0.000010 0.321924 0.541961 0.023633 0.000010 0.112432 0.000010 0.000010 0.000010
0.763336 0.000010 0.000010 0.010746 0.029262 0.072433 0.000010 0.087496 0.036696
0.580549 0.000010 0.000010 0.078603 0.000010 0.156269 0.018418 0.096221 0.069910
0.890492 0.000010 0.015629 0.009250 0.000010 0.055793 0.005767 0.016144 0.006905
0.589770 0.011288 0.000010 0.062607 0.023534 0.156470 0.048461 0.076614 0.031247
0.102859 0.237957 0.242720 0.026057 0.018499 0.344347 0.015827 0.011724 0.000010
0.125256 0.264921 0.245380 0.021841 0.027773 0.309690 0.005120 0.000010 0.000010
0.000010 0.411759 0.538375 0.000010 0.000010 0.049806 0.000010 0.000010 0.000010
0.000010 0.316038 0.608519 0.000010 0.000145 0.071820 0.000010 0.000010 0.003438
0.000010 0.364177 0.560023 0.000010 0.000010 0.075741 0.000010 0.000010 0.000010
0.000010 0.999920 0.000010 0.000010 0.000010 0.000010 0.000010 0.000010 0.000010
0.000010 0.329935 0.535593 0.035453 0.007680 0.076862 0.006515 0.007942 0.000010
0.000010 0.359656 0.502256 0.014080 0.000010 0.101377 0.000706 0.021895 0.000010
0.846113 0.000010 0.000010 0.000010 0.012810 0.052199 0.009609 0.062890 0.016350
0.794507 0.000498 0.000814 0.016281 0.000010 0.114990 0.018167 0.032408 0.022324
0.905453 0.000010 0.026942 0.020592 0.019175 0.027538 0.000010 0.000010 0.000271
0.567429 0.000010 0.000010 0.066208 0.013478 0.145156 0.011228 0.132053 0.064428
0.088789 0.240890 0.252277 0.031348 0.003737 0.356096 0.014555 0.012298 0.000010
0.117333 0.229299 0.257532 0.005622 0.013804 0.318811 0.017291 0.040298 0.000010
0.000010 0.419452 0.484115 0.000010 0.000010 0.096373 0.000010 0.000010 0.000010
0.000010 0.288772 0.645813 0.000010 0.001689 0.058549 0.000010 0.000010 0.005138
0.000605 0.936203 0.063132 0.000010 0.000010 0.000010 0.000010 0.000010 0.000010
0.000010 0.999920 0.000010 0.000010 0.000010 0.000010 0.000010 0.000010 0.000010
0.000010 0.366183 0.501329 0.035506 0.000010 0.077860 0.019052 0.000041 0.000010
0.000010 0.365563 0.497953 0.023362 0.000010 0.078708 0.017102 0.017282 0.000010
0.731455 0.000010 0.000010 0.010504 0.000010 0.107493 0.029642 0.080588 0.040288
0.834825 0.004749 0.016791 0.009358 0.027470 0.076798 0.000010 0.013336 0.016663
0.781512 0.000010 0.000010 0.000010 0.013356 0.112244 0.000010 0.082677 0.010171
0.584161 0.005472 0.000010 0.032535 0.028495 0.169098 0.045675 0.091084 0.043470
0.121063 0.265979 0.264766 0.003921 0.000010 0.287533 0.042091 0.014627 0.000010
0.096544 0.248590 0.239584 0.030219 0.012287 0.328847 0.000010 0.043909 0.000010
0.000010 0.366918 0.569560 0.000010 0.000010 0.063462 0.000010 0.000010 0.000010
0.000010 0.391016 0.562721 0.000010 0.000010 0.046203 0.000010 0.000010 0.000010
0.000010 0.999920 0.000010 0.000010 0.000010 0.000010 0.000010 0.000010 0.000010
0.000020 0.943460 0.050752 0.000010 0.000010 0.000010 0.000010 0.000010 0.005718
0.000010 0.999920 0.000010 0.000010 0.000010 0.000010 0.000010 0.000010 0.000010
0.000010 0.340898 0.504075 0.040391 0.000010 0.111900 0.000010 0.002696 0.000010
0.000010 0.371587 0.487784 0.036208 0.000010 0.083608 0.020773 0.000010 0.000010
0.707513 0.000010 0.000010 0.000010 0.002943 0.135849 0.030632 0.081330 0.041704
0.918275 0.000164 0.028307 0.000010 0.000010 0.019356 0.021811 0.000010 0.012057
0.847909 0.000010 0.000010 0.007771 0.009584 0.084677 0.026006 0.024023 0.000010
0.643168 0.015214 0.000010 0.052840 0.018163 0.134467 0.028222 0.055721 0.052196
0.805160 0.000010 0.000010 0.016504 0.000010 0.080970 0.025042 0.050597 0.021696
0.464051 0.000010 0.000010 0.192521 0.017537 0.037407 0.073502 0.135303 0.079658
0.809773 0.000010 0.008557 0.017836 0.015588 0.040069 0.032356 0.053639 0.022171
0.376606 0.000010 0.000010 0.025398 0.000010 0.504013 0.000010 0.065068 0.028874
0.529264 0.019370 0.000010 0.041170 0.015413 0.278918 0.012822 0.074671 0.028362
0.340322 0.000010 0.000010 0.000010 0.000010 0.631248 0.006599 0.011181 0.010611
0.478553 0.017850 0.000010 0.045744 0.000010 0.340220 0.015317 0.062033 0.040263
0.189130 0.224954 0.217375 0.051424 0.002379 0.299229 0.009963 0.000010 0.005535
0.728295 0.000010 0.000010 0.039025 0.013161 0.076864 0.024651 0.051516 0.066467
0.706841 0.000010 0.000010 0.075080 0.000010 0.089156 0.000010 0.108778 0.020105
0.387215 0.023213 0.016033 0.012455 0.000010 0.459859 0.017274 0.055123 0.028818
0.202733 0.068620 0.035359 0.067772 0.000010 0.585893 0.008411 0.000010 0.031193
0.422871 0.012481 0.000010 0.067292 0.032825 0.419843 0.000756 0.019182 0.024741
0.440459 0.028275 0.012104 0.068070 0.000010 0.361605 0.011974 0.071124 0.006378
0.147126 0.232825 0.254055 0.055928 0.000010 0.281429 0.000373 0.023345 0.004908
0.119390 0.243249 0.246658 0.062465 0.000010 0.319713 0.000010 0.008495 0.000010
0.734518 0.000010 0.000010 0.042451 0.000010 0.097037 0.008128 0.060667 0.057169
0.494828 0.000010 0.000010 0.144062 0.036842 0.075968 0.050037 0.128679 0.069565
0.790139 0.000010 0.000010 0.012416 0.000010 0.063211 0.044247 0.053143 0.036815
0.375488 0.000010 0.019552 0.034682 0.002004 0.472247 0.018726 0.044253 0.033038
0.467625 0.022705 0.000010 0.045263 0.003582 0.294408 0.027110 0.099701 0.039596
0.486279 0.000010 0.000010 0.039247 0.009679 0.364164 0.003998 0.064971 0.031640
0.418243 0.036298 0.017706 0.022592 0.000010 0.357944 0.043116 0.069585 0.034506
0.174882 0.226300 0.203592 0.022031 0.018407 0.277589 0.034372 0.042817 0.000010
0.117604 0.209159 0.225149 0.070523 0.000010 0.350341 0.000010 0.027194 0.000010
0.125539 0.239050 0.248853 0.025843 0.000010 0.301091 0.034062 0.016481 0.009071
0.000010 0.385873 0.540780 0.000010 0.000010 0.073287 0.000010 0.000010 0.000010
0.000010 0.999920 0.000010 0.000010 0.000010 0.000010 0.000010 0.000010 0.000010
0.000010 0.856457 0.134006 0.000010 0.000010 0.002666 0.006821 0.000010 0.000010
0.000010 0.999920 0.000010 0.000010 0.000010 0.000010 0.000010 0.000010 0.000010
0.010460 0.286559 0.561872 0.042899 0.009460 0.063334 0.000010 0.001244 0.024162
0.000010 0.358746 0.509865 0.042552 0.000010 0.068548 0.020249 0.000010 0.000010
0.726041 0.000010 0.000010 0.053314 0.000010 0.114660 0.001393 0.081496 0.023065
0.916697 0.000010 0.019325 0.000010 0.000010 0.048191 0.002570 0.000010 0.013177
0.737663 0.000010 0.000010 0.030078 0.000010 0.128123 0.041620 0.041471 0.021015
0.565116 0.025830 0.000010 0.037853 0.000010 0.142846 0.066435 0.099983 0.061917
0.095074 0.235055 0.247951 0.028160 0.000010 0.352577 0.000010 0.041152 0.000010
0.042588 0.365885 0.356176 0.019427 0.000010 0.215885 0.000010 0.000010 0.000010
0.000010 0.359138 0.573083 0.000010 0.000010 0.067719 0.000010 0.000010 0.000010
0.000010 0.406460 0.528485 0.000010 0.000010 0.064995 0.000010 0.000010 0.000010
0.000010 0.961306 0.038624 0.000010 0.000010 0.000010 0.000010 0.000010 0.000010
0.000010 0.999920 0.000010 0.000010 0.000010 0.000010 0.000010 0.000010 0.000010
0.000010 0.344658 0.510123 0.013742 0.000010 0.111044 0.011045 0.009358 0.000010
0.000010 0.336194 0.525295 0.025316 0.008836 0.082310 0.004343 0.017686 0.000010
0.712064 0.000010 0.000010 0.007109 0.000010 0.123657 0.028378 0.081343 0.047419
0.847844 0.000010 0.000010 0.000010 0.014860 0.059790 0.035963 0.041503 0.000010
0.600176 0.013533 0.000010 0.060392 0.042686 0.150454 0.015741 0.085782 0.031225
0.768197 0.000010 0.000468 0.020839 0.028054 0.076081 0.010745 0.059912 0.035693
0.226541 0.000010 0.000010 0.295931 0.024850 0.073396 0.088284 0.191772 0.099206
0.828894 0.004359 0.009068 0.029224 0.020272 0.025588 0.018708 0.041461 0.022427
0.316470 0.000010 0.000010 0.000010 0.003359 0.623343 0.000010 0.047758 0.009030
0.375160 0.000010 0.000010 0.024270 0.016194 0.494592 0.023953 0.022451 0.043359
0.450041 0.004522 0.000010 0.075818 0.000010 0.379535 0.000010 0.067803 0.022250
0.130120 0.260242 0.241912 0.048886 0.001667 0.253322 0.008793 0.055048 0.000010
0.134663 0.235250 0.246377 0.018156 0.000010 0.324053 0.024060 0.017421 0.000010
0.000010 0.350794 0.587595 0.000010 0.000010 0.061550 0.000010 0.000010 0.000010
0.000010 0.342997 0.581485 0.000010 0.000010 0.075458 0.000010 0.000010 0.000010
0.000010 0.999920 0.000010 0.000010 0.000010 0.000010 0.000010 0.000010 0.000010
0.000010 0.885916 0.102841 0.000017 0.000010 0.000010 0.000010 0.000010 0.011177
0.000010 0.341169 0.505541 0.037593 0.000010 0.105844 0.000010 0.004162 0.005661
0.689146 0.000010 0.000010 0.025683 0.017567 0.144212 0.005219 0.087697 0.030457
0.875246 0.000010 0.007957 0.014755 0.000010 0.075971 0.009052 0.016990 0.000010
0.904279 0.010492 0.011507 0.000010 0.017514 0.056169 0.000010 0.000010 0.000010
0.575265 0.004883 0.000010 0.078493 0.000010 0.163120 0.015775 0.084471 0.077973
0.771599 0.007078 0.000010 0.050736 0.000010 0.078575 0.011427 0.036853 0.043713
0.419178 0.000010 0.000019 0.196323 0.000010 0.058008 0.070993 0.155498 0.099962
0.789496 0.006398 0.000010 0.009628 0.013609 0.054453 0.007537 0.073257 0.045613
0.400466 0.001615 0.000010 0.005818 0.000010 0.507343 0.021503 0.033680 0.029555
0.315689 0.000010 0.000010 0.000131 0.000010 0.601790 0.000010 0.024949 0.057401
0.457395 0.003383 0.000010 0.037734 0.000010 0.386364 0.018185 0.074392 0.022528
0.161595 0.180868 0.189363 0.033448 0.000010 0.396652 0.029807 0.000665 0.007592
0.100671 0.242169 0.281505 0.014581 0.000616 0.329886 0.018112 0.000010 0.012449
0.000010 0.342280 0.618183 0.000010 0.000010 0.039477 0.000010 0.000010 0.000010
0.000010 0.412485 0.528575 0.000010 0.000010 0.058880 0.000010 0.000010 0.000010
0.000010 0.999920 0.000010 0.000010 0.000010 0.000010 0.000010 0.000010 0.000010
0.000010 0.999920 0.000010 0.000010 0.000010 0.000010 0.000010 0.000010 0.000010
0.008449 0.336388 0.535122 0.042827 0.000010 0.074694 0.000010 0.000010 0.002489
0.000010 0.353616 0.484599 0.031239 0.000010 0.105148 0.005181 0.020186 0.000010
0.656816 0.000010 0.000010 0.012672 0.002454 0.126301 0.022867 0.116311 0.062558
0.900554 0.000010 0.021010 0.000010 0.000010 0.056100 0.000010 0.018832 0.003463
0.915502 0.000010 0.013879 0.000010 0.000010 0.038268 0.002444 0.015986 0.013892
0.555880 0.005407 0.000010 0.045498 0.026479 0.168036 0.027903 0.102538 0.068248
0.719628 0.000019 0.000010 0.061952 0.017303 0.118648 0.015397 0.035685 0.031357
0.429933 0.000010 0.000010 0.183861 0.001707 0.072613 0.065490 0.161998 0.084379
0.784614 0.000010 0.000010 0.002636 0.005724 0.065181 0.032094 0.057997 0.051734
0.198410 0.000010 0.000010 0.003386 0.001080 0.784733 0.000010 0.012351 0.000010
0.436331 0.034130 0.000010 0.082983 0.005881 0.350021 0.004605 0.069743 0.016296
0.453132 0.058530 0.044719 0.021089 0.000010 0.305762 0.026902 0.071019 0.018836
0.138140 0.274986 0.279946 0.008037 0.005407 0.233304 0.016620 0.037669 0.005892
0.119655 0.252222 0.275160 0.001238 0.016906 0.307708 0.027092 0.000010 0.000010
0.000010 0.385483 0.548224 0.000010 0.000010 0.066233 0.000010 0.000010 0.000010
0.000010 0.417962 0.527262 0.000010 0.000010 0.054716 0.000010 0.000010 0.000010
0.000010 0.999920 0.000010 0.000010 0.000010 0.000010 0.000010 0.000010 0.000010
0.000010 0.999920 0.000010 0.000010 0.000010 0.000010 0.000010 0.000010 0.000010
0.000010 0.999920 0.000010 0.000010 0.000010 0.000010 0.000010 0.000010 0.000010
0.000010 0.345684 0.496234 0.030042 0.010452 0.081914 0.013190 0.017825 0.004648
0.000010 0.368005 0.520065 0.019111 0.000416 0.092363 0.000010 0.000010 0.000010
0.671191 0.000010 0.000010 0.054885 0.000010 0.156958 0.009706 0.065187 0.042043
0.781314 0.004699 0.020213 0.029945 0.026777 0.073553 0.000010 0.052143 0.011345
0.928596 0.004298 0.021310 0.000010 0.000010 0.033979 0.000010 0.000010 0.011776
0.534450 0.008313 0.000010 0.072157 0.007649 0.205505 0.008967 0.104810 0.058140
0.687158 0.000010 0.000010 0.067655 0.000010 0.105608 0.035229 0.070803 0.033516
0.783675 0.000010 0.005300 0.015357 0.038370 0.065308 0.008149 0.029028 0.054803
0.406641 0.000010 0.000010 0.058060 0.003147 0.431701 0.038715 0.036008 0.025708
0.353030 0.004106 0.007119 0.034722 0.000010 0.499589 0.029966 0.034164 0.037293
0.485513 0.020924 0.013052 0.060663 0.000010 0.320456 0.005731 0.072801 0.020848
0.294100 0.000010 0.000010 0.004192 0.009203 0.641235 0.020609 0.017232 0.013409
0.933786 0.000010 0.066144 0.000010 0.000010 0.000010 0.000010 0.000010 0.000010
0.112248 0.233986 0.244470 0.000010 0.009144 0.346288 0.000010 0.046961 0.006885
0.000010 0.352260 0.595746 0.000010 0.000010 0.051933 0.000010 0.000010 0.000010
0.000010 0.736708 0.222180 0.000010 0.000010 0.029352 0.000010 0.006494 0.005225
0.000010 0.999920 0.000010 0.000010 0.000010 0.000010 0.000010 0.000010 0.000010
0.000010 0.341286 0.502390 0.048069 0.000010 0.068476 0.011481 0.000010 0.028269
0.000010 0.341918 0.532306 0.025585 0.000881 0.090566 0.008714 0.000010 0.000010
0.794559 0.000010 0.000010 0.058549 0.012270 0.099805 0.011306 0.000010 0.023481
0.826284 0.000010 0.000010 0.000010 0.015268 0.103158 0.009335 0.036588 0.009337
0.805156 0.000010 0.000010 0.000010 0.000135 0.092598 0.027778 0.066750 0.007552
0.775581 0.000010 0.000010 0.014004 0.008360 0.075637 0.012279 0.045862 0.068257
0.452768 0.000010 0.000010 0.209834 0.017011 0.052416 0.028671 0.162799 0.076481
0.783849 0.000010 0.000010 0.010651 0.027016 0.061834 0.024866 0.062457 0.029306
0.231512 0.000010 0.000010 0.005909 0.000010 0.697132 0.000010 0.044241 0.021166
0.395756 0.012085 0.000010 0.042184 0.000010 0.490041 0.000010 0.032386 0.027519
0.214332 0.052823 0.031286 0.011329 0.016313 0.581396 0.048669 0.043843 0.000010
0.410359 0.000010 0.000010 0.017624 0.018031 0.517574 0.000010 0.028071 0.008310
0.089822 0.297202 0.273528 0.015094 0.005221 0.267670 0.030141 0.021313 0.000010
0.944828 0.000010 0.055102 0.000010 0.000010 0.000010 0.000010 0.000010 0.000010
0.000010 0.404041 0.534583 0.000010 0.000010 0.061316 0.000010 0.000010 0.000010
0.000010 0.999920 0.000010 0.000010 0.000010 0.000010 0.000010 0.000010 0.000010
0.000010 0.384308 0.538478 0.000010 0.000010 0.077154 0.000010 0.000010 0.000010
0.000010 0.370277 0.564218 0.000010 0.000010 0.065445 0.000010 0.000010 0.000010
0.803200 0.007751 0.000010 0.016375 0.037274 0.035930 0.004807 0.082769 0.011885
0.354768 0.000010 0.000010 0.064993 0.000010 0.495570 0.023283 0.046150 0.015206
0.446291 0.000010 0.000010 0.195531 0.040828 0.054429 0.030122 0.137497 0.095281
0.808283 0.003432 0.000010 0.009985 0.000010 0.046681 0.023308 0.079089 0.029201
0.338336 0.002667 0.008763 0.033481 0.000010 0.574082 0.000010 0.042641 0.000010
0.481209 0.010936 0.000010 0.052647 0.000010 0.325708 0.050594 0.053606 0.025280
0.324913 0.119007 0.094645 0.022245 0.000010 0.335512 0.015558 0.061222 0.026887
0.147837 0.247208 0.256879 0.043530 0.002136 0.260086 0.000010 0.029328 0.012986
0.942552 0.000010 0.057378 0.000010 0.000010 0.000010 0.000010 0.000010 0.000010
0.000010 0.991679 0.004122 0.000010 0.000010 0.000010 0.000010 0.000010 0.004139
0.000010 0.320979 0.511294 0.065099 0.000010 0.094816 0.000010 0.007772 0.000010
0.000010 0.339429 0.529772 0.019717 0.000010 0.090044 0.000010 0.020999 0.000010
0.000010 0.344481 0.508783 0.038766 0.000010 0.107921 0.000010 0.000010 0.000010
0.879124 0.009175 0.009345 0.000010 0.010321 0.057004 0.000010 0.021541 0.013470
0.821249 0.000010 0.000010 0.006969 0.000010 0.092326 0.007599 0.056599 0.015228
0.708051 0.000010 0.000010 0.044278 0.015595 0.086228 0.020723 0.074805 0.050300
0.789200 0.004569 0.000272 0.035627 0.000010 0.038446 0.016131 0.058353 0.057391
0.447376 0.000010 0.000010 0.229706 0.008157 0.064518 0.034687 0.119446 0.096090
0.176576 0.000010 0.000010 0.027246 0.000010 0.768251 0.000010 0.014583 0.013303
0.381412 0.026067 0.000010 0.049056 0.010098 0.458967 0.009841 0.041957 0.022593
0.463662 0.025641 0.016723 0.080837 0.000010 0.310076 0.026635 0.047772 0.028645
0.466860 0.009989 0.000010 0.064048 0.000010 0.392247 0.000010 0.040040 0.026787
0.467663 0.002447 0.008860 0.021341 0.039378 0.318333 0.018550 0.072297 0.051133
0.938690 0.000010 0.061240 0.000010 0.000010 0.000010 0.000010 0.000010 0.000010
0.493807 0.000010 0.000010 0.164971 0.007275 0.082741 0.033859 0.137930 0.079398
0.772480 0.000010 0.003003 0.035875 0.000010 0.064915 0.030822 0.068884 0.024003
0.323512 0.005472 0.000010 0.000010 0.024474 0.572017 0.011022 0.043601 0.019883
0.376557 0.017291 0.000010 0.030077 0.000010 0.475771 0.016187 0.062067 0.022030
0.195324 0.066819 0.031151 0.068599 0.023065 0.571573 0.014629 0.000010 0.028830
0.428194 0.000010 0.000010 0.045720 0.000010 0.405360 0.026607 0.059030 0.035059
0.148932 0.295971 0.240633 0.019845 0.031907 0.240866 0.021826 0.000010 0.000010
0.955562 0.000010 0.044368 0.000010 0.000010 0.000010 0.000010 0.000010 0.000010
0.949660 0.000010 0.050270 0.000010 0.000010 0.000010 0.000010 0.000010 0.000010
0.813276 0.000010 0.055772 0.044127 0.000010 0.000010 0.029330 0.048070 0.009396
0.871127 0.000010 0.000010 0.041505 0.000010 0.039751 0.015913 0.000010 0.031664
0.410829 0.030087 0.025857 0.131082 0.000010 0.164824 0.052247 0.150530 0.034534
0.000010 0.025271 0.022512 0.000010 0.000010 0.945912 0.000010 0.000010 0.006255
0.005198 0.063652 0.058241 0.000010 0.000010 0.872858 0.000010 0.000010 0.000010
0.661525 0.000010 0.000010 0.028248 0.000010 0.292500 0.017677 0.000010 0.000010
0.663259 0.000010 0.000010 0.014003 0.000010 0.270187 0.000010 0.044863 0.007648
0.669987 0.000010 0.000010 0.011535 0.008963 0.263405 0.007685 0.029723 0.008682
0.843212 0.001491 0.060125 0.010235 0.003179 0.038366 0.016362 0.013687 0.013345
0.932390 0.010944 0.045130 0.000010 0.000010 0.000010 0.011486 0.000010 0.000010
0.845956 0.000888 0.001614 0.021821 0.000010 0.062795 0.013954 0.033902 0.019059
0.391776 0.028691 0.039546 0.150874 0.046239 0.145617 0.055141 0.096430 0.045686
0.000010 0.056767 0.024139 0.000010 0.000010 0.919034 0.000010 0.000010 0.000010
0.036551 0.000010 0.000010 0.000010 0.000010 0.963379 0.000010 0.000010 0.000010
0.635006 0.000010 0.000010 0.049229 0.011144 0.257980 0.000010 0.012926 0.033685
0.626226 0.000010 0.000010 0.008842 0.003559 0.279808 0.000010 0.065252 0.016282
0.782425 0.014575 0.202940 0.000010 0.000010 0.000010 0.000010 0.000010 0.000010
0.398329 0.005399 0.000010 0.031777 0.000010 0.512781 0.000010 0.015221 0.036462
0.940124 0.000010 0.059806 0.000010 0.000010 0.000010 0.000010 0.000010 0.000010
0.478176 0.000010 0.000010 0.147158 0.035617 0.095486 0.033214 0.138644 0.071685
0.343360 0.025030 0.000010 0.184212 0.023659 0.147610 0.094547 0.121524 0.060049
0.000010 0.069839 0.047787 0.000010 0.005270 0.870989 0.006074 0.000010 0.000010
0.000010 0.016140 0.000010 0.000010 0.000010 0.983790 0.000010 0.000010 0.000010
0.644282 0.000010 0.000010 0.010977 0.025104 0.279353 0.013945 0.005224 0.021093
0.651774 0.000010 0.000010 0.014813 0.000010 0.266906 0.021105 0.035233 0.010139
0.655078 0.000010 0.000010 0.000010 0.000010 0.286187 0.000010 0.042806 0.015879
0.845682 0.026802 0.127196 0.000010 0.000010 0.000010 0.000010 0.000271 0.000010
0.942136 0.000010 0.057794 0.000010 0.000010 0.000010 0.000010 0.000010 0.000010
0.801432 0.002849 0.034637 0.035798 0.017229 0.000010 0.006534 0.070470 0.031041
0.476755 0.000010 0.000010 0.128467 0.041016 0.086336 0.042146 0.146302 0.078960
0.391497 0.032173 0.045325 0.134737 0.027799 0.193918 0.054237 0.058302 0.062012
0.000010 0.164318 0.130848 0.000010 0.000010 0.704773 0.000010 0.000010 0.000010
0.000010 0.037173 0.017309 0.000010 0.000010 0.937861 0.002701 0.000010 0.004915
0.636034 0.000010 0.000010 0.016169 0.000010 0.293763 0.010378 0.043616 0.000010
0.621482 0.000010 0.000010 0.004773 0.000010 0.287800 0.026307 0.039020 0.020588
0.650263 0.000010 0.000010 0.017393 0.014622 0.279611 0.013555 0.024526 0.000010
0.759627 0.020401 0.219912 0.000010 0.000010 0.000010 0.000010 0.000010 0.000010
0.000010 0.360922 0.488987 0.044535 0.000010 0.105506 0.000010 0.000010 0.000010
0.001359 0.337402 0.521242 0.049445 0.000010 0.072865 0.017657 0.000010 0.000010
0.669170 0.000010 0.000010 0.066573 0.000714 0.137473 0.008194 0.080047 0.037807
0.927080 0.001376 0.030217 0.000010 0.000010 0.041277 0.000010 0.000010 0.000010
0.571491 0.009189 0.000010 0.036902 0.021887 0.173516 0.031504 0.097627 0.057875
0.951342 0.007800 0.040798 0.000010 0.000010 0.000010 0.000010 0.000010 0.000010
0.910765 0.009039 0.000010 0.020826 0.000010 0.043207 0.000010 0.016123 0.000010
0.508962 0.000010 0.000010 0.150727 0.019426 0.077800 0.066381 0.115510 0.061174
0.440956 0.041508 0.015068 0.081891 0.021703 0.160027 0.064700 0.105546 0.068601
0.000010 0.080399 0.053473 0.000010 0.000010 0.866068 0.000010 0.000010 0.000010
0.000010 0.016598 0.011196 0.000010 0.004247 0.967909 0.000010 0.000010 0.000010
0.652347 0.000010 0.003921 0.022177 0.000010 0.264063 0.000871 0.043668 0.012932
0.646977 0.000010 0.000010 0.000010 0.000010 0.273259 0.052589 0.026499 0.000637
0.647984 0.000010 0.004651 0.016236 0.010155 0.259293 0.007892 0.043529 0.010249
0.836284 0.000010 0.128001 0.013916 0.011501 0.010258 0.000010 0.000010 0.000010
0.858060 0.000010 0.000561 0.036958 0.000010 0.072571 0.001291 0.018674 0.011866
0.422707 0.000010 0.000179 0.185076 0.044194 0.048721 0.047751 0.142376 0.108986
0.000010 0.027016 0.026354 0.000010 0.000010 0.946571 0.000010 0.000010 0.000010
0.000010 0.020409 0.016077 0.000010 0.008366 0.953410 0.001404 0.000010 0.000304
0.000010 0.117997 0.090536 0.000010 0.000010 0.791407 0.000010 0.000010 0.000010
0.653946 0.000010 0.000010 0.003513 0.008478 0.292814 0.021888 0.013343 0.005996
0.812952 0.000010 0.035304 0.046198 0.015505 0.000668 0.024024 0.043234 0.022106
0.828722 0.000010 0.000010 0.023653 0.021570 0.044691 0.000010 0.061532 0.019802
0.410438 0.000010 0.000010 0.153410 0.019872 0.088188 0.068205 0.150657 0.109210
0.404206 0.019962 0.015413 0.143823 0.000010 0.187281 0.049442 0.118967 0.060898
0.000010 0.022971 0.027353 0.000010 0.000010 0.949616 0.000010 0.000010 0.000010
0.000010 0.023057 0.000010 0.000010 0.000010 0.976873 0.000010 0.000010 0.000010
0.653629 0.000010 0.000010 0.008170 0.011717 0.271167 0.000010 0.032706 0.022580
0.658087 0.000010 0.000010 0.013306 0.000010 0.289625 0.007790 0.026274 0.004888
0.642068 0.000010 0.000010 0.001613 0.013228 0.299862 0.012791 0.030408 0.000010
0.804421 0.010377 0.185142 0.000010 0.000010 0.000010 0.000010 0.000010 0.000010
0.863082 0.000013 0.059551 0.000010 0.002280 0.000010 0.020653 0.044844 0.009556
0.860862 0.000010 0.000010 0.028948 0.000010 0.067462 0.003371 0.039317 0.000010
0.419630 0.000010 0.000010 0.131927 0.032208 0.088905 0.044729 0.195018 0.087562
0.415270 0.056957 0.023448 0.134060 0.001519 0.176297 0.028119 0.126822 0.037507
0.001473 0.036019 0.031666 0.000010 0.000010 0.930793 0.000010 0.000010 0.000010
0.000010 0.044263 0.024543 0.000010 0.000010 0.920592 0.010552 0.000010 0.000010
0.642429 0.000010 0.000010 0.016436 0.029820 0.259408 0.011611 0.022293 0.017982
0.658724 0.000010 0.000010 0.000010 0.029227 0.268091 0.036924 0.001600 0.005404
0.627963 0.000010 0.000010 0.016416 0.017560 0.295527 0.024781 0.013111 0.004621
0.853244 0.000010 0.057706 0.000010 0.032408 0.000010 0.026027 0.014867 0.015718
0.857318 0.000010 0.000279 0.047528 0.000494 0.058171 0.000010 0.021784 0.014406
0.379096 0.046715 0.015297 0.173919 0.036703 0.165958 0.045040 0.094715 0.042557
0.000010 0.023946 0.020197 0.000010 0.000010 0.955797 0.000010 0.000010 0.000010
0.000010 0.032501 0.029265 0.000010 0.000010 0.935261 0.000010 0.000010 0.002923
0.627503 0.000010 0.000010 0.020641 0.027703 0.305471 0.001455 0.009229 0.007978
0.831124 0.000010 0.049539 0.000010 0.006456 0.000010 0.027357 0.057876 0.027618
0.867504 0.000010 0.001836 0.044563 0.000010 0.061272 0.000010 0.005800 0.018995
0.420220 0.024244 0.025776 0.126068 0.045375 0.142731 0.069240 0.107914 0.038432
0.000010 0.035896 0.010301 0.000010 0.000010 0.953743 0.000010 0.000010 0.000010
0.000010 0.046338 0.045381 0.000010 0.000010 0.908221 0.000010 0.000010 0.000010
0.660335 0.000010 0.000010 0.000010 0.007187 0.276610 0.035209 0.006996 0.013633
0.639531 0.000010 0.000010 0.030071 0.000010 0.309188 0.001923 0.015628 0.003630
0.784216 0.021135 0.194589 0.000010 0.000010 0.000010 0.000010 0.000010 0.000010
0.787960 0.008880 0.203100 0.000010 0.000010 0.000010 0.000010 0.000010 0.000010
0.512022 0.036856 0.004416 0.027527 0.000010 0.248680 0.037899 0.097867 0.034722
0.442399 0.016159 0.003385 0.042465 0.000010 0.351360 0.031945 0.051826 0.060452
0.089820 0.274953 0.260437 0.000010 0.035228 0.283363 0.020572 0.035606 0.000010
0.854276 0.001153 0.052541 0.014039 0.000010 0.000010 0.029363 0.032384 0.016224
0.879660 0.002696 0.000010 0.007444 0.018375 0.069799 0.021996 0.000010 0.000010
0.443055 0.000010 0.000010 0.217717 0.014188 0.052441 0.034324 0.154558 0.083698
0.000010 0.010803 0.048524 0.000010 0.000010 0.938847 0.000010 0.001776 0.000010
0.000010 0.059319 0.058686 0.000010 0.000010 0.881935 0.000010 0.000010 0.000010
0.631360 0.000010 0.000010 0.000010 0.016537 0.282899 0.024243 0.044921 0.000010
0.638348 0.000010 0.000010 0.003110 0.000010 0.288670 0.000010 0.050070 0.019762
0.774516 0.023883 0.201541 0.000010 0.000010 0.000010 0.000010 0.000010 0.000010
0.000010 0.342363 0.509790 0.025093 0.005337 0.115269 0.000997 0.001130 0.000010
0.912556 0.000010 0.000010 0.017426 0.016527 0.039377 0.002291 0.011792 0.000010
0.825494 0.016100 0.142957 0.000010 0.000010 0.000010 0.015399 0.000010 0.000010
0.633474 0.000010 0.000010 0.017891 0.011786 0.272804 0.022463 0.023236 0.018325
0.000010 0.012575 0.027652 0.000010 0.000010 0.959712 0.000010 0.000010 0.000010
0.643079 0.000010 0.000010 0.005787 0.004240 0.297727 0.017719 0.030569 0.000859
0.436695 0.027358 0.013596 0.155066 0.014450 0.169203 0.059344 0.096884 0.027404
0.462377 0.000010 0.000010 0.191472 0.049948 0.060622 0.058560 0.112951 0.064051
0.770607 0.003287 0.057218 0.039902 0.001454 0.000010 0.032682 0.083472 0.011368
0.000010 0.177729 0.137007 0.000010 0.000010 0.685204 0.000010 0.000010 0.000010
0.726318 0.000016 0.000010 0.042591 0.043282 0.113432 0.014177 0.051893 0.008281
0.020263 0.183813 0.712949 0.000010 0.000010 0.006806 0.000010 0.000010 0.076130
0.009765 0.165455 0.746740 0.000010 0.023074 0.016210 0.000010 0.000010 0.038725
0.029664 0.117660 0.773571 0.000197 0.026642 0.000010 0.003872 0.000010 0.048374
0.016700 0.104946 0.793983 0.000010 0.006642 0.000010 0.000010 0.006328 0.071371
0.275093 0.000010 0.000010 0.145682 0.017701 0.022532 0.038358 0.288219 0.212394
0.265466 0.000010 0.000010 0.186309 0.000010 0.064081 0.069595 0.231601 0.182918
0.262157 0.000010 0.000010 0.137393 0.010173 0.044410 0.056823 0.287169 0.201855
0.273650 0.000010 0.000010 0.110370 0.010748 0.043768 0.069907 0.263436 0.228101
0.051168 0.170856 0.690647 0.017849 0.008348 0.024608 0.000010 0.000010 0.036504
0.000010 0.286505 0.650945 0.000010 0.000010 0.056260 0.000010 0.000010 0.006240
0.000010 0.249633 0.679770 0.000010 0.000010 0.048072 0.000010 0.000010 0.022475
0.000010 0.266449 0.659665 0.024750 0.000010 0.043629 0.000010 0.000010 0.005467
0.000010 0.268191 0.664694 0.000010 0.000010 0.059922 0.000010 0.000010 0.007144
0.000010 0.262238 0.661094 0.000010 0.000010 0.041038 0.000010 0.015138 0.020452
0.022984 0.170440 0.746618 0.000010 0.000812 0.011274 0.000010 0.014756 0.033096
0.000010 0.286574 0.636158 0.000010 0.000010 0.052082 0.000010 0.000010 0.025135
0.031700 0.165301 0.468483 0.057071 0.023221 0.072804 0.000010 0.081772 0.099638
0.133766 0.000010 0.756781 0.000010 0.000010 0.000010 0.000125 0.000010 0.109278
0.014864 0.099592 0.786644 0.000010 0.000010 0.001608 0.000010 0.017736 0.079526
0.018034 0.080424 0.802287 0.000010 0.016328 0.000010 0.000010 0.000010 0.082887
0.022079 0.078143 0.810718 0.000010 0.000010 0.000010 0.010730 0.000010 0.078290
0.024768 0.083362 0.794332 0.000010 0.039500 0.000010 0.000573 0.000010 0.057434
0.040253 0.049529 0.816944 0.000010 0.000010 0.000010 0.017950 0.000010 0.075284
0.012049 0.170847 0.741002 0.012221 0.013803 0.006116 0.000010 0.000010 0.043943
0.031637 0.073275 0.806132 0.000010 0.007274 0.000010 0.016429 0.000010 0.065223
0.008007 0.096363 0.781867 0.008397 0.007406 0.000010 0.005548 0.006164 0.086238
0.000010 0.084020 0.786872 0.022565 0.002740 0.000010 0.007508 0.000010 0.096265
0.043384 0.103851 0.770957 0.000010 0.000010 0.000010 0.018777 0.001524 0.061476
0.000010 0.148899 0.775416 0.000010 0.000010 0.021603 0.028260 0.000010 0.025782
0.018575 0.188889 0.734185 0.000010 0.014760 0.018246 0.017033 0.000010 0.008294
0.000010 0.117078 0.808157 0.000010 0.019048 0.000010 0.000010 0.024215 0.031461
0.040553 0.150067 0.766599 0.000010 0.001093 0.000010 0.005966 0.000010 0.035691
0.021569 0.134909 0.764652 0.016686 0.000010 0.017703 0.019642 0.000010 0.024820
0.003288 0.119250 0.809329 0.000010 0.016562 0.007085 0.008836 0.023462 0.012178
0.010715 0.134711 0.789251 0.000010 0.010065 0.021476 0.000010 0.026080 0.007682
0.000010 0.136248 0.794231 0.000010 0.000010 0.024666 0.016091 0.000010 0.028724
0.002399 0.146477 0.778771 0.002006 0.017614 0.023410 0.001226 0.005989 0.022108
0.004712 0.187386 0.730977 0.000010 0.006633 0.000010 0.008867 0.009255 0.052150
0.015896 0.183254 0.728604 0.000010 0.000010 0.004055 0.004266 0.017691 0.046215
0.036071 0.122995 0.759764 0.000010 0.000010 0.000010 0.005480 0.000010 0.075649
0.039979 0.074396 0.827721 0.000010 0.000010 0.000010 0.009173 0.000010 0.048691
0.023353 0.074569 0.825160 0.000010 0.000010 0.000010 0.008483 0.011304 0.057100
0.000010 0.046199 0.881339 0.000010 0.019697 0.000010 0.010413 0.000010 0.042312
0.000010 0.010268 0.919289 0.000010 0.000748 0.000010 0.026864 0.000010 0.042791
0.020385 0.010763 0.928763 0.000010 0.002252 0.000010 0.017678 0.000010 0.020129
0.000010 0.014198 0.936593 0.000010 0.000010 0.000010 0.015668 0.017000 0.016501
0.035535 0.153488 0.733959 0.023632 0.000010 0.000010 0.000010 0.001592 0.051763
0.013761 0.128742 0.757574 0.023423 0.018938 0.000010 0.000010 0.000010 0.057533
0.023592 0.170874 0.713110 0.010752 0.009168 0.000010 0.000010 0.000010 0.072475
0.012763 0.138341 0.787582 0.000010 0.000010 0.009935 0.011134 0.016604 0.023620
0.000437 0.185394 0.733496 0.000010 0.000010 0.006356 0.000010 0.000010 0.074276
0.022802 0.051639 0.849047 0.000010 0.000010 0.000010 0.000010 0.008515 0.067958
0.005964 0.146121 0.773834 0.022412 0.000712 0.004047 0.011538 0.000929 0.034443
0.012628 0.170366 0.741658 0.000010 0.000010 0.033684 0.000010 0.000010 0.041624
0.021793 0.152961 0.764332 0.000010 0.004315 0.000010 0.000010 0.020568 0.036001
0.019974 0.096970 0.831318 0.001989 0.006598 0.000010 0.006629 0.020406 0.016107
0.003390 0.134676 0.813079 0.000010 0.010552 0.000010 0.009807 0.000010 0.028466
0.053836 0.126357 0.784085 0.000010 0.002730 0.002812 0.009790 0.015413 0.004966
0.000010 0.183135 0.729995 0.000010 0.000010 0.023812 0.027511 0.000010 0.035506
0.031910 0.107822 0.775569 0.002646 0.002760 0.000010 0.011375 0.000010 0.067899
0.008768 0.165550 0.733965 0.011777 0.000010 0.000010 0.000010 0.010059 0.069852
0.032760 0.204009 0.685523 0.024164 0.000010 0.000010 0.003861 0.006707 0.042956
0.000424 0.107738 0.796544 0.001971 0.014176 0.000010 0.000010 0.015609 0.063519
0.000010 0.077136 0.803764 0.005468 0.008511 0.000010 0.010954 0.000010 0.094137
0.011328 0.198897 0.711258 0.027458 0.003503 0.003965 0.004273 0.000010 0.039306
0.046877 0.070199 0.813508 0.000010 0.002237 0.000010 0.000010 0.000010 0.067139
0.031577 0.157197 0.751703 0.000010 0.000010 0.000010 0.020212 0.000010 0.039271
0.000010 0.162827 0.744990 0.000010 0.012693 0.007152 0.000010 0.023577 0.048731
0.005775 0.053783 0.861571 0.013038 0.000010 0.000010 0.000010 0.006423 0.059379
0.028514 0.076561 0.785079 0.002936 0.001390 0.000010 0.000010 0.018614 0.086886
0.033434 0.080005 0.800117 0.000010 0.012166 0.000010 0.003782 0.000010 0.070467
0.024517 0.093520 0.800581 0.000010 0.015507 0.000010 0.010746 0.000010 0.055099
0.018433 0.114673 0.775774 0.000011 0.017947 0.000010 0.000010 0.009133 0.064010
0.096330 0.073657 0.419665 0.075573 0.056785 0.001390 0.000010 0.108053 0.168538
0.000010 0.236446 0.672325 0.014828 0.000010 0.021464 0.000010 0.026178 0.028729
0.000010 0.238121 0.689578 0.000010 0.004607 0.027838 0.000010 0.003592 0.036234
0.000010 0.245110 0.671691 0.000010 0.006733 0.036450 0.004523 0.000010 0.035463
0.000010 0.234468 0.691085 0.006131 0.000010 0.046658 0.000396 0.000010 0.021233
0.000010 0.215118 0.688869 0.003563 0.000010 0.032492 0.001042 0.027970 0.030927
0.000010 0.248603 0.681816 0.000010 0.015043 0.031811 0.003135 0.001790 0.017781
0.007097 0.245472 0.682530 0.000010 0.000010 0.050435 0.002177 0.000010 0.012259
0.017559 0.262180 0.677987 0.000010 0.000010 0.042224 0.000010 0.000010 0.000010
0.006388 0.190431 0.726063 0.000010 0.010341 0.023727 0.006132 0.006476 0.030431
0.025598 0.139196 0.753054 0.012805 0.000010 0.000010 0.003748 0.000010 0.065570
0.002971 0.188452 0.719118 0.005261 0.000178 0.030470 0.000010 0.012516 0.041025
0.030816 0.170464 0.719360 0.001048 0.005315 0.029341 0.000010 0.000010 0.043635
0.017611 0.180709 0.713110 0.000010 0.019417 0.022566 0.000771 0.000010 0.045795
0.005117 0.176789 0.729348 0.000599 0.000010 0.018741 0.017030 0.005654 0.046713
0.005130 0.238895 0.697082 0.000010 0.000010 0.048098 0.001016 0.000010 0.009749
0.000010 0.183401 0.724017 0.000010 0.013690 0.001291 0.001633 0.032273 0.043675
0.048980 0.198265 0.704166 0.000412 0.000010 0.018458 0.000010 0.000010 0.029690
0.025586 0.092398 0.767511 0.002543 0.003150 0.000010 0.000561 0.020042 0.088199
0.008771 0.149286 0.749207 0.000010 0.014273 0.008644 0.000010 0.015292 0.054506
0.011930 0.192573 0.702027 0.000010 0.000010 0.008864 0.000010 0.022143 0.062433
0.006792 0.206018 0.719797 0.003123 0.008741 0.007106 0.027790 0.000010 0.020624
0.011981 0.125027 0.762939 0.003403 0.004280 0.000010 0.000010 0.019691 0.072659
0.166065 0.000010 0.015054 0.122422 0.019729 0.054571 0.075128 0.265313 0.281710
0.088837 0.005511 0.074655 0.216577 0.070775 0.010054 0.011354 0.227523 0.294713
0.189666 0.000010 0.082030 0.198142 0.031294 0.000010 0.033311 0.191840 0.273696
0.028792 0.193586 0.525764 0.042516 0.014813 0.031873 0.027377 0.047071 0.088210
0.164780 0.000010 0.011289 0.106382 0.015672 0.022683 0.058115 0.327365 0.293704
0.176499 0.000010 0.000010 0.127536 0.000010 0.034438 0.058744 0.301447 0.301305
0.088460 0.050647 0.338494 0.048171 0.063466 0.023159 0.035642 0.138028 0.213933
0.096496 0.075889 0.299814 0.067330 0.054428 0.028644 0.032875 0.164281 0.180244
0.090421 0.039047 0.151251 0.239753 0.045190 0.011348 0.027573 0.163488 0.231928
0.007254 0.000010 0.000010 0.069913 0.012090 0.002083 0.838189 0.043529 0.026921
0.141574 0.000010 0.000010 0.104765 0.000010 0.024888 0.082565 0.296102 0.350078
0.175815 0.000010 0.000018 0.172968 0.007621 0.000010 0.048060 0.311679 0.283818
0.131440 0.055303 0.314990 0.047363 0.039199 0.021057 0.020598 0.137108 0.232942
0.138789 0.000010 0.075553 0.198940 0.081589 0.000010 0.018923 0.180723 0.305463
0.135760 0.000010 0.261005 0.036576 0.036080 0.000010 0.024120 0.163346 0.343092
0.199976 0.000010 0.000010 0.132806 0.020947 0.015480 0.064928 0.284008 0.281835
0.090763 0.086541 0.311177 0.087869 0.033857 0.012678 0.035660 0.145709 0.195746
0.089897 0.077156 0.307384 0.057690 0.034237 0.023981 0.014466 0.174594 0.220595
0.069124 0.109230 0.340117 0.107610 0.024518 0.055036 0.022203 0.108868 0.163294
0.025903 0.191204 0.501029 0.084355 0.019833 0.036061 0.000010 0.043445 0.098159
0.104485 0.035533 0.341483 0.014221 0.057794 0.007090 0.024533 0.131411 0.283452
0.123270 0.000010 0.281072 0.059610 0.011148 0.000010 0.032312 0.149226 0.343342
0.159948 0.000010 0.000010 0.144100 0.031087 0.021344 0.045685 0.340508 0.257309
0.130718 0.000010 0.271636 0.036831 0.055342 0.000010 0.055778 0.126460 0.323215
0.158293 0.000010 0.022489 0.137593 0.000010 0.022445 0.031303 0.309419 0.318438
0.106724 0.079990 0.347560 0.050816 0.062657 0.009358 0.009853 0.130375 0.202667
0.100535 0.068962 0.339229 0.078630 0.007108 0.017685 0.017868 0.144804 0.225179
0.041070 0.176166 0.467537 0.079022 0.014499 0.030766 0.000010 0.090838 0.100092
0.165838 0.000010 0.001494 0.080484 0.060810 0.025028 0.074500 0.300985 0.290852
0.150452 0.000010 0.270523 0.043194 0.000010 0.000010 0.038190 0.150896 0.346715
0.162726 0.000010 0.000010 0.140147 0.012615 0.006507 0.088703 0.273563 0.315719
0.082818 0.015223 0.154140 0.246812 0.088122 0.018588 0.025369 0.107420 0.261507
0.103554 0.019396 0.182426 0.196753 0.072278 0.005717 0.009108 0.139813 0.270954
0.170492 0.000010 0.000010 0.126325 0.000010 0.000010 0.067752 0.342710 0.292681
0.172236 0.000010 0.000010 0.146479 0.023130 0.023922 0.056967 0.291234 0.286012
0.153489 0.000010 0.268135 0.034484 0.019408 0.000010 0.017340 0.155197 0.351926
0.036055 0.183176 0.523776 0.013001 0.029143 0.057494 0.016612 0.037091 0.103653
0.073294 0.143029 0.399614 0.070408 0.008323 0.040420 0.026121 0.096084 0.142707
0.104880 0.076021 0.330886 0.081175 0.046726 0.004108 0.003625 0.141637 0.210942
0.130212 0.002296 0.152607 0.214673 0.058333 0.000010 0.015654 0.139449 0.286765
0.159031 0.000010 0.280817 0.079130 0.000010 0.000010 0.034182 0.114619 0.332192
0.098135 0.002920 0.147994 0.247510 0.096350 0.013733 0.032192 0.129384 0.231782
0.028604 0.213498 0.490538 0.058627 0.021894 0.027526 0.019162 0.053361 0.086791
0.108240 0.000010 0.192039 0.251542 0.088495 0.013841 0.000010 0.096827 0.248996
0.178642 0.000010 0.000010 0.138737 0.009484 0.017645 0.052243 0.301736 0.301494
0.141465 0.000010 0.257378 0.058732 0.022491 0.000010 0.003723 0.183848 0.332344
0.081739 0.063674 0.338624 0.095847 0.051516 0.034170 0.006386 0.149554 0.178489
0.055532 0.078296 0.319897 0.069556 0.036381 0.020505 0.015901 0.176419 0.227513
0.081221 0.067855 0.336472 0.082270 0.021948 0.020064 0.023631 0.167871 0.198668
0.139194 0.000010 0.243087 0.028805 0.051533 0.000010 0.032751 0.174592 0.330019
0.146867 0.000010 0.000010 0.132929 0.000010 0.017931 0.051769 0.315134 0.335341
0.111071 0.000010 0.051381 0.228251 0.051488 0.021765 0.016759 0.228118 0.291157
0.098490 0.046265 0.136454 0.224940 0.070651 0.008431 0.007598 0.151318 0.255854
0.012481 0.225847 0.483435 0.032825 0.021049 0.050071 0.013244 0.036389 0.124658
0.189616 0.000010 0.000010 0.128168 0.000010 0.032157 0.058543 0.283405 0.308080
0.136633 0.000010 0.000010 0.137820 0.019814 0.035974 0.056700 0.285619 0.327419
0.072513 0.144215 0.461582 0.059061 0.022220 0.027665 0.001435 0.075922 0.135387
0.090144 0.065214 0.350648 0.029285 0.006822 0.028120 0.049104 0.144848 0.235816
0.044771 0.188445 0.489226 0.000010 0.033338 0.057949 0.026322 0.054963 0.104976
0.165146 0.000010 0.266275 0.003370 0.065971 0.000010 0.028320 0.134003 0.336895
0.102866 0.013146 0.148067 0.221553 0.086477 0.032721 0.003682 0.123118 0.268370
0.131260 0.015653 0.126876 0.239644 0.082212 0.000010 0.000010 0.129499 0.274836
0.104559 0.079125 0.365697 0.048565 0.027103 0.022776 0.000010 0.139565 0.212600
0.215367 0.000010 0.004588 0.081417 0.012335 0.013614 0.072447 0.306448 0.293774
0.150122 0.000010 0.003207 0.117325 0.012852 0.016463 0.072261 0.328139 0.299622
0.155017 0.000010 0.000010 0.107856 0.032815 0.048491 0.072941 0.301197 0.281663
0.057430 0.147011 0.436774 0.064482 0.011724 0.017256 0.015137 0.100349 0.149837
