0.018433 0.034897 0.223230 0.311945 0.000010 0.253021 0.158455 0.000010
0.013097 0.000010 0.300431 0.279400 0.000010 0.328735 0.078306 0.000010
0.024597 0.006250 0.228965 0.359049 0.000010 0.249977 0.118040 0.013112
0.000010 0.000010 0.301765 0.294707 0.000074 0.291432 0.093034 0.018969
0.000010 0.042335 0.244445 0.334562 0.000010 0.237791 0.140836 0.000010
0.039091 0.004593 0.261112 0.320537 0.000010 0.262037 0.110853 0.001765
0.009843 0.001194 0.261043 0.280674 0.000010 0.300664 0.116258 0.030314
0.000010 0.000010 0.398161 0.058648 0.000010 0.543142 0.000010 0.000010
0.000010 0.000010 0.391535 0.065217 0.000010 0.543198 0.000010 0.000010
0.000010 0.002707 0.968197 0.000010 0.000010 0.029046 0.000010 0.000010
0.001380 0.038304 0.359361 0.106786 0.000010 0.494140 0.000010 0.000010
0.000010 0.009061 0.322036 0.116433 0.000010 0.543407 0.000010 0.009034
0.000010 0.034629 0.000010 0.073271 0.039302 0.000010 0.764425 0.088342
0.020634 0.066082 0.000010 0.158222 0.070619 0.000010 0.582138 0.102284
0.007378 0.000010 0.000010 0.057123 0.007239 0.015166 0.891913 0.021162
0.049235 0.077167 0.011505 0.158298 0.032288 0.000010 0.591418 0.080080
0.016848 0.037382 0.238050 0.345510 0.000010 0.243964 0.103992 0.014243
0.006706 0.042971 0.265034 0.311137 0.000010 0.247034 0.127097 0.000010
0.000010 0.000010 0.411542 0.049038 0.000010 0.539370 0.000010 0.000010
0.000010 0.000010 0.315801 0.071039 0.003444 0.609676 0.000010 0.000010
0.000010 0.000010 0.363981 0.075047 0.000010 0.560922 0.000010 0.000010
0.000010 0.000010 0.999930 0.000010 0.000010 0.000010 0.000010 0.000010
0.007997 0.036874 0.329922 0.077976 0.000010 0.536802 0.000010 0.010409
0.005039 0.000010 0.359864 0.102912 0.000575 0.503120 0.000010 0.028470
0.010583 0.004600 0.000010 0.053166 0.018154 0.000010 0.847606 0.065870
0.019484 0.008516 0.000461 0.116412 0.022604 0.000371 0.795676 0.036477
0.000019 0.033603 0.000010 0.029287 0.001607 0.027287 0.908176 0.000010
0.012051 0.071215 0.000010 0.146752 0.065179 0.000010 0.568523 0.136260
0.015548 0.029528 0.240971 0.357219 0.000010 0.252838 0.089278 0.014608
0.018345 0.012630 0.229350 0.319315 0.001008 0.258709 0.117765 0.042879
0.000010 0.000010 0.419280 0.095722 0.000010 0.484948 0.000010 0.000010
0.000010 0.000010 0.288396 0.058280 0.005924 0.647361 0.000010 0.000010
0.000010 0.000010 0.936262 0.000010 0.000010 0.063266 0.000422 0.000010
0.000010 0.000010 0.999930 0.000010 0.000010 0.000010 0.000010 0.000010
0.022071 0.023977 0.366383 0.079755 0.000010 0.502144 0.000010 0.005651
0.022560 0.007209 0.365694 0.081014 0.000010 0.498949 0.000010 0.024555
0.031558 0.000453 0.000010 0.108743 0.040967 0.000010 0.732441 0.085819
0.000427 0.027766 0.004674 0.077497 0.019023 0.017484 0.837258 0.015870
0.000010 0.004148 0.000010 0.113353 0.012635 0.000010 0.783319 0.086515
0.046277 0.052512 0.006075 0.170101 0.045656 0.000010 0.585540 0.093828
0.043037 0.000010 0.265935 0.288379 0.000010 0.265234 0.120697 0.016698
0.000010 0.036766 0.248887 0.330064 0.000010 0.240363 0.097538 0.046362
0.000010 0.000010 0.366722 0.062623 0.000010 0.570605 0.000010 0.000010
0.000010 0.000010 0.390891 0.045510 0.000010 0.563549 0.000010 0.000010
0.000010 0.000010 0.999930 0.000010 0.000010 0.000010 0.000010 0.000010
0.000010 0.000010 0.943632 0.000010 0.005347 0.050875 0.000107 0.000010
0.000010 0.000010 0.999930 0.000010 0.000010 0.000010 0.000010 0.000010
0.000010 0.034344 0.340914 0.113099 0.000010 0.505060 0.000010 0.006553
0.022655 0.031618 0.371668 0.085494 0.000010 0.488536 0.000010 0.000010
0.030255 0.000010 0.000010 0.136481 0.042622 0.000010 0.708308 0.082304
0.021026 0.000010 0.000130 0.019493 0.012444 0.027734 0.919152 0.000010
0.025983 0.013724 0.000010 0.085275 0.000010 0.000010 0.849195 0.025794
0.029280 0.061812 0.015462 0.135859 0.053432 0.000010 0.644572 0.059571
0.027746 0.004289 0.000010 0.082551 0.021988 0.000010 0.806795 0.056612
0.075079 0.196501 0.000010 0.041217 0.079893 0.000010 0.465867 0.141423
0.033038 0.026802 0.000010 0.040670 0.023243 0.008723 0.811434 0.056080
0.000010 0.010471 0.000010 0.506776 0.030563 0.000010 0.378034 0.074127
0.013946 0.048015 0.019589 0.280536 0.029493 0.000010 0.530388 0.078024
0.005983 0.000010 0.000010 0.631929 0.010866 0.000010 0.339874 0.011318
0.019895 0.026027 0.017891 0.342997 0.040859 0.000010 0.480137 0.072185
0.011411 0.048889 0.224871 0.301136 0.005474 0.217864 0.190345 0.000010
0.024771 0.046018 0.000010 0.077929 0.067398 0.000010 0.729806 0.054058
0.000052 0.057998 0.000010 0.092525 0.020871 0.000010 0.708938 0.119596
0.018752 0.004513 0.023423 0.461246 0.029044 0.015849 0.387829 0.059343
0.011544 0.057975 0.068866 0.589055 0.031354 0.035210 0.204939 0.001058
0.002017 0.089163 0.013275 0.421911 0.026404 0.000010 0.424953 0.022267
0.013619 0.058620 0.027990 0.363848 0.006148 0.012239 0.441362 0.076173
0.002708 0.046045 0.232875 0.283210 0.005028 0.254391 0.148088 0.027656
0.000010 0.044903 0.243558 0.323459 0.000010 0.247091 0.121675 0.019294
0.009685 0.033398 0.000010 0.097869 0.057505 0.000010 0.735908 0.065615
0.052104 0.166400 0.000010 0.079240 0.071076 0.000010 0.496903 0.134257
0.044513 0.008369 0.000010 0.063922 0.036908 0.000010 0.791199 0.055069
0.019280 0.031051 0.000010 0.473536 0.033251 0.019556 0.376324 0.046991
0.027925 0.042456 0.022576 0.295857 0.039886 0.000010 0.468310 0.102980
0.004365 0.042813 0.000010 0.365409 0.032665 0.000010 0.487123 0.067606
0.045264 0.012964 0.036425 0.359380 0.035029 0.017514 0.418838 0.074585
0.034764 0.035041 0.226356 0.278592 0.000010 0.204767 0.175618 0.044853
0.000010 0.062718 0.209377 0.352628 0.000010 0.225267 0.118199 0.031790
0.038760 0.007920 0.239288 0.303264 0.009560 0.249293 0.126870 0.025045
0.000010 0.000010 0.385671 0.072519 0.000010 0.541760 0.000010 0.000010
0.000010 0.000010 0.999930 0.000010 0.000010 0.000010 0.000010 0.000010
0.006961 0.000010 0.856533 0.002387 0.000010 0.134080 0.000010 0.000010
0.000010 0.000010 0.999930 0.000010 0.000010 0.000010 0.000010 0.000010
0.000303 0.046403 0.286723 0.064132 0.025175 0.562949 0.011299 0.003017
0.025542 0.031682 0.358937 0.072259 0.000016 0.510838 0.000010 0.000716
0.002605 0.045086 0.000010 0.116257 0.023348 0.000010 0.726887 0.085798
0.002230 0.000010 0.000010 0.048856 0.012769 0.018628 0.917487 0.000010
0.042882 0.022587 0.000010 0.129446 0.021124 0.000010 0.738712 0.045230
0.073861 0.010468 0.025827 0.145727 0.063484 0.000010 0.567415 0.113208
0.002631 0.014244 0.235171 0.354449 0.000010 0.248644 0.096387 0.048464
0.000010 0.015355 0.365788 0.217489 0.000010 0.357180 0.044159 0.000010
0.000010 0.000010 0.359099 0.066969 0.000010 0.573881 0.000010 0.000010
0.000010 0.000010 0.406253 0.064266 0.000010 0.529430 0.000010 0.000010
0.000010 0.000010 0.961076 0.000010 0.000010 0.038864 0.000010 0.000010
0.000010 0.000010 0.999930 0.000010 0.000010 0.000010 0.000010 0.000010
0.013946 0.003825 0.344791 0.112563 0.000010 0.511007 0.000010 0.013847
0.004823 0.029606 0.336214 0.083227 0.000010 0.526568 0.000010 0.019543
0.029711 0.000010 0.000010 0.124448 0.048159 0.000010 0.712912 0.084740
0.037138 0.007054 0.000010 0.060924 0.000010 0.000010 0.850760 0.044094
0.016920 0.091253 0.014298 0.152212 0.033463 0.000010 0.602569 0.089275
0.011635 0.039696 0.000010 0.076898 0.037478 0.001167 0.769526 0.063590
0.090859 0.302541 0.000010 0.079497 0.099541 0.000010 0.228431 0.199110
0.019248 0.042558 0.004388 0.026372 0.023801 0.009323 0.830880 0.043430
0.000010 0.000010 0.000010 0.623912 0.009756 0.000010 0.316679 0.049614
0.024247 0.034019 0.000010 0.495918 0.044471 0.000010 0.376093 0.025231
0.000010 0.064883 0.004346 0.382501 0.022758 0.000010 0.451293 0.074200
0.010183 0.043571 0.260429 0.254597 0.000010 0.242117 0.130571 0.058521
0.026868 0.007234 0.235364 0.325535 0.000010 0.246920 0.135302 0.022768
0.000010 0.000010 0.350809 0.060752 0.000010 0.588388 0.000010 0.000010
0.000010 0.000010 0.342955 0.074744 0.000010 0.582251 0.000010 0.000010
0.000010 0.000010 0.999930 0.000010 0.000010 0.000010 0.000010 0.000010
0.000010 0.000010 0.886210 0.000010 0.010749 0.102991 0.000010 0.000010
0.000010 0.029904 0.341407 0.107150 0.006491 0.506204 0.000010 0.008824
0.006006 0.036154 0.000010 0.145298 0.032173 0.000010 0.690144 0.090206
0.013273 0.000010 0.000010 0.077562 0.000010 0.007848 0.877160 0.024126
0.001080 0.009317 0.011085 0.058095 0.000950 0.011543 0.907919 0.000010
0.019669 0.062809 0.004584 0.166244 0.078319 0.000010 0.576559 0.091805
0.012561 0.041625 0.006734 0.080107 0.044106 0.000010 0.773090 0.041768
0.076374 0.174451 0.000010 0.062866 0.099614 0.000010 0.420776 0.165899
0.007582 0.017910 0.006466 0.055116 0.046712 0.000010 0.790649 0.075554
0.022337 0.000010 0.001719 0.508307 0.029972 0.000010 0.400620 0.037026
0.000010 0.000010 0.000010 0.602012 0.057159 0.000010 0.315093 0.025696
0.022009 0.021471 0.003536 0.388688 0.023223 0.000010 0.458575 0.082488
0.030963 0.028086 0.180892 0.397896 0.007481 0.189674 0.161993 0.003015
0.019527 0.011327 0.242165 0.330954 0.012647 0.282125 0.101247 0.000010
0.000010 0.000010 0.342138 0.038762 0.000010 0.619051 0.000010 0.000010
0.000010 0.000010 0.412508 0.058346 0.000010 0.529096 0.000010 0.000010
0.000010 0.000010 0.999930 0.000010 0.000010 0.000010 0.000010 0.000010
0.000010 0.000010 0.999930 0.000010 0.000010 0.000010 0.000010 0.000010
0.000010 0.037803 0.336654 0.076876 0.003109 0.535649 0.009889 0.000010
0.007673 0.022311 0.353880 0.106865 0.000010 0.485194 0.000010 0.024057
0.022986 0.011130 0.000010 0.126776 0.063206 0.000010 0.657663 0.118219
0.000010 0.000010 0.000010 0.056351 0.003028 0.020221 0.900786 0.019584
0.001710 0.000010 0.000010 0.038723 0.013723 0.013354 0.916025 0.016445
0.029028 0.062543 0.005721 0.169329 0.070114 0.000010 0.557298 0.105957
0.016454 0.070870 0.000010 0.120724 0.032113 0.000010 0.721189 0.038631
0.068101 0.170548 0.000010 0.076178 0.083685 0.000010 0.431635 0.169832
0.032537 0.003777 0.000010 0.065744 0.052151 0.000010 0.785519 0.060252
0.000010 0.001822 0.000010 0.785819 0.000010 0.000010 0.198516 0.013803
0.006372 0.079425 0.034162 0.351994 0.016088 0.000010 0.437711 0.074238
0.029815 0.009696 0.058662 0.307510 0.019427 0.044477 0.453914 0.076499
0.017557 0.008274 0.274872 0.234076 0.006221 0.280812 0.138339 0.039849
0.027868 0.013885 0.252414 0.308448 0.000010 0.276344 0.121021 0.000010
0.000010 0.000010 0.385311 0.065456 0.000010 0.549183 0.000010 0.000010
0.000010 0.000010 0.417722 0.053987 0.000010 0.528242 0.000010 0.000010
0.000010 0.000010 0.999930 0.000010 0.000010 0.000010 0.000010 0.000010
0.000010 0.000010 0.999930 0.000010 0.000010 0.000010 0.000010 0.000010
0.000010 0.000010 0.999930 0.000010 0.000010 0.000010 0.000010 0.000010
0.014098 0.035300 0.345632 0.082691 0.005421 0.497492 0.000010 0.019354
0.000286 0.017506 0.367885 0.093221 0.000010 0.521072 0.000010 0.000010
0.010682 0.046890 0.000010 0.158402 0.042374 0.000010 0.672323 0.069309
0.000010 0.048118 0.004530 0.074934 0.013044 0.021077 0.783530 0.054756
0.000010 0.000010 0.004259 0.034188 0.011274 0.020743 0.929505 0.000010
0.009928 0.071564 0.008248 0.207452 0.058634 0.000010 0.535556 0.108608
0.037880 0.053861 0.000010 0.108387 0.033634 0.000010 0.688648 0.077571
0.008645 0.045068 0.000010 0.065831 0.057131 0.006331 0.785567 0.031417
0.039684 0.054112 0.000010 0.433842 0.025170 0.000010 0.407320 0.039852
0.030897 0.028359 0.004099 0.501105 0.037526 0.007060 0.353567 0.037387
0.008918 0.046546 0.021085 0.323231 0.021405 0.012641 0.486508 0.079666
0.020660 0.010580 0.000010 0.641911 0.014449 0.000010 0.294418 0.017962
0.000010 0.000010 0.000010 0.000010 0.000010 0.065612 0.934328 0.000010
0.000010 0.001969 0.234132 0.347052 0.008382 0.245414 0.113162 0.049878
0.000010 0.000010 0.352057 0.051046 0.000010 0.596847 0.000010 0.000010
0.000010 0.000010 0.736652 0.029280 0.005185 0.222785 0.000010 0.006067
0.000010 0.000010 0.999930 0.000010 0.000010 0.000010 0.000010 0.000010
0.013316 0.043588 0.341277 0.070265 0.028365 0.503166 0.000013 0.000010
0.009141 0.024258 0.341853 0.091437 0.000010 0.533280 0.000010 0.000010
0.012052 0.064484 0.000010 0.101661 0.024375 0.000010 0.797398 0.000010
0.010569 0.006071 0.000010 0.104432 0.010676 0.000010 0.827813 0.040418
0.026769 0.000010 0.000010 0.092730 0.007373 0.000010 0.805462 0.067636
0.012692 0.016400 0.000010 0.076353 0.069042 0.000010 0.777155 0.048338
0.031457 0.211924 0.000010 0.056809 0.076581 0.000010 0.454933 0.168275
0.025675 0.029624 0.000010 0.062644 0.031313 0.000010 0.785748 0.064977
0.000010 0.000010 0.000010 0.698400 0.020673 0.000010 0.231112 0.049776
0.000010 0.029898 0.012228 0.492416 0.028350 0.000010 0.396956 0.040131
0.049395 0.021987 0.052967 0.582353 0.000010 0.032205 0.215260 0.045824
0.000010 0.030065 0.000010 0.519012 0.009841 0.000010 0.411300 0.029752
0.030802 0.015775 0.297262 0.268530 0.000010 0.274236 0.090048 0.023338
0.000010 0.000010 0.000010 0.000010 0.000010 0.054572 0.945368 0.000010
0.000010 0.000010 0.404113 0.060893 0.000010 0.534944 0.000010 0.000010
0.000010 0.000010 0.999930 0.000010 0.000010 0.000010 0.000010 0.000010
0.000010 0.000010 0.384506 0.076538 0.000010 0.538905 0.000010 0.000010
0.000010 0.000010 0.370425 0.064839 0.000010 0.564679 0.000017 0.000010
0.005601 0.044697 0.008469 0.036448 0.015324 0.000010 0.804750 0.084700
0.026652 0.051619 0.000010 0.498123 0.015174 0.000010 0.356034 0.052377
0.033059 0.218591 0.000010 0.059069 0.096685 0.000010 0.448547 0.144030
0.025354 0.000010 0.003173 0.047406 0.029918 0.000010 0.809653 0.084477
0.000010 0.027368 0.002771 0.575735 0.000010 0.008807 0.339189 0.046111
0.051447 0.045623 0.010746 0.327462 0.025282 0.000010 0.481729 0.057700
0.016867 0.016488 0.118977 0.336635 0.027088 0.094772 0.325296 0.063878
0.000010 0.040144 0.247176 0.261499 0.013301 0.257374 0.148137 0.032358
0.000010 0.000010 0.000010 0.000010 0.000010 0.056660 0.943280 0.000010
0.000010 0.000010 0.991744 0.000010 0.003832 0.004375 0.000010 0.000010
0.000010 0.059591 0.321136 0.096225 0.000010 0.511913 0.000010 0.011106
0.000010 0.012003 0.339525 0.091759 0.000010 0.530774 0.000010 0.025909
0.000010 0.033352 0.344495 0.111912 0.000010 0.510202 0.000010 0.000010
0.000010 0.000010 0.009114 0.058180 0.015120 0.009695 0.881956 0.025915
0.008513 0.000010 0.000010 0.093174 0.015860 0.000010 0.822010 0.060412
0.021173 0.052693 0.000010 0.087290 0.051507 0.000010 0.709733 0.077584
0.018741 0.023618 0.004361 0.039806 0.058384 0.000010 0.790817 0.064264
0.038519 0.220807 0.000010 0.069280 0.095155 0.000010 0.449782 0.126437
0.000010 0.011501 0.000010 0.771550 0.014269 0.000010 0.178239 0.024412
0.010950 0.051293 0.026221 0.460535 0.022975 0.000010 0.382454 0.045561
0.031960 0.059867 0.026048 0.313485 0.028993 0.016179 0.465651 0.057818
0.000010 0.055835 0.009812 0.394680 0.027178 0.000010 0.467832 0.044643
0.019476 0.050091 0.002203 0.318993 0.053731 0.010471 0.469596 0.075440
0.000010 0.000010 0.000010 0.000010 0.000010 0.060595 0.939345 0.000010
0.036127 0.160085 0.000010 0.086115 0.078905 0.000010 0.495819 0.142929
0.031968 0.028499 0.000010 0.066291 0.024394 0.002401 0.773815 0.072622
0.012404 0.014623 0.006480 0.572701 0.021676 0.000010 0.325006 0.047099
0.019955 0.015165 0.017423 0.477743 0.022920 0.000010 0.377674 0.069110
0.016642 0.083006 0.067018 0.573616 0.030062 0.032098 0.197549 0.000010
0.028323 0.037307 0.000010 0.407571 0.035399 0.000010 0.428867 0.062514
0.022630 0.045042 0.296338 0.241635 0.000010 0.242239 0.150965 0.001141
0.000010 0.000010 0.000010 0.000010 0.000010 0.043801 0.956139 0.000010
0.000010 0.000010 0.000010 0.000010 0.000010 0.049584 0.950356 0.000010
0.031463 0.034664 0.000010 0.000010 0.009651 0.055446 0.815433 0.053323
0.017251 0.035931 0.000010 0.041657 0.031586 0.000010 0.873544 0.000010
0.055406 0.116926 0.030102 0.168118 0.035092 0.025377 0.411928 0.157051
0.000010 0.000010 0.025319 0.945183 0.005957 0.023502 0.000010 0.000010
0.000010 0.000010 0.063619 0.873020 0.000010 0.058722 0.004599 0.000010
0.021212 0.013643 0.000010 0.294585 0.000010 0.000010 0.663764 0.006765
0.003136 0.000010 0.000010 0.272043 0.008296 0.000010 0.664477 0.052018
0.007866 0.015768 0.000010 0.264181 0.009307 0.000010 0.670899 0.031960
0.016854 0.008491 0.001433 0.038884 0.013865 0.059933 0.844888 0.015652
0.010508 0.000010 0.010794 0.000010 0.000010 0.044854 0.933804 0.000010
0.015690 0.012715 0.000894 0.064220 0.019868 0.000951 0.847588 0.038076
0.057945 0.180204 0.029170 0.148616 0.047827 0.040324 0.394443 0.101470
0.000010 0.000010 0.056979 0.918849 0.000010 0.024123 0.000010 0.000010
0.000010 0.000010 0.000010 0.963751 0.000010 0.000010 0.036189 0.000010
0.000010 0.053842 0.000010 0.259759 0.034494 0.000010 0.636341 0.015534
0.000010 0.009698 0.000010 0.280242 0.016928 0.000010 0.626912 0.066190
0.000010 0.000010 0.014283 0.000010 0.000010 0.202767 0.782900 0.000010
0.002082 0.019595 0.005548 0.515163 0.036740 0.000010 0.399370 0.021492
0.000010 0.000010 0.000010 0.000010 0.000010 0.059260 0.940680 0.000010
0.035397 0.167221 0.000010 0.098841 0.073298 0.000371 0.480409 0.144454
0.097948 0.191910 0.025146 0.151629 0.060541 0.000010 0.344932 0.127885
0.008048 0.000010 0.069509 0.872550 0.000010 0.049853 0.000010 0.000010
0.000010 0.000010 0.016548 0.982854 0.000010 0.000548 0.000010 0.000010
0.015150 0.027777 0.000010 0.280831 0.023058 0.000010 0.645268 0.007896
0.023154 0.005332 0.000010 0.268282 0.010626 0.000010 0.652995 0.039590
0.000010 0.000010 0.000010 0.286212 0.015725 0.000010 0.655461 0.042562
0.000010 0.000010 0.026799 0.000010 0.000010 0.126752 0.845979 0.000430
0.000010 0.000010 0.000010 0.000010 0.000010 0.057331 0.942609 0.000010
0.007742 0.044435 0.002889 0.000010 0.032454 0.034963 0.803441 0.074066
0.043776 0.154664 0.000019 0.089236 0.081498 0.000010 0.479022 0.151775
0.055793 0.148995 0.032420 0.196848 0.063101 0.045670 0.393565 0.063608
0.000010 0.000010 0.164235 0.704371 0.000010 0.131344 0.000010 0.000010
0.002789 0.000010 0.037480 0.938078 0.004141 0.017482 0.000010 0.000010
0.010771 0.011607 0.000010 0.294757 0.000010 0.000010 0.636695 0.046139
0.026917 0.000010 0.000010 0.288520 0.020899 0.000010 0.622005 0.041629
0.014494 0.025387 0.000010 0.281004 0.000620 0.000010 0.651198 0.027278
0.000010 0.000010 0.020333 0.000010 0.000010 0.219644 0.759973 0.000010
0.007917 0.023205 0.361344 0.112099 0.000010 0.490387 0.000010 0.005028
0.023133 0.037268 0.337594 0.075707 0.000010 0.522078 0.004200 0.000010
0.009128 0.060125 0.000010 0.139303 0.037512 0.000010 0.670169 0.083743
0.000010 0.000010 0.001143 0.041628 0.000010 0.029684 0.927504 0.000010
0.032134 0.051883 0.009398 0.174588 0.059546 0.000010 0.572777 0.099665
0.000017 0.000010 0.007519 0.000010 0.000010 0.040269 0.952154 0.000010
0.000010 0.013490 0.008850 0.044638 0.000010 0.000010 0.912346 0.020646
0.068362 0.156708 0.000010 0.081577 0.062152 0.000010 0.510505 0.120676
0.066430 0.092861 0.041390 0.162029 0.069723 0.015687 0.442413 0.109467
0.000010 0.000010 0.080473 0.865580 0.000010 0.053896 0.000010 0.000010
0.000010 0.000010 0.016635 0.969948 0.000010 0.013367 0.000010 0.000010
0.002474 0.014309 0.000010 0.265605 0.013330 0.003636 0.653062 0.047574
0.052261 0.000010 0.000010 0.273753 0.000010 0.000010 0.646160 0.027786
0.008935 0.019530 0.000010 0.260416 0.011193 0.004722 0.649237 0.045957
0.000010 0.021530 0.000010 0.011195 0.000010 0.128323 0.838912 0.000010
0.004339 0.025463 0.000010 0.074773 0.012488 0.000010 0.859698 0.023218
0.051127 0.210013 0.000010 0.052330 0.110885 0.001050 0.425280 0.149305
0.000010 0.000010 0.027215 0.945992 0.000010 0.026743 0.000010 0.000010
0.002310 0.004116 0.020583 0.954028 0.001765 0.017178 0.000010 0.000010
0.000010 0.000010 0.117743 0.790783 0.000010 0.091424 0.000010 0.000010
0.022844 0.005620 0.000010 0.294065 0.007077 0.000010 0.655018 0.015356
0.025211 0.053049 0.000010 0.001534 0.022967 0.035349 0.814973 0.046906
0.000010 0.038215 0.000010 0.045455 0.021520 0.000010 0.830370 0.064409
0.070452 0.160215 0.000010 0.091316 0.109955 0.000010 0.412302 0.155740
0.052813 0.130207 0.020046 0.191147 0.060465 0.014524 0.405615 0.125183
0.000010 0.000010 0.022904 0.948835 0.000010 0.028211 0.000010 0.000010
0.000010 0.000010 0.023604 0.976336 0.000010 0.000011 0.000010 0.000010
0.000246 0.015278 0.000010 0.272095 0.023311 0.000010 0.654604 0.034446
0.010710 0.001799 0.000010 0.291572 0.005359 0.000010 0.659178 0.031363
0.013094 0.009565 0.000010 0.300657 0.001024 0.000010 0.643444 0.032196
0.000010 0.000010 0.010513 0.000010 0.000010 0.184621 0.804816 0.000010
0.020289 0.000010 0.000010 0.000010 0.010441 0.059198 0.864500 0.045542
0.004682 0.020915 0.000010 0.068595 0.000010 0.000010 0.862562 0.043215
0.046073 0.151896 0.000010 0.091728 0.089645 0.000010 0.421230 0.199408
0.030005 0.124783 0.056912 0.179443 0.037396 0.022865 0.416567 0.132029
0.000010 0.000010 0.036214 0.930947 0.000010 0.032091 0.000708 0.000010
0.009944 0.000010 0.044207 0.920670 0.000010 0.025139 0.000010 0.000010
0.012800 0.038029 0.000010 0.260252 0.019801 0.000010 0.643762 0.025337
0.039597 0.014592 0.000010 0.269791 0.008071 0.000010 0.661010 0.006919
0.025544 0.027467 0.000010 0.296763 0.005653 0.000010 0.628861 0.015693
0.028748 0.018801 0.000010 0.000010 0.018340 0.058914 0.856384 0.018794
0.000010 0.041997 0.000010 0.059626 0.014325 0.000010 0.858768 0.025253
0.048695 0.192793 0.046992 0.169755 0.043951 0.015702 0.381612 0.100501
0.000010 0.000010 0.024137 0.955238 0.000010 0.020575 0.000010 0.000010
0.000010 0.000010 0.032608 0.934741 0.002808 0.029804 0.000010 0.000010
0.002517 0.040170 0.000010 0.306713 0.009682 0.000010 0.629448 0.011450
0.028421 0.000010 0.000010 0.000010 0.028963 0.049509 0.833065 0.060011
0.000010 0.035975 0.000010 0.063511 0.018971 0.001245 0.869220 0.011059
0.071264 0.155442 0.024438 0.145452 0.040938 0.026815 0.422455 0.113195
0.000010 0.000010 0.035830 0.953461 0.000010 0.010659 0.000010 0.000010
0.000010 0.000010 0.046134 0.907720 0.000010 0.046096 0.000010 0.000010
0.036320 0.000010 0.000010 0.277529 0.015104 0.000010 0.662313 0.008704
0.007772 0.008977 0.000010 0.312038 0.004202 0.000010 0.641477 0.025515
0.000010 0.000010 0.020865 0.000010 0.000010 0.194543 0.784542 0.000010
0.000010 0.000010 0.008755 0.000010 0.000010 0.202754 0.788441 0.000010
0.039655 0.018621 0.036895 0.249900 0.035450 0.004270 0.512919 0.102290
0.034647 0.030845 0.016086 0.353324 0.061134 0.003317 0.443501 0.057146
0.021406 0.028563 0.275181 0.283624 0.000010 0.262527 0.091568 0.037121
0.030921 0.006781 0.001269 0.000010 0.016059 0.052104 0.856000 0.036855
0.023005 0.019334 0.002838 0.070983 0.000010 0.000010 0.882632 0.001187
0.037447 0.217696 0.000010 0.056426 0.083677 0.000010 0.444303 0.160431
0.000010 0.000010 0.010890 0.938390 0.000010 0.049469 0.000010 0.001210
0.000010 0.000010 0.059517 0.881473 0.000010 0.058960 0.000010 0.000010
0.027305 0.004430 0.000010 0.284574 0.000010 0.000010 0.633963 0.049698
0.000010 0.000010 0.000010 0.289195 0.019555 0.000010 0.638553 0.052657
0.000010 0.000010 0.023668 0.000010 0.000010 0.201507 0.774775 0.000010
0.001941 0.026010 0.342294 0.116187 0.000010 0.510978 0.000010 0.002570
0.002476 0.028631 0.000010 0.040317 0.000010 0.000010 0.914607 0.013939
0.014658 0.000010 0.015869 0.000010 0.000010 0.142871 0.826562 0.000010
0.023890 0.022465 0.000010 0.274210 0.019156 0.000010 0.634445 0.025814
0.000010 0.000010 0.012510 0.959033 0.000010 0.028407 0.000010 0.000010
0.018750 0.004234 0.000010 0.298584 0.001188 0.000010 0.643941 0.033284
0.062333 0.154597 0.027492 0.172835 0.027577 0.013337 0.438193 0.103636
0.060436 0.223870 0.000010 0.065172 0.066225 0.000010 0.465100 0.119177
0.032852 0.035798 0.003461 0.000010 0.012088 0.056705 0.772216 0.086870
0.000010 0.000010 0.177616 0.684485 0.000010 0.137849 0.000010 0.000010
0.015554 0.074764 0.000010 0.115332 0.011083 0.000010 0.728442 0.054805
0.000010 0.000010 0.183654 0.005838 0.076731 0.714107 0.019639 0.000010
0.000010 0.014318 0.165411 0.016388 0.041771 0.749244 0.012847 0.000010
0.004030 0.020139 0.117724 0.000010 0.051106 0.775877 0.031105 0.000010
0.000010 0.000010 0.104868 0.000010 0.073644 0.795637 0.017999 0.007822
0.038974 0.154858 0.000010 0.024160 0.214130 0.000010 0.276245 0.291612
0.071256 0.174867 0.000010 0.066440 0.182966 0.000010 0.267095 0.237356
0.056290 0.141759 0.000010 0.045773 0.203230 0.000010 0.262841 0.290088
0.069785 0.115665 0.000010 0.044733 0.229703 0.000010 0.274062 0.266032
0.000010 0.022012 0.170852 0.024832 0.037934 0.692050 0.052300 0.000010
0.000010 0.000010 0.286374 0.055313 0.006325 0.651949 0.000010 0.000010
0.000010 0.000010 0.249230 0.047055 0.022592 0.681084 0.000010 0.000010
0.000010 0.009762 0.266908 0.046081 0.007712 0.660735 0.000010 0.008782
0.000010 0.000010 0.268300 0.059441 0.006969 0.665250 0.000010 0.000010
0.000010 0.000010 0.262031 0.040374 0.021199 0.662421 0.000010 0.013944
0.000010 0.000010 0.170532 0.010425 0.034090 0.747633 0.023211 0.014089
0.000010 0.000010 0.286382 0.051374 0.025032 0.637173 0.000010 0.000010
0.000010 0.072492 0.165308 0.073388 0.102053 0.470030 0.032857 0.083862
0.000010 0.000010 0.000010 0.000010 0.109476 0.757544 0.132930 0.000010
0.000010 0.000010 0.099395 0.001045 0.080679 0.787945 0.015069 0.015847
0.000010 0.005712 0.080668 0.000010 0.086566 0.804531 0.022492 0.000010
0.009013 0.000010 0.078223 0.000010 0.078984 0.811729 0.022021 0.000010
0.002639 0.026877 0.083676 0.000010 0.061598 0.797172 0.028019 0.000010
0.016551 0.000010 0.049144 0.000010 0.075939 0.818366 0.039969 0.000010
0.000010 0.021317 0.171015 0.006086 0.045573 0.742554 0.013436 0.000010
0.017607 0.000010 0.073171 0.000010 0.067730 0.807940 0.033521 0.000010
0.005124 0.012320 0.096407 0.000010 0.087750 0.783256 0.008708 0.006425
0.007796 0.022882 0.083824 0.000010 0.097168 0.788299 0.000010 0.000010
0.018001 0.000010 0.103627 0.000010 0.062486 0.772172 0.043264 0.000430
0.027591 0.000010 0.148934 0.020888 0.026233 0.776323 0.000010 0.000010
0.018292 0.006876 0.188831 0.018834 0.010502 0.736142 0.020513 0.000010
0.000010 0.001001 0.117586 0.000816 0.037299 0.810432 0.000686 0.032170
0.004680 0.000010 0.149738 0.000010 0.036843 0.768091 0.040618 0.000010
0.023334 0.005664 0.134809 0.019311 0.026654 0.766095 0.024123 0.000010
0.011905 0.000010 0.119251 0.007874 0.015923 0.811664 0.005764 0.027608
0.000010 0.000010 0.134425 0.021736 0.010806 0.791571 0.012835 0.028607
0.014789 0.000010 0.135777 0.024353 0.029313 0.795738 0.000010 0.000010
0.002418 0.012748 0.146431 0.023277 0.023489 0.780787 0.003673 0.007178
0.009780 0.000010 0.187084 0.000010 0.054450 0.732874 0.006407 0.009384
0.003838 0.000010 0.183279 0.003695 0.046941 0.729530 0.015759 0.016946
0.004152 0.000010 0.123124 0.000010 0.076271 0.760626 0.035797 0.000010
0.008148 0.000010 0.074151 0.000010 0.049196 0.828951 0.039524 0.000010
0.007614 0.000010 0.074229 0.000010 0.057395 0.826551 0.023091 0.011100
0.016054 0.000010 0.046485 0.000010 0.047195 0.884199 0.006037 0.000010
0.025699 0.000010 0.010026 0.000010 0.043530 0.920705 0.000010 0.000010
0.017192 0.000010 0.010522 0.000010 0.021230 0.930402 0.020624 0.000010
0.014963 0.000010 0.013743 0.000010 0.017745 0.938255 0.000010 0.015265
0.000010 0.013862 0.153845 0.000010 0.053373 0.734877 0.037660 0.006361
0.000019 0.037330 0.128890 0.000010 0.059338 0.759261 0.015142 0.000010
0.000010 0.015828 0.170732 0.000010 0.074134 0.714722 0.024554 0.000010
0.010404 0.000010 0.138203 0.009466 0.024691 0.788780 0.012913 0.015533
0.000010 0.000010 0.185276 0.005352 0.074803 0.734530 0.000010 0.000010
0.000010 0.000010 0.051577 0.000010 0.068737 0.850079 0.022283 0.007294
0.012493 0.017771 0.145962 0.004365 0.035491 0.775088 0.006538 0.002292
0.000010 0.000010 0.170166 0.032614 0.041978 0.742906 0.012306 0.000010
0.000010 0.000010 0.152649 0.000010 0.037723 0.766050 0.022643 0.020904
0.007015 0.003375 0.096879 0.000010 0.017750 0.832897 0.020542 0.021532
0.012269 0.000010 0.134633 0.000010 0.031438 0.815335 0.006296 0.000010
0.009883 0.000010 0.126093 0.002884 0.006151 0.785597 0.054285 0.015098
0.026631 0.000010 0.183020 0.023287 0.035876 0.731153 0.000013 0.000010
0.011482 0.001943 0.107713 0.000010 0.069317 0.776929 0.032595 0.000010
0.000010 0.008260 0.165543 0.000010 0.070539 0.735108 0.009519 0.011012
0.005467 0.016485 0.204203 0.000010 0.043646 0.686493 0.034196 0.009499
0.000010 0.011201 0.107759 0.000010 0.065666 0.798298 0.001382 0.015674
0.011142 0.010799 0.076958 0.000010 0.095595 0.805477 0.000010 0.000010
0.004593 0.027299 0.198987 0.004506 0.040044 0.712292 0.012269 0.000010
0.000010 0.000010 0.070071 0.000010 0.068172 0.814854 0.046863 0.000010
0.019040 0.000010 0.157045 0.000010 0.039548 0.752831 0.031506 0.000010
0.000010 0.003259 0.163022 0.007723 0.051749 0.746754 0.000229 0.027254
0.000010 0.005132 0.054041 0.000010 0.061248 0.862796 0.007016 0.009747
0.000010 0.001482 0.076351 0.000010 0.087909 0.786460 0.029039 0.018739
0.006466 0.000010 0.080028 0.000010 0.073595 0.802427 0.037455 0.000010
0.011678 0.008493 0.093396 0.000010 0.057590 0.802643 0.026070 0.000119
0.000010 0.004273 0.114994 0.000010 0.067554 0.777977 0.021394 0.013789
0.000010 0.119775 0.073954 0.001538 0.173139 0.422096 0.098832 0.110658
0.001263 0.005764 0.236404 0.022128 0.029953 0.673532 0.000010 0.030945
0.000010 0.000010 0.237753 0.028094 0.038546 0.691523 0.000010 0.004054
0.006213 0.000010 0.245125 0.037236 0.037965 0.673325 0.000010 0.000116
0.002537 0.000010 0.234420 0.048273 0.022547 0.692193 0.000010 0.000010
0.001021 0.000297 0.215117 0.032570 0.032094 0.689919 0.000010 0.028973
0.006697 0.000010 0.248523 0.033206 0.021177 0.684032 0.000010 0.006346
0.001604 0.000010 0.245409 0.050048 0.012561 0.683507 0.006851 0.000010
0.000010 0.000010 0.262149 0.042191 0.000010 0.678833 0.016787 0.000010
0.006650 0.003578 0.190715 0.023824 0.032284 0.727498 0.007583 0.007868
0.004165 0.008610 0.139124 0.000010 0.067163 0.754232 0.026685 0.000010
0.000010 0.001955 0.188442 0.030362 0.041811 0.720264 0.003527 0.013628
0.000010 0.002531 0.170235 0.029372 0.045231 0.720966 0.031645 0.000010
0.000932 0.013700 0.180687 0.022415 0.047868 0.715222 0.019165 0.000010
0.016536 0.000010 0.176618 0.018240 0.047235 0.730540 0.004763 0.006059
0.000122 0.000010 0.238614 0.047816 0.009842 0.698452 0.005133 0.000010
0.003612 0.003387 0.183365 0.001806 0.046710 0.725981 0.000010 0.035129
0.000010 0.000010 0.198321 0.018113 0.030036 0.705000 0.048500 0.000010
0.001041 0.001783 0.092325 0.000010 0.089495 0.768814 0.026404 0.020129
0.000010 0.003683 0.149373 0.009032 0.057571 0.751229 0.010752 0.018351
0.000010 0.000010 0.192379 0.008180 0.062669 0.703121 0.011315 0.022317
0.028179 0.007636 0.205907 0.007232 0.022046 0.721380 0.007609 0.000010
0.000010 0.004162 0.124964 0.000010 0.073962 0.764298 0.012433 0.020162
0.076321 0.131612 0.000010 0.055899 0.284013 0.015350 0.167300 0.269494
0.013070 0.266974 0.006261 0.011924 0.299315 0.076284 0.093015 0.233157
0.034416 0.215483 0.000010 0.000010 0.275940 0.082931 0.193368 0.197843
0.027682 0.050860 0.193636 0.032222 0.089662 0.527078 0.029937 0.048923
0.058575 0.113091 0.000010 0.022853 0.296577 0.011455 0.165614 0.331824
0.062055 0.111541 0.000010 0.036277 0.303204 0.000010 0.177061 0.309843
0.035432 0.100786 0.051309 0.022519 0.218631 0.340887 0.090989 0.139446
0.033134 0.109954 0.076225 0.028436 0.184467 0.302016 0.098884 0.166884
0.029672 0.267195 0.039751 0.013825 0.234519 0.151831 0.094297 0.168911
0.838453 0.080185 0.000010 0.002517 0.027116 0.000010 0.007404 0.044306
0.082988 0.098269 0.000010 0.025599 0.351612 0.000010 0.141766 0.299745
0.048891 0.169934 0.000010 0.001507 0.285188 0.000010 0.177039 0.317421
0.020713 0.077414 0.055323 0.020510 0.236405 0.316997 0.133522 0.139115
0.020183 0.261298 0.000010 0.000010 0.310197 0.078556 0.143830 0.185915
0.022649 0.067441 0.000010 0.000010 0.346434 0.262596 0.137169 0.163691
0.065240 0.144511 0.000010 0.016259 0.284277 0.000010 0.201308 0.288384
0.036962 0.110265 0.086635 0.013501 0.198548 0.312590 0.092556 0.148944
0.014442 0.082819 0.077306 0.023771 0.223757 0.308977 0.091437 0.177491
0.023565 0.121461 0.109411 0.056489 0.165352 0.341038 0.070953 0.111730
0.000010 0.095072 0.191521 0.037291 0.099801 0.502040 0.027442 0.046822
0.024247 0.063059 0.035661 0.005573 0.288140 0.344269 0.106785 0.132266
0.031128 0.066260 0.000010 0.000010 0.345278 0.281754 0.124562 0.150997
0.046769 0.163293 0.000010 0.023055 0.260475 0.000010 0.161304 0.345084
0.055266 0.083060 0.000010 0.000010 0.327481 0.274141 0.133123 0.126909
0.034821 0.121617 0.000010 0.023777 0.320621 0.021798 0.159454 0.317902
0.010136 0.101069 0.080257 0.008999 0.207057 0.350386 0.109347 0.132749
0.018930 0.078147 0.068973 0.018086 0.226873 0.339690 0.101712 0.147588
0.000010 0.085517 0.176422 0.031806 0.101514 0.468380 0.042624 0.093727
0.074500 0.128582 0.000010 0.024588 0.296647 0.003549 0.167769 0.304356
0.037056 0.040166 0.000010 0.000010 0.348023 0.270764 0.150985 0.152987
0.088678 0.144485 0.000010 0.007860 0.317797 0.000010 0.163971 0.277189
0.027289 0.312070 0.016110 0.021057 0.265705 0.156388 0.088196 0.113185
0.010972 0.249164 0.019948 0.007678 0.275134 0.184485 0.107672 0.144947
0.069699 0.114135 0.000010 0.000685 0.294531 0.000010 0.171544 0.349388
0.058076 0.157404 0.000010 0.025558 0.288792 0.000010 0.173497 0.296654
0.016985 0.048009 0.000010 0.000010 0.354615 0.269066 0.154689 0.156615
0.016872 0.034991 0.183413 0.057152 0.106266 0.525634 0.037495 0.038178
0.026918 0.071742 0.143093 0.040977 0.143558 0.400329 0.074213 0.099169
0.004299 0.116146 0.076411 0.004428 0.214839 0.332591 0.107173 0.144114
0.017394 0.255309 0.003123 0.000010 0.289900 0.153933 0.135186 0.145143
0.036258 0.068047 0.000010 0.000010 0.333645 0.281078 0.160898 0.120054
0.034423 0.319019 0.003978 0.016277 0.236363 0.150371 0.103349 0.136222
0.019960 0.072418 0.213536 0.028417 0.088768 0.491976 0.029833 0.055092
0.000010 0.317407 0.000010 0.016741 0.253436 0.195118 0.113946 0.103332
0.053123 0.138353 0.000010 0.019203 0.303234 0.000010 0.179368 0.306699
0.002388 0.075840 0.000010 0.000010 0.334812 0.258363 0.142728 0.185849
0.007367 0.134463 0.063831 0.034790 0.182385 0.340863 0.084442 0.151859
0.016285 0.095917 0.078563 0.020619 0.231032 0.321366 0.057176 0.179042
0.023746 0.095852 0.068091 0.020445 0.201061 0.337364 0.082757 0.170684
0.031925 0.072551 0.000010 0.000010 0.333764 0.245379 0.141013 0.175348
0.054628 0.117976 0.000010 0.018873 0.336956 0.000010 0.148522 0.323025
0.018189 0.261458 0.000010 0.024200 0.294313 0.052680 0.114798 0.234353
0.009813 0.275200 0.046820 0.010720 0.259850 0.138258 0.102710 0.156628
0.013362 0.047484 0.226032 0.049947 0.126254 0.484873 0.013886 0.038161
0.060170 0.117045 0.000010 0.033620 0.309663 0.000010 0.190319 0.289164
0.056676 0.148990 0.000010 0.037048 0.329768 0.000010 0.138025 0.289472
0.001812 0.073953 0.144310 0.028012 0.137371 0.462943 0.074222 0.077376
0.048973 0.032129 0.065199 0.027799 0.237476 0.351364 0.090672 0.146387
0.027342 0.022340 0.188576 0.057730 0.108444 0.491619 0.046797 0.057152
0.026944 0.061023 0.000010 0.000010 0.341708 0.269185 0.167288 0.133832
0.005176 0.286664 0.013731 0.035180 0.273041 0.150547 0.107564 0.128097
0.000010 0.301852 0.016727 0.000010 0.279316 0.128951 0.137045 0.136090
0.000010 0.067625 0.079151 0.022445 0.215420 0.367288 0.106187 0.141874
0.073184 0.085982 0.000010 0.013575 0.296549 0.004443 0.216235 0.310022
0.072803 0.122009 0.000010 0.017364 0.301964 0.003249 0.150838 0.331763
0.073124 0.130864 0.000010 0.049100 0.285257 0.000393 0.156448 0.304805
0.015210 0.070207 0.147040 0.017650 0.151309 0.437743 0.058518 0.102324
0.037182 0.112821 0.030645 0.020973 0.242521 0.225878 0.100419 0.229562
0.007314 0.072804 0.208751 0.045888 0.075146 0.480630 0.051553 0.057914
0.064711 0.122896 0.000010 0.002036 0.352837 0.000010 0.156186 0.301314
0.020004 0.042078 0.000010 0.000010 0.351711 0.265404 0.141548 0.179236
0.000010 0.281319 0.000010 0.000010 0.304909 0.082730 0.161968 0.169044
0.020410 0.095183 0.000010 0.000010 0.308504 0.348841 0.136363 0.090679
0.011223 0.285307 0.013722 0.004025 0.264360 0.164688 0.095195 0.161480
0.045176 0.146194 0.000010 0.000010 0.296670 0.000010 0.182244 0.329686
0.085761 0.137396 0.000010 0.035255 0.286412 0.000503 0.152768 0.301896
0.084502 0.122034 0.000010 0.000258 0.309456 0.014184 0.161147 0.308409
0.036479 0.099227 0.076816 0.025387 0.213512 0.329673 0.090153 0.128754
0.013420 0.070043 0.156612 0.018846 0.098886 0.517380 0.050765 0.074048
0.015791 0.076115 0.193001 0.050482 0.075973 0.495604 0.053694 0.039339
0.024963 0.170029 0.042439 0.015269 0.247200 0.240651 0.114981 0.144467
0.027474 0.067569 0.000010 0.000010 0.365673 0.269471 0.120447 0.149346
0.058150 0.268261 0.017606 0.028878 0.256714 0.160131 0.101665 0.108595
0.017456 0.305708 0.010079 0.000010 0.297379 0.122579 0.136220 0.110571
0.024218 0.339523 0.000010 0.000010 0.295418 0.119692 0.105197 0.115932
0.021899 0.404439 0.013774 0.000010 0.266659 0.098619 0.091057 0.103543
0.055677 0.261387 0.000444 0.024703 0.064575 0.022097 0.042323 0.528794
0.033836 0.146961 0.000010 0.002129 0.351841 0.000010 0.160414 0.304799
0.000010 0.605230 0.018333 0.004955 0.168791 0.110173 0.043831 0.048677
0.012390 0.233091 0.059700 0.017520 0.193650 0.261077 0.110405 0.112168
0.017254 0.348762 0.002383 0.016713 0.256704 0.091931 0.142999 0.123254
0.033204 0.319915 0.007442 0.012300 0.260304 0.116474 0.118062 0.132298
0.003140 0.287103 0.000010 0.000010 0.308324 0.093198 0.123230 0.184985
0.009393 0.342034 0.009077 0.008614 0.261476 0.128822 0.116175 0.124409
0.034344 0.198574 0.000010 0.000010 0.027900 0.022810 0.002194 0.714157
0.050380 0.136455 0.000010 0.008465 0.373462 0.000010 0.154204 0.277013
0.003969 0.197547 0.000010 0.003866 0.349893 0.089894 0.136623 0.218199
0.002487 0.588799 0.020326 0.000010 0.215446 0.084364 0.060688 0.027881
0.000010 0.513908 0.024144 0.000010 0.209412 0.102226 0.075103 0.075187
0.052473 0.089586 0.000010 0.000010 0.401348 0.000010 0.130742 0.325820
0.050297 0.180782 0.000010 0.019633 0.321278 0.000010 0.161727 0.266262
0.014716 0.394890 0.012041 0.000010 0.234394 0.144725 0.068344 0.130879
0.025049 0.121982 0.000010 0.000010 0.378369 0.000010 0.162119 0.312451
0.034742 0.275275 0.000010 0.002862 0.042299 0.000170 0.000739 0.643903
0.052930 0.110413 0.000010 0.000010 0.367525 0.000010 0.154275 0.314827
0.000010 0.177701 0.000010 0.013602 0.314146 0.086250 0.189110 0.219171
0.000010 0.579553 0.015275 0.000010 0.186299 0.106745 0.070853 0.041255
0.000010 0.501353 0.017277 0.006654 0.199041 0.089450 0.084296 0.101919
0.010949 0.270686 0.006383 0.014540 0.310036 0.084589 0.149733 0.153083
0.049161 0.128217 0.000010 0.000017 0.335918 0.000010 0.159873 0.326794
0.002677 0.398538 0.007676 0.008151 0.232388 0.158926 0.067861 0.123783
0.029860 0.383357 0.004942 0.000010 0.264212 0.107815 0.108073 0.101731
0.051218 0.103839 0.000010 0.000010 0.372927 0.000010 0.169457 0.302529
0.046101 0.215119 0.010766 0.000010 0.024684 0.035975 0.040436 0.626909
0.074537 0.089732 0.005671 0.000010 0.368703 0.000010 0.174700 0.286637
0.015982 0.188254 0.000010 0.024908 0.357781 0.047747 0.148596 0.216722
0.020852 0.519394 0.005057 0.000010 0.211022 0.116678 0.106570 0.020416
0.000010 0.609901 0.030139 0.000010 0.170059 0.088767 0.052699 0.048415
0.028927 0.232992 0.025434 0.000010 0.302389 0.161214 0.104694 0.144340
0.003431 0.421618 0.000010 0.019512 0.222193 0.142350 0.086158 0.104728
0.081657 0.221893 0.000401 0.000010 0.005720 0.000010 0.000010 0.690300
0.053181 0.106077 0.001653 0.004044 0.346039 0.000010 0.159691 0.329305
0.000010 0.561872 0.023498 0.000414 0.172467 0.097256 0.095888 0.048595
0.010547 0.562203 0.005702 0.026555 0.162598 0.091993 0.037471 0.102931
0.009449 0.304354 0.000010 0.000010 0.228144 0.183502 0.110254 0.164277
0.778063 0.128916 0.000010 0.005834 0.035442 0.000161 0.000010 0.051564
0.038287 0.261324 0.002808 0.016812 0.267322 0.146226 0.117462 0.149760
0.009407 0.373821 0.016948 0.000010 0.269264 0.115489 0.080627 0.134435
0.038962 0.225682 0.008315 0.003008 0.030161 0.000459 0.011724 0.681688
