0.503546 0.409876 0.086578
0.652889 0.304916 0.042196
0.512708 0.412442 0.074849
0.620405 0.343402 0.036193
0.513552 0.412338 0.074110
0.553376 0.371827 0.074797
0.584863 0.353892 0.061244
0.939533 0.055109 0.005358
0.939011 0.021928 0.039061
0.999765 0.000225 0.000010
0.853557 0.068987 0.077455
0.864187 0.082694 0.053119
0.000010 0.896208 0.103782
0.005994 0.796389 0.197617
0.004703 0.973285 0.022011
0.016051 0.779837 0.204112
0.514502 0.386721 0.098778
0.542722 0.375389 0.081889
0.963013 0.022236 0.014751
0.917449 0.071545 0.011006
0.928807 0.071183 0.000010
0.999980 0.000010 0.000010
0.858945 0.067870 0.073186
0.862048 0.083122 0.054830
0.000010 0.941987 0.058003
0.001656 0.935575 0.062769
0.013072 0.954025 0.032903
0.000010 0.782394 0.217596
0.526948 0.381776 0.091277
0.516433 0.391858 0.091709
0.919343 0.066722 0.013935
0.923789 0.049161 0.027050
0.999980 0.000010 0.000010
0.999980 0.000010 0.000010
0.865672 0.052077 0.082251
0.861968 0.057502 0.080530
0.000010 0.894655 0.105335
0.014923 0.936621 0.048456
0.000010 0.935009 0.064981
0.014779 0.791546 0.193675
0.557680 0.363264 0.079055
0.519778 0.379254 0.100968
0.938252 0.052702 0.009046
0.961497 0.038493 0.000010
0.999980 0.000010 0.000010
0.999207 0.000783 0.000010
0.999980 0.000010 0.000010
0.846471 0.076788 0.076741
0.859461 0.059750 0.080789
0.000010 0.894473 0.105517
0.018562 0.981428 0.000010
0.000010 0.950411 0.049579
0.022628 0.816732 0.160639
0.000010 0.927870 0.072120
0.000010 0.593691 0.406299
0.000010 0.898316 0.101674
0.046556 0.840156 0.113288
0.044348 0.807475 0.148176
0.042853 0.883765 0.073381
0.050916 0.813503 0.135581
0.470704 0.438805 0.090490
0.000010 0.865481 0.134509
0.000010 0.852151 0.147839
0.083774 0.806584 0.109642
0.170622 0.696536 0.132842
0.052557 0.795248 0.152195
0.071404 0.773433 0.155163
0.511965 0.387508 0.100526
0.520545 0.387426 0.092029
0.000010 0.887837 0.112153
0.000010 0.650320 0.349670
0.000010 0.902429 0.097561
0.065313 0.801856 0.132832
0.050193 0.772095 0.177711
0.024362 0.837117 0.138521
0.089084 0.763242 0.147674
0.456655 0.414096 0.129249
0.468064 0.410538 0.121398
0.516947 0.388071 0.094983
0.928901 0.029707 0.041392
0.999980 0.000010 0.000010
0.997838 0.002152 0.000010
0.999980 0.000010 0.000010
0.840752 0.080276 0.078972
0.864453 0.053015 0.082532
0.000010 0.880530 0.119460
0.004843 0.995147 0.000010
0.000010 0.893884 0.106106
0.033945 0.771297 0.194759
0.516018 0.398550 0.085432
0.741385 0.216954 0.041660
0.934278 0.041235 0.024487
0.943728 0.036379 0.019892
0.999980 0.000010 0.000010
0.999980 0.000010 0.000010
0.854867 0.082608 0.062525
0.856502 0.070294 0.073203
0.000010 0.890185 0.109805
0.000010 0.938235 0.061755
0.018771 0.787053 0.194176
0.000010 0.890979 0.109011
0.000010 0.408659 0.591331
0.000957 0.902488 0.096555
0.055958 0.851787 0.092255
0.049142 0.816682 0.134176
0.039444 0.808346 0.152211
0.524680 0.353092 0.122229
0.511510 0.405675 0.082815
0.941428 0.056224 0.002348
0.929595 0.065232 0.005174
0.999980 0.000010 0.000010
0.999980 0.000010 0.000010
0.848033 0.072827 0.079141
0.000666 0.873847 0.125487
0.000010 0.970550 0.029440
0.012690 0.978062 0.009248
0.011780 0.795258 0.192962
0.004998 0.890198 0.104804
0.003166 0.581904 0.414930
0.000010 0.906904 0.093086
0.051686 0.849146 0.099169
0.061665 0.847127 0.091208
0.036456 0.825035 0.138509
0.411051 0.490026 0.098923
0.554876 0.375866 0.069258
0.959009 0.027110 0.013881
0.952633 0.047357 0.000010
0.999980 0.000010 0.000010
0.999980 0.000010 0.000010
0.865217 0.078602 0.056181
0.837894 0.088465 0.073641
0.000336 0.854153 0.145511
0.007646 0.986036 0.006318
0.001870 0.987367 0.010763
0.016945 0.778118 0.204937
0.000010 0.866389 0.133601
0.000010 0.600308 0.399682
0.000010 0.908933 0.091057
0.082917 0.837746 0.079337
0.066799 0.761840 0.171361
0.130282 0.749047 0.120671
0.574783 0.344604 0.080613
0.557083 0.372779 0.070138
0.943383 0.056607 0.000010
0.955074 0.006158 0.038768
0.999980 0.000010 0.000010
0.999980 0.000010 0.000010
0.999980 0.000010 0.000010
0.841844 0.049498 0.108659
0.887421 0.060982 0.051597
0.000010 0.865890 0.134100
0.021173 0.888497 0.090330
0.015027 0.984963 0.000010
0.024814 0.780028 0.195158
0.000010 0.841123 0.158867
0.003506 0.897315 0.099179
0.038845 0.795754 0.165400
0.063388 0.798510 0.138102
0.062382 0.794504 0.143114
0.043702 0.838581 0.117717
0.045576 0.954414 0.000010
0.513064 0.415929 0.071008
0.948470 0.051520 0.000010
0.966880 0.008799 0.024322
0.999980 0.000010 0.000010
0.841665 0.072127 0.086208
0.872411 0.051525 0.076065
0.000010 0.910674 0.089316
0.000010 0.955754 0.044236
0.000010 0.930195 0.069795
0.000010 0.910731 0.089259
0.000010 0.599583 0.400407
0.000010 0.892113 0.107877
0.071011 0.833972 0.095017
0.056214 0.833454 0.110332
0.146210 0.701694 0.152096
0.041476 0.854833 0.103692
0.597569 0.311086 0.091345
0.038489 0.961501 0.000010
0.945158 0.042247 0.012595
0.999980 0.000010 0.000010
0.928374 0.045889 0.025738
0.937657 0.053367 0.008976
0.000010 0.889384 0.110606
0.037901 0.795289 0.166810
0.000010 0.597912 0.402078
0.000010 0.912724 0.087266
0.070459 0.829671 0.099870
0.037645 0.791740 0.170615
0.247446 0.638416 0.114137
0.527422 0.379115 0.093463
0.038661 0.961329 0.000010
0.999820 0.000170 0.000010
0.831161 0.061384 0.107455
0.865913 0.076491 0.057595
0.853118 0.092281 0.054601
0.011786 0.965657 0.022556
0.000010 0.949968 0.050022
0.000010 0.851466 0.148524
0.000010 0.896335 0.103655
0.000010 0.598885 0.401105
0.059090 0.827036 0.113875
0.071224 0.787566 0.141210
0.071134 0.763009 0.165857
0.046071 0.828199 0.125730
0.042364 0.791254 0.166381
0.041330 0.958660 0.000010
0.000010 0.662880 0.337110
0.000010 0.887942 0.112048
0.061957 0.821229 0.116814
0.063368 0.809854 0.126778
0.164047 0.671899 0.164054
0.033192 0.808993 0.157815
0.561112 0.344900 0.093988
0.025693 0.974297 0.000010
0.032237 0.967753 0.000010
0.035908 0.858862 0.105230
0.000010 0.945453 0.054537
0.067815 0.624231 0.307954
0.167749 0.769590 0.062662
0.223774 0.719056 0.057170
0.002270 0.932272 0.065458
0.000010 0.936493 0.063497
0.003886 0.923410 0.072703
0.047323 0.915599 0.037078
0.038033 0.961957 0.000010
0.000010 0.942575 0.057415
0.081627 0.575403 0.342970
0.196413 0.732449 0.071138
0.084984 0.821088 0.093928
0.003013 0.893977 0.103010
0.000010 0.912602 0.087388
0.192462 0.807528 0.000010
0.053806 0.853288 0.092906
0.034372 0.965618 0.000010
0.005708 0.651092 0.343200
0.038364 0.542645 0.418991
0.228346 0.662252 0.109402
0.157223 0.771080 0.071697
0.012542 0.908404 0.079054
0.013189 0.909951 0.076861
0.004392 0.948332 0.047276
0.129474 0.870516 0.000010
0.037344 0.962646 0.000010
0.024483 0.863847 0.111670
0.002646 0.650952 0.346401
0.096774 0.610197 0.293028
0.387033 0.562874 0.050093
0.170748 0.720456 0.108796
0.002964 0.916656 0.080380
0.012619 0.903129 0.084251
0.007044 0.911874 0.081082
0.216570 0.783420 0.000010
0.852631 0.079961 0.067408
0.853239 0.066658 0.080103
0.000010 0.848997 0.150993
0.017318 0.982672 0.000010
0.015602 0.794673 0.189725
0.033394 0.966596 0.000010
0.002341 0.984675 0.012984
0.000010 0.658873 0.341117
0.074574 0.650596 0.274830
0.249688 0.710240 0.040072
0.158663 0.757378 0.083959
0.020071 0.908133 0.071796
0.000010 0.922418 0.077572
0.018076 0.900523 0.081401
0.105908 0.872798 0.021294
0.000010 0.953560 0.046430
0.002674 0.577042 0.420284
0.179382 0.759785 0.060833
0.153788 0.748291 0.097921
0.308070 0.625368 0.066562
0.016376 0.923124 0.060500
0.018269 0.866982 0.114749
0.000010 0.921509 0.078481
0.000010 0.603389 0.396601
0.052271 0.638601 0.309127
0.174994 0.752152 0.072854
0.156507 0.749771 0.093722
0.001994 0.924012 0.073994
0.004984 0.935592 0.059424
0.010278 0.920529 0.069193
0.173703 0.826287 0.000010
0.041704 0.900534 0.057762
0.000010 0.953108 0.046882
0.000068 0.614620 0.385312
0.096596 0.627392 0.276013
0.177694 0.753173 0.069133
0.184499 0.731647 0.083854
0.006679 0.895349 0.097972
0.006644 0.910836 0.082520
0.014466 0.899041 0.086493
0.043303 0.885283 0.071414
0.000010 0.941229 0.058761
0.079338 0.574278 0.346383
0.174913 0.773713 0.051374
0.180469 0.752915 0.066617
0.016725 0.905219 0.078056
0.032907 0.870332 0.096761
0.000010 0.956101 0.043889
0.062594 0.603385 0.334020
0.169034 0.761507 0.069459
0.202610 0.716940 0.080450
0.007501 0.937655 0.054844
0.016122 0.924102 0.059775
0.194756 0.805234 0.000010
0.187396 0.812594 0.000010
0.063818 0.780093 0.156089
0.053945 0.789435 0.156620
0.563657 0.330307 0.106037
0.038414 0.875781 0.085805
0.000010 0.961332 0.038658
0.000010 0.591237 0.408753
0.172340 0.755102 0.072558
0.224109 0.697740 0.078151
0.015272 0.903253 0.081474
0.006527 0.929095 0.064378
0.204871 0.795119 0.000010
0.852517 0.081895 0.065588
0.000010 0.971999 0.027991
0.137145 0.858495 0.004360
0.012341 0.895954 0.091705
0.165036 0.760198 0.074765
0.015033 0.917550 0.067417
0.054618 0.630943 0.314439
0.000010 0.596254 0.403736
0.044127 0.825731 0.130142
0.406891 0.543136 0.049973
0.000010 0.864357 0.135633
0.877498 0.097155 0.025348
0.889032 0.063593 0.047375
0.862706 0.066850 0.070444
0.872848 0.070119 0.057033
0.000010 0.504030 0.495960
0.000010 0.499287 0.500703
0.000010 0.507080 0.492910
0.000010 0.523941 0.476049
0.839267 0.106112 0.054621
0.927673 0.062138 0.010189
0.918670 0.066367 0.014963
0.909330 0.053748 0.036922
0.924184 0.063581 0.012235
0.908378 0.055696 0.035927
0.892262 0.074735 0.033004
0.914706 0.056332 0.028962
0.633105 0.172833 0.194062
0.731331 0.195776 0.072893
0.860731 0.083878 0.055391
0.857651 0.064361 0.077988
0.862315 0.075931 0.061755
0.848698 0.074991 0.076311
0.836490 0.091402 0.072108
0.888132 0.056961 0.054907
0.853519 0.091682 0.054800
0.855069 0.055890 0.089041
0.850208 0.048901 0.100891
0.847784 0.103378 0.048838
0.898943 0.051295 0.049763
0.898173 0.055537 0.046290
0.893117 0.049537 0.057347
0.889721 0.085644 0.024635
0.871782 0.070310 0.057908
0.896426 0.051235 0.052339
0.896248 0.075566 0.028186
0.904203 0.049713 0.046084
0.898868 0.050438 0.050694
0.896431 0.057532 0.046037
0.889870 0.082238 0.027892
0.858494 0.089522 0.051984
0.870312 0.086658 0.043030
0.868667 0.065688 0.065644
0.892316 0.052905 0.054779
0.893319 0.043120 0.063561
0.895346 0.059982 0.044672
0.906347 0.055018 0.038635
0.862859 0.083138 0.054003
0.863245 0.047723 0.089032
0.863844 0.076359 0.059798
0.897845 0.065967 0.036188
0.902051 0.076643 0.021306
0.868055 0.083519 0.048426
0.890909 0.046215 0.062875
0.892539 0.088154 0.019306
0.889301 0.077273 0.033426
0.893784 0.055712 0.050504
0.917672 0.045199 0.037129
0.876812 0.089333 0.033855
0.891356 0.057146 0.051498
0.856951 0.085037 0.058012
0.876705 0.053975 0.069321
0.867029 0.066798 0.066174
0.877727 0.051721 0.070552
0.856627 0.045476 0.097896
0.888434 0.049354 0.062212
0.857199 0.104491 0.038310
0.883886 0.069754 0.046360
0.885617 0.059623 0.054760
0.883129 0.060141 0.056730
0.833590 0.085632 0.080778
0.854027 0.081629 0.064344
0.866029 0.064996 0.068974
0.863343 0.075719 0.060938
0.489930 0.224899 0.285171
0.890186 0.044419 0.065395
0.911632 0.063560 0.024808
0.902450 0.055591 0.041959
0.908942 0.056083 0.034975
0.884531 0.057922 0.057547
0.912766 0.049823 0.037411
0.913147 0.079699 0.007154
0.921170 0.070043 0.008787
0.893184 0.062011 0.044805
0.867695 0.071999 0.060306
0.886988 0.068321 0.044691
0.868226 0.093823 0.037951
0.873063 0.075621 0.051316
0.885145 0.062302 0.052552
0.919123 0.069848 0.011029
0.883551 0.045962 0.070487
0.879638 0.094559 0.025803
0.834110 0.087992 0.077897
0.874964 0.067044 0.057992
0.875601 0.081216 0.043183
0.902409 0.039286 0.058305
0.862577 0.069875 0.067548
0.039713 0.434813 0.525474
0.101429 0.307240 0.591331
0.092416 0.388040 0.519544
0.711852 0.122297 0.165851
0.031629 0.431874 0.536498
0.005492 0.463738 0.530770
0.395776 0.265219 0.339005
0.381274 0.267065 0.351661
0.203692 0.265487 0.530821
0.016469 0.073198 0.910333
0.018189 0.433470 0.548340
0.017359 0.416849 0.565792
0.377354 0.313686 0.308960
0.091679 0.345195 0.563126
0.274279 0.348749 0.376972
0.006841 0.450496 0.542663
0.401981 0.250051 0.347969
0.392208 0.277709 0.330082
0.455427 0.234211 0.310362
0.687303 0.125727 0.186969
0.387551 0.299822 0.312627
0.290763 0.349040 0.360197
0.005920 0.417366 0.576714
0.281359 0.339747 0.378894
0.039457 0.435109 0.525434
0.430650 0.262193 0.307157
0.411996 0.279182 0.308822
0.638210 0.150628 0.211162
0.024118 0.428963 0.546919
0.281139 0.376339 0.342522
0.020776 0.416277 0.562947
0.187355 0.260910 0.551735
0.217160 0.287630 0.495210
0.017654 0.429894 0.552452
0.020639 0.428302 0.551059
0.279994 0.382697 0.337308
0.704184 0.154093 0.141724
0.543050 0.213161 0.243788
0.410815 0.263887 0.325298
0.168891 0.309493 0.521616
0.290888 0.357595 0.351517
0.166187 0.262809 0.571004
0.698872 0.117302 0.183827
0.205095 0.276382 0.518523
0.018838 0.437854 0.543308
0.264773 0.363079 0.372148
0.405999 0.247374 0.346628
0.406531 0.243172 0.350297
0.407032 0.254573 0.338396
0.254088 0.355550 0.390362
0.008966 0.435674 0.555360
0.066524 0.345551 0.587925
0.200407 0.276179 0.523413
0.711961 0.127197 0.160842
0.022961 0.462311 0.514727
0.014861 0.423137 0.562002
0.601498 0.193430 0.205072
0.422169 0.285011 0.292820
0.677198 0.171064 0.151739
0.279809 0.378690 0.341501
0.181819 0.299805 0.518375
0.160562 0.310553 0.528885
0.448186 0.280387 0.271427
0.022351 0.475077 0.502572
0.021133 0.417987 0.560880
0.020249 0.431199 0.548551
0.581643 0.183910 0.234447
0.265242 0.310392 0.424366
0.682082 0.148860 0.169058
0.010656 0.431823 0.557521
0.272051 0.384800 0.343150
0.097213 0.356221 0.546566
0.352299 0.320125 0.327575
0.189422 0.268870 0.541708
0.013353 0.432979 0.553667
0.021659 0.414344 0.563997
0.033067 0.411293 0.555640
0.411149 0.257133 0.331718
0.662812 0.144614 0.192573
0.681345 0.148799 0.169856
0.291741 0.296564 0.411695
0.275919 0.350580 0.373500
0.194126 0.276493 0.529381
0.148140 0.303395 0.548465
0.135843 0.266971 0.597186
0.129345 0.234037 0.636618
0.023557 0.248551 0.727892
0.001954 0.436886 0.561160
0.138670 0.121083 0.740247
0.324974 0.248863 0.426162
0.109325 0.305990 0.584685
0.138500 0.284987 0.576513
0.106048 0.316072 0.577880
0.152505 0.277876 0.569619
0.016537 0.230089 0.753374
0.005400 0.438122 0.556478
0.105883 0.374971 0.519146
0.119240 0.142015 0.738745
0.139889 0.177772 0.682339
0.023490 0.431094 0.545416
0.007226 0.425268 0.567506
0.167455 0.203385 0.629160
0.015510 0.450019 0.534471
0.001132 0.213490 0.785378
0.011141 0.438516 0.550342
0.100747 0.424848 0.474405
0.132100 0.152034 0.715865
0.118769 0.194437 0.686793
0.110657 0.348920 0.540423
0.009103 0.428682 0.562215
0.177280 0.210063 0.612657
0.127769 0.251420 0.620811
0.013637 0.455517 0.530846
0.038775 0.244789 0.716436
0.034257 0.440768 0.524975
0.070386 0.405551 0.524064
0.132975 0.187469 0.679557
0.129950 0.122269 0.747781
0.202187 0.287585 0.510228
0.151999 0.225495 0.622505
0.000010 0.200830 0.799160
0.022617 0.435487 0.541896
0.130104 0.171655 0.698241
0.108869 0.141822 0.749309
0.189500 0.254987 0.555513
0.022336 0.052334 0.925330
0.162823 0.302884 0.534293
0.148265 0.230661 0.621074
0.008518 0.228096 0.763386
0.015913 0.414980 0.569107
0.089151 0.427766 0.483083
0.159305 0.178524 0.662171
0.133299 0.119654 0.747047
0.126507 0.263064 0.610429
0.278033 0.270989 0.450977
0.085167 0.308129 0.606704
0.265389 0.245407 0.489205
0.136102 0.238580 0.625318
0.033305 0.256948 0.709748
0.016992 0.425255 0.557753
0.127535 0.152476 0.719989
0.120537 0.367368 0.512095
0.110319 0.281486 0.608195
0.008984 0.435828 0.555189
0.110768 0.289797 0.599436
0.130559 0.285840 0.583602
0.142014 0.237382 0.620604
0.032572 0.238871 0.728557
0.020396 0.424576 0.555028
0.125709 0.168642 0.705649
0.134912 0.168790 0.696298
0.122524 0.297418 0.580058
0.038296 0.363416 0.598288
0.013093 0.412010 0.574896
0.020096 0.209702 0.770203
0.064870 0.327664 0.607466
0.024517 0.326380 0.649103
0.058144 0.218235 0.723622
0.027074 0.332996 0.639930
0.024952 0.358964 0.616083
0.051602 0.332738 0.615660
0.000010 0.127593 0.872397
0.023278 0.245898 0.730824
0.020682 0.338977 0.640342
0.020116 0.340561 0.639323
0.013785 0.224890 0.761325
0.019890 0.237247 0.742863
0.012907 0.325099 0.661994
0.017266 0.338715 0.644018
0.025751 0.282107 0.692142
0.000010 0.150049 0.849941
0.008169 0.114655 0.877176
0.008314 0.127227 0.864459
0.021328 0.291248 0.687424
0.024498 0.388825 0.586676
0.031720 0.348674 0.619606
0.019541 0.199877 0.780581
0.055819 0.132324 0.811857
0.011336 0.326125 0.662539
0.024738 0.269640 0.705622
0.028357 0.317720 0.653923
0.008615 0.123570 0.867815
0.002994 0.136806 0.860200
0.009247 0.121040 0.869713
0.060739 0.241573 0.697689
0.019147 0.373951 0.606902
0.027146 0.299297 0.673557
0.017759 0.274468 0.707773
0.145125 0.320596 0.534279
0.014883 0.296924 0.688194
0.018035 0.338459 0.643506
0.019938 0.351569 0.628493
0.067014 0.356379 0.576608
0.015034 0.134961 0.850005
0.000010 0.098634 0.901356
0.017662 0.213133 0.769205
0.025673 0.366925 0.607402
0.034272 0.390202 0.575526
0.023524 0.207253 0.769223
0.081209 0.349029 0.569761
0.033127 0.326573 0.640300
0.029629 0.341165 0.629206
0.035161 0.289146 0.675693
0.009411 0.130007 0.860582
0.020979 0.240714 0.738306
0.000010 0.124857 0.875133
0.116193 0.281068 0.602738
0.031002 0.334072 0.634926
0.018209 0.101436 0.880355
0.035065 0.303597 0.661338
0.034158 0.342252 0.623589
0.011382 0.349828 0.638790
0.020287 0.336162 0.643551
0.015370 0.121509 0.863121
0.002721 0.128010 0.869268
0.002562 0.243606 0.753832
0.014258 0.279583 0.706159
0.004426 0.353550 0.642024
0.025025 0.317530 0.657445
0.016519 0.288820 0.694661
0.033589 0.336269 0.630142
0.070786 0.341295 0.587920
0.024369 0.167704 0.807927
0.019792 0.322096 0.658112
0.023753 0.348680 0.627566
0.010728 0.092750 0.896521
0.000010 0.131291 0.868699
0.016248 0.246050 0.737703
0.008729 0.282431 0.708840
0.017958 0.368534 0.613508
0.090670 0.342959 0.566370
0.004001 0.180560 0.815439
0.031331 0.287076 0.681594
0.029938 0.333556 0.636506
0.026472 0.340022 0.633507
0.113091 0.290731 0.596178
0.000010 0.119391 0.880599
0.000010 0.158535 0.841455
0.029877 0.351349 0.618775
0.001544 0.239224 0.759231
0.019936 0.292560 0.687504
0.000010 0.175456 0.824534
0.035015 0.250662 0.714322
0.077299 0.442663 0.480038
0.103374 0.300082 0.596544
0.097910 0.284933 0.617157
0.095847 0.348223 0.555930
0.016524 0.271294 0.712181
0.111827 0.462442 0.425731
0.009362 0.036089 0.954550
0.010732 0.436997 0.552272
0.119135 0.296779 0.584086
0.155104 0.392231 0.452665
0.049672 0.225399 0.724930
0.097033 0.477292 0.425675
0.111058 0.482424 0.406518
0.006048 0.038045 0.955907
0.058922 0.423223 0.517855
0.105875 0.431883 0.462242
0.079474 0.354469 0.566057
0.023611 0.434000 0.542390
0.129551 0.431723 0.438725
0.146406 0.386885 0.466709
0.143835 0.406325 0.449841
0.139221 0.422690 0.438089
0.131460 0.453649 0.414891
0.005995 0.067062 0.926943
0.012648 0.435206 0.552147
0.016084 0.419442 0.564474
0.124790 0.257486 0.617724
0.005764 0.234642 0.759594
0.011725 0.415225 0.573050
0.127427 0.422705 0.449868
0.114803 0.408656 0.476540
0.099940 0.491282 0.408777
0.111528 0.456029 0.432443
0.106697 0.255105 0.638198
0.109174 0.381196 0.509630
0.077074 0.412522 0.510404
0.004259 0.215360 0.780381
0.154741 0.374150 0.471109
0.115645 0.403527 0.480828
0.112119 0.478965 0.408915
0.115505 0.456781 0.427714
0.125097 0.440923 0.433980
0.049924 0.294796 0.655280
0.103347 0.312458 0.584195
0.087039 0.396988 0.515973
0.086938 0.431835 0.481227
0.013966 0.214902 0.771132
0.285873 0.386303 0.327824
0.159454 0.405003 0.435543
0.115972 0.477154 0.406874
0.107911 0.488050 0.404039
0.106755 0.457902 0.435344
0.021826 0.431920 0.546254
0.091899 0.348524 0.559577
0.003051 0.206025 0.790924
0.022608 0.039995 0.937397
0.146913 0.398230 0.454856
0.146702 0.377111 0.476187
0.101167 0.437235 0.461598
0.130592 0.447521 0.421886
0.014333 0.023120 0.962547
0.033425 0.319010 0.647565
0.118100 0.422099 0.459801
0.000010 0.227412 0.772578
0.028595 0.050966 0.920439
0.122227 0.368074 0.509698
0.165497 0.358811 0.475692
0.142116 0.424759 0.433125
0.096252 0.490327 0.413421
0.109258 0.448504 0.442237
0.000010 0.056527 0.943463
0.012414 0.226551 0.761034
0.015357 0.191309 0.793334
0.025618 0.278773 0.695609
0.001396 0.279819 0.718784
0.044967 0.401221 0.553812
0.007776 0.362284 0.629940
0.009101 0.398799 0.592100
0.026061 0.262931 0.711008
0.052613 0.237373 0.710014
0.011537 0.319046 0.669417
0.029668 0.353761 0.616571
0.017330 0.280961 0.701709
0.022488 0.161308 0.816203
0.004231 0.246883 0.748887
0.044532 0.378218 0.577250
0.011050 0.284322 0.704628
0.034352 0.243367 0.722281
0.033247 0.277128 0.689626
0.029466 0.304625 0.665910
0.022695 0.264974 0.712332
0.014878 0.169889 0.815233
0.000010 0.215777 0.784213
0.003496 0.380413 0.616091
0.018968 0.368340 0.612692
0.004931 0.256585 0.738484
0.027624 0.241245 0.731131
0.004452 0.263166 0.732382
0.033325 0.306085 0.660590
0.013736 0.311257 0.675007
0.004925 0.271139 0.723936
0.031309 0.171288 0.797403
0.000010 0.277737 0.722253
0.000400 0.210248 0.789352
0.003345 0.353740 0.642916
0.053860 0.262619 0.683521
0.014629 0.298458 0.686913
0.013815 0.317535 0.668650
0.010997 0.341382 0.647621
0.008032 0.244181 0.747787
0.021628 0.245513 0.732859
0.000010 0.214648 0.785342
0.018404 0.286925 0.694671
0.000010 0.382200 0.617790
0.036208 0.373236 0.590556
0.136601 0.270093 0.593306
0.008552 0.257785 0.733662
0.014454 0.197796 0.787750
0.013841 0.344926 0.641234
0.002519 0.344923 0.652558
0.039481 0.279970 0.680549
0.018754 0.174336 0.806910
0.006480 0.256422 0.737098
0.000010 0.237921 0.762069
0.026031 0.374674 0.599295
0.009939 0.403485 0.586576
0.025729 0.269473 0.704797
0.033025 0.227221 0.739754
0.007743 0.328584 0.663673
0.005465 0.295712 0.698822
0.018018 0.333667 0.648315
0.003145 0.251327 0.745528
0.022590 0.162433 0.814977
0.018684 0.221620 0.759697
0.011730 0.384845 0.603424
0.027306 0.380782 0.591912
0.032208 0.252618 0.715174
0.040815 0.286907 0.672279
0.016990 0.352117 0.630893
0.015450 0.311713 0.672838
0.019115 0.310295 0.670589
0.019392 0.221047 0.759560
0.022582 0.186912 0.790506
0.020995 0.299451 0.679555
0.015551 0.299801 0.684648
0.047065 0.379018 0.573917
0.005461 0.353810 0.640729
0.060521 0.273246 0.666233
0.014354 0.275191 0.710455
0.011589 0.338469 0.649942
0.000986 0.329653 0.669361
0.018371 0.337343 0.644286
0.004957 0.219414 0.775629
0.013804 0.214205 0.771991
0.014805 0.314749 0.670446
0.018385 0.282237 0.699377
0.006320 0.289760 0.703919
0.010727 0.169925 0.819348
0.000010 0.177398 0.822592
0.157971 0.294368 0.547662
0.023731 0.380669 0.595600
0.019485 0.266826 0.713689
0.013732 0.256981 0.729287
0.020788 0.275858 0.703354
0.020194 0.375623 0.604184
0.004913 0.284322 0.710765
0.000010 0.157396 0.842594
0.010707 0.150193 0.839100
0.014512 0.432414 0.553074
0.038452 0.395598 0.565950
0.015546 0.282524 0.701930
0.037982 0.317155 0.644864
0.000520 0.207277 0.792204
0.000972 0.197704 0.801324
0.021308 0.202899 0.775793
0.004170 0.325307 0.670522
0.011324 0.266643 0.722033
0.001465 0.228986 0.769549
0.000010 0.220251 0.779739
0.000010 0.241359 0.758631
0.043669 0.265685 0.690646
0.018885 0.187117 0.793998
0.023315 0.246232 0.730453
0.034194 0.277000 0.688807
0.030850 0.328995 0.640155
0.009716 0.211718 0.778566
0.003554 0.163178 0.833268
0.008173 0.254731 0.737097
0.035620 0.285405 0.678975
0.015969 0.260169 0.723862
0.008465 0.362653 0.628882
0.000010 0.167103 0.832887
0.004475 0.214257 0.781268
0.009495 0.279548 0.710957
0.020641 0.312829 0.666531
0.000053 0.250768 0.749179
0.009511 0.210673 0.779816
0.000010 0.149807 0.850183
0.023015 0.256729 0.720256
0.009786 0.257162 0.733051
0.015013 0.276702 0.708286
0.028185 0.268706 0.703109
0.011738 0.259654 0.728608
0.000010 0.178368 0.821622
0.005342 0.177832 0.816825
0.000010 0.150672 0.849318
0.024733 0.166173 0.809095
0.031655 0.116186 0.852159
0.020011 0.138170 0.841819
0.002897 0.146093 0.851010
0.005266 0.145942 0.848793
0.042526 0.097951 0.859523
0.014292 0.235132 0.750576
0.013770 0.167471 0.818759
0.026161 0.180397 0.793442
0.011022 0.132080 0.856898
0.015813 0.141606 0.842581
0.004991 0.268667 0.726342
0.022533 0.152245 0.825222
0.023538 0.151799 0.824663
0.025431 0.165393 0.809176
0.016315 0.159095 0.824590
0.012411 0.153959 0.833631
0.028323 0.119206 0.852472
0.014787 0.257514 0.727698
0.023031 0.268095 0.708874
0.020294 0.281466 0.698240
0.007036 0.301082 0.691882
0.027139 0.275107 0.697754
0.030547 0.250228 0.719225
0.021558 0.245345 0.733097
0.031769 0.248857 0.719374
0.008893 0.305352 0.685756
0.022404 0.207735 0.769861
0.031821 0.230278 0.737901
0.025254 0.310233 0.664513
0.020567 0.262500 0.716933
0.022105 0.234206 0.743689
0.026985 0.225469 0.747546
0.014131 0.271663 0.714206
0.040782 0.257299 0.701919
0.012977 0.287767 0.699256
0.029607 0.286719 0.683674
0.010993 0.282159 0.706849
0.024049 0.274504 0.701448
0.024905 0.348788 0.626308
0.014881 0.273705 0.711414
0.041254 0.303473 0.655273
0.028002 0.261812 0.710186
0.031831 0.227886 0.740283
0.018741 0.260412 0.720847
0.016145 0.291243 0.692612
0.017441 0.283680 0.698879
0.023462 0.249671 0.726868
0.020599 0.277568 0.701833
0.017915 0.132425 0.849660
0.021129 0.144267 0.834604
0.026056 0.118710 0.855234
0.016644 0.168836 0.814520
0.022173 0.170640 0.807187
0.020218 0.130090 0.849692
0.015195 0.192971 0.791834
0.016073 0.207198 0.776728
0.146436 0.099391 0.754173
0.007001 0.142618 0.850381
0.043830 0.155765 0.800406
0.019929 0.273560 0.706511
0.024172 0.135612 0.840216
0.011799 0.293379 0.694823
0.027751 0.185131 0.787118
0.021187 0.133347 0.845466
0.019060 0.130330 0.850610
0.007239 0.170415 0.822346
0.025066 0.085438 0.889496
0.022380 0.197336 0.780284
0.016119 0.120929 0.862951
0.018876 0.111052 0.870072
0.023503 0.128777 0.847720
0.021493 0.153630 0.824877
0.034458 0.082587 0.882955
0.019415 0.093105 0.887480
0.030135 0.130613 0.839251
0.024792 0.116361 0.858847
0.007261 0.137456 0.855283
0.021205 0.146826 0.831969
0.011173 0.169748 0.819079
0.009486 0.142433 0.848082
0.020342 0.130420 0.849238
0.016733 0.154224 0.829043
0.031294 0.227322 0.741384
0.020659 0.109591 0.869749
0.006082 0.135227 0.858691
0.015858 0.148016 0.836126
0.023086 0.143486 0.833429
0.011894 0.159695 0.828411
0.076038 0.185794 0.738168
0.022133 0.159962 0.817905
0.009566 0.110341 0.880093
0.016633 0.181495 0.801872
0.043551 0.118117 0.838332
0.017262 0.227679 0.755059
0.013989 0.311967 0.674045
0.005136 0.240770 0.754094
0.016548 0.264529 0.718922
0.005034 0.241723 0.753243
0.006395 0.246042 0.747563
0.018539 0.147045 0.834416
0.000010 0.336588 0.663402
0.021894 0.270786 0.707320
0.029577 0.297958 0.672465
0.012477 0.226978 0.760545
0.011166 0.166599 0.822235
0.022753 0.187706 0.789541
0.011685 0.173321 0.814994
0.002486 0.330536 0.666978
0.008250 0.160699 0.831052
0.001305 0.273936 0.724758
0.017920 0.179263 0.802817
0.021275 0.132028 0.846697
0.024498 0.148023 0.827480
0.022860 0.128743 0.848397
0.012122 0.171516 0.816362
0.018115 0.193333 0.788552
0.022548 0.189335 0.788117
0.026402 0.135434 0.838164
0.000176 0.222877 0.776947
0.014320 0.212035 0.773645
0.022420 0.258308 0.719272
0.000010 0.217839 0.782151
0.000010 0.324123 0.675867
0.015674 0.261102 0.723223
0.005834 0.202674 0.791492
0.006669 0.310208 0.683123
0.000010 0.294819 0.705171
0.036682 0.303762 0.659556
0.030818 0.191693 0.777489
0.002180 0.195833 0.801987
0.634161 0.181271 0.184568
0.533822 0.205825 0.260354
0.652076 0.147580 0.200344
0.704215 0.116148 0.179637
0.669412 0.179983 0.150604
0.554781 0.199475 0.245744
0.559595 0.211448 0.228957
0.527122 0.199934 0.272944
0.550784 0.205223 0.243993
0.614900 0.183741 0.201359
0.685462 0.152609 0.161929
0.645713 0.171766 0.182521
0.619629 0.191771 0.188600
0.677404 0.163758 0.158838
0.013730 0.446972 0.539298
0.201842 0.286010 0.512148
0.678112 0.167368 0.154520
0.270341 0.365363 0.364296
0.287121 0.366210 0.346669
0.568098 0.166340 0.265562
0.010613 0.432466 0.556921
0.406725 0.259344 0.333931
0.516488 0.203613 0.279900
0.377188 0.308788 0.314024
0.142169 0.387316 0.470514
0.537700 0.220966 0.241334
0.773793 0.134237 0.091970
0.735658 0.075185 0.189158
0.384689 0.265207 0.350105
0.713861 0.118064 0.168075
0.016486 0.444643 0.538871
0.291417 0.322597 0.385986
0.002878 0.442189 0.554934
0.022049 0.401282 0.576669
0.216002 0.259334 0.524664
0.193489 0.295727 0.510784
0.182623 0.269986 0.547391
0.131331 0.294887 0.573781
0.014953 0.432582 0.552465
0.019693 0.432974 0.547333
0.140991 0.144398 0.714610
0.203030 0.379583 0.417387
0.096070 0.402332 0.501597
0.039698 0.431723 0.528579
0.122676 0.473346 0.403978
0.011606 0.051337 0.937057
0.016577 0.374327 0.609096
0.015454 0.049700 0.934846
0.010815 0.000010 0.989175
0.007221 0.050946 0.941834
0.016705 0.047225 0.936069
0.021039 0.106994 0.871968
0.021329 0.031014 0.947657
0.002364 0.029489 0.968147
0.016152 0.034569 0.949279
0.017638 0.021748 0.960614
0.011108 0.032152 0.956740
0.035317 0.029893 0.934790
0.019878 0.070696 0.909426
0.019993 0.012470 0.967537
0.020959 0.017412 0.961629
0.008559 0.002118 0.989323
0.018289 0.012376 0.969335
0.001447 0.115338 0.883215
0.013113 0.047333 0.939554
0.014258 0.032452 0.953290
0.021345 0.043727 0.934927
0.001627 0.029332 0.969040
0.011256 0.046155 0.942588
0.007721 0.056208 0.936072
0.010263 0.036597 0.953140
0.018777 0.034318 0.946905
0.014570 0.042556 0.942875
0.018830 0.052760 0.928409
0.016225 0.106889 0.876886
0.024619 0.134110 0.841271
0.063482 0.048549 0.887970
0.008519 0.160467 0.831014
0.013713 0.053230 0.933057
0.012447 0.118920 0.868633
0.002131 0.034665 0.963203
0.034082 0.122155 0.843763
0.005274 0.050383 0.944343
0.003423 0.055881 0.940697
0.016917 0.078302 0.904781
0.005793 0.072066 0.922140
0.000010 0.042496 0.957494
0.002681 0.214826 0.782493
0.019608 0.053409 0.926983
0.076552 0.092440 0.831008
0.023490 0.100675 0.875834
0.015559 0.046092 0.938349
0.073440 0.129804 0.796756
0.013849 0.137454 0.848697
0.014049 0.086870 0.899081
0.010989 0.111652 0.877358
0.044846 0.045090 0.910063
0.020052 0.047627 0.932321
0.053227 0.079909 0.866864
0.075474 0.090502 0.834024
0.045298 0.074343 0.880358
0.062285 0.083147 0.854567
0.066423 0.095823 0.837754
0.040909 0.060036 0.899055
0.106707 0.090133 0.803161
0.075433 0.075179 0.849388
0.049138 0.031169 0.919693
0.040233 0.092150 0.867617
0.057824 0.079986 0.862190
0.041010 0.145001 0.813989
0.060328 0.048748 0.890924
0.040872 0.102779 0.856350
0.024218 0.026036 0.949746
0.061755 0.116524 0.821721
0.088939 0.094620 0.816442
0.046615 0.071272 0.882112
0.038887 0.040387 0.920726
0.068061 0.130611 0.801328
0.040508 0.057756 0.901736
0.036228 0.054886 0.908886
0.036938 0.067873 0.895189
0.059056 0.084972 0.855972
0.050203 0.062780 0.887017
0.048784 0.089067 0.862149
0.064752 0.109836 0.825411
0.064597 0.075190 0.860212
0.023318 0.094374 0.882308
0.048121 0.088553 0.863326
0.107486 0.068300 0.824215
0.053324 0.000010 0.946666
0.042284 0.039010 0.918705
0.050651 0.026763 0.922587
0.050803 0.096303 0.852894
0.060198 0.103022 0.836780
0.064844 0.066088 0.869068
0.049036 0.077708 0.873256
0.053590 0.086352 0.860058
0.063112 0.039425 0.897463
0.063393 0.085784 0.850824
0.052783 0.064780 0.882438
0.090539 0.045131 0.864330
0.051543 0.091350 0.857107
0.060419 0.059855 0.879726
0.035219 0.095985 0.868796
0.055469 0.081171 0.863360
0.042351 0.099480 0.858169
0.060897 0.026740 0.912363
0.055273 0.071382 0.873345
0.057921 0.075337 0.866741
0.050598 0.084540 0.864862
0.104537 0.140355 0.755109
0.014045 0.111869 0.874086
0.034468 0.047997 0.917535
0.069305 0.092886 0.837809
0.092633 0.097033 0.810333
0.079898 0.129312 0.790790
0.036642 0.025021 0.938337
0.088059 0.073260 0.838680
0.059409 0.098920 0.841671
0.053467 0.029400 0.917133
0.092703 0.108982 0.798315
0.054934 0.093103 0.851963
0.030118 0.059448 0.910434
0.069642 0.057703 0.872655
0.093126 0.094352 0.812521
0.096649 0.093710 0.809641
0.049534 0.108029 0.842437
0.039083 0.035763 0.925154
0.034092 0.024078 0.941830
0.105078 0.096212 0.798710
0.099811 0.077235 0.822954
0.070775 0.079669 0.849557
0.027578 0.080893 0.891528
0.064528 0.114503 0.820968
0.042164 0.016540 0.941295
0.040903 0.113283 0.845814
0.060297 0.128457 0.811246
0.037068 0.143881 0.819051
0.058013 0.106836 0.835151
0.080466 0.108681 0.810852
0.055758 0.027833 0.916409
0.042840 0.076748 0.880413
0.081522 0.088762 0.829716
0.031534 0.083524 0.884941
0.033878 0.090421 0.875701
0.054045 0.050487 0.895468
0.082830 0.039049 0.878121
0.047401 0.111366 0.841233
0.038443 0.057189 0.904368
0.096230 0.146680 0.757090
0.061317 0.073701 0.864982
0.098683 0.097315 0.804002
0.050190 0.095870 0.853940
0.074039 0.049626 0.876335
0.078875 0.086176 0.834948
0.048278 0.052359 0.899363
0.039052 0.073846 0.887102
0.043124 0.070078 0.886798
0.026832 0.007907 0.965261
0.051142 0.081342 0.867516
0.041574 0.068761 0.889665
0.048432 0.107811 0.843757
0.098991 0.073527 0.827482
0.051758 0.065792 0.882451
0.068893 0.078360 0.852747
0.064684 0.114860 0.820455
0.068332 0.111367 0.820301
0.130600 0.086844 0.782556
0.080075 0.085370 0.834555
0.047290 0.096908 0.855801
0.046719 0.097866 0.855415
0.065581 0.091920 0.842499
0.049933 0.068630 0.881437
0.058478 0.072000 0.869523
0.050713 0.073525 0.875762
0.116152 0.099369 0.784479
0.060218 0.052665 0.887117
0.050845 0.064127 0.885028
0.042120 0.000010 0.957870
0.048940 0.092169 0.858891
0.103642 0.093731 0.802627
0.084430 0.092779 0.822791
0.066696 0.076176 0.857128
0.068807 0.064669 0.866524
0.020911 0.002521 0.976568
0.072916 0.081376 0.845708
0.099806 0.093328 0.806866
0.048942 0.072673 0.878385
0.064218 0.182022 0.753760
0.058266 0.093047 0.848687
0.056042 0.072607 0.871351
0.065829 0.052251 0.881920
0.056454 0.127269 0.816277
0.016702 0.077701 0.905597
0.052576 0.051348 0.896076
0.058333 0.043416 0.898251
0.014318 0.168609 0.817073
0.039372 0.043681 0.916947
0.028127 0.048585 0.923288
0.071399 0.084167 0.844434
0.046189 0.065262 0.888549
0.032952 0.114203 0.852845
0.071077 0.095869 0.833053
0.069084 0.067330 0.863586
0.033575 0.091402 0.875023
0.058500 0.071867 0.869633
0.038359 0.069017 0.892624
0.051502 0.027734 0.920764
0.035490 0.063183 0.901328
0.034506 0.058184 0.907310
0.098542 0.043932 0.857526
0.037332 0.029049 0.933619
0.078866 0.070989 0.850145
0.033840 0.077408 0.888751
0.030929 0.056408 0.912664
0.038392 0.095717 0.865891
0.059173 0.053151 0.887676
0.054384 0.097563 0.848053
0.065603 0.035595 0.898803
0.027813 0.059611 0.912576
0.065714 0.129585 0.804701
0.078015 0.109949 0.812036
0.074915 0.108002 0.817083
0.019172 0.092582 0.888246
0.076087 0.139678 0.784236
0.065833 0.052195 0.881972
0.022743 0.091619 0.885638
0.031063 0.137517 0.831421
0.048183 0.081897 0.869920
0.085993 0.120090 0.793917
0.076810 0.101611 0.821580
0.055837 0.098228 0.845935
0.056352 0.082406 0.861243
0.033135 0.126440 0.840425
0.029186 0.099059 0.871754
0.027778 0.058510 0.913712
0.135720 0.098829 0.765450
0.078710 0.109207 0.812082
0.054993 0.169680 0.775327
0.080386 0.081889 0.837726
0.036024 0.081119 0.882857
0.087458 0.159365 0.753178
0.039607 0.087279 0.873115
0.041416 0.134337 0.824247
0.097030 0.115257 0.787713
0.041921 0.004006 0.954073
0.036950 0.103904 0.859146
0.071588 0.158423 0.769990
0.042894 0.094615 0.862491
0.033180 0.015682 0.951139
0.033256 0.056654 0.910090
0.022164 0.092400 0.885436
0.050764 0.104038 0.845199
0.056306 0.102162 0.841532
0.025122 0.123794 0.851083
0.018839 0.086417 0.894744
0.017166 0.046462 0.936372
0.073036 0.121219 0.805745
0.051209 0.069269 0.879522
0.038052 0.115242 0.846705
0.115158 0.097625 0.787217
0.120489 0.062198 0.817312
0.032285 0.054505 0.913210
0.078341 0.035773 0.885885
0.080806 0.138256 0.780938
0.045968 0.070224 0.883808
0.048116 0.046819 0.905065
0.042655 0.047930 0.909416
0.037126 0.040527 0.922347
0.043905 0.062429 0.893666
0.048619 0.091896 0.859485
0.050045 0.018260 0.931695
0.054411 0.100120 0.845469
0.106470 0.097928 0.795602
0.053727 0.101740 0.844532
0.033857 0.072276 0.893867
0.048929 0.128947 0.822124
0.032418 0.066887 0.900695
0.027627 0.167074 0.805299
0.059800 0.075161 0.865039
0.058395 0.072113 0.869492
0.056407 0.090486 0.853107
0.057415 0.099778 0.842807
0.041226 0.079060 0.879714
0.034176 0.022793 0.943031
0.047309 0.082679 0.870012
0.095521 0.109285 0.795194
0.039272 0.040714 0.920014
0.053711 0.078184 0.868105
0.085931 0.146514 0.767555
0.064237 0.079337 0.856426
0.036239 0.071972 0.891789
0.027447 0.145279 0.827274
0.084234 0.167263 0.748503
0.035673 0.111168 0.853159
0.063384 0.000010 0.936606
0.094143 0.130240 0.775617
0.041415 0.111080 0.847505
0.051168 0.108087 0.840745
0.061551 0.087621 0.850828
0.099963 0.121053 0.778984
0.061632 0.146769 0.791599
0.047129 0.024665 0.928205
0.056413 0.014073 0.929514
0.048317 0.111395 0.840287
0.037991 0.105037 0.856972
0.062449 0.053809 0.883742
0.046261 0.058627 0.895112
0.042957 0.066524 0.890519
0.105840 0.092558 0.801602
0.030507 0.036766 0.932727
0.059632 0.141173 0.799195
0.044571 0.079430 0.876000
0.052788 0.080884 0.866328
0.078388 0.064222 0.857391
0.052697 0.028138 0.919165
0.036377 0.125366 0.838258
0.087937 0.146656 0.765408
0.099793 0.096834 0.803373
0.041623 0.048564 0.909813
0.062849 0.061291 0.875860
0.080159 0.078419 0.841422
0.056436 0.002099 0.941465
0.032918 0.107629 0.859453
0.025893 0.051165 0.922943
0.041570 0.069774 0.888656
0.046126 0.058925 0.894949
0.043107 0.010823 0.946070
0.107164 0.091534 0.801303
0.032370 0.146236 0.821394
0.012131 0.185726 0.802142
0.107224 0.099024 0.793752
0.054068 0.095667 0.850265
0.049652 0.140622 0.809726
0.034756 0.032679 0.932564
0.138246 0.188408 0.673347
0.026695 0.054720 0.918585
0.044003 0.061268 0.894729
0.105587 0.117953 0.776461
0.042481 0.093466 0.864053
0.122068 0.119348 0.758583
0.051112 0.106178 0.842710
0.035583 0.078768 0.885649
0.045820 0.082780 0.871400
0.069495 0.085428 0.845077
0.109350 0.063672 0.826977
0.043295 0.062887 0.893818
0.104587 0.149301 0.746111
0.070507 0.010354 0.919139
0.097759 0.125449 0.776792
0.032863 0.057135 0.910002
0.096103 0.109413 0.794484
0.027531 0.127846 0.844624
0.034131 0.047059 0.918810
0.046481 0.020990 0.932529
0.127945 0.118140 0.753916
0.085073 0.131118 0.783809
0.049872 0.120236 0.829892
0.031691 0.019033 0.949276
0.111420 0.098061 0.790519
0.040605 0.092995 0.866400
0.024520 0.143370 0.832110
0.053335 0.051722 0.894943
0.031809 0.112565 0.855626
0.035167 0.097385 0.867448
0.032723 0.082788 0.884489
0.030855 0.224088 0.745057
0.033635 0.065237 0.901128
0.053945 0.130658 0.815397
0.021746 0.120410 0.857844
0.092264 0.105470 0.802266
0.040331 0.111008 0.848661
0.050479 0.089883 0.859638
0.031813 0.096752 0.871435
0.087208 0.109483 0.803308
0.039579 0.013920 0.946501
0.063515 0.096193 0.840292
0.038872 0.053326 0.907802
0.064206 0.071518 0.864276
0.121211 0.098219 0.780570
0.027312 0.028990 0.943698
0.058751 0.081815 0.859434
0.101557 0.131465 0.766978
0.056554 0.060009 0.883437
0.051270 0.104591 0.844139
0.050775 0.126536 0.822689
0.045368 0.074718 0.879914
0.047900 0.051963 0.900137
0.032080 0.061946 0.905974
0.031332 0.093354 0.875314
0.023882 0.094921 0.881197
0.095267 0.116527 0.788205
0.057981 0.091088 0.850931
0.042399 0.051285 0.906317
0.045322 0.000010 0.954668
0.056043 0.063963 0.879994
0.101876 0.098528 0.799597
0.038385 0.045136 0.916479
0.053281 0.075005 0.871715
0.046578 0.019807 0.933615
0.016756 0.123800 0.859444
0.020839 0.177898 0.801262
0.025081 0.139722 0.835197
0.003727 0.173629 0.822644
0.013422 0.230678 0.755899
0.016083 0.172420 0.811497
0.021006 0.164701 0.814293
0.001600 0.315356 0.683044
0.023584 0.148340 0.828075
0.010385 0.119347 0.870268
0.027207 0.110583 0.862210
0.017477 0.260516 0.722007
0.000215 0.324749 0.675036
0.022989 0.132629 0.844381
0.011176 0.159947 0.828877
0.032813 0.202546 0.764641
0.012711 0.149402 0.837887
0.018075 0.103999 0.877926
0.006903 0.264490 0.728607
0.031483 0.143032 0.825486
0.000010 0.376877 0.623113
0.017034 0.133616 0.849350
0.024628 0.189524 0.785848
0.000010 0.329895 0.670095
0.014008 0.141391 0.844601
0.017067 0.113410 0.869523
0.000010 0.272955 0.727035
0.031765 0.165072 0.803163
0.014969 0.137941 0.847090
0.033639 0.167428 0.798932
0.000010 0.441577 0.558413
0.007350 0.472351 0.520299
0.000010 0.411126 0.588864
0.000010 0.412716 0.587274
0.016271 0.445696 0.538033
