0.000010 0.018415 0.009603 0.249067 0.013771 0.017780 0.000010 0.155692 0.309551 0.226101
0.000010 0.007909 0.000010 0.324835 0.014783 0.000010 0.000010 0.073595 0.275351 0.303487
0.000010 0.021991 0.000010 0.246830 0.027419 0.000010 0.000010 0.115695 0.356476 0.231548
0.000010 0.000010 0.001046 0.287212 0.000010 0.000010 0.023602 0.090207 0.292552 0.305342
0.000010 0.000010 0.031985 0.234148 0.018498 0.000010 0.000010 0.136715 0.331196 0.247419
0.000010 0.037112 0.004284 0.259330 0.008994 0.000010 0.000010 0.108936 0.317756 0.263557
0.000010 0.006399 0.000010 0.297712 0.033652 0.000010 0.005308 0.115133 0.278253 0.263512
0.000010 0.000010 0.000010 0.538233 0.000010 0.000010 0.000010 0.000010 0.058984 0.402712
0.000010 0.000010 0.000010 0.537166 0.000010 0.000010 0.000010 0.000010 0.065817 0.396947
0.000010 0.000010 0.000010 0.025340 0.000010 0.006704 0.000010 0.000010 0.000010 0.967886
0.000010 0.000010 0.008891 0.488378 0.038246 0.000010 0.000010 0.000010 0.100812 0.363623
0.000010 0.000010 0.010241 0.537159 0.015322 0.000010 0.000010 0.000010 0.110562 0.326666
0.020963 0.000010 0.011061 0.000010 0.009880 0.028636 0.100504 0.757522 0.071404 0.000010
0.042453 0.016351 0.070218 0.000010 0.031204 0.000010 0.109003 0.575381 0.155360 0.000010
0.002540 0.004297 0.006996 0.015538 0.014404 0.000010 0.015697 0.886213 0.054293 0.000010
0.016904 0.048285 0.052491 0.000010 0.026035 0.022403 0.083259 0.584633 0.154579 0.011401
0.000010 0.016189 0.013800 0.240409 0.022373 0.019364 0.001848 0.102180 0.343288 0.240538
0.000010 0.005200 0.003687 0.242918 0.017050 0.031924 0.000010 0.123739 0.307937 0.267524
0.000010 0.000010 0.000010 0.533472 0.000010 0.000010 0.000010 0.000010 0.049633 0.416824
0.006273 0.000010 0.000010 0.603519 0.000010 0.000010 0.000010 0.000010 0.069427 0.320720
0.000010 0.000010 0.000010 0.555473 0.000010 0.000010 0.000010 0.000010 0.075437 0.369019
0.000010 0.000010 0.000010 0.000010 0.000010 0.000010 0.000010 0.000010 0.000010 0.999910
0.000010 0.003231 0.001901 0.531148 0.052815 0.004398 0.000010 0.000010 0.072290 0.334188
0.000010 0.001285 0.005908 0.497565 0.013755 0.000010 0.016861 0.000010 0.100325 0.364270
0.007122 0.008102 0.000010 0.000010 0.014664 0.011657 0.066880 0.841055 0.050490 0.000010
0.016915 0.017416 0.012521 0.000651 0.012990 0.000010 0.035705 0.789898 0.113666 0.000228
0.005534 0.000010 0.003697 0.025822 0.023774 0.018120 0.000010 0.898681 0.024342 0.000010
0.043105 0.009067 0.042817 0.000010 0.059322 0.014478 0.124604 0.562859 0.143729 0.000010
0.000010 0.014770 0.009536 0.250224 0.035080 0.005047 0.000010 0.087377 0.354868 0.243078
0.000010 0.015899 0.000010 0.254723 0.017199 0.014091 0.035184 0.114231 0.316666 0.231989
0.000010 0.000010 0.000010 0.479369 0.000010 0.000010 0.000010 0.000010 0.096180 0.424381
0.005328 0.000010 0.000010 0.640343 0.010392 0.000010 0.000010 0.000010 0.050842 0.293045
0.000010 0.000010 0.001705 0.061393 0.000012 0.000010 0.000010 0.000011 0.000010 0.936829
0.000010 0.000010 0.000010 0.000010 0.000010 0.000010 0.000010 0.000010 0.000010 0.999910
0.000010 0.019856 0.021369 0.496519 0.015098 0.000010 0.000010 0.000010 0.076292 0.370825
0.000010 0.018196 0.016293 0.492956 0.009420 0.000010 0.015052 0.000010 0.077680 0.370373
0.024942 0.027050 0.000010 0.000010 0.034198 0.000010 0.080006 0.727807 0.105958 0.000010
0.012618 0.000010 0.002111 0.017019 0.013064 0.027876 0.017705 0.830258 0.074818 0.004521
0.002502 0.000010 0.000010 0.000010 0.030651 0.009438 0.071735 0.775958 0.109676 0.000010
0.030387 0.044012 0.022453 0.000010 0.034030 0.028308 0.087932 0.580241 0.167303 0.005323
0.000010 0.043826 0.002826 0.261369 0.000010 0.000010 0.016406 0.119199 0.286970 0.269376
0.000010 0.000010 0.023554 0.236209 0.013530 0.012354 0.041775 0.093494 0.327465 0.251597
0.000010 0.000010 0.000010 0.565314 0.000010 0.000010 0.000010 0.000010 0.062889 0.371727
0.000010 0.000010 0.000010 0.557928 0.000010 0.000010 0.000010 0.000010 0.045858 0.396143
0.000010 0.000010 0.000010 0.000010 0.000010 0.000010 0.000010 0.000010 0.000010 0.999910
0.001142 0.000010 0.000010 0.051359 0.000010 0.000010 0.000010 0.003706 0.000010 0.943734
0.000010 0.000010 0.000010 0.000010 0.000010 0.000010 0.000010 0.000010 0.000010 0.999910
0.000010 0.000010 0.022694 0.499595 0.023882 0.000010 0.000010 0.000010 0.108723 0.345056
0.000010 0.022480 0.035447 0.483258 0.000010 0.000010 0.000010 0.000010 0.082812 0.375953
0.031169 0.026927 0.000010 0.000010 0.026379 0.002027 0.077217 0.702983 0.133268 0.000010
0.010263 0.024220 0.000010 0.028415 0.000010 0.000010 0.000010 0.917260 0.019663 0.000138
0.000010 0.025108 0.000010 0.000010 0.021203 0.009782 0.016391 0.843675 0.083801 0.000010
0.037699 0.026848 0.053635 0.000010 0.013954 0.015309 0.066164 0.637899 0.133385 0.015096
0.016106 0.021892 0.000018 0.000010 0.041973 0.000010 0.038250 0.801291 0.080441 0.000010
0.056269 0.071610 0.141625 0.000010 0.108622 0.018241 0.109667 0.458669 0.035279 0.000010
0.011340 0.031096 0.014344 0.008595 0.016578 0.015192 0.059312 0.805058 0.038475 0.000010
0.019834 0.000010 0.016981 0.000010 0.021270 0.000010 0.066197 0.373168 0.502510 0.000010
0.012321 0.011934 0.041520 0.000010 0.009415 0.014343 0.089437 0.523784 0.277443 0.019793
0.004709 0.004349 0.000010 0.000010 0.000010 0.000010 0.026745 0.335155 0.628992 0.000010
0.023604 0.013653 0.037112 0.000198 0.027476 0.000010 0.065820 0.475363 0.338752 0.018012
0.002247 0.011666 0.051827 0.215210 0.000810 0.003706 0.000010 0.188725 0.298570 0.227229
0.046684 0.022867 0.045321 0.000010 0.000630 0.012078 0.073640 0.722624 0.076135 0.000010
0.000825 0.000010 0.058934 0.000010 0.039758 0.000010 0.112093 0.700218 0.088133 0.000010
0.020406 0.016695 0.009666 0.015703 0.013222 0.000010 0.057874 0.384413 0.458200 0.023809
0.025760 0.009068 0.065100 0.034862 0.008800 0.000010 0.001379 0.200848 0.585083 0.069090
0.019711 0.000336 0.057092 0.000010 0.021176 0.032151 0.020537 0.418714 0.417930 0.012344
0.000010 0.010736 0.046959 0.011761 0.048138 0.000010 0.058768 0.435729 0.359503 0.028384
0.007669 0.000354 0.034572 0.250632 0.039420 0.000010 0.006926 0.144734 0.280123 0.235560
0.000010 0.000010 0.040250 0.243243 0.033399 0.000010 0.000010 0.117899 0.318719 0.246450
0.038778 0.006134 0.040998 0.000010 0.014482 0.000010 0.074668 0.729480 0.095428 0.000010
0.049151 0.047828 0.100047 0.000010 0.095871 0.037862 0.105810 0.490061 0.073350 0.000010
0.031255 0.041714 0.000010 0.000010 0.035961 0.000010 0.044215 0.786113 0.060702 0.000010
0.022745 0.017838 0.035098 0.019732 0.010582 0.000010 0.051294 0.371757 0.470933 0.000010
0.021062 0.026043 0.035329 0.000309 0.032180 0.003384 0.102468 0.463314 0.293063 0.022849
0.017681 0.002370 0.032427 0.000010 0.024426 0.008891 0.069320 0.482117 0.362748 0.000010
0.024245 0.041776 0.012014 0.017829 0.029314 0.000010 0.066859 0.415340 0.356090 0.036523
0.000010 0.035390 0.000010 0.201155 0.042798 0.022026 0.017302 0.175120 0.277503 0.228688
0.000010 0.000010 0.055823 0.222661 0.030555 0.000010 0.016614 0.114920 0.348161 0.211237
0.002216 0.034461 0.019775 0.247276 0.011573 0.000010 0.018502 0.125152 0.299664 0.241372
0.000010 0.000010 0.000010 0.535861 0.000010 0.000010 0.000010 0.000010 0.073151 0.390918
0.000010 0.000010 0.000010 0.000010 0.000010 0.000010 0.000010 0.000010 0.000010 0.999910
0.000010 0.006736 0.000010 0.131578 0.000010 0.000010 0.001351 0.000010 0.001976 0.858309
0.000010 0.000010 0.000010 0.000010 0.000010 0.000010 0.000010 0.000010 0.000010 0.999910
0.019743 0.000010 0.036774 0.557850 0.013545 0.008559 0.000816 0.009333 0.062669 0.290701
0.000010 0.019480 0.021597 0.505104 0.024509 0.000010 0.000010 0.000010 0.066034 0.363237
0.013316 0.000047 0.031840 0.000010 0.051233 0.000010 0.069351 0.721566 0.112617 0.000010
0.016187 0.003404 0.000010 0.018818 0.000010 0.000010 0.000010 0.914005 0.047535 0.000010
0.008256 0.040446 0.026220 0.000010 0.012854 0.000010 0.051839 0.733402 0.126953 0.000010
0.046700 0.063291 0.011464 0.000010 0.063474 0.000010 0.085987 0.562197 0.141140 0.025727
0.000010 0.000010 0.012740 0.245376 0.032075 0.000010 0.026544 0.094083 0.351488 0.237664
0.000010 0.000010 0.014303 0.352242 0.005810 0.000010 0.000010 0.042009 0.215713 0.369883
0.000010 0.000010 0.000010 0.567653 0.000010 0.000010 0.000010 0.000010 0.067728 0.364549
0.000010 0.000010 0.000010 0.524525 0.000010 0.000010 0.000010 0.000010 0.064520 0.410884
0.000010 0.000014 0.000010 0.037422 0.000010 0.000010 0.000010 0.000010 0.000010 0.962494
0.000010 0.000013 0.000010 0.000010 0.000010 0.000010 0.000010 0.000010 0.000010 0.999907
0.000010 0.010988 0.009619 0.505965 0.007127 0.000010 0.007226 0.000010 0.110057 0.348989
0.000010 0.005533 0.011917 0.520370 0.021312 0.010889 0.007065 0.000010 0.081864 0.341030
0.036339 0.028178 0.000656 0.000010 0.018525 0.000010 0.087375 0.706825 0.122072 0.000010
0.000010 0.033681 0.000010 0.000010 0.007180 0.013621 0.046377 0.841726 0.057375 0.000010
0.012771 0.013993 0.049311 0.000010 0.032564 0.043114 0.090033 0.595520 0.148969 0.013714
0.027934 0.009255 0.007933 0.000199 0.033552 0.028200 0.054558 0.764518 0.073841 0.000010
0.062286 0.085867 0.224265 0.000010 0.150592 0.025835 0.159768 0.220425 0.070943 0.000010
0.012505 0.017215 0.020516 0.009633 0.025775 0.018862 0.043574 0.824216 0.023831 0.003872
0.004892 0.000010 0.000010 0.000010 0.027853 0.000187 0.033301 0.313552 0.620176 0.000010
0.029675 0.022141 0.029630 0.000010 0.000010 0.014078 0.041111 0.370574 0.492760 0.000010
0.007128 0.000010 0.066047 0.000010 0.025925 0.000010 0.072569 0.445770 0.377961 0.004569
0.000010 0.008191 0.027287 0.239199 0.042492 0.002521 0.038998 0.127377 0.251463 0.262463
0.000010 0.025049 0.000353 0.244304 0.033969 0.000010 0.000010 0.135092 0.323437 0.237765
0.000010 0.000010 0.000010 0.582209 0.000010 0.000010 0.000010 0.000010 0.061440 0.356281
0.000010 0.000010 0.000010 0.577454 0.000010 0.000010 0.000010 0.000010 0.074888 0.347588
0.000010 0.000010 0.000010 0.000010 0.000010 0.000010 0.000010 0.000010 0.000010 0.999910
0.011428 0.000010 0.000010 0.102308 0.000010 0.000010 0.000010 0.000010 0.000010 0.886194
0.003721 0.000010 0.030094 0.500827 0.013101 0.000010 0.001196 0.000010 0.105151 0.345880
0.016052 0.003237 0.015157 0.000010 0.032015 0.018409 0.087860 0.684305 0.142945 0.000010
0.000010 0.009534 0.008682 0.007439 0.013221 0.000010 0.014844 0.870589 0.075661 0.000010
0.001673 0.000010 0.000010 0.010713 0.000010 0.020258 0.000010 0.900736 0.055767 0.010813
0.057658 0.014838 0.067677 0.000010 0.026849 0.000010 0.097505 0.568949 0.161826 0.004678
0.029364 0.010000 0.042687 0.000010 0.023672 0.000010 0.043713 0.766514 0.077161 0.006869
0.062101 0.068957 0.163159 0.000010 0.082097 0.000010 0.154579 0.412855 0.056221 0.000010
0.031487 0.005480 0.001815 0.000010 0.027558 0.014250 0.074355 0.785385 0.053316 0.006344
0.024790 0.020527 0.000010 0.000010 0.018521 0.000010 0.030598 0.398382 0.505327 0.001824
0.042647 0.000010 0.004764 0.000010 0.000010 0.000010 0.039912 0.312669 0.599958 0.000010
0.016444 0.016779 0.023547 0.000010 0.038768 0.000010 0.062739 0.453895 0.384552 0.003256
0.000010 0.029010 0.033037 0.188516 0.001619 0.000010 0.010210 0.159807 0.395200 0.182583
0.015411 0.018353 0.011117 0.278572 0.003012 0.000767 0.000010 0.099416 0.328433 0.244909
0.000010 0.000010 0.000010 0.613706 0.000010 0.000010 0.000010 0.000010 0.038925 0.347299
0.000010 0.000010 0.000010 0.523904 0.000010 0.000010 0.000010 0.000010 0.058511 0.417515
0.000010 0.000010 0.000010 0.000010 0.000010 0.000010 0.000010 0.000010 0.000010 0.999910
0.000010 0.000010 0.000010 0.000010 0.000010 0.000010 0.000010 0.000010 0.000010 0.999910
0.000329 0.000010 0.036487 0.530375 0.010674 0.000010 0.000010 0.007147 0.073903 0.341055
0.000011 0.007031 0.023132 0.479450 0.009869 0.000010 0.017467 0.000010 0.104637 0.358383
0.040372 0.020847 0.009211 0.000010 0.023419 0.002959 0.126374 0.651471 0.125326 0.000010
0.005307 0.000010 0.000010 0.020151 0.008878 0.000010 0.016307 0.895226 0.054091 0.000010
0.011898 0.000010 0.000010 0.013357 0.012172 0.000010 0.016367 0.910174 0.035991 0.000010
0.047142 0.026936 0.039993 0.000010 0.022867 0.026515 0.113355 0.550878 0.166834 0.005469
0.019974 0.014411 0.053916 0.000010 0.019602 0.018341 0.042444 0.714445 0.116846 0.000010
0.055127 0.063357 0.137438 0.000010 0.102717 0.002805 0.143978 0.424105 0.070452 0.000010
0.031351 0.029106 0.013136 0.000010 0.000010 0.002235 0.083247 0.777563 0.063331 0.000010
0.000010 0.000010 0.003959 0.000010 0.000010 0.000657 0.018475 0.193939 0.782921 0.000010
0.004741 0.003908 0.062237 0.000010 0.043333 0.006312 0.065419 0.431576 0.348300 0.034164
0.014301 0.026360 0.004911 0.044061 0.034670 0.000010 0.063050 0.449338 0.304213 0.059086
0.003902 0.014557 0.000010 0.277696 0.031802 0.004819 0.022393 0.136468 0.231014 0.277339
0.001967 0.024770 0.000010 0.271992 0.006582 0.017285 0.000010 0.117267 0.304939 0.255179
0.000010 0.000010 0.000010 0.543029 0.000010 0.000010 0.000010 0.000010 0.066071 0.390830
0.000010 0.000010 0.000010 0.522742 0.000010 0.000010 0.000010 0.000010 0.054327 0.422861
0.000010 0.000010 0.000010 0.000010 0.000010 0.000020 0.000010 0.000010 0.000010 0.999900
0.000010 0.000010 0.000010 0.000010 0.000010 0.000010 0.000010 0.000010 0.000010 0.999910
0.000010 0.000010 0.000010 0.000010 0.000010 0.000010 0.000010 0.000010 0.000010 0.999910
0.002985 0.013602 0.017727 0.491897 0.019919 0.011173 0.012020 0.000010 0.080601 0.350065
0.000010 0.000010 0.002466 0.515827 0.018855 0.000013 0.000010 0.000010 0.090458 0.372342
0.032794 0.008178 0.038082 0.000010 0.039278 0.000010 0.059891 0.666376 0.155371 0.000010
0.000019 0.000010 0.028456 0.019535 0.012810 0.026082 0.059830 0.775888 0.072105 0.005265
0.007324 0.000010 0.005207 0.020636 0.000010 0.000010 0.005264 0.923036 0.034075 0.004427
0.036429 0.006836 0.052645 0.000010 0.054409 0.006560 0.100703 0.530153 0.203838 0.008417
0.017360 0.034469 0.052159 0.000010 0.034114 0.000010 0.075377 0.682335 0.104157 0.000010
0.046630 0.006008 0.010560 0.005695 0.026497 0.034607 0.025873 0.781069 0.063052 0.000010
0.019261 0.037279 0.035580 0.000010 0.043345 0.003740 0.027139 0.403917 0.429718 0.000010
0.030722 0.029993 0.031540 0.006878 0.009819 0.000010 0.039184 0.349446 0.498106 0.004301
0.016535 0.005049 0.036080 0.012602 0.054682 0.000010 0.053821 0.481473 0.318868 0.020879
0.011423 0.020466 0.003102 0.000010 0.000010 0.009733 0.023347 0.292246 0.639653 0.000010
0.000010 0.000010 0.000010 0.066449 0.000010 0.000010 0.000010 0.933471 0.000010 0.000010
0.000010 0.000010 0.002710 0.242042 0.000010 0.007425 0.057179 0.108721 0.345067 0.236826
0.000010 0.000010 0.000010 0.591347 0.000010 0.000010 0.000010 0.000010 0.051543 0.357039
0.005177 0.000010 0.000010 0.219914 0.000010 0.000010 0.007632 0.000010 0.028604 0.738623
0.000010 0.000010 0.000010 0.000010 0.000016 0.000010 0.000010 0.000010 0.000010 0.999904
0.021615 0.013746 0.050344 0.498537 0.000010 0.001262 0.000010 0.000276 0.068754 0.345447
0.000010 0.009377 0.017006 0.527423 0.008686 0.001169 0.000010 0.000010 0.089561 0.346749
0.016452 0.010899 0.055532 0.000010 0.009340 0.010808 0.008587 0.789633 0.098729 0.000010
0.008018 0.007063 0.000010 0.000010 0.016560 0.013860 0.031822 0.821436 0.101212 0.000010
0.001467 0.024764 0.000010 0.000010 0.016683 0.001769 0.066527 0.798426 0.090334 0.000010
0.044941 0.008106 0.026155 0.000010 0.000010 0.002743 0.077233 0.767200 0.073592 0.000010
0.051159 0.026917 0.156019 0.000010 0.116369 0.017379 0.135659 0.446344 0.050134 0.000010
0.011324 0.024239 0.015091 0.000010 0.000010 0.027003 0.084460 0.776676 0.061177 0.000010
0.016598 0.000010 0.000010 0.000010 0.019859 0.000010 0.039045 0.229115 0.695333 0.000010
0.018759 0.000010 0.035169 0.000010 0.016907 0.000010 0.036008 0.392650 0.488286 0.012190
0.000010 0.047377 0.000637 0.030913 0.025480 0.016604 0.033574 0.212116 0.579792 0.053497
0.000451 0.000010 0.016689 0.000010 0.000010 0.018871 0.041051 0.406618 0.516280 0.000010
0.000010 0.031784 0.003316 0.270635 0.020894 0.008516 0.006838 0.090298 0.267550 0.300159
0.000010 0.000010 0.000010 0.055449 0.000010 0.000010 0.000010 0.944471 0.000010 0.000010
0.000010 0.000010 0.000010 0.529872 0.000010 0.000010 0.000010 0.000010 0.060869 0.409189
0.000010 0.000010 0.000010 0.000010 0.000010 0.000010 0.000012 0.000010 0.000010 0.999908
0.000010 0.000010 0.000010 0.534580 0.000010 0.000010 0.000010 0.000010 0.076522 0.388828
0.000010 0.000010 0.000010 0.560778 0.000010 0.000010 0.000010 0.000010 0.064723 0.374429
0.000010 0.002726 0.009912 0.000010 0.027524 0.036618 0.083476 0.797129 0.034665 0.007929
0.005870 0.024176 0.055416 0.000010 0.014306 0.000010 0.055477 0.350462 0.494262 0.000010
0.066787 0.028569 0.149794 0.000010 0.096845 0.041950 0.123519 0.439909 0.052608 0.000010
0.012526 0.022377 0.012772 0.000010 0.005165 0.000010 0.095822 0.802559 0.045366 0.003393
0.000010 0.000010 0.025916 0.007552 0.013064 0.000010 0.045494 0.332843 0.571855 0.003247
0.017809 0.048992 0.031006 0.000010 0.050184 0.000010 0.039282 0.478270 0.323642 0.010795
0.021131 0.015273 0.009501 0.093694 0.028171 0.000106 0.056023 0.322170 0.333955 0.119977
0.007827 0.000010 0.039322 0.254091 0.008854 0.002931 0.032793 0.145220 0.259089 0.249863
0.000010 0.000010 0.000010 0.057471 0.000010 0.000010 0.000010 0.942449 0.000010 0.000010
0.001966 0.000010 0.000010 0.004075 0.000010 0.000010 0.000513 0.001295 0.000010 0.992100
0.000010 0.000010 0.045942 0.506424 0.029343 0.000010 0.000010 0.000010 0.092850 0.325390
0.000010 0.000010 0.011836 0.525030 0.013617 0.000010 0.015974 0.000010 0.089484 0.344019
0.002797 0.000010 0.009852 0.504017 0.030686 0.000010 0.000010 0.000010 0.103841 0.348767
0.009289 0.000010 0.000010 0.008761 0.005402 0.010385 0.027024 0.874335 0.055270 0.009513
0.002226 0.006975 0.009684 0.000010 0.002766 0.000010 0.071902 0.815574 0.090844 0.000010
0.034033 0.018927 0.036011 0.000010 0.030933 0.014470 0.077531 0.703446 0.084629 0.000010
0.035498 0.014658 0.041205 0.000243 0.000010 0.000010 0.083777 0.782579 0.037422 0.004599
0.065707 0.033274 0.186432 0.000010 0.097247 0.006071 0.108004 0.440926 0.062321 0.000010
0.007340 0.000010 0.021673 0.000010 0.007622 0.000010 0.021169 0.174918 0.767239 0.000010
0.013988 0.008924 0.037470 0.000010 0.027156 0.010199 0.040482 0.378265 0.457257 0.026249
0.021235 0.025594 0.056583 0.016664 0.048768 0.000010 0.037613 0.459857 0.308356 0.025320
0.019111 0.000010 0.052916 0.000010 0.022446 0.000010 0.042539 0.462421 0.390542 0.009995
0.032943 0.017684 0.025306 0.009079 0.006800 0.036420 0.088102 0.463947 0.316967 0.002752
0.000010 0.000010 0.000010 0.060790 0.003244 0.000010 0.000010 0.935896 0.000010 0.000010
0.045390 0.033313 0.140331 0.000010 0.057754 0.008237 0.146555 0.486926 0.081475 0.000010
0.010766 0.029677 0.030933 0.002884 0.019632 0.000010 0.075735 0.766546 0.063806 0.000010
0.014306 0.009401 0.000010 0.000010 0.015689 0.022746 0.040602 0.321283 0.570177 0.005776
0.013495 0.015223 0.018573 0.000010 0.030816 0.000010 0.055891 0.374278 0.474052 0.017653
0.022677 0.016225 0.069978 0.031249 0.005079 0.021324 0.000010 0.195364 0.570863 0.067231
0.023410 0.026262 0.038179 0.000010 0.019562 0.000010 0.064139 0.424266 0.404152 0.000010
0.000010 0.022331 0.018877 0.238265 0.000130 0.031843 0.003251 0.147005 0.239920 0.298370
0.000010 0.000010 0.000010 0.044462 0.000010 0.000010 0.000010 0.955458 0.000010 0.000010
0.000010 0.000010 0.000010 0.050454 0.000010 0.000010 0.000010 0.949466 0.000010 0.000010
0.000010 0.029334 0.041558 0.055027 0.008498 0.000010 0.059664 0.805879 0.000010 0.000010
0.027075 0.015756 0.034944 0.000010 0.015575 0.000010 0.000010 0.867849 0.038760 0.000010
0.017567 0.050969 0.087488 0.025213 0.097293 0.000010 0.122354 0.405671 0.163314 0.030122
0.014382 0.000010 0.000010 0.021855 0.000010 0.000010 0.000010 0.000010 0.938186 0.025518
0.000010 0.000010 0.000010 0.058619 0.000010 0.000010 0.000010 0.005577 0.871301 0.064442
0.000010 0.016083 0.018588 0.000010 0.017176 0.000010 0.000010 0.657900 0.290204 0.000010
0.000516 0.000010 0.006712 0.000010 0.014628 0.000010 0.050901 0.658628 0.268575 0.000010
0.003225 0.006307 0.001312 0.000010 0.025812 0.007829 0.027176 0.666473 0.261846 0.000010
0.003616 0.014511 0.016081 0.059935 0.000010 0.000343 0.029422 0.837179 0.037053 0.001851
0.000010 0.006917 0.000010 0.043795 0.012333 0.000010 0.000010 0.925882 0.000010 0.011023
0.009108 0.013239 0.024765 0.001147 0.000226 0.000010 0.049071 0.839461 0.061930 0.001043
0.031242 0.052860 0.110635 0.038598 0.089427 0.044800 0.072488 0.387239 0.143836 0.028876
0.000010 0.000010 0.000010 0.024942 0.000010 0.000010 0.000010 0.000010 0.917737 0.057251
0.000010 0.000010 0.000010 0.000010 0.000010 0.000010 0.000010 0.036962 0.962958 0.000010
0.026031 0.000010 0.041540 0.000010 0.012154 0.011561 0.021941 0.630542 0.256200 0.000010
0.004066 0.000010 0.000010 0.000010 0.022220 0.003848 0.069307 0.621929 0.278589 0.000010
0.000010 0.000010 0.000010 0.201895 0.000010 0.000010 0.000010 0.781930 0.000010 0.016104
0.026448 0.000011 0.027093 0.000010 0.010382 0.000010 0.022996 0.395943 0.511307 0.005799
0.000010 0.000010 0.000010 0.060193 0.000010 0.000010 0.000010 0.939727 0.000010 0.000010
0.050852 0.031252 0.106539 0.000010 0.095634 0.033734 0.115818 0.472812 0.093338 0.000010
0.040875 0.092581 0.137341 0.000010 0.102780 0.023290 0.094584 0.338948 0.145344 0.024249
0.000010 0.007360 0.000010 0.047621 0.000010 0.003928 0.000010 0.000010 0.869874 0.071167
0.000010 0.000010 0.000010 0.000312 0.000010 0.000010 0.000010 0.000010 0.982416 0.017202
0.013054 0.012204 0.010948 0.000010 0.000010 0.025113 0.022259 0.638473 0.277920 0.000010
0.002877 0.020281 0.008424 0.000257 0.014131 0.000010 0.041073 0.647266 0.265670 0.000010
0.009029 0.000010 0.000010 0.000010 0.005078 0.000010 0.049236 0.651753 0.284855 0.000010
0.000010 0.000010 0.000010 0.125266 0.011381 0.000010 0.000010 0.836313 0.000010 0.026980
0.000010 0.000010 0.000010 0.058027 0.000010 0.000010 0.000010 0.941839 0.000010 0.000064
0.014570 0.005277 0.029459 0.035136 0.026034 0.016000 0.074994 0.795956 0.000010 0.002565
0.053614 0.039495 0.099307 0.000010 0.080890 0.039185 0.131096 0.471928 0.084464 0.000010
0.039992 0.052673 0.118133 0.045293 0.043824 0.025369 0.062985 0.387201 0.192337 0.032194
0.000010 0.000010 0.000010 0.129830 0.000010 0.000010 0.000010 0.000010 0.703739 0.166360
0.003784 0.000540 0.000010 0.018337 0.005689 0.000010 0.000010 0.000010 0.934337 0.037274
0.000010 0.008701 0.001809 0.000010 0.029173 0.000010 0.036725 0.631779 0.291773 0.000010
0.010957 0.024797 0.003314 0.000010 0.010446 0.000010 0.046311 0.617938 0.286208 0.000010
0.000010 0.012038 0.006584 0.000010 0.019145 0.015028 0.024172 0.645292 0.277711 0.000010
0.000010 0.000010 0.000010 0.218600 0.000010 0.000010 0.000010 0.759197 0.000010 0.022133
0.000010 0.000017 0.028290 0.483851 0.017352 0.000010 0.000010 0.000010 0.104534 0.365915
0.000010 0.017432 0.030748 0.516512 0.022233 0.000010 0.000010 0.000010 0.071186 0.341849
0.023960 0.007197 0.048180 0.000010 0.041292 0.002126 0.077377 0.664110 0.135738 0.000010
0.000010 0.000010 0.002289 0.029548 0.000010 0.000010 0.000010 0.924328 0.041898 0.001887
0.039534 0.029118 0.023874 0.000010 0.041999 0.020307 0.096099 0.568033 0.171765 0.009261
0.000010 0.000010 0.000010 0.040144 0.000010 0.000010 0.000010 0.951216 0.000010 0.008570
0.000010 0.000010 0.016397 0.000010 0.010324 0.000010 0.017108 0.904992 0.042508 0.008631
0.031666 0.064771 0.125201 0.000010 0.059834 0.020263 0.119143 0.502571 0.076532 0.000010
0.050070 0.061999 0.057752 0.015370 0.063084 0.021667 0.093184 0.437703 0.158038 0.041133
0.000010 0.000010 0.000010 0.053443 0.000010 0.000010 0.000010 0.000010 0.865048 0.081439
0.000010 0.000010 0.000010 0.011731 0.000010 0.004576 0.000010 0.000010 0.966506 0.017127
0.008344 0.000010 0.006237 0.004130 0.034797 0.000010 0.035811 0.648706 0.261944 0.000010
0.000010 0.049209 0.000010 0.000010 0.018024 0.000010 0.018932 0.643097 0.270687 0.000010
0.006179 0.006799 0.010885 0.004533 0.015019 0.010979 0.044670 0.643240 0.257686 0.000010
0.000010 0.000010 0.012666 0.127810 0.007219 0.010308 0.000010 0.833043 0.008914 0.000010
0.000508 0.000019 0.041568 0.000057 0.000010 0.000010 0.036440 0.850210 0.071169 0.000010
0.075491 0.045624 0.148338 0.000010 0.086210 0.043372 0.137462 0.416378 0.047105 0.000010
0.000010 0.000010 0.000010 0.026738 0.000010 0.000010 0.000010 0.000010 0.945499 0.027693
0.000010 0.000010 0.011823 0.016598 0.000010 0.000831 0.000010 0.000010 0.949848 0.020849
0.000010 0.000010 0.000010 0.090421 0.000010 0.000010 0.000010 0.000010 0.790271 0.119238
0.003002 0.021667 0.003097 0.000010 0.000010 0.009644 0.022024 0.649077 0.291458 0.000010
0.010579 0.023688 0.041322 0.034863 0.014304 0.015345 0.053165 0.806638 0.000086 0.000010
0.009349 0.000010 0.016545 0.000010 0.023487 0.019809 0.063681 0.823385 0.043714 0.000010
0.073343 0.065975 0.129969 0.000010 0.064940 0.018623 0.155784 0.404766 0.086580 0.000010
0.041579 0.048064 0.108109 0.014418 0.075219 0.000010 0.108700 0.398109 0.185701 0.020092
0.000010 0.000010 0.000010 0.028159 0.000010 0.000010 0.000010 0.000010 0.948116 0.023656
0.000010 0.000010 0.000010 0.000569 0.001613 0.000010 0.000010 0.000010 0.973964 0.023794
0.018475 0.000010 0.003279 0.000010 0.009966 0.012789 0.036840 0.649172 0.269450 0.000010
0.000010 0.007171 0.008153 0.000010 0.007953 0.000010 0.035533 0.653017 0.288133 0.000010
0.000010 0.010871 0.000010 0.000010 0.009044 0.011356 0.034604 0.636526 0.297561 0.000010
0.000010 0.000010 0.000010 0.184004 0.000010 0.000010 0.000010 0.804193 0.000010 0.011733
0.002796 0.020931 0.000010 0.059078 0.000010 0.002871 0.056815 0.857434 0.000010 0.000045
0.000010 0.002212 0.028874 0.000010 0.000010 0.000010 0.053126 0.851022 0.064715 0.000010
0.053524 0.041494 0.093079 0.000010 0.096360 0.032039 0.181997 0.413988 0.087500 0.000010
0.020261 0.026448 0.098822 0.022691 0.084458 0.000326 0.104992 0.410424 0.174433 0.057144
0.000010 0.000010 0.000010 0.032154 0.000010 0.000010 0.000010 0.002031 0.929086 0.036669
0.000010 0.011066 0.000010 0.024698 0.000010 0.000010 0.000010 0.000010 0.919113 0.045064
0.011016 0.010271 0.019603 0.000010 0.002662 0.027750 0.032334 0.638509 0.257835 0.000010
0.007123 0.034456 0.000010 0.000010 0.009176 0.028689 0.000011 0.654864 0.265650 0.000010
0.005597 0.023819 0.007385 0.000010 0.019210 0.017983 0.007515 0.624747 0.293726 0.000010
0.009900 0.024575 0.000010 0.057083 0.000011 0.031970 0.030848 0.845584 0.000010 0.000010
0.011025 0.000010 0.034493 0.000010 0.028936 0.000050 0.016493 0.852350 0.056624 0.000010
0.027672 0.044338 0.136742 0.013170 0.076399 0.037278 0.079429 0.373270 0.164299 0.047404
0.000010 0.000010 0.000010 0.020440 0.000010 0.000010 0.000010 0.000010 0.954775 0.024715
0.003361 0.000010 0.000010 0.028882 0.000010 0.000010 0.000620 0.000010 0.933366 0.033721
0.003600 0.000456 0.023246 0.000010 0.000010 0.027015 0.020152 0.621531 0.303969 0.000010
0.017367 0.026318 0.000010 0.049015 0.000010 0.006410 0.078041 0.822809 0.000010 0.000010
0.013001 0.000010 0.040415 0.001431 0.015192 0.000010 0.007942 0.862317 0.059672 0.000010
0.026443 0.067352 0.089127 0.024481 0.080666 0.045335 0.085983 0.415016 0.141051 0.024546
0.000010 0.000010 0.000010 0.011572 0.000010 0.000010 0.000010 0.000010 0.952093 0.036264
0.000010 0.000010 0.000010 0.045459 0.000010 0.000010 0.000010 0.000010 0.906917 0.047554
0.013330 0.033572 0.000010 0.000010 0.001296 0.009572 0.009764 0.657597 0.274840 0.000010
0.002937 0.000227 0.015133 0.000010 0.029131 0.000010 0.009485 0.636180 0.306878 0.000010
0.000010 0.000010 0.000010 0.193937 0.000010 0.000010 0.000010 0.783832 0.000010 0.022162
0.000010 0.000010 0.000010 0.201491 0.000010 0.000010 0.000010 0.787584 0.000010 0.010855
0.023204 0.036097 0.011231 0.004152 0.043366 0.000010 0.089475 0.508289 0.247069 0.037107
0.049540 0.030481 0.032029 0.003954 0.029966 0.000010 0.049145 0.439484 0.349676 0.015715
0.000010 0.020822 0.002548 0.257166 0.000010 0.034073 0.037334 0.087614 0.282296 0.278127
0.011422 0.029123 0.006873 0.051749 0.015432 0.000010 0.034974 0.848882 0.000010 0.001525
0.000010 0.020659 0.009536 0.000010 0.001197 0.017132 0.005941 0.874748 0.068267 0.002501
0.057327 0.033148 0.167835 0.000010 0.111254 0.012337 0.131776 0.436191 0.050111 0.000010
0.000010 0.000010 0.000010 0.048738 0.000010 0.000010 0.005362 0.000010 0.934520 0.011320
0.000010 0.000010 0.000010 0.059155 0.000010 0.000010 0.000010 0.000010 0.880575 0.060200
0.000010 0.023523 0.000010 0.000010 0.000010 0.018134 0.052639 0.624080 0.281575 0.000010
0.011014 0.000010 0.000010 0.000010 0.021554 0.000010 0.046908 0.633863 0.286610 0.000010
0.000010 0.000010 0.000010 0.200793 0.000010 0.000010 0.000010 0.774103 0.000010 0.025034
0.000010 0.000966 0.003793 0.504687 0.024225 0.006250 0.000010 0.000010 0.112874 0.347175
0.000010 0.001041 0.016296 0.000010 0.009336 0.014316 0.014564 0.906381 0.038038 0.000010
0.000010 0.016857 0.000010 0.142283 0.000010 0.000010 0.000010 0.823845 0.000010 0.016954
0.013046 0.021084 0.020979 0.000010 0.000010 0.010604 0.036927 0.626411 0.270920 0.000010
0.000010 0.000010 0.000010 0.027317 0.000010 0.000010 0.000010 0.000010 0.958770 0.013843
0.002819 0.013879 0.000010 0.000010 0.032968 0.002382 0.014668 0.638967 0.294287 0.000010
0.015135 0.057996 0.114819 0.012452 0.084211 0.015295 0.074137 0.431381 0.167092 0.027482
0.044030 0.056428 0.143075 0.000010 0.104036 0.050282 0.086699 0.457331 0.058099 0.000010
0.000010 0.030962 0.023462 0.057078 0.044248 0.000101 0.076156 0.764790 0.000010 0.003181
0.000010 0.000010 0.000010 0.136513 0.000010 0.000010 0.000010 0.000010 0.684096 0.179321
0.000010 0.012926 0.036758 0.000010 0.011142 0.044323 0.063622 0.719393 0.111806 0.000010
0.064488 0.000010 0.000010 0.710819 0.000010 0.000010 0.009725 0.021646 0.006138 0.187143
0.033837 0.000010 0.000010 0.743252 0.012447 0.018528 0.000010 0.008617 0.013712 0.169576
0.033774 0.002815 0.011887 0.770570 0.000010 0.022612 0.006662 0.029408 0.000010 0.122252
0.057328 0.000010 0.002649 0.790274 0.000010 0.004049 0.020967 0.014798 0.000010 0.109905
0.143580 0.034626 0.132830 0.000010 0.072005 0.013367 0.311263 0.269274 0.023035 0.000010
0.126384 0.065263 0.161705 0.000010 0.084046 0.000010 0.239872 0.259984 0.062714 0.000010
0.135306 0.053982 0.125189 0.000010 0.069740 0.005006 0.310078 0.256381 0.044298 0.000010
0.154449 0.066076 0.111782 0.000010 0.049756 0.004566 0.300385 0.268704 0.044262 0.000010
0.022125 0.000010 0.025012 0.688204 0.002665 0.006514 0.003300 0.052733 0.024439 0.174998
0.002204 0.000010 0.000010 0.647637 0.000010 0.000010 0.000010 0.000010 0.058591 0.291509
0.021269 0.000010 0.000010 0.676656 0.000010 0.000010 0.000010 0.000010 0.048242 0.253773
0.004345 0.000010 0.007364 0.655029 0.021874 0.000010 0.000010 0.000010 0.040335 0.271013
0.007838 0.000010 0.000010 0.660755 0.000010 0.000010 0.000010 0.000010 0.058675 0.272671
0.014211 0.000010 0.000010 0.658165 0.018033 0.000010 0.003917 0.000010 0.039481 0.266153
0.022747 0.000010 0.000010 0.743526 0.010160 0.000010 0.015072 0.023055 0.010601 0.174809
0.026367 0.000010 0.000010 0.631180 0.000010 0.000010 0.000010 0.000010 0.051048 0.291345
0.064920 0.000010 0.067153 0.466856 0.002284 0.018522 0.109577 0.029913 0.072191 0.168575
0.084309 0.007367 0.003826 0.760542 0.000010 0.000010 0.000010 0.143907 0.000010 0.000010
0.056538 0.000010 0.000010 0.784249 0.000010 0.000010 0.039760 0.013709 0.001738 0.103966
0.065633 0.000010 0.002252 0.800692 0.000010 0.016423 0.008814 0.021655 0.000010 0.084502
0.054989 0.010136 0.000175 0.808398 0.000010 0.000010 0.021533 0.021756 0.000010 0.082983
0.040878 0.000668 0.004493 0.792120 0.000010 0.036978 0.012150 0.025092 0.000010 0.087601
0.055661 0.018061 0.000010 0.814509 0.000010 0.000010 0.018126 0.039680 0.000010 0.053923
0.032120 0.000010 0.022707 0.737074 0.000010 0.012208 0.001071 0.012657 0.006344 0.175799
0.048669 0.019051 0.005801 0.803759 0.000010 0.007006 0.003137 0.034589 0.000010 0.077968
0.066262 0.003742 0.019573 0.778847 0.000010 0.001248 0.023578 0.005874 0.000010 0.100856
0.071153 0.004813 0.050861 0.784631 0.000010 0.000010 0.000010 0.000010 0.000010 0.088492
0.047934 0.018437 0.000010 0.767716 0.000010 0.000010 0.014787 0.042649 0.000010 0.108436
0.017081 0.029307 0.000010 0.771547 0.000010 0.000010 0.005607 0.000010 0.022214 0.154204
0.004063 0.017231 0.000010 0.729621 0.000010 0.015517 0.003121 0.018391 0.017712 0.194323
0.024108 0.000010 0.000010 0.803708 0.002306 0.019793 0.027415 0.000010 0.000010 0.122631
0.029633 0.007283 0.000010 0.762645 0.000010 0.002802 0.000010 0.042497 0.000010 0.155100
0.014157 0.019538 0.025521 0.760767 0.000010 0.000010 0.000010 0.022429 0.017607 0.139952
0.011772 0.005810 0.000010 0.804719 0.027147 0.015090 0.002998 0.003218 0.005176 0.124060
0.005214 0.000010 0.000010 0.785689 0.021798 0.008072 0.010213 0.010131 0.019944 0.138919
0.026681 0.013516 0.000010 0.788958 0.006561 0.000010 0.000010 0.000010 0.022537 0.141707
0.017162 0.000010 0.000010 0.775106 0.017467 0.016283 0.000010 0.001775 0.021042 0.151136
0.038734 0.008527 0.000010 0.727495 0.000010 0.005355 0.022245 0.005272 0.000010 0.192342
0.035362 0.005350 0.000010 0.725470 0.000010 0.000010 0.024075 0.017608 0.004286 0.187818
0.068304 0.005555 0.000010 0.756647 0.003817 0.000010 0.000010 0.038388 0.000010 0.127248
0.044922 0.006706 0.000010 0.823865 0.006436 0.000010 0.000010 0.039240 0.000010 0.078791
0.050603 0.003814 0.000010 0.821110 0.024465 0.000010 0.000010 0.021089 0.000010 0.078877
0.038822 0.009924 0.000010 0.876517 0.000010 0.022075 0.000010 0.000821 0.000010 0.051802
0.045412 0.023492 0.000010 0.912716 0.000515 0.001404 0.000010 0.000010 0.000010 0.016421
0.021903 0.011342 0.000010 0.921900 0.013023 0.000010 0.000010 0.014797 0.000010 0.016995
0.019098 0.009909 0.000010 0.929416 0.021117 0.000010 0.000010 0.000010 0.000010 0.020410
0.035506 0.000010 0.027838 0.730192 0.000010 0.000010 0.014082 0.034073 0.000010 0.158268
0.038770 0.000010 0.044312 0.754418 0.000010 0.014531 0.000010 0.014513 0.000010 0.133416
0.056230 0.000010 0.028161 0.710502 0.000010 0.004615 0.000010 0.025407 0.000010 0.175045
0.018640 0.010328 0.000010 0.783549 0.010417 0.000010 0.011676 0.013080 0.009010 0.143280
0.053857 0.000010 0.000010 0.731048 0.000010 0.000010 0.019290 0.000010 0.005945 0.189810
0.042385 0.000010 0.000203 0.847285 0.000010 0.000010 0.030933 0.023121 0.000010 0.056034
0.032797 0.008547 0.002838 0.769205 0.032184 0.000010 0.000010 0.003014 0.000958 0.150436
0.036759 0.000010 0.000010 0.737879 0.000010 0.000010 0.000010 0.015501 0.034410 0.175402
0.027112 0.000010 0.000010 0.760184 0.000557 0.006087 0.024917 0.022914 0.000010 0.158198
0.010532 0.005565 0.000010 0.825950 0.009449 0.007411 0.019604 0.018605 0.000010 0.102864
0.024796 0.009735 0.000010 0.809268 0.000010 0.012246 0.000010 0.004669 0.000010 0.139246
0.003546 0.008601 0.000010 0.779168 0.014868 0.002995 0.005312 0.052533 0.001436 0.131532
0.030002 0.025556 0.000010 0.726468 0.007671 0.000010 0.000010 0.000010 0.022705 0.187558
0.050551 0.010539 0.013118 0.773388 0.000010 0.000010 0.007166 0.033155 0.000010 0.112054
0.046906 0.000010 0.019299 0.730596 0.000010 0.000010 0.029395 0.003984 0.000010 0.169781
0.031145 0.003480 0.025783 0.681854 0.003568 0.000010 0.013843 0.031884 0.000010 0.208423
0.047614 0.000010 0.006460 0.792961 0.000010 0.012742 0.027705 0.000010 0.000010 0.112478
0.075421 0.011071 0.024646 0.802109 0.000010 0.005830 0.000010 0.000010 0.000010 0.080883
0.027104 0.004413 0.037990 0.707782 0.000010 0.002231 0.000010 0.012766 0.004090 0.203604
0.050868 0.000010 0.000010 0.811164 0.000010 0.003917 0.008824 0.050305 0.000010 0.074882
0.029776 0.022760 0.001869 0.748903 0.000010 0.000010 0.000010 0.034830 0.000010 0.161822
0.034775 0.000010 0.000010 0.742050 0.009974 0.011110 0.027811 0.000010 0.006881 0.167369
0.037506 0.000010 0.017074 0.858971 0.000010 0.000010 0.023270 0.004780 0.000010 0.058359
0.070782 0.000010 0.009184 0.781985 0.000011 0.000010 0.029505 0.027751 0.000010 0.080753
0.055131 0.006774 0.000010 0.798703 0.000010 0.015151 0.000010 0.040030 0.000010 0.084172
0.045829 0.011132 0.000010 0.796942 0.003186 0.015618 0.004328 0.024487 0.000010 0.098458
0.052575 0.000010 0.000010 0.772952 0.010113 0.016996 0.009936 0.018852 0.000010 0.118547
0.115478 0.000010 0.094014 0.420295 0.002871 0.047380 0.149672 0.093182 0.001478 0.075620
0.023487 0.000010 0.001512 0.668351 0.032100 0.000010 0.012617 0.000010 0.020940 0.240963
0.028067 0.000010 0.000010 0.685845 0.000010 0.005393 0.010986 0.000010 0.026923 0.242746
0.018466 0.003487 0.000010 0.667957 0.000010 0.001725 0.023229 0.000010 0.034623 0.250481
0.014429 0.000754 0.004709 0.687540 0.006764 0.000010 0.000010 0.000010 0.046658 0.239116
0.029081 0.000010 0.000010 0.684010 0.025692 0.000010 0.010746 0.000010 0.030662 0.219769
0.014290 0.003420 0.000010 0.678023 0.000334 0.016511 0.002778 0.000010 0.031474 0.253150
0.011005 0.000010 0.000010 0.678990 0.007048 0.000010 0.000010 0.006106 0.047346 0.249464
0.000010 0.000010 0.000010 0.672990 0.005551 0.000010 0.000010 0.014426 0.039886 0.267098
0.024171 0.005944 0.000010 0.721887 0.003211 0.010224 0.009701 0.006240 0.023224 0.195389
0.048787 0.001802 0.022935 0.749383 0.000010 0.000010 0.009586 0.023642 0.000010 0.143834
0.033677 0.000010 0.002039 0.715369 0.014634 0.000044 0.008440 0.002971 0.030019 0.192796
0.034667 0.000010 0.004834 0.716069 0.001939 0.006089 0.000010 0.031987 0.029471 0.174924
0.034092 0.000165 0.007241 0.710312 0.000010 0.019497 0.002433 0.018378 0.023030 0.184842
0.037053 0.016462 0.000010 0.726099 0.011295 0.000010 0.004666 0.005336 0.017988 0.181081
0.011170 0.001108 0.000010 0.692362 0.000010 0.000010 0.000010 0.004711 0.046894 0.243715
0.029835 0.002188 0.000010 0.720823 0.008287 0.011868 0.037113 0.000010 0.001763 0.188104
0.025401 0.000010 0.004310 0.699666 0.000010 0.000010 0.000010 0.048831 0.018438 0.203314
0.072555 0.000010 0.003571 0.764667 0.007720 0.001870 0.028731 0.024525 0.000010 0.096341
0.039656 0.000010 0.000010 0.746857 0.008221 0.012995 0.021187 0.009800 0.007680 0.153584
0.049168 0.000010 0.000010 0.699418 0.011772 0.000010 0.022279 0.012920 0.008082 0.196331
0.014011 0.028476 0.004466 0.715913 0.000875 0.010019 0.000698 0.007773 0.006830 0.210938
0.056736 0.000010 0.011491 0.759463 0.000010 0.000789 0.032039 0.009991 0.000010 0.129461
0.179712 0.068675 0.159149 0.017870 0.000010 0.009457 0.354480 0.156774 0.053864 0.000010
0.206826 0.008140 0.230353 0.076955 0.040025 0.053957 0.284485 0.083432 0.010718 0.005109
0.189523 0.031439 0.227145 0.083438 0.000010 0.017161 0.269053 0.182210 0.000010 0.000010
0.062769 0.026068 0.051566 0.522884 0.000010 0.011150 0.069982 0.026426 0.031573 0.197573
0.184312 0.051907 0.140710 0.015391 0.007639 0.006404 0.410711 0.158593 0.024322 0.000010
0.200564 0.053494 0.153136 0.000010 0.003777 0.000010 0.380954 0.171745 0.036300 0.000010
0.156466 0.031564 0.065993 0.340077 0.007207 0.056000 0.181906 0.085818 0.023173 0.051796
0.128027 0.029293 0.068960 0.300778 0.034895 0.049235 0.189526 0.094217 0.028132 0.076936
0.158493 0.026688 0.254519 0.151426 0.025612 0.029751 0.216808 0.085186 0.011327 0.040191
0.016225 0.835309 0.052907 0.000010 0.035797 0.009804 0.042200 0.006275 0.001461 0.000010
0.232169 0.073173 0.138185 0.000010 0.000010 0.000010 0.393473 0.136208 0.026752 0.000010
0.186953 0.041652 0.174672 0.003332 0.059552 0.001626 0.361934 0.170131 0.000140 0.000010
0.180376 0.016710 0.061256 0.315824 0.008993 0.034142 0.176737 0.128916 0.020754 0.056293
0.221488 0.016647 0.227305 0.076664 0.003351 0.067421 0.254353 0.132752 0.000010 0.000010
0.247220 0.011093 0.085634 0.265030 0.000010 0.013790 0.251848 0.125355 0.000010 0.000010
0.178580 0.059237 0.157089 0.000010 0.018398 0.011705 0.361865 0.195730 0.017377 0.000010
0.131916 0.031517 0.106386 0.311647 0.000010 0.029001 0.202189 0.086171 0.012810 0.088354
0.162648 0.010716 0.066665 0.308797 0.023578 0.029234 0.209281 0.087508 0.023529 0.078044
