0.310205 0.000010 0.220223 0.018021 0.023873 0.000010 0.016902 0.156796 0.000010 0.253950
0.273882 0.006869 0.294667 0.007200 0.007892 0.000010 0.000010 0.076740 0.000010 0.332719
0.354475 0.024614 0.225089 0.021247 0.005555 0.000010 0.000010 0.116452 0.000010 0.252538
0.291186 0.015169 0.297372 0.000010 0.001562 0.000010 0.000010 0.092948 0.008169 0.293563
0.330338 0.001466 0.240405 0.000010 0.046114 0.000010 0.000010 0.140766 0.000010 0.240870
0.316867 0.003753 0.256997 0.036253 0.010987 0.000010 0.000010 0.109286 0.000945 0.264891
0.278502 0.031156 0.257096 0.007403 0.007427 0.000010 0.000010 0.115607 0.000010 0.302780
0.061374 0.000010 0.391328 0.000010 0.000010 0.000010 0.000010 0.000010 0.000010 0.547228
0.067485 0.000010 0.382897 0.000010 0.000010 0.000010 0.000010 0.000010 0.000010 0.549548
0.000010 0.000010 0.966895 0.000010 0.000010 0.000010 0.006235 0.000010 0.000010 0.026801
0.100065 0.016478 0.350942 0.000010 0.031953 0.000010 0.000010 0.000010 0.001912 0.498610
0.109456 0.009889 0.313045 0.000010 0.019408 0.000010 0.000010 0.000010 0.000010 0.548152
0.069238 0.046457 0.000010 0.000010 0.002674 0.099742 0.027992 0.743755 0.010110 0.000010
0.155572 0.041142 0.000010 0.019193 0.057586 0.165796 0.000010 0.551061 0.009619 0.000010
0.053007 0.000018 0.000010 0.004009 0.002214 0.057040 0.000010 0.870385 0.000010 0.013297
0.154392 0.043866 0.010874 0.047672 0.052178 0.093635 0.022001 0.571812 0.003560 0.000010
0.343074 0.015007 0.234500 0.015922 0.024076 0.000010 0.018952 0.102718 0.000010 0.245731
0.307308 0.000184 0.261068 0.004358 0.021988 0.000010 0.029268 0.127107 0.000010 0.248699
0.051534 0.000010 0.403376 0.000010 0.000010 0.000010 0.000010 0.000010 0.000010 0.545019
0.068357 0.001066 0.305834 0.000010 0.000010 0.000010 0.000010 0.000010 0.009312 0.615381
0.077597 0.000010 0.355732 0.000010 0.000010 0.000010 0.000010 0.000010 0.000010 0.566601
0.000010 0.000010 0.999910 0.000010 0.000010 0.000010 0.000010 0.000010 0.000010 0.000010
0.073744 0.024504 0.321167 0.003637 0.030127 0.000010 0.005073 0.000010 0.000010 0.541718
0.100219 0.026346 0.352257 0.000010 0.012306 0.000010 0.000010 0.000010 0.001946 0.506887
0.048252 0.028977 0.000010 0.007347 0.000010 0.078488 0.009741 0.827155 0.000010 0.000010
0.112496 0.015091 0.000010 0.017941 0.011677 0.047592 0.000010 0.780692 0.014481 0.000010
0.021591 0.000010 0.000010 0.000010 0.018725 0.000010 0.016827 0.898683 0.020335 0.023799
0.143925 0.076413 0.000010 0.011314 0.046736 0.152561 0.013177 0.542194 0.013659 0.000010
0.352921 0.023120 0.236929 0.012682 0.026478 0.000010 0.002342 0.088192 0.001866 0.255460
0.317056 0.033612 0.225578 0.016480 0.001966 0.017882 0.014076 0.113327 0.000010 0.260011
0.097915 0.000010 0.412002 0.000010 0.000010 0.000010 0.000010 0.000010 0.000010 0.490013
0.056451 0.008518 0.278083 0.000010 0.000010 0.000010 0.000015 0.000010 0.003070 0.653822
0.000010 0.000010 0.935444 0.000010 0.000010 0.000010 0.000010 0.000344 0.000010 0.064141
0.000010 0.000010 0.999910 0.000010 0.000010 0.000010 0.000010 0.000010 0.000010 0.000010
0.076259 0.009882 0.358829 0.017497 0.031394 0.000010 0.000010 0.000010 0.000010 0.506099
0.078664 0.022067 0.358778 0.016733 0.021603 0.000010 0.000010 0.000010 0.000010 0.502116
0.105970 0.038914 0.000010 0.028810 0.000010 0.120193 0.000010 0.706062 0.000010 0.000010
0.074525 0.000010 0.002087 0.000010 0.003454 0.049851 0.028439 0.819184 0.004542 0.017897
0.107865 0.050117 0.000010 0.000010 0.000010 0.068533 0.009480 0.763955 0.000010 0.000010
0.166836 0.055366 0.004843 0.045032 0.021428 0.098526 0.028139 0.566199 0.013620 0.000010
0.285961 0.015832 0.262000 0.041533 0.004912 0.000010 0.000010 0.121878 0.000010 0.267854
0.327230 0.038737 0.245206 0.000010 0.027094 0.013505 0.011406 0.094843 0.000010 0.241958
0.065172 0.000010 0.357968 0.000010 0.000010 0.000010 0.000010 0.000010 0.000010 0.576789
0.047372 0.000010 0.381813 0.000010 0.000010 0.000010 0.000010 0.000010 0.000010 0.570744
0.000010 0.000010 0.999910 0.000010 0.000010 0.000010 0.000010 0.000010 0.000010 0.000010
0.000010 0.000010 0.943329 0.000010 0.000010 0.008023 0.000010 0.000010 0.000010 0.048578
0.000010 0.000010 0.999910 0.000010 0.000010 0.000010 0.000010 0.000010 0.000010 0.000010
0.110881 0.009691 0.333604 0.000010 0.036990 0.000010 0.000010 0.000010 0.000010 0.508784
0.084415 0.000010 0.364546 0.021465 0.037141 0.000010 0.000010 0.000010 0.000010 0.492382
0.132128 0.044031 0.000010 0.028379 0.000010 0.090050 0.000958 0.688564 0.015860 0.000010
0.015960 0.000010 0.000010 0.019508 0.000010 0.026409 0.000010 0.903138 0.008680 0.026266
0.082977 0.017381 0.000010 0.025462 0.006426 0.015100 0.011213 0.841410 0.000010 0.000010
0.133291 0.018252 0.015047 0.028625 0.038974 0.115563 0.016775 0.618849 0.014613 0.000010
0.077675 0.031638 0.000010 0.023881 0.009906 0.055476 0.000010 0.791988 0.009406 0.000010
0.036632 0.089648 0.000010 0.073629 0.162731 0.155082 0.016864 0.440440 0.024955 0.000010
0.037281 0.025569 0.000010 0.031753 0.012097 0.075083 0.014913 0.793770 0.002477 0.007045
0.501290 0.041172 0.000010 0.000010 0.017823 0.059093 0.000010 0.364737 0.015845 0.000010
0.276471 0.030242 0.019649 0.012930 0.027632 0.112919 0.014416 0.505721 0.000010 0.000010
0.626768 0.000020 0.000010 0.001609 0.000010 0.050744 0.000010 0.320809 0.000010 0.000010
0.338267 0.025816 0.018703 0.015727 0.031615 0.109232 0.000010 0.457843 0.002777 0.000010
0.297626 0.000010 0.222189 0.009050 0.047487 0.019871 0.001400 0.182775 0.000010 0.219582
0.075964 0.006059 0.000010 0.025382 0.024411 0.136840 0.012791 0.700804 0.017728 0.000010
0.085794 0.068837 0.000010 0.000010 0.060992 0.095556 0.000010 0.688770 0.000010 0.000010
0.456964 0.031865 0.023318 0.016379 0.006650 0.062696 0.000010 0.374702 0.010940 0.016475
0.582603 0.000010 0.068865 0.006907 0.060859 0.026842 0.000010 0.194766 0.023463 0.035674
0.417234 0.008905 0.011944 0.000026 0.060112 0.040245 0.032301 0.412322 0.016901 0.000010
0.359049 0.045386 0.027786 0.010827 0.053291 0.070307 0.000010 0.422099 0.000010 0.011234
0.279946 0.024188 0.228413 0.000010 0.050821 0.005280 0.000010 0.144529 0.010380 0.256422
0.314863 0.022051 0.238589 0.000010 0.054258 0.000010 0.000010 0.118730 0.001472 0.250007
0.095905 0.014852 0.000010 0.008376 0.026859 0.138006 0.000010 0.704960 0.011012 0.000010
0.075055 0.086637 0.000010 0.049861 0.119017 0.140364 0.036540 0.472587 0.019918 0.000010
0.059354 0.036186 0.000010 0.042251 0.009083 0.040898 0.000010 0.780096 0.032101 0.000010
0.470298 0.015313 0.000010 0.018478 0.026416 0.082212 0.001400 0.358426 0.007190 0.020257
0.292494 0.059331 0.022690 0.027315 0.032063 0.110136 0.002984 0.448903 0.003493 0.000590
0.362649 0.025897 0.000010 0.003654 0.026905 0.107467 0.009532 0.463866 0.000010 0.000010
0.355067 0.046879 0.035778 0.042112 0.015246 0.062272 0.000010 0.406597 0.018060 0.017979
0.275941 0.048891 0.222460 0.032822 0.019240 0.000010 0.018766 0.175544 0.000010 0.206317
0.348846 0.025226 0.205922 0.000010 0.062705 0.016429 0.000010 0.113616 0.000010 0.227226
0.299408 0.010846 0.235799 0.033786 0.021041 0.027028 0.000010 0.120285 0.000010 0.251787
0.074899 0.000010 0.377519 0.000010 0.000010 0.000010 0.000010 0.000010 0.000010 0.547513
0.000010 0.000010 0.999910 0.000010 0.000010 0.000010 0.000010 0.000010 0.000010 0.000010
0.002928 0.000010 0.854836 0.007114 0.000010 0.000010 0.000010 0.000010 0.000010 0.135063
0.000010 0.000010 0.999910 0.000010 0.000010 0.000010 0.000010 0.000010 0.000010 0.000010
0.063115 0.005859 0.278229 0.000010 0.039518 0.017547 0.007693 0.008008 0.011937 0.568085
0.067216 0.006665 0.350453 0.019004 0.039839 0.000010 0.000010 0.000010 0.001178 0.515615
0.111747 0.054289 0.000010 0.000010 0.043142 0.072998 0.000010 0.710889 0.006894 0.000010
0.045708 0.000010 0.000010 0.000126 0.000010 0.008326 0.000010 0.907460 0.021881 0.016459
0.124862 0.007562 0.000010 0.041326 0.017920 0.093926 0.000010 0.714363 0.000010 0.000010
0.142114 0.058840 0.025484 0.067190 0.020769 0.122159 0.000010 0.542690 0.020735 0.000010
0.350842 0.043656 0.231264 0.000010 0.026018 0.000010 0.000010 0.097093 0.000010 0.251087
0.214789 0.001922 0.360784 0.000010 0.018608 0.000010 0.000010 0.043899 0.000010 0.359958
0.069997 0.000010 0.351431 0.000010 0.000010 0.000010 0.000010 0.000010 0.000010 0.578502
0.066285 0.000010 0.396673 0.000010 0.000010 0.000010 0.000010 0.000010 0.000010 0.536972
0.000010 0.000010 0.960325 0.000010 0.000010 0.000010 0.000010 0.000010 0.000010 0.039595
0.000010 0.000010 0.999910 0.000010 0.000010 0.000010 0.000010 0.000010 0.000010 0.000010
0.110681 0.009459 0.337655 0.010832 0.011226 0.005783 0.000010 0.000010 0.000010 0.514335
0.083220 0.021065 0.329194 0.004782 0.022583 0.000010 0.009832 0.000010 0.000010 0.529295
0.120267 0.050106 0.000010 0.027632 0.000010 0.076045 0.000010 0.696680 0.029230 0.000010
0.055826 0.013161 0.000010 0.034218 0.000010 0.056017 0.011942 0.828796 0.000010 0.000010
0.148291 0.045056 0.013277 0.014910 0.044587 0.114007 0.042328 0.577524 0.000010 0.000010
0.073002 0.037884 0.000010 0.009750 0.013364 0.063954 0.027375 0.752983 0.021667 0.000010
0.073647 0.130475 0.000010 0.087971 0.254290 0.207509 0.023413 0.200057 0.022618 0.000010
0.022969 0.016316 0.003156 0.018024 0.021295 0.075744 0.020777 0.810951 0.002037 0.008730
0.619984 0.030368 0.000010 0.000010 0.000010 0.040795 0.002657 0.306147 0.000010 0.000010
0.492464 0.000010 0.000010 0.024030 0.014619 0.084922 0.015946 0.356130 0.011860 0.000010
0.376385 0.045814 0.004626 0.000010 0.065584 0.065435 0.000010 0.438366 0.003760 0.000010
0.251384 0.047633 0.256477 0.007609 0.040158 0.026256 0.001494 0.125117 0.000010 0.243862
0.321039 0.027293 0.231330 0.022362 0.014047 0.000010 0.000010 0.134494 0.000010 0.249406
0.063690 0.000010 0.342578 0.000010 0.000010 0.000010 0.000010 0.000010 0.000010 0.593662
0.077197 0.000010 0.334020 0.000010 0.000010 0.000010 0.000010 0.000010 0.000010 0.588713
0.000010 0.000010 0.999910 0.000010 0.000010 0.000010 0.000010 0.000010 0.000010 0.000010
0.000010 0.000010 0.884802 0.000010 0.000010 0.002470 0.000010 0.000010 0.005832 0.106837
0.103561 0.012465 0.333498 0.000010 0.034445 0.000010 0.000010 0.000010 0.005473 0.510519
0.142019 0.049943 0.000010 0.004635 0.015141 0.098822 0.017477 0.669665 0.002279 0.000010
0.074394 0.008888 0.000010 0.008625 0.014580 0.020665 0.000010 0.866499 0.000010 0.006319
0.053486 0.000010 0.008124 0.000010 0.000010 0.005282 0.017805 0.895481 0.008587 0.011205
0.161249 0.040329 0.004433 0.015950 0.063248 0.126034 0.000010 0.553423 0.035313 0.000010
0.076159 0.011652 0.006283 0.010825 0.039954 0.087817 0.000010 0.751671 0.015620 0.000010
0.057711 0.087346 0.000010 0.071555 0.163241 0.215284 0.000010 0.387835 0.016157 0.000850
0.052918 0.034700 0.004956 0.007858 0.000010 0.102406 0.014184 0.768452 0.014507 0.000010
0.504028 0.018075 0.001701 0.021207 0.000365 0.045010 0.000010 0.389852 0.019743 0.000010
0.597882 0.000010 0.000010 0.000010 0.000010 0.092755 0.000010 0.290403 0.018899 0.000010
0.382969 0.056179 0.002592 0.016443 0.031295 0.047764 0.000010 0.448597 0.014141 0.000010
0.392906 0.000010 0.179623 0.026372 0.019175 0.048635 0.000010 0.143654 0.000010 0.189607
0.327955 0.000010 0.237560 0.017993 0.015394 0.000010 0.000492 0.099918 0.015614 0.285054
0.040815 0.000010 0.332081 0.000010 0.000010 0.000010 0.000010 0.000010 0.000010 0.627034
0.060525 0.000010 0.404083 0.000010 0.000010 0.000010 0.000010 0.000010 0.000010 0.535322
0.000010 0.000010 0.999910 0.000010 0.000010 0.000010 0.000010 0.000010 0.000010 0.000010
0.000010 0.000010 0.999910 0.000010 0.000010 0.000010 0.000010 0.000010 0.000010 0.000010
0.072610 0.005260 0.328158 0.000010 0.042046 0.000010 0.000010 0.009778 0.001227 0.540891
0.103988 0.026880 0.346621 0.003818 0.029629 0.000010 0.000010 0.000010 0.000010 0.489024
0.124340 0.060745 0.000010 0.022460 0.000010 0.147776 0.002234 0.630281 0.012134 0.000010
0.052013 0.016010 0.000010 0.000010 0.000010 0.000010 0.000010 0.895620 0.019303 0.017004
0.035435 0.008701 0.000010 0.000017 0.000010 0.021176 0.000010 0.905450 0.017833 0.011359
0.166577 0.055132 0.004895 0.028080 0.033406 0.120280 0.026262 0.534314 0.031045 0.000010
0.115554 0.010837 0.000010 0.014960 0.051893 0.073769 0.016980 0.703091 0.012895 0.000010
0.071591 0.106326 0.000010 0.065275 0.153411 0.178819 0.001516 0.405381 0.017660 0.000010
0.062001 0.012572 0.000010 0.031394 0.000019 0.109793 0.003038 0.762008 0.019154 0.000010
0.782448 0.004052 0.000017 0.000010 0.001523 0.016558 0.002826 0.192545 0.000010 0.000010
0.347015 0.042197 0.033772 0.003948 0.067448 0.082621 0.004331 0.418648 0.000010 0.000010
0.303231 0.050815 0.056850 0.026283 0.013755 0.048577 0.000010 0.442039 0.013379 0.045062
0.231300 0.039386 0.270267 0.015557 0.006112 0.006208 0.005536 0.137449 0.004631 0.283553
0.301962 0.000010 0.246796 0.023575 0.003618 0.000010 0.014784 0.118904 0.011478 0.278862
0.067954 0.000010 0.377035 0.000010 0.000010 0.000010 0.000010 0.000010 0.000010 0.554941
0.056899 0.000010 0.410040 0.000010 0.000010 0.000010 0.000010 0.000010 0.000010 0.532991
0.000010 0.000010 0.999910 0.000010 0.000010 0.000010 0.000010 0.000010 0.000010 0.000010
0.000010 0.000010 0.998901 0.000010 0.000010 0.000010 0.000010 0.000010 0.000010 0.001019
0.000010 0.000010 0.999910 0.000010 0.000010 0.000010 0.000010 0.000010 0.000010 0.000010
0.081658 0.023333 0.337964 0.012671 0.028537 0.000010 0.010184 0.000010 0.004295 0.501337
0.091529 0.000776 0.359481 0.000010 0.021462 0.000010 0.000092 0.000010 0.000010 0.526621
0.154010 0.037934 0.000010 0.008697 0.043552 0.079679 0.000010 0.654016 0.022082 0.000010
0.070309 0.030226 0.003229 0.000010 0.026272 0.053310 0.026250 0.769234 0.001102 0.020057
0.030480 0.000010 0.001815 0.000010 0.000010 0.033361 0.000010 0.909676 0.003407 0.021222
0.203998 0.061080 0.008646 0.009494 0.053939 0.132330 0.007097 0.511575 0.011831 0.000010
0.103913 0.033216 0.000010 0.035274 0.052318 0.109443 0.000010 0.665789 0.000016 0.000010
0.062739 0.011769 0.000010 0.006688 0.009647 0.066530 0.037212 0.768373 0.032542 0.004490
0.430065 0.015853 0.000010 0.038940 0.045632 0.071842 0.004346 0.391143 0.002159 0.000010
0.495921 0.022237 0.003782 0.028711 0.032055 0.031009 0.000010 0.346088 0.033144 0.007043
0.317824 0.058788 0.019409 0.004480 0.052104 0.041686 0.000010 0.476576 0.015962 0.013161
0.638619 0.002167 0.000010 0.020432 0.000010 0.041475 0.009640 0.283126 0.004511 0.000010
0.000010 0.000010 0.000010 0.000010 0.000010 0.000010 0.000010 0.934994 0.000010 0.064926
0.343971 0.024005 0.231356 0.000010 0.000010 0.043834 0.006958 0.103803 0.000010 0.246043
0.053837 0.000010 0.343400 0.000010 0.000010 0.000010 0.000010 0.000010 0.000010 0.602692
0.029482 0.006089 0.733565 0.000010 0.000016 0.000010 0.000010 0.000010 0.006503 0.224304
0.000010 0.000010 0.999910 0.000010 0.000010 0.000010 0.000010 0.000010 0.000010 0.000010
0.068325 0.000010 0.334343 0.011623 0.048108 0.017281 0.000010 0.000010 0.012276 0.508013
0.089351 0.007646 0.334178 0.007357 0.024011 0.000010 0.000010 0.000010 0.000010 0.537416
0.095351 0.000010 0.000010 0.008850 0.048118 0.059606 0.008009 0.773650 0.006385 0.000010
0.099797 0.021922 0.000010 0.006254 0.000010 0.038186 0.013694 0.814011 0.006107 0.000010
0.088406 0.038879 0.000010 0.025446 0.000010 0.058078 0.000014 0.789138 0.000010 0.000010
0.074052 0.000010 0.000010 0.012844 0.003053 0.132807 0.007296 0.747034 0.022884 0.000010
0.051376 0.115980 0.000010 0.028078 0.180155 0.154696 0.015400 0.431188 0.023107 0.000010
0.059915 0.023235 0.000010 0.024316 0.002711 0.103179 0.025954 0.760661 0.000010 0.000010
0.694852 0.027678 0.000010 0.000010 0.000911 0.044521 0.000010 0.222183 0.009815 0.000010
0.487927 0.005133 0.013223 0.000010 0.031248 0.084212 0.000010 0.376728 0.001499 0.000010
0.578711 0.027187 0.053506 0.048111 0.004889 0.035441 0.016266 0.205163 0.000010 0.030715
0.514819 0.010703 0.000010 0.000010 0.013642 0.043618 0.018058 0.399025 0.000105 0.000010
0.264729 0.029902 0.293335 0.028093 0.012792 0.000010 0.004321 0.090397 0.000010 0.276412
0.000010 0.000010 0.000010 0.000010 0.000010 0.000010 0.000010 0.945807 0.000010 0.054113
0.062378 0.000010 0.394542 0.000010 0.000010 0.000010 0.000010 0.000010 0.000010 0.543010
0.000010 0.000010 0.999910 0.000010 0.000010 0.000010 0.000010 0.000010 0.000010 0.000010
0.078658 0.000010 0.375117 0.000010 0.000010 0.000010 0.000010 0.000010 0.000010 0.546155
0.067381 0.000010 0.361601 0.000010 0.000010 0.000010 0.000010 0.000010 0.000010 0.570948
0.034109 0.046868 0.005768 0.002899 0.007971 0.084999 0.035709 0.781655 0.000010 0.000010
0.492953 0.019277 0.000010 0.023526 0.052936 0.071241 0.000010 0.340028 0.000010 0.000010
0.053348 0.089653 0.000010 0.029630 0.166941 0.162233 0.039795 0.422805 0.035575 0.000010
0.044282 0.035086 0.001935 0.022698 0.000871 0.109235 0.000010 0.785863 0.000010 0.000010
0.570266 0.017654 0.003670 0.000010 0.023699 0.054487 0.000010 0.323247 0.000010 0.006947
0.323529 0.033128 0.010987 0.049987 0.040795 0.072826 0.000010 0.466027 0.002700 0.000010
0.332528 0.046365 0.116514 0.014263 0.017728 0.039346 0.000010 0.317972 0.018863 0.096411
0.258011 0.022237 0.243599 0.000010 0.039421 0.025305 0.001177 0.143850 0.007075 0.259317
0.000010 0.000010 0.000010 0.000010 0.000010 0.000010 0.000010 0.943594 0.000010 0.056326
0.000010 0.000010 0.991970 0.000010 0.000010 0.000119 0.000010 0.000010 0.003258 0.004593
0.092547 0.018251 0.313660 0.000010 0.059595 0.000010 0.000010 0.000010 0.000010 0.515898
0.090489 0.024319 0.332047 0.000010 0.018591 0.000010 0.000010 0.000010 0.000010 0.534504
0.105241 0.003401 0.336092 0.000010 0.035273 0.000010 0.000010 0.000010 0.005696 0.514258
0.054961 0.006609 0.006616 0.000010 0.000010 0.033506 0.010895 0.866895 0.011493 0.009006
0.088480 0.026768 0.000010 0.007332 0.001964 0.067972 0.000010 0.805123 0.002332 0.000010
0.084256 0.034049 0.000010 0.021083 0.029633 0.122764 0.015189 0.683812 0.009194 0.000010
0.037665 0.011257 0.003648 0.017529 0.021875 0.138371 0.000010 0.760625 0.008265 0.000754
0.064483 0.073356 0.000010 0.034405 0.197886 0.171596 0.006397 0.420502 0.031356 0.000010
0.765402 0.000014 0.000010 0.000010 0.015820 0.056720 0.000010 0.161994 0.000010 0.000010
0.456373 0.023034 0.026738 0.009614 0.040126 0.062848 0.009464 0.367937 0.003857 0.000010
0.307476 0.033582 0.024643 0.025471 0.069679 0.057004 0.000010 0.451302 0.013655 0.017178
0.389815 0.022932 0.009622 0.000010 0.055809 0.054116 0.000010 0.454484 0.013193 0.000010
0.316689 0.029247 0.003371 0.018651 0.011118 0.116757 0.037216 0.445505 0.012718 0.008728
0.000010 0.000010 0.000010 0.000010 0.000010 0.000010 0.000010 0.940279 0.000010 0.059641
0.082894 0.075124 0.000010 0.034907 0.137087 0.190071 0.007169 0.464950 0.007778 0.000010
0.062471 0.036180 0.000010 0.030200 0.027551 0.085317 0.000010 0.755270 0.001024 0.001966
0.568818 0.027031 0.006324 0.009681 0.000010 0.044260 0.023309 0.313964 0.006594 0.000010
0.473015 0.039812 0.017950 0.015965 0.020268 0.067217 0.000010 0.363541 0.002211 0.000010
0.567991 0.000010 0.067505 0.013179 0.059690 0.046998 0.019940 0.183628 0.008761 0.032298
0.402692 0.033552 0.000010 0.026302 0.036958 0.068786 0.000010 0.414663 0.017017 0.000010
0.239893 0.000012 0.293258 0.022017 0.017209 0.007916 0.031961 0.145452 0.000010 0.242272
0.000010 0.000010 0.000010 0.000010 0.000010 0.000010 0.000010 0.956507 0.000010 0.043413
0.000010 0.000010 0.000010 0.000010 0.000010 0.000010 0.000010 0.950932 0.000010 0.048988
0.000010 0.029872 0.000010 0.027624 0.038228 0.050656 0.000010 0.800300 0.000010 0.053281
0.035663 0.000010 0.000010 0.013436 0.029721 0.054971 0.000010 0.851106 0.015063 0.000010
0.162747 0.114836 0.029324 0.050792 0.109387 0.112411 0.000010 0.394783 0.000010 0.025699
0.937034 0.000010 0.025921 0.000010 0.000010 0.000010 0.000010 0.000010 0.013425 0.023559
0.870116 0.000010 0.064844 0.000010 0.000010 0.000010 0.000010 0.005345 0.000010 0.059636
0.287690 0.000010 0.000010 0.015130 0.018968 0.033526 0.000010 0.644636 0.000010 0.000010
0.266275 0.011492 0.000010 0.000010 0.002990 0.077049 0.000010 0.642145 0.000010 0.000010
0.260124 0.016670 0.000010 0.006166 0.006296 0.045383 0.008216 0.657115 0.000010 0.000010
0.035059 0.000010 0.000010 0.014238 0.002980 0.065108 0.001100 0.821731 0.000010 0.059752
0.000010 0.000010 0.005497 0.010439 0.000010 0.000010 0.000010 0.929967 0.006657 0.047390
0.060671 0.008755 0.000010 0.013488 0.017727 0.064850 0.000010 0.829456 0.004168 0.000866
0.144211 0.074359 0.027953 0.053824 0.132290 0.090668 0.044139 0.377253 0.016070 0.039232
0.911709 0.000010 0.057225 0.000010 0.000010 0.000010 0.000010 0.000010 0.005205 0.025801
0.963037 0.000010 0.000010 0.000010 0.000010 0.010860 0.000010 0.026033 0.000010 0.000010
0.254927 0.000010 0.000010 0.000010 0.041244 0.057495 0.010000 0.619613 0.016680 0.000010
0.276611 0.027641 0.000010 0.000010 0.000010 0.090601 0.001759 0.603338 0.000010 0.000010
0.000010 0.000010 0.010254 0.000010 0.000010 0.000010 0.000010 0.783673 0.000010 0.206003
0.509889 0.000010 0.006270 0.000012 0.021210 0.066293 0.000010 0.382490 0.013804 0.000010
0.000010 0.000010 0.000010 0.000010 0.000010 0.000010 0.000010 0.935686 0.007302 0.056942
0.093942 0.094681 0.000010 0.032545 0.123572 0.137522 0.034173 0.457170 0.026374 0.000010
0.146504 0.084103 0.024656 0.094556 0.157799 0.128864 0.022494 0.324717 0.016297 0.000010
0.867988 0.000010 0.071722 0.006895 0.000010 0.000010 0.004925 0.000010 0.000010 0.048420
0.980098 0.000010 0.018921 0.000010 0.000010 0.000010 0.000010 0.000010 0.000010 0.000911
0.275742 0.000010 0.000010 0.010987 0.000779 0.066566 0.023124 0.621108 0.001664 0.000010
0.264037 0.011737 0.000010 0.019691 0.007056 0.064365 0.000010 0.633073 0.000010 0.000010
0.282836 0.015567 0.000010 0.000010 0.000010 0.063281 0.000010 0.638257 0.000010 0.000010
0.000010 0.006570 0.021543 0.000010 0.000010 0.000010 0.000010 0.840734 0.001519 0.129584
0.000010 0.000010 0.000010 0.000010 0.000010 0.000010 0.000010 0.943192 0.000010 0.056728
0.000010 0.037504 0.000838 0.006199 0.025725 0.093544 0.016630 0.781432 0.002888 0.035230
0.085564 0.091805 0.000010 0.041643 0.103635 0.163344 0.039529 0.450552 0.023909 0.000010
0.192550 0.025705 0.032386 0.054615 0.115429 0.121074 0.025629 0.370998 0.015987 0.045627
0.702539 0.000010 0.163438 0.000010 0.000010 0.000010 0.000010 0.000010 0.000010 0.133953
0.931313 0.000010 0.038871 0.000010 0.000010 0.011531 0.000010 0.000010 0.000010 0.018225
0.290135 0.025008 0.000010 0.008724 0.009532 0.044906 0.000010 0.621656 0.000010 0.000010
0.284745 0.010819 0.000010 0.024919 0.000010 0.076385 0.000010 0.603081 0.000010 0.000010
0.275203 0.007199 0.000010 0.012153 0.011664 0.043783 0.014203 0.635766 0.000010 0.000010
0.000010 0.000010 0.016066 0.000010 0.000010 0.001271 0.000010 0.759736 0.000010 0.222866
0.102275 0.009563 0.352604 0.000010 0.040449 0.000010 0.000010 0.000010 0.000010 0.495059
0.074030 0.000010 0.330592 0.018991 0.048193 0.000010 0.000010 0.002666 0.000010 0.525487
0.135575 0.042939 0.000010 0.008087 0.050870 0.108331 0.001058 0.647426 0.005695 0.000010
0.040842 0.000010 0.000010 0.000010 0.000010 0.008065 0.000010 0.921211 0.000010 0.029821
0.171985 0.049080 0.009608 0.031684 0.019396 0.140033 0.021930 0.545817 0.010458 0.000010
0.000010 0.000010 0.004675 0.000010 0.000010 0.000010 0.000010 0.952892 0.000010 0.042364
0.042757 0.002957 0.006822 0.000010 0.019201 0.028921 0.000010 0.899302 0.000010 0.000010
0.077566 0.058067 0.000010 0.067376 0.123271 0.175319 0.018591 0.479780 0.000010 0.000010
0.159284 0.058287 0.042067 0.065047 0.060557 0.147300 0.022037 0.416057 0.014309 0.015055
0.863243 0.000010 0.081178 0.000010 0.000010 0.000010 0.000010 0.000010 0.000010 0.055509
0.962762 0.000010 0.018279 0.000010 0.000010 0.000010 0.005902 0.000010 0.000010 0.012997
0.259779 0.029264 0.000010 0.000010 0.017726 0.038427 0.000010 0.642113 0.009748 0.002914
0.269440 0.009972 0.000010 0.050217 0.000010 0.037043 0.000010 0.633278 0.000010 0.000010
0.255851 0.027180 0.000010 0.006455 0.014146 0.033577 0.010161 0.637395 0.012195 0.003031
0.008286 0.000010 0.000010 0.000010 0.016300 0.007080 0.011676 0.830471 0.000010 0.126146
0.069298 0.000010 0.000010 0.000010 0.032243 0.057504 0.000010 0.840894 0.000010 0.000010
0.048488 0.082944 0.000010 0.048011 0.156685 0.189658 0.042714 0.395055 0.036118 0.000316
0.943577 0.000010 0.029180 0.000010 0.000010 0.000010 0.000010 0.000010 0.000010 0.027173
0.941741 0.000010 0.024354 0.000010 0.000010 0.020627 0.000010 0.000010 0.000010 0.013218
0.788759 0.000010 0.117852 0.000010 0.000010 0.000010 0.000010 0.000010 0.000010 0.093319
0.288925 0.003417 0.000010 0.020906 0.002495 0.021004 0.008929 0.643903 0.010402 0.000010
0.000010 0.021795 0.000010 0.023074 0.040362 0.061042 0.014196 0.797726 0.008378 0.033407
0.042310 0.030756 0.000010 0.000010 0.014209 0.083552 0.020179 0.808954 0.000010 0.000010
0.087831 0.078906 0.000010 0.069096 0.123134 0.211445 0.018915 0.379559 0.031095 0.000010
0.186353 0.075008 0.019811 0.049599 0.120418 0.131931 0.000010 0.382787 0.019123 0.014959
0.946241 0.000010 0.024372 0.000010 0.000010 0.000010 0.000010 0.000010 0.000010 0.029317
0.973189 0.000010 0.025751 0.000010 0.000010 0.000010 0.000010 0.000010 0.000010 0.000991
0.267698 0.011212 0.000010 0.000010 0.002952 0.052847 0.011773 0.638694 0.014795 0.000010
0.285942 0.005167 0.000010 0.006991 0.008116 0.052502 0.000010 0.641237 0.000014 0.000010
0.295491 0.007671 0.000010 0.010456 0.000010 0.050535 0.010972 0.624835 0.000010 0.000010
0.000010 0.000010 0.004517 0.000010 0.000011 0.000010 0.000010 0.806093 0.000010 0.189319
0.000010 0.025254 0.000010 0.018722 0.000010 0.041856 0.001249 0.850653 0.005272 0.056965
0.063921 0.014274 0.000010 0.001502 0.022600 0.053978 0.000010 0.843685 0.000010 0.000010
0.089187 0.123624 0.000010 0.044951 0.103407 0.204163 0.031357 0.390537 0.012753 0.000010
0.174668 0.089161 0.056416 0.027555 0.114540 0.113056 0.000010 0.397705 0.003576 0.023314
0.927536 0.000010 0.038100 0.000010 0.000010 0.000010 0.000010 0.001913 0.000010 0.032391
0.916583 0.000010 0.045294 0.011341 0.000010 0.000010 0.000010 0.000010 0.000010 0.026722
0.256592 0.000010 0.000010 0.010733 0.009584 0.071469 0.028354 0.623229 0.000010 0.000010
0.264227 0.000010 0.000010 0.034651 0.000010 0.019418 0.027218 0.646989 0.007456 0.000010
0.292308 0.004788 0.000010 0.023698 0.013233 0.025445 0.017646 0.617235 0.005628 0.000010
0.000010 0.000010 0.000010 0.023593 0.000010 0.047292 0.031031 0.836257 0.006591 0.055195
0.054244 0.013708 0.000010 0.000010 0.040967 0.033538 0.000010 0.845074 0.012429 0.000010
0.164862 0.066361 0.046337 0.044379 0.152849 0.103083 0.035384 0.362894 0.008875 0.014975
0.952451 0.000010 0.025888 0.000010 0.000010 0.000010 0.000010 0.000010 0.000010 0.021591
0.929930 0.000010 0.034747 0.000010 0.000010 0.000010 0.000010 0.000010 0.005890 0.029372
0.301444 0.000010 0.000010 0.000010 0.017188 0.036255 0.026620 0.614731 0.003722 0.000010
0.000010 0.027169 0.000010 0.026370 0.000010 0.064696 0.004865 0.815061 0.014972 0.046837
0.057688 0.000010 0.000010 0.000010 0.037036 0.043959 0.000010 0.851993 0.009274 0.000010
0.141321 0.079832 0.022968 0.068033 0.109705 0.087849 0.043997 0.405635 0.015192 0.025467
0.950636 0.000010 0.038277 0.000010 0.000010 0.000010 0.000010 0.000010 0.000010 0.011017
0.904039 0.000874 0.047063 0.000010 0.000010 0.000010 0.000010 0.000010 0.000010 0.047963
0.273259 0.000010 0.000010 0.031943 0.000010 0.042465 0.005034 0.642637 0.004622 0.000010
0.306317 0.000892 0.000010 0.001387 0.021384 0.047346 0.000010 0.622634 0.000010 0.000010
0.000010 0.000010 0.014920 0.000010 0.000010 0.000010 0.000010 0.786043 0.000010 0.198967
0.000010 0.000010 0.003300 0.000010 0.000010 0.000010 0.000010 0.789597 0.000010 0.207033
0.246844 0.064741 0.036505 0.037361 0.016299 0.088649 0.000010 0.495425 0.009895 0.004271
0.349313 0.024926 0.016297 0.031852 0.031808 0.083677 0.000010 0.425975 0.032789 0.003353
0.282885 0.029405 0.271440 0.020971 0.001084 0.005852 0.035013 0.090392 0.000010 0.262946
0.000010 0.023562 0.000010 0.028217 0.012436 0.020469 0.000010 0.846187 0.018680 0.050418
0.066064 0.000010 0.000268 0.019312 0.004809 0.029599 0.015730 0.864189 0.000010 0.000010
0.050910 0.107840 0.000010 0.033286 0.188118 0.157724 0.011821 0.420517 0.029762 0.000010
0.930604 0.000010 0.013258 0.000010 0.000010 0.008707 0.000010 0.000010 0.000010 0.047371
0.878094 0.000010 0.060252 0.000010 0.000010 0.000010 0.000010 0.000010 0.001434 0.060160
0.281388 0.021217 0.000010 0.023747 0.000010 0.037533 0.017199 0.618876 0.000010 0.000010
0.285052 0.016682 0.000010 0.000010 0.000010 0.081491 0.000010 0.616715 0.000010 0.000010
0.000010 0.000010 0.018579 0.000010 0.000010 0.000010 0.000010 0.776258 0.000010 0.205092
0.111202 0.018277 0.333828 0.000010 0.019588 0.000010 0.001389 0.000010 0.000010 0.515676
0.036496 0.000010 0.000010 0.002104 0.011270 0.039004 0.015463 0.895623 0.000010 0.000010
0.000010 0.000010 0.011944 0.013080 0.000010 0.017364 0.000010 0.813682 0.000010 0.143880
0.269162 0.003912 0.000010 0.021844 0.015322 0.044244 0.010992 0.620496 0.014008 0.000010
0.956321 0.000010 0.015038 0.000010 0.000010 0.000010 0.000010 0.000010 0.000010 0.028571
0.293523 0.024812 0.000010 0.016194 0.004041 0.015846 0.003451 0.635542 0.006571 0.000010
0.167315 0.074658 0.026521 0.058011 0.135754 0.085273 0.013540 0.422295 0.003172 0.013460
0.059207 0.077646 0.000010 0.057903 0.166531 0.126686 0.049406 0.442695 0.019905 0.000010
0.000010 0.056831 0.000505 0.031751 0.030692 0.068471 0.000010 0.754773 0.000010 0.056948
0.683118 0.000010 0.176590 0.000010 0.000010 0.000010 0.000010 0.000010 0.000010 0.140222
0.109702 0.011537 0.000010 0.013260 0.028955 0.094810 0.041932 0.699773 0.000010 0.000010
0.005223 0.000010 0.172933 0.000010 0.000010 0.053038 0.000010 0.011581 0.034673 0.722512
0.016036 0.000010 0.154623 0.000010 0.000010 0.027571 0.023937 0.009488 0.012151 0.756163
0.000010 0.000010 0.107874 0.000749 0.000010 0.067842 0.021095 0.016833 0.003694 0.781883
0.000010 0.003052 0.093010 0.000010 0.000010 0.046662 0.003859 0.010344 0.039568 0.803476
0.026841 0.141490 0.000010 0.042854 0.094973 0.411139 0.014513 0.217710 0.050459 0.000010
0.068485 0.113517 0.000010 0.071847 0.140013 0.345357 0.000010 0.216181 0.044570 0.000010
0.047959 0.144897 0.000010 0.060158 0.093402 0.391748 0.007275 0.208842 0.045699 0.000010
0.049474 0.113458 0.000010 0.075864 0.061035 0.425329 0.008543 0.211597 0.054680 0.000010
0.024335 0.000010 0.161885 0.000010 0.013072 0.056042 0.004688 0.041654 0.000010 0.698294
0.060941 0.000010 0.277406 0.000010 0.000010 0.001873 0.000010 0.000010 0.000393 0.659337
0.055314 0.000010 0.239313 0.000010 0.000010 0.004382 0.000010 0.000010 0.010811 0.690130
0.040664 0.012064 0.256242 0.000010 0.019874 0.000010 0.000010 0.000010 0.004721 0.666394
0.065575 0.000010 0.258172 0.000236 0.000010 0.000010 0.000010 0.000010 0.001968 0.673999
0.040342 0.015725 0.252860 0.000010 0.000010 0.022377 0.000010 0.000010 0.000010 0.668645
0.010145 0.013154 0.159808 0.000010 0.000010 0.035139 0.000010 0.019964 0.006239 0.755520
0.050767 0.000010 0.276006 0.000010 0.000010 0.000010 0.000010 0.000010 0.029437 0.643730
0.073511 0.032002 0.161080 0.000010 0.040554 0.172673 0.019926 0.009225 0.016654 0.474366
0.000010 0.000010 0.000010 0.000010 0.000010 0.096733 0.000010 0.112557 0.032580 0.758070
0.000505 0.000010 0.089474 0.000010 0.000010 0.088163 0.000010 0.001854 0.024735 0.795230
0.000010 0.000015 0.070267 0.000010 0.000010 0.078858 0.009334 0.003120 0.027357 0.811019
0.000010 0.000010 0.068034 0.003095 0.000010 0.089740 0.000010 0.002414 0.017520 0.819157
0.000010 0.000010 0.072627 0.000010 0.000010 0.061374 0.034757 0.014866 0.012648 0.803689
0.000010 0.000010 0.038822 0.013151 0.000010 0.075675 0.000010 0.024474 0.021924 0.825913
0.006049 0.000010 0.160460 0.000010 0.011616 0.040929 0.011655 0.007581 0.011770 0.749919
0.000010 0.000010 0.062276 0.016302 0.000010 0.046085 0.005689 0.026797 0.027041 0.815779
0.000010 0.000010 0.085747 0.004548 0.005132 0.074031 0.003287 0.000010 0.035712 0.791515
0.000010 0.000010 0.074426 0.003145 0.015507 0.082490 0.000010 0.000010 0.028765 0.795627
0.000010 0.000010 0.092416 0.017377 0.000010 0.040962 0.000010 0.039053 0.029885 0.780267
0.022006 0.001239 0.138324 0.028770 0.000010 0.025000 0.000010 0.000010 0.000265 0.784366
0.017721 0.003042 0.178138 0.016643 0.000010 0.010488 0.014357 0.017534 0.000010 0.742057
0.000010 0.030421 0.104426 0.000010 0.000010 0.014278 0.017614 0.000010 0.015412 0.817809
0.000012 0.000010 0.138870 0.007062 0.000010 0.019530 0.003040 0.041952 0.013638 0.775874
0.017171 0.000010 0.124556 0.018700 0.014387 0.036806 0.000010 0.015693 0.000010 0.772657
0.004912 0.039778 0.105458 0.005865 0.000010 0.000010 0.014691 0.005069 0.004635 0.819573
0.020377 0.031372 0.122467 0.000010 0.000010 0.010230 0.008010 0.009701 0.000010 0.797814
0.026026 0.010137 0.123587 0.016519 0.000010 0.001204 0.000940 0.000010 0.017518 0.804049
0.021433 0.019416 0.134357 0.000010 0.004448 0.000061 0.016197 0.005092 0.010271 0.788716
0.000010 0.000975 0.177258 0.008163 0.000010 0.053385 0.004469 0.000010 0.016242 0.739477
0.004144 0.016476 0.172603 0.003385 0.000010 0.035483 0.000010 0.013945 0.016418 0.737528
0.000010 0.000014 0.111373 0.004855 0.000010 0.043085 0.000010 0.031079 0.040009 0.769555
0.000010 0.000010 0.061778 0.010847 0.000010 0.019061 0.000010 0.040957 0.029396 0.837921
0.000010 0.020034 0.061814 0.006603 0.000015 0.018781 0.000010 0.022957 0.034686 0.835091
0.000010 0.000010 0.032994 0.012380 0.000010 0.004827 0.025375 0.005314 0.027414 0.891666
0.000010 0.000010 0.000010 0.028779 0.000010 0.000010 0.005820 0.000010 0.038808 0.926533
0.000010 0.010182 0.000010 0.014200 0.000010 0.000010 0.001974 0.019703 0.018919 0.934983
0.000010 0.029277 0.000010 0.009210 0.000010 0.000010 0.000010 0.000010 0.016752 0.944702
0.000010 0.000010 0.144026 0.000010 0.017594 0.054569 0.000010 0.027994 0.014263 0.741514
0.000010 0.000010 0.118990 0.000010 0.020885 0.061714 0.014792 0.003560 0.013963 0.766065
0.000010 0.000010 0.160891 0.000010 0.008294 0.057840 0.005603 0.015084 0.030180 0.722079
0.009633 0.021447 0.126469 0.009885 0.000010 0.017282 0.000010 0.012686 0.005537 0.797040
0.001559 0.000010 0.175169 0.000010 0.000010 0.052391 0.000010 0.000010 0.028948 0.741883
0.000010 0.000010 0.040543 0.000010 0.000010 0.096648 0.000010 0.003745 0.000010 0.859004
0.001721 0.017883 0.132817 0.008807 0.021338 0.000010 0.000010 0.007324 0.026738 0.783353
0.034595 0.000010 0.160270 0.000010 0.000010 0.017122 0.000010 0.013702 0.024561 0.749710
0.000010 0.020115 0.141209 0.000010 0.000010 0.032187 0.002966 0.018666 0.010877 0.773951
0.000010 0.023252 0.084347 0.005429 0.001513 0.017411 0.006649 0.019185 0.001747 0.840458
0.000010 0.000010 0.122554 0.012722 0.000010 0.009980 0.014908 0.007537 0.008889 0.823381
0.000817 0.028706 0.113536 0.007273 0.000010 0.000010 0.000956 0.054343 0.001367 0.792980
0.024665 0.000010 0.172572 0.028789 0.000010 0.013944 0.000010 0.002207 0.019184 0.738608
0.000010 0.000010 0.097965 0.009192 0.000010 0.067319 0.000010 0.022683 0.018173 0.784628
0.000010 0.000010 0.156274 0.000010 0.001996 0.084175 0.000010 0.000010 0.015280 0.742225
0.000010 0.000010 0.194971 0.003418 0.018944 0.063122 0.000010 0.024270 0.001331 0.693914
0.000010 0.000014 0.097803 0.000010 0.000010 0.070106 0.010293 0.000010 0.017191 0.804553
0.000010 0.000010 0.066652 0.008153 0.000010 0.074130 0.003734 0.000010 0.034270 0.813020
0.004589 0.000010 0.189625 0.003879 0.029435 0.034417 0.002683 0.008856 0.007045 0.719460
0.000010 0.000010 0.060086 0.000013 0.000010 0.072327 0.000010 0.031620 0.013945 0.821969
0.000010 0.000010 0.147125 0.019061 0.000010 0.046647 0.000010 0.024225 0.002660 0.760241
0.006032 0.015375 0.152461 0.000010 0.000010 0.049200 0.009735 0.000010 0.013741 0.753427
0.000010 0.000010 0.042280 0.000010 0.005198 0.076289 0.000010 0.000010 0.004180 0.872004
0.000010 0.004184 0.065735 0.000010 0.000010 0.078948 0.000010 0.017804 0.039254 0.794035
0.000010 0.000010 0.070238 0.000800 0.000010 0.080317 0.006743 0.018097 0.014803 0.808972
0.000010 0.000319 0.081614 0.009281 0.000010 0.038116 0.015084 0.020625 0.024745 0.810196
0.000010 0.002873 0.103642 0.000010 0.000010 0.055705 0.015777 0.010205 0.027192 0.784576
0.003944 0.022724 0.072031 0.000357 0.048068 0.286165 0.053517 0.056206 0.031836 0.425152
0.021366 0.035650 0.225761 0.000010 0.013569 0.007806 0.000010 0.000010 0.015513 0.680304
0.027386 0.000749 0.227749 0.000010 0.000010 0.028153 0.004599 0.000010 0.013133 0.698201
0.035691 0.000010 0.235884 0.003956 0.000010 0.029565 0.005223 0.000010 0.009993 0.679657
0.047273 0.000010 0.224915 0.000932 0.007808 0.017341 0.000010 0.000010 0.002444 0.699256
0.029006 0.038490 0.203203 0.000010 0.002552 0.000010 0.000010 0.000010 0.029923 0.696786
0.032123 0.009696 0.238044 0.003555 0.000010 0.004333 0.015247 0.000010 0.006895 0.690088
0.052684 0.000010 0.235375 0.006033 0.000010 0.001821 0.000010 0.011632 0.001351 0.691074
0.041297 0.005506 0.252136 0.000010 0.000010 0.000010 0.000010 0.016483 0.000010 0.684528
0.022674 0.013156 0.180225 0.005284 0.000010 0.012847 0.009483 0.006174 0.016309 0.733838
0.000010 0.000010 0.128838 0.001603 0.009263 0.056638 0.000010 0.016789 0.025162 0.761675
0.029533 0.015229 0.177646 0.000010 0.002980 0.028804 0.000010 0.000398 0.017787 0.727604
0.029058 0.000010 0.160233 0.000010 0.001328 0.034235 0.004443 0.027595 0.015130 0.727959
0.022814 0.000010 0.170466 0.000308 0.001215 0.025167 0.018883 0.016340 0.023267 0.721531
0.018270 0.006360 0.166252 0.016227 0.000010 0.035852 0.000010 0.001022 0.017887 0.738110
0.048542 0.000010 0.228013 0.002959 0.000010 0.000010 0.000010 0.009230 0.005570 0.705645
0.000288 0.024006 0.173079 0.000334 0.000010 0.049929 0.010382 0.000010 0.009474 0.732490
0.019120 0.000010 0.187583 0.000010 0.005836 0.007260 0.000010 0.050608 0.017091 0.712473
0.000010 0.010169 0.081170 0.000010 0.000010 0.066501 0.001933 0.017445 0.046017 0.776734
0.007952 0.007495 0.139060 0.000010 0.000010 0.061370 0.011586 0.001968 0.012005 0.758543
0.008510 0.014184 0.182081 0.000010 0.000010 0.055697 0.000010 0.004894 0.023636 0.710968
0.006573 0.000010 0.196141 0.027554 0.004927 0.021359 0.008472 0.005552 0.001546 0.727866
0.000010 0.010181 0.114341 0.000010 0.000326 0.069886 0.001982 0.003474 0.027512 0.772278
0.061693 0.056723 0.004423 0.086127 0.057129 0.587486 0.018487 0.079771 0.030332 0.017830
0.014652 0.081674 0.009485 0.014374 0.160535 0.466845 0.063278 0.026250 0.085643 0.077265
0.000010 0.051390 0.000010 0.038323 0.148133 0.449509 0.024934 0.127551 0.072839 0.087302
0.032280 0.010951 0.187918 0.028422 0.029868 0.130242 0.012542 0.011364 0.024883 0.531530
0.029573 0.106248 0.003429 0.066562 0.036630 0.628615 0.013618 0.074126 0.025977 0.015220
0.044652 0.086085 0.000010 0.069095 0.058277 0.610409 0.000010 0.087566 0.043886 0.000010
0.027300 0.025940 0.050330 0.039948 0.011060 0.347028 0.061636 0.038222 0.055028 0.343508
0.031319 0.063776 0.075433 0.036008 0.033231 0.305781 0.052790 0.052905 0.045056 0.303700
0.013846 0.054954 0.041992 0.031235 0.195581 0.363203 0.036131 0.042470 0.067144 0.153443
0.002578 0.024898 0.000010 0.839178 0.057284 0.061407 0.012059 0.000216 0.002360 0.000010
0.038775 0.026150 0.000010 0.101684 0.017181 0.778953 0.000010 0.021061 0.015665 0.000512
0.006192 0.115018 0.000010 0.056807 0.103722 0.570274 0.005527 0.095514 0.039810 0.007126
0.023065 0.038581 0.053907 0.023591 0.017117 0.305772 0.037357 0.088284 0.092516 0.319809
0.000013 0.042118 0.000010 0.023008 0.147581 0.452218 0.076242 0.075990 0.100878 0.081941
0.000010 0.001100 0.000010 0.030545 0.000010 0.498496 0.030933 0.065238 0.103774 0.269884
0.027068 0.068245 0.000010 0.075510 0.057444 0.622296 0.022078 0.104850 0.022489 0.000010
0.016406 0.028878 0.087402 0.039105 0.051413 0.351169 0.032440 0.040208 0.038327 0.314653
0.027359 0.061653 0.076622 0.017966 0.019640 0.348450 0.031955 0.038993 0.064981 0.312381
