0.378262 0.486901 0.134826 0.000010
0.278380 0.632786 0.083643 0.005190
0.376855 0.496103 0.121930 0.005112
0.297854 0.600715 0.061220 0.040211
0.379476 0.497117 0.123398 0.000010
0.335772 0.535473 0.113664 0.015092
0.308298 0.566258 0.086637 0.038807
0.037549 0.911547 0.013318 0.037585
0.021584 0.911155 0.054873 0.012388
0.013380 0.970109 0.016501 0.000010
0.056336 0.827602 0.085681 0.030381
0.059661 0.837682 0.052402 0.050255
0.679910 0.000010 0.030199 0.289880
0.602060 0.000651 0.120277 0.277012
0.764293 0.000012 0.000010 0.235685
0.612876 0.011112 0.154926 0.221086
0.350891 0.497877 0.139739 0.011493
0.346993 0.524921 0.128076 0.000010
0.028852 0.933955 0.037184 0.000010
0.037551 0.888876 0.000131 0.073442
0.056466 0.902008 0.000010 0.041516
0.000010 0.990777 0.009203 0.000010
0.048213 0.833038 0.075257 0.043491
0.055091 0.835720 0.048539 0.060650
0.731166 0.000010 0.000010 0.268814
0.740602 0.000010 0.026316 0.233073
0.765143 0.007297 0.006771 0.220788
0.584202 0.000010 0.126311 0.289476
0.346743 0.510662 0.132041 0.010554
0.337771 0.499228 0.110853 0.052149
0.068650 0.891375 0.039965 0.000010
0.009324 0.895034 0.003680 0.091962
0.010503 0.972716 0.016772 0.000010
0.003465 0.977296 0.019229 0.000010
0.036411 0.839878 0.085764 0.037947
0.036085 0.835869 0.074274 0.053772
0.687859 0.000010 0.041301 0.270830
0.744077 0.010219 0.013063 0.232641
0.727696 0.000010 0.011018 0.261276
0.615914 0.009082 0.133304 0.241700
0.326921 0.539677 0.114964 0.018438
0.330397 0.502784 0.121655 0.045163
0.048066 0.911191 0.031130 0.009613
0.028767 0.933971 0.008623 0.028639
0.000010 0.988784 0.011196 0.000010
0.018277 0.970593 0.011120 0.000010
0.007179 0.987753 0.005059 0.000010
0.056547 0.820500 0.075965 0.046987
0.056537 0.833883 0.099852 0.009728
0.691161 0.000010 0.044418 0.264411
0.767523 0.008752 0.000010 0.223716
0.772739 0.000010 0.029124 0.198128
0.634968 0.018200 0.105291 0.241542
0.728501 0.000010 0.022264 0.249225
0.417814 0.000010 0.294778 0.287398
0.693928 0.000010 0.043125 0.262936
0.705956 0.041607 0.115583 0.136854
0.648648 0.038581 0.117158 0.195613
0.770967 0.036962 0.112195 0.079876
0.660608 0.045271 0.112396 0.181725
0.390806 0.455067 0.127349 0.026778
0.659055 0.000010 0.062754 0.278181
0.648407 0.000010 0.075250 0.276333
0.676335 0.077575 0.113900 0.132190
0.623050 0.162915 0.180697 0.033338
0.676255 0.047347 0.163344 0.113054
0.641933 0.065722 0.148323 0.144022
0.332169 0.494925 0.115579 0.057327
0.349187 0.503587 0.130310 0.016916
0.678493 0.000010 0.041674 0.279823
0.469739 0.000010 0.245355 0.284896
0.697948 0.000010 0.041041 0.261000
0.672868 0.059397 0.135718 0.132017
0.613039 0.044589 0.137073 0.205299
0.685080 0.019120 0.119914 0.175887
0.622896 0.082537 0.129053 0.165514
0.364573 0.441399 0.156743 0.037286
0.364442 0.452315 0.151362 0.031882
0.333293 0.499770 0.114924 0.052012
0.032463 0.902400 0.065066 0.000071
0.000010 0.981760 0.018220 0.000010
0.015588 0.968435 0.015967 0.000010
0.000010 0.991122 0.008858 0.000010
0.041215 0.814150 0.060030 0.084606
0.037257 0.838092 0.083566 0.041086
0.684054 0.000010 0.060320 0.255616
0.780683 0.000011 0.000010 0.219296
0.708921 0.000010 0.065742 0.225327
0.586060 0.028719 0.123159 0.262061
0.347835 0.499139 0.108073 0.044953
0.203250 0.718680 0.078060 0.000010
0.028718 0.905753 0.032823 0.032706
0.038707 0.915550 0.045733 0.000010
0.001108 0.980582 0.018300 0.000010
0.000010 0.988022 0.011958 0.000010
0.059461 0.828579 0.061746 0.050214
0.053860 0.830276 0.076906 0.038958
0.683352 0.000010 0.043685 0.272953
0.742793 0.000010 0.022066 0.235131
0.616255 0.013525 0.142009 0.228210
0.686478 0.000010 0.049110 0.264402
0.258651 0.000010 0.452273 0.289067
0.698480 0.000010 0.040179 0.261330
0.739809 0.050454 0.126219 0.083517
0.693172 0.043158 0.145891 0.117779
0.665415 0.034216 0.137464 0.162905
0.296857 0.507178 0.128266 0.067698
0.364250 0.495062 0.120154 0.020534
0.028424 0.912614 0.000010 0.058952
0.037387 0.900889 0.000244 0.061480
0.000010 0.990197 0.009783 0.000010
0.000010 0.971015 0.028965 0.000010
0.047993 0.821765 0.073152 0.057091
0.679896 0.000010 0.068255 0.251839
0.780565 0.000010 0.003004 0.216421
0.784459 0.006397 0.000010 0.209135
0.608571 0.006058 0.121065 0.264306
0.692108 0.000010 0.051368 0.256514
0.397435 0.000010 0.284810 0.317745
0.688847 0.000010 0.022503 0.288640
0.723980 0.045921 0.116758 0.113341
0.724827 0.055930 0.110588 0.108656
0.678626 0.030635 0.125304 0.165435
0.435306 0.396847 0.134840 0.033008
0.335095 0.537324 0.105008 0.022573
0.013046 0.931560 0.020512 0.034881
0.052666 0.925152 0.022172 0.000010
0.009713 0.986448 0.003829 0.000010
0.000010 0.980284 0.019696 0.000010
0.052626 0.838872 0.053764 0.054737
0.068708 0.812535 0.077461 0.041296
0.640299 0.000010 0.061109 0.298583
0.768457 0.000230 0.000010 0.231303
0.769292 0.000010 0.000010 0.230688
0.592681 0.011690 0.132643 0.262986
0.685554 0.000010 0.089525 0.224911
0.420032 0.000010 0.280494 0.299464
0.696060 0.000010 0.024140 0.279790
0.762905 0.076685 0.154823 0.005587
0.631599 0.060324 0.162813 0.145265
0.608767 0.122702 0.102384 0.166148
0.287493 0.555959 0.089129 0.067418
0.343090 0.539437 0.116958 0.000514
0.062555 0.917380 0.020055 0.000010
0.010408 0.927793 0.059225 0.002574
0.000018 0.981850 0.018122 0.000010
0.004788 0.977858 0.017345 0.000010
0.004286 0.984780 0.010923 0.000010
0.025036 0.815601 0.094046 0.065317
0.054047 0.861058 0.070162 0.014733
0.676089 0.000010 0.078379 0.245522
0.697306 0.015265 0.047490 0.239939
0.776445 0.007853 0.000010 0.215691
0.600004 0.019946 0.131393 0.248657
0.650076 0.000010 0.098333 0.251581
0.694172 0.000010 0.041629 0.264189
0.672060 0.034410 0.172047 0.121483
0.678504 0.057767 0.148359 0.115371
0.647324 0.056344 0.124945 0.171387
0.739561 0.038587 0.161155 0.060698
0.769746 0.040893 0.000010 0.189351
0.351157 0.495827 0.082230 0.070786
0.040560 0.922013 0.000010 0.037417
0.014138 0.940160 0.045692 0.000010
0.015071 0.975699 0.009220 0.000010
0.047390 0.815669 0.079916 0.057025
0.035751 0.846354 0.076507 0.041388
0.732932 0.000010 0.063460 0.203598
0.760214 0.000010 0.004753 0.235023
0.728740 0.000010 0.021498 0.249752
0.693870 0.000010 0.018791 0.287329
0.419724 0.000010 0.280488 0.299778
0.686764 0.000010 0.045390 0.267836
0.729135 0.065045 0.132582 0.073238
0.708814 0.050148 0.124764 0.116274
0.622595 0.138273 0.192798 0.046334
0.736496 0.036933 0.130120 0.096451
0.282936 0.578490 0.127181 0.011392
0.755925 0.032182 0.000010 0.211883
0.036822 0.917713 0.026622 0.018844
0.000010 0.977314 0.022666 0.000010
0.032551 0.900884 0.033707 0.032858
0.044949 0.910065 0.024390 0.020596
0.681255 0.000010 0.043621 0.275113
0.678306 0.032768 0.179795 0.109131
0.415006 0.000010 0.281643 0.303341
0.698817 0.000010 0.017122 0.284051
0.721148 0.064741 0.132843 0.081269
0.653390 0.031974 0.158183 0.156453
0.523655 0.236649 0.107448 0.132248
0.315470 0.510001 0.098778 0.075751
0.781670 0.034369 0.000010 0.183951
0.023979 0.971783 0.004228 0.000010
0.036450 0.805194 0.094592 0.063764
0.048061 0.839101 0.048439 0.064399
0.073509 0.826982 0.063767 0.035742
0.756948 0.005226 0.000010 0.237817
0.741067 0.000010 0.000010 0.258913
0.647604 0.000010 0.075593 0.276793
0.676601 0.000010 0.029268 0.294121
0.422356 0.000010 0.287292 0.290343
0.740123 0.054204 0.168406 0.037268
0.670781 0.065871 0.152291 0.111057
0.624327 0.064934 0.149052 0.161687
0.691177 0.040455 0.124696 0.143672
0.629816 0.037118 0.128763 0.204303
0.767256 0.034761 0.000010 0.197972
0.475250 0.000010 0.227914 0.296827
0.687716 0.000010 0.053140 0.259134
0.709758 0.056913 0.143301 0.090029
0.681333 0.057772 0.131561 0.129334
0.605164 0.156380 0.212710 0.025746
0.669704 0.028129 0.147168 0.154999
0.309298 0.542837 0.127282 0.020582
0.771730 0.020534 0.000010 0.207726
0.811570 0.030029 0.000010 0.158392
0.652192 0.030294 0.037437 0.280077
0.749166 0.000010 0.016951 0.233872
0.467981 0.061979 0.230412 0.239628
0.711952 0.157240 0.130797 0.000010
0.667744 0.211287 0.120960 0.000010
0.777881 0.000010 0.069044 0.153065
0.760905 0.000010 0.042456 0.196629
0.759139 0.000010 0.061628 0.179223
0.714813 0.040826 0.000010 0.244351
0.761404 0.031254 0.000010 0.207332
0.740556 0.000010 0.009551 0.249883
0.439262 0.075586 0.278779 0.206373
0.677798 0.184912 0.137281 0.000010
0.760960 0.074176 0.164853 0.000010
0.729574 0.000010 0.082689 0.187727
0.734878 0.000010 0.058975 0.206137
0.611585 0.180568 0.000010 0.207837
0.730789 0.048983 0.113183 0.107046
0.742370 0.026762 0.000010 0.230857
0.469777 0.001274 0.238828 0.290120
0.409441 0.033514 0.344023 0.213021
0.617386 0.215697 0.166907 0.000010
0.714876 0.146144 0.138970 0.000010
0.747654 0.007432 0.071788 0.173126
0.742315 0.008334 0.062529 0.186822
0.771169 0.000010 0.023701 0.205120
0.673836 0.120045 0.000010 0.206109
0.781792 0.033882 0.000010 0.184316
0.650667 0.018614 0.036106 0.294613
0.464398 0.000010 0.235012 0.300580
0.476104 0.090305 0.243388 0.190203
0.524990 0.370574 0.104426 0.000010
0.668411 0.160080 0.171498 0.000010
0.756177 0.000010 0.069573 0.174241
0.735244 0.007696 0.066548 0.190512
0.753565 0.002062 0.076780 0.167593
0.592184 0.204544 0.000010 0.203262
0.068934 0.826944 0.081300 0.022822
0.053065 0.827299 0.088135 0.031501
0.661350 0.000010 0.093669 0.244971
0.795455 0.011759 0.000010 0.192776
0.610353 0.010656 0.124430 0.254561
0.791920 0.028508 0.000010 0.179562
0.782690 0.000010 0.000010 0.217290
0.485050 0.000010 0.247535 0.267405
0.490315 0.068311 0.201428 0.239946
0.656903 0.237668 0.105419 0.000010
0.704382 0.147366 0.148242 0.000010
0.738321 0.014082 0.055463 0.192134
0.757359 0.000010 0.064833 0.177798
0.734098 0.013099 0.063806 0.188997
0.687162 0.098045 0.000010 0.214783
0.756232 0.000010 0.011876 0.231882
0.390099 0.000010 0.288795 0.321095
0.704556 0.168361 0.127073 0.000010
0.695414 0.142018 0.162559 0.000010
0.578375 0.294813 0.126803 0.000010
0.769603 0.011098 0.061812 0.157486
0.659752 0.012834 0.047807 0.279606
0.710907 0.000010 0.018763 0.270320
0.416899 0.000010 0.271443 0.311648
0.482663 0.046975 0.236293 0.234069
0.698602 0.164096 0.137292 0.000010
0.699688 0.144106 0.156196 0.000010
0.751225 0.000010 0.055438 0.193327
0.768720 0.000456 0.050078 0.180746
0.758717 0.006123 0.063576 0.171583
0.637916 0.163096 0.000010 0.198979
0.676559 0.034609 0.000010 0.288822
0.752510 0.000010 0.006148 0.241332
0.419263 0.000010 0.252960 0.327767
0.477239 0.089943 0.211838 0.220980
0.696770 0.166818 0.136401 0.000010
0.679275 0.173001 0.147714 0.000010
0.730215 0.001349 0.081325 0.187111
0.759713 0.001047 0.083316 0.155924
0.747618 0.009027 0.087046 0.156309
0.675965 0.038053 0.010468 0.275513
0.745107 0.000010 0.018411 0.236471
0.446331 0.073652 0.290759 0.189258
0.718787 0.162651 0.118552 0.000010
0.693939 0.170997 0.135054 0.000010
0.751876 0.011572 0.078062 0.158490
0.640479 0.027272 0.005291 0.326959
0.754522 0.000010 0.004006 0.241462
0.461667 0.056715 0.267091 0.214526
0.709311 0.156238 0.134441 0.000010
0.665175 0.191196 0.143618 0.000010
0.767134 0.002352 0.042727 0.187788
0.768634 0.010427 0.061851 0.159087
0.625097 0.183925 0.000010 0.190968
0.635281 0.177840 0.000010 0.186868
0.616077 0.057625 0.113455 0.212843
0.641864 0.048243 0.131568 0.178325
0.289480 0.545813 0.127189 0.037518
0.660415 0.032730 0.014142 0.292713
0.773985 0.000010 0.013354 0.212651
0.409641 0.000010 0.288543 0.301806
0.697907 0.162083 0.140001 0.000010
0.648398 0.211476 0.140116 0.000010
0.745664 0.010566 0.073860 0.169910
0.749401 0.001133 0.039668 0.209798
0.605856 0.192501 0.000010 0.201634
0.066600 0.826812 0.075830 0.030758
0.776285 0.000010 0.001825 0.221880
0.650775 0.125915 0.000010 0.223300
0.731735 0.006110 0.078524 0.183631
0.701715 0.154753 0.143522 0.000010
0.759348 0.010168 0.063749 0.166735
0.493831 0.049670 0.261934 0.194565
0.434929 0.000010 0.307350 0.257711
0.622525 0.038139 0.055396 0.283939
0.508331 0.388939 0.102720 0.000010
0.685799 0.000010 0.094830 0.219361
0.000010 0.841987 0.000010 0.157993
0.000010 0.858332 0.000010 0.141648
0.000010 0.832124 0.000010 0.167856
0.000010 0.835330 0.000010 0.164650
0.255165 0.000010 0.262138 0.482687
0.282869 0.000010 0.306081 0.411040
0.264179 0.000010 0.269586 0.466225
0.270708 0.000010 0.246840 0.482442
0.037441 0.811236 0.005142 0.146181
0.015292 0.897184 0.000010 0.087514
0.018564 0.888592 0.000010 0.092834
0.012346 0.880633 0.010965 0.096056
0.030321 0.895296 0.001143 0.073239
0.000467 0.878668 0.000010 0.120854
0.000010 0.858934 0.000010 0.141046
0.016390 0.886171 0.007787 0.089652
0.068555 0.610724 0.096813 0.223908
0.047288 0.700422 0.000010 0.252280
0.000010 0.822316 0.000010 0.177664
0.000010 0.818343 0.000010 0.181637
0.000010 0.823725 0.000010 0.176255
0.000010 0.817576 0.000010 0.182404
0.000010 0.799058 0.000010 0.200922
0.000010 0.858416 0.000010 0.141564
0.000010 0.820644 0.000010 0.179336
0.000010 0.816829 0.000010 0.183151
0.000010 0.816339 0.000010 0.183641
0.000010 0.815478 0.000010 0.184502
0.000010 0.865849 0.000010 0.134131
0.003725 0.868535 0.005867 0.121874
0.000010 0.855770 0.000010 0.144210
0.000618 0.857301 0.000010 0.142071
0.009272 0.842875 0.009427 0.138425
0.000010 0.862484 0.000010 0.137496
0.000010 0.862187 0.000010 0.137793
0.000010 0.870660 0.000010 0.129320
0.000010 0.867294 0.000010 0.132686
0.000010 0.860820 0.000010 0.139160
0.000010 0.854509 0.000010 0.145471
0.000010 0.821428 0.000010 0.178552
0.000010 0.833975 0.000010 0.166005
0.000010 0.831301 0.000010 0.168679
0.000010 0.855109 0.000010 0.144871
0.000010 0.856229 0.000010 0.143751
0.000010 0.857428 0.000010 0.142552
0.000010 0.865340 0.000010 0.134640
0.000010 0.831388 0.000010 0.168592
0.000010 0.831946 0.008257 0.159787
0.000010 0.833362 0.000010 0.166618
0.000010 0.862768 0.000010 0.137212
0.000010 0.863899 0.000010 0.136081
0.000010 0.828821 0.000010 0.171159
0.000010 0.859307 0.000942 0.139741
0.007781 0.859859 0.000010 0.132350
0.000010 0.853186 0.000010 0.146794
0.000010 0.858181 0.000010 0.141799
0.000010 0.884737 0.000010 0.115243
0.012432 0.845787 0.000010 0.141771
0.000010 0.862106 0.008166 0.129718
0.000010 0.825447 0.000010 0.174533
0.000010 0.840031 0.000010 0.159949
0.000010 0.838467 0.007517 0.154006
0.000010 0.839149 0.000010 0.160831
0.000010 0.819842 0.000010 0.180138
0.000010 0.858727 0.020257 0.121006
0.000010 0.818891 0.000010 0.181089
0.000664 0.853444 0.000010 0.145883
0.000010 0.850154 0.000010 0.149826
0.000010 0.843742 0.000010 0.156238
0.000010 0.797180 0.000010 0.202800
0.000010 0.817976 0.000010 0.182004
0.000010 0.830840 0.000010 0.169140
0.000010 0.828005 0.000010 0.171975
0.068872 0.469962 0.125167 0.335999
0.000010 0.859043 0.009334 0.131613
0.000010 0.879493 0.000010 0.120487
0.001303 0.873370 0.000010 0.125317
0.008048 0.880078 0.003984 0.107890
0.000010 0.854857 0.004513 0.140620
0.000010 0.883399 0.002465 0.114127
0.028218 0.882675 0.000010 0.089097
0.021468 0.890511 0.000010 0.088011
0.000010 0.863303 0.000010 0.136677
0.000010 0.835091 0.000010 0.164889
0.000010 0.855948 0.000010 0.144032
0.019837 0.837799 0.000010 0.142353
0.008974 0.843506 0.000010 0.147511
0.000010 0.853841 0.000010 0.146139
0.027601 0.888989 0.000010 0.083400
0.000010 0.848753 0.000010 0.151227
0.026620 0.849480 0.000010 0.123891
0.000010 0.798877 0.000010 0.201103
0.000010 0.840715 0.000010 0.159265
0.000010 0.841303 0.000010 0.158677
0.000010 0.871322 0.010250 0.118418
0.000010 0.826346 0.000010 0.173634
0.189358 0.031894 0.271836 0.506912
0.084801 0.093322 0.333258 0.488619
0.156969 0.084863 0.279766 0.478402
0.033029 0.687343 0.082879 0.196749
0.159505 0.024860 0.247707 0.567927
0.188586 0.000010 0.249221 0.562183
0.085421 0.378478 0.154396 0.381704
0.095320 0.364684 0.174842 0.365154
0.085579 0.193083 0.332577 0.388762
0.067343 0.013778 0.859438 0.059440
0.152927 0.009102 0.249422 0.588548
0.152937 0.010806 0.287485 0.548772
0.117981 0.360664 0.115607 0.405747
0.116058 0.083198 0.312609 0.488135
0.085045 0.257866 0.104592 0.552497
0.190495 0.001493 0.273448 0.534563
0.078377 0.385155 0.168831 0.367637
0.085864 0.375220 0.131936 0.406979
0.093349 0.437501 0.172105 0.297045
0.035153 0.663632 0.102434 0.198782
0.084997 0.369948 0.095290 0.449765
0.094124 0.275719 0.104804 0.525353
0.160740 0.000010 0.294632 0.544617
0.101895 0.266579 0.136578 0.494947
0.155056 0.033148 0.228915 0.582881
0.084987 0.412783 0.126066 0.376165
0.087579 0.394349 0.118048 0.400023
0.043757 0.615129 0.106340 0.234774
0.163499 0.016421 0.268703 0.551377
0.112546 0.265378 0.081456 0.540620
0.151239 0.012196 0.285924 0.550641
0.089983 0.177251 0.359417 0.373348
0.090565 0.205158 0.284834 0.419443
0.150838 0.010288 0.258754 0.580120
0.170802 0.012900 0.282920 0.533378
0.115500 0.265020 0.074547 0.544933
0.058774 0.679470 0.060038 0.201717
0.080641 0.522883 0.119072 0.277403
0.082236 0.393380 0.141671 0.382714
0.098594 0.158062 0.292676 0.450668
0.106961 0.275026 0.103924 0.514089
0.095552 0.156804 0.381538 0.366106
0.032638 0.674725 0.103739 0.188898
0.101290 0.194479 0.329430 0.374802
0.170577 0.011808 0.262726 0.554889
0.095611 0.249947 0.099704 0.554738
0.083758 0.388842 0.172160 0.355240
0.052820 0.388297 0.147174 0.411708
0.073775 0.389710 0.149144 0.387371
0.097895 0.238893 0.124320 0.538893
0.152175 0.001143 0.251394 0.595288
0.113294 0.059086 0.330965 0.496655
0.092580 0.189534 0.319065 0.398820
0.037901 0.686936 0.073665 0.201499
0.191116 0.015966 0.243844 0.549074
0.155685 0.007437 0.277615 0.559263
0.068359 0.579672 0.087281 0.264687
0.089625 0.404192 0.098832 0.407351
0.070475 0.653453 0.063358 0.212714
0.121904 0.264487 0.090280 0.523329
0.114363 0.171332 0.320474 0.393830
0.113871 0.150655 0.317586 0.417888
0.093911 0.429626 0.090105 0.386358
0.194792 0.015335 0.220878 0.568996
0.144666 0.014083 0.267159 0.574092
0.173729 0.012622 0.279098 0.534552
0.050939 0.559999 0.103767 0.285295
0.094113 0.251059 0.194555 0.460274
0.062213 0.658775 0.095629 0.183383
0.147686 0.004073 0.253465 0.594777
0.109344 0.256643 0.075405 0.558608
0.128584 0.088204 0.305970 0.477241
0.095659 0.335356 0.103960 0.465025
0.079421 0.179132 0.327247 0.414201
0.158137 0.005325 0.267064 0.569474
0.161647 0.014525 0.290898 0.532930
0.141465 0.023962 0.267738 0.566835
0.086433 0.393759 0.155581 0.364227
0.037913 0.638937 0.089393 0.233757
0.067537 0.658141 0.102343 0.171980
0.102719 0.278055 0.217728 0.401498
0.085993 0.260114 0.101801 0.552092
0.108963 0.183915 0.345738 0.361383
0.106825 0.138941 0.336488 0.417746
0.082391 0.126710 0.379024 0.411875
0.071035 0.120683 0.442018 0.366264
0.050216 0.018356 0.471511 0.459917
0.149266 0.000010 0.249563 0.601161
0.035159 0.131448 0.606627 0.226766
0.095428 0.310901 0.262601 0.331070
0.130900 0.101445 0.390164 0.377491
0.103863 0.129352 0.372322 0.394463
0.087995 0.097551 0.323758 0.490696
0.098809 0.142886 0.370950 0.387355
0.000010 0.008815 0.431596 0.559579
0.152698 0.000010 0.250238 0.597054
0.117415 0.096102 0.241620 0.544863
0.047037 0.112519 0.599031 0.241414
0.057669 0.132070 0.523029 0.287232
0.117501 0.015028 0.210811 0.656660
0.166232 0.001880 0.297275 0.534613
0.051761 0.157936 0.435304 0.354999
0.148193 0.006998 0.213834 0.630975
0.000010 0.000010 0.488266 0.511714
0.144736 0.001203 0.234960 0.619101
0.166269 0.091602 0.213826 0.528302
0.054382 0.124967 0.580516 0.240134
0.069931 0.111261 0.523905 0.294903
0.134416 0.101375 0.309628 0.454581
0.141943 0.003753 0.249885 0.604419
0.057967 0.167432 0.425803 0.348798
0.085657 0.119501 0.426087 0.368754
0.150831 0.004565 0.219482 0.625123
0.025021 0.033605 0.435820 0.505554
0.150677 0.025015 0.220910 0.603398
0.144487 0.061908 0.247993 0.545612
0.077428 0.125585 0.538853 0.258134
0.038542 0.123204 0.620326 0.217928
0.080077 0.190601 0.282337 0.446984
0.081104 0.143326 0.447254 0.328317
0.000010 0.000010 0.500209 0.499771
0.141909 0.015840 0.229624 0.612627
0.073282 0.123028 0.566240 0.237450
0.046134 0.102168 0.606274 0.245424
0.073677 0.178767 0.343085 0.404471
0.044974 0.019879 0.867657 0.067491
0.105754 0.152538 0.319019 0.422688
0.055836 0.139341 0.407250 0.397573
0.006564 0.003372 0.460358 0.529706
0.137869 0.007191 0.268168 0.586771
0.176887 0.080476 0.233225 0.509412
0.078964 0.151239 0.531862 0.237935
0.028320 0.126075 0.605882 0.239723
0.083333 0.117740 0.398005 0.400922
0.095431 0.264370 0.265902 0.374297
0.093839 0.077061 0.361754 0.467346
0.079732 0.252655 0.305800 0.361813
0.065575 0.127519 0.413575 0.393331
0.058220 0.027510 0.454330 0.459940
0.143329 0.008765 0.257768 0.590138
0.063524 0.120688 0.591844 0.223943
0.150001 0.111374 0.285510 0.453115
0.108351 0.102479 0.409634 0.379536
0.156352 0.001106 0.255314 0.587228
0.097435 0.102309 0.376113 0.424142
0.095643 0.121856 0.370962 0.411540
0.063596 0.133083 0.414577 0.388745
0.032646 0.026439 0.461521 0.479395
0.129889 0.011812 0.231282 0.627017
0.073316 0.118897 0.575580 0.232207
0.064199 0.127558 0.553396 0.254848
0.112009 0.114164 0.377408 0.396419
0.084631 0.031596 0.280508 0.603264
0.078242 0.003761 0.210448 0.707549
0.022177 0.014545 0.516373 0.446905
0.115159 0.057745 0.366567 0.460529
0.168840 0.019137 0.476693 0.335330
0.072836 0.052230 0.532342 0.342592
0.164805 0.022162 0.454367 0.358666
0.059032 0.016571 0.274279 0.650119
0.053818 0.043612 0.287223 0.615347
0.000010 0.000010 0.660941 0.339039
0.053218 0.017670 0.483855 0.445257
0.062267 0.012881 0.316559 0.608293
0.027556 0.012562 0.271063 0.688819
0.039495 0.008054 0.515526 0.436925
0.133677 0.016068 0.611663 0.238592
0.045762 0.006058 0.334212 0.613968
0.034840 0.009281 0.285255 0.670624
0.085751 0.019629 0.452355 0.442265
0.013568 0.000010 0.639161 0.347261
0.000010 0.004206 0.678444 0.317340
0.000010 0.003983 0.641253 0.354754
0.067695 0.013796 0.419284 0.499225
0.050488 0.017715 0.200555 0.731243
0.115863 0.024863 0.355959 0.503315
0.001987 0.012385 0.512697 0.472931
0.083290 0.051206 0.726291 0.139213
0.059659 0.004511 0.343613 0.592217
0.037970 0.017987 0.420578 0.523466
0.059975 0.021748 0.344432 0.573844
0.000010 0.003636 0.659223 0.337131
0.000010 0.000010 0.626771 0.373209
0.005361 0.005159 0.678544 0.310936
0.069576 0.054103 0.480255 0.396067
0.054723 0.010250 0.237865 0.697162
0.017664 0.021066 0.334308 0.626961
0.050507 0.012818 0.428946 0.507730
0.130739 0.135899 0.329126 0.404236
0.028320 0.007925 0.349466 0.614289
0.043487 0.011417 0.287172 0.657924
0.066836 0.012693 0.293539 0.626932
0.097926 0.057727 0.288313 0.556034
0.025740 0.011051 0.671853 0.291356
0.000010 0.000010 0.679822 0.320158
0.025616 0.011123 0.517052 0.446209
0.046610 0.018839 0.243267 0.691283
0.054850 0.024738 0.200798 0.719615
0.121938 0.020053 0.651140 0.206869
0.179882 0.074316 0.392568 0.353234
0.196248 0.028552 0.504725 0.270475
0.176281 0.024083 0.449274 0.350363
0.060887 0.028013 0.399679 0.511421
0.012226 0.005461 0.676000 0.306313
0.047462 0.014756 0.492407 0.445375
0.000010 0.000010 0.658474 0.341506
0.072281 0.106861 0.358076 0.462782
0.174984 0.025761 0.456837 0.342418
0.046432 0.015070 0.772687 0.165811
0.157271 0.029750 0.491624 0.321355
0.039399 0.027565 0.274780 0.658257
0.092398 0.003049 0.339145 0.565409
0.080948 0.013573 0.345625 0.559854
0.000857 0.011284 0.664949 0.322911
0.003533 0.000010 0.667296 0.329161
0.039120 0.000010 0.489415 0.471455
0.074520 0.008632 0.453201 0.463646
0.038339 0.000010 0.272747 0.688904
0.146811 0.019804 0.467077 0.366308
0.073636 0.010616 0.438492 0.477256
0.091907 0.026894 0.349754 0.531445
0.173198 0.064395 0.412967 0.349441
0.107123 0.021442 0.712195 0.159240
0.015533 0.010639 0.289050 0.684778
0.069382 0.016395 0.308530 0.605694
0.000010 0.002914 0.661419 0.335657
0.003985 0.000010 0.665732 0.330273
0.050441 0.010499 0.482555 0.456505
0.096033 0.002867 0.475569 0.425530
0.119866 0.012188 0.331902 0.536044
0.113433 0.082675 0.315699 0.488193
0.099971 0.001178 0.695684 0.203166
0.019316 0.024053 0.351376 0.605255
0.064157 0.020720 0.320144 0.594979
0.043093 0.019033 0.289905 0.647969
0.109884 0.104802 0.391167 0.394147
0.000010 0.000010 0.673972 0.326008
0.023943 0.000010 0.641312 0.334735
0.077791 0.021610 0.305429 0.595169
0.047358 0.000010 0.509405 0.443226
0.070496 0.013252 0.414015 0.502236
0.000010 0.000010 0.572372 0.427608
0.060297 0.028758 0.476853 0.434092
0.178576 0.069346 0.214474 0.537604
0.111783 0.095556 0.386443 0.406218
0.108138 0.090401 0.418988 0.382474
0.121281 0.086966 0.307111 0.484641
0.089191 0.011148 0.488447 0.411214
0.017171 0.091157 0.000010 0.891662
0.047916 0.007723 0.915146 0.029215
0.143094 0.003316 0.243053 0.610538
0.108043 0.110411 0.373005 0.408541
0.150371 0.144863 0.209909 0.494857
0.029903 0.043043 0.464701 0.462354
0.010339 0.076930 0.000010 0.912721
0.055562 0.096405 0.000010 0.848023
0.041505 0.003167 0.902968 0.052360
0.157184 0.050663 0.240253 0.551901
0.173242 0.096666 0.208011 0.522081
0.109684 0.070795 0.296418 0.523103
0.144606 0.017055 0.238880 0.599459
0.145199 0.119106 0.147743 0.587953
0.121325 0.135691 0.186714 0.556271
0.120749 0.132095 0.153882 0.593274
0.054879 0.126564 0.052265 0.766292
0.053280 0.115624 0.000010 0.831086
0.075528 0.003376 0.889710 0.031386
0.161244 0.004227 0.265167 0.569363
0.139342 0.008892 0.258599 0.593168
0.108157 0.117011 0.446816 0.328016
0.026659 0.000027 0.479700 0.493613
0.127186 0.003152 0.252214 0.617449
0.131077 0.116921 0.145239 0.606763
0.122944 0.103843 0.174415 0.598798
0.026651 0.080044 0.000010 0.893295
0.077339 0.099809 0.042701 0.780151
0.063847 0.098514 0.411471 0.426169
0.157834 0.100423 0.275636 0.466107
0.142410 0.068231 0.219004 0.570355
0.013061 0.000010 0.507379 0.479551
0.107032 0.143154 0.183603 0.566211
0.121749 0.105568 0.172884 0.599799
0.044712 0.094741 0.000010 0.860538
0.041853 0.099573 0.000010 0.858563
0.062278 0.112211 0.041374 0.784137
0.129877 0.043872 0.466955 0.359296
0.105964 0.095119 0.352657 0.446260
0.158438 0.078862 0.265002 0.497698
0.167846 0.077941 0.214833 0.539380
0.022676 0.007557 0.518274 0.451493
0.124723 0.270018 0.071649 0.533610
0.140523 0.148654 0.166078 0.544746
0.040703 0.100484 0.000010 0.858803
0.072209 0.091885 0.000010 0.835896
0.064360 0.095872 0.036581 0.803186
0.172334 0.014308 0.275235 0.538123
0.120580 0.083817 0.311518 0.484086
0.000010 0.000010 0.480456 0.519524
0.030765 0.018753 0.872247 0.078235
0.114429 0.135439 0.159091 0.591041
0.108971 0.135229 0.189672 0.566128
0.034407 0.085857 0.035592 0.844145
0.052268 0.116801 0.008563 0.822367
0.034758 0.011765 0.920459 0.033019
0.023678 0.025224 0.297501 0.653597
0.180734 0.108154 0.213645 0.497468
0.017973 0.000010 0.492031 0.489986
0.053794 0.025526 0.875408 0.045272
0.098873 0.111894 0.222699 0.566534
0.084976 0.155258 0.176181 0.583585
0.143818 0.131534 0.149900 0.574747
0.080336 0.082201 0.004177 0.833285
0.040335 0.095175 0.005397 0.859093
0.057695 0.000010 0.895624 0.046672
0.023334 0.003967 0.497445 0.475254
0.089386 0.011697 0.652728 0.246188
0.079144 0.019938 0.447456 0.453463
0.075536 0.000010 0.464468 0.459985
0.046860 0.032837 0.157192 0.763111
0.023548 0.000010 0.231324 0.745118
0.000010 0.000010 0.101262 0.898718
0.019474 0.019593 0.407257 0.553677
0.019911 0.045272 0.427489 0.507329
0.013669 0.002584 0.294590 0.689157
0.035460 0.020385 0.249012 0.695142
0.085991 0.012102 0.464876 0.437031
0.080108 0.019130 0.694007 0.206755
0.040142 0.000170 0.483892 0.475795
0.004572 0.032077 0.148164 0.815187
0.041371 0.003533 0.399473 0.555623
0.050947 0.028091 0.484276 0.436686
0.054539 0.027129 0.416207 0.502125
0.000010 0.017074 0.255704 0.727212
0.000010 0.005164 0.247716 0.747111
0.072510 0.011605 0.671961 0.243925
0.000010 0.000010 0.477224 0.522756
0.008752 0.000010 0.199664 0.791574
0.004627 0.006596 0.188677 0.800100
0.040994 0.000010 0.473859 0.485137
0.013414 0.020294 0.434210 0.532082
0.018542 0.000010 0.418960 0.562488
0.000010 0.017442 0.235099 0.747448
0.000010 0.000700 0.249752 0.749538
0.069692 0.000010 0.469217 0.461082
0.090275 0.027557 0.675519 0.206649
0.044151 0.000010 0.430639 0.525201
0.005483 0.000010 0.510373 0.484134
0.000010 0.000010 0.207843 0.792137
0.025464 0.046090 0.380540 0.547906
0.000521 0.003348 0.318177 0.677954
0.000010 0.003779 0.265044 0.731168
0.000010 0.000010 0.228567 0.771413
0.032496 0.001252 0.463115 0.503136
0.139387 0.017755 0.598574 0.244285
0.007331 0.000010 0.509219 0.483440
0.099450 0.013106 0.464712 0.422732
0.000010 0.000010 0.127541 0.872439
0.043788 0.025828 0.209750 0.720634
0.056952 0.126448 0.345859 0.470741
0.004725 0.001878 0.409933 0.583464
0.004932 0.008668 0.517440 0.468960
0.009341 0.000328 0.243553 0.746778
0.000010 0.000010 0.228835 0.771145
0.076523 0.032913 0.437183 0.453382
0.092892 0.015739 0.683353 0.208015
0.041905 0.000010 0.461642 0.496443
0.028287 0.000010 0.482312 0.489391
0.000010 0.010615 0.144353 0.845021
0.000010 0.000010 0.122318 0.877662
0.070226 0.019457 0.461268 0.449048
0.003083 0.025566 0.438225 0.533126
0.000010 0.000010 0.247474 0.752506
0.000010 0.000010 0.253510 0.746470
0.000010 0.004565 0.226492 0.768932
0.062081 0.000010 0.498887 0.439022
0.068640 0.018789 0.672193 0.240378
0.027654 0.011672 0.503287 0.457386
0.000010 0.000010 0.122740 0.877240
0.006401 0.015349 0.152956 0.825294
0.039975 0.025461 0.435314 0.499251
0.050437 0.032318 0.381405 0.535841
0.009181 0.002479 0.235773 0.752567
0.000010 0.000444 0.234104 0.765442
0.000010 0.010283 0.292276 0.697431
0.042801 0.014508 0.512854 0.429838
0.107094 0.018891 0.674508 0.199507
0.052526 0.014334 0.376774 0.556366
0.052152 0.009002 0.383189 0.555657
0.000010 0.035204 0.132015 0.832771
0.000010 0.000010 0.225646 0.774334
0.051115 0.052417 0.393658 0.502811
0.010322 0.006680 0.373207 0.609791
0.014957 0.002855 0.258641 0.723547
0.000010 0.000010 0.219918 0.780062
0.018164 0.005161 0.260870 0.715804
0.017963 0.000313 0.494371 0.487353
0.003439 0.008699 0.489098 0.498764
0.131755 0.009498 0.461653 0.397095
0.000010 0.008417 0.344931 0.646642
0.035361 0.000409 0.389857 0.574373
0.032957 0.006232 0.618336 0.342475
0.000010 0.000010 0.560259 0.439721
0.090548 0.147843 0.319704 0.441905
0.015393 0.011657 0.179204 0.793746
0.035881 0.013161 0.421465 0.529493
0.016296 0.007839 0.421734 0.554131
0.023330 0.013782 0.388260 0.574628
0.064275 0.012915 0.257904 0.664906
0.031368 0.000010 0.399989 0.568632
0.000010 0.000010 0.581453 0.418527
0.002854 0.006069 0.613136 0.377941
0.143842 0.006242 0.249596 0.600320
0.019236 0.028218 0.142912 0.809634
0.062746 0.009275 0.438932 0.489047
0.039422 0.030635 0.320331 0.609612
0.045483 0.000010 0.565796 0.388711
0.032668 0.000010 0.571311 0.396010
0.029069 0.015783 0.532905 0.422243
0.098308 0.000010 0.403841 0.497842
0.045897 0.005336 0.449744 0.499024
0.000010 0.000010 0.466515 0.533465
0.056343 0.000010 0.561553 0.382094
0.000010 0.000010 0.426149 0.573831
0.046423 0.036145 0.421913 0.495520
0.062662 0.014679 0.614871 0.307788
0.027767 0.018472 0.450618 0.503143
0.025041 0.026696 0.377857 0.570405
0.049139 0.023318 0.307341 0.620202
0.029660 0.005450 0.523703 0.441187
0.012660 0.000010 0.605994 0.381336
0.078674 0.002742 0.504424 0.414161
0.092200 0.029189 0.450445 0.428166
0.028916 0.008483 0.432584 0.530016
0.058836 0.000010 0.266125 0.675028
0.005351 0.000010 0.596628 0.398011
0.018084 0.000010 0.512527 0.469379
0.093383 0.004584 0.480332 0.421702
0.042394 0.013491 0.348649 0.595466
0.000010 0.000010 0.423217 0.576763
0.057307 0.004537 0.566757 0.371399
0.004747 0.000010 0.630864 0.364379
0.088184 0.018051 0.507030 0.386735
0.040354 0.003441 0.457419 0.498786
0.044296 0.008053 0.419718 0.527933
0.011005 0.022018 0.368035 0.598943
0.000010 0.004231 0.404147 0.591612
0.000010 0.000010 0.512225 0.487755
0.019323 0.000240 0.590515 0.389922
0.078038 0.000010 0.732673 0.189279
0.102940 0.021396 0.710201 0.165462
0.074974 0.028281 0.770253 0.126492
0.082859 0.017405 0.745451 0.154285
0.098309 0.000404 0.764787 0.136501
0.094016 0.002523 0.758390 0.145071
0.056594 0.039306 0.772775 0.131326
0.155010 0.011210 0.650240 0.183539
0.097197 0.010479 0.711416 0.180908
0.109149 0.022626 0.687228 0.180996
0.066392 0.008017 0.741528 0.184063
0.080691 0.012639 0.739851 0.166819
0.172447 0.001825 0.613043 0.212686
0.109027 0.019566 0.747431 0.123976
0.096050 0.020685 0.730380 0.152884
0.112309 0.022435 0.726458 0.138799
0.092699 0.013561 0.717303 0.176437
0.090714 0.009386 0.730953 0.168946
0.063315 0.024712 0.749986 0.161988
0.175654 0.011808 0.630015 0.182522
0.173886 0.019366 0.599637 0.207110
0.182677 0.016744 0.587460 0.213119
0.204618 0.003308 0.589057 0.203018
0.199037 0.024022 0.615118 0.161823
0.175017 0.026936 0.629843 0.168203
0.150669 0.017831 0.616044 0.215456
0.180780 0.028048 0.638175 0.152998
0.223324 0.006318 0.602611 0.167748
0.125375 0.018935 0.657871 0.197819
0.165883 0.028800 0.658020 0.147297
0.217162 0.021574 0.570769 0.190495
0.173506 0.017026 0.614572 0.194896
0.153113 0.018728 0.641234 0.186925
0.132796 0.023231 0.629274 0.214699
0.199932 0.010920 0.634932 0.154216
0.164012 0.036287 0.591906 0.207794
0.197683 0.010290 0.602194 0.189834
0.208342 0.026097 0.601857 0.163703
0.184043 0.007561 0.596897 0.211498
0.184560 0.020413 0.600638 0.194389
0.246599 0.020816 0.530703 0.201882
0.188329 0.011856 0.616026 0.183790
0.228374 0.036595 0.581249 0.153782
0.177812 0.024306 0.612785 0.185096
0.158355 0.028041 0.654025 0.159580
0.174201 0.015000 0.618958 0.191841
0.187468 0.012571 0.579488 0.220474
0.187042 0.013491 0.589072 0.210395
0.161570 0.019407 0.618311 0.200713
0.187082 0.016999 0.599158 0.196761
0.066466 0.014355 0.737399 0.181780
0.087189 0.017829 0.735901 0.159081
0.068132 0.022674 0.758529 0.150665
0.102502 0.013436 0.710142 0.173919
0.108029 0.018613 0.709195 0.164163
0.088781 0.017758 0.768906 0.124554
0.116258 0.012208 0.680717 0.190817
0.133001 0.012913 0.675423 0.178662
0.051896 0.139747 0.665207 0.143150
0.070574 0.004468 0.731056 0.193902
0.095973 0.040080 0.703171 0.160777
0.207693 0.016793 0.636301 0.139213
0.087791 0.020844 0.750702 0.140663
0.183296 0.008032 0.572060 0.236612
0.120848 0.024076 0.692481 0.162595
0.081290 0.017958 0.749889 0.150864
0.071506 0.015686 0.744340 0.168468
0.121128 0.004971 0.741727 0.132174
0.047111 0.022341 0.798811 0.131737
0.137188 0.019814 0.695509 0.147488
0.080276 0.013525 0.779224 0.126976
0.063592 0.015624 0.771873 0.148912
0.067816 0.020204 0.740151 0.171830
0.077486 0.017901 0.705696 0.198917
0.049580 0.031209 0.799213 0.119998
0.050501 0.016565 0.791724 0.141210
0.090622 0.026861 0.760653 0.121864
0.071349 0.021673 0.768058 0.138920
0.075519 0.004288 0.747928 0.172265
0.085877 0.017617 0.730184 0.166322
0.107874 0.008708 0.722853 0.160565
0.091553 0.006626 0.756077 0.145744
0.062539 0.016924 0.734140 0.186396
0.093612 0.013315 0.729773 0.163301
0.141524 0.027286 0.629046 0.202144
0.068967 0.017679 0.783034 0.130319
0.075892 0.003642 0.753639 0.166828
0.099450 0.012656 0.749206 0.138688
0.090488 0.020579 0.740528 0.148406
0.094982 0.009092 0.724891 0.171036
0.102005 0.071008 0.625106 0.201881
0.094818 0.019133 0.713964 0.172086
0.058142 0.006802 0.778398 0.156658
0.111460 0.012998 0.696459 0.179083
0.077465 0.040256 0.755264 0.127014
0.131480 0.013618 0.633340 0.221563
0.225515 0.010589 0.585591 0.178306
0.150763 0.001880 0.639303 0.208054
0.181512 0.012672 0.623201 0.182615
0.147662 0.001711 0.634131 0.216497
0.148190 0.002774 0.622657 0.226378
0.083646 0.015671 0.728645 0.172039
0.204440 0.000010 0.523826 0.271724
0.177720 0.017983 0.601272 0.203024
0.196689 0.025093 0.560818 0.217401
0.140052 0.008951 0.651465 0.199532
0.110740 0.008521 0.731633 0.149106
0.122695 0.020213 0.695722 0.161370
0.105822 0.008604 0.711073 0.174501
0.219032 0.000010 0.552089 0.228869
0.100088 0.006016 0.733976 0.159919
0.168609 0.000010 0.601353 0.230028
0.095037 0.014498 0.679432 0.211033
0.071288 0.017912 0.740741 0.170060
0.080458 0.021192 0.716099 0.182251
0.067858 0.019360 0.741034 0.171748
0.103972 0.009153 0.710038 0.176837
0.126147 0.015187 0.691811 0.166855
0.127478 0.018720 0.696478 0.157325
0.075439 0.023153 0.734434 0.166974
0.144590 0.000010 0.675801 0.179599
0.123142 0.010392 0.651860 0.214605
0.161476 0.018803 0.606354 0.213367
0.141660 0.000010 0.680603 0.177727
0.209655 0.000010 0.555556 0.234779
0.172954 0.011904 0.619271 0.195872
0.115755 0.002828 0.669128 0.212288
0.217831 0.003619 0.589090 0.189459
0.181969 0.000010 0.578341 0.239680
0.219364 0.033034 0.574298 0.173305
0.125682 0.027421 0.682726 0.164172
0.123337 0.000010 0.696952 0.179701
0.047334 0.610186 0.057164 0.285317
0.050315 0.512868 0.106320 0.330497
0.006590 0.626710 0.054955 0.311745
0.004025 0.678404 0.067073 0.250498
0.048921 0.644505 0.028726 0.277849
0.050981 0.533179 0.098399 0.317440
0.059688 0.537783 0.081731 0.320798
0.031100 0.505730 0.091456 0.371714
0.045636 0.529351 0.084676 0.340336
0.051781 0.591499 0.072917 0.283803
0.014146 0.659075 0.023400 0.303378
0.036516 0.621041 0.047659 0.294783
0.056286 0.595855 0.059807 0.288052
0.023245 0.651503 0.016019 0.309233
0.177173 0.006441 0.257357 0.559029
0.116270 0.191078 0.330316 0.362336
0.052682 0.653696 0.049180 0.244442
0.105190 0.255012 0.099301 0.540497
0.117182 0.272080 0.105837 0.504901
0.038945 0.547028 0.135030 0.278998
0.150989 0.003747 0.258036 0.587229
0.064148 0.389256 0.127772 0.418824
0.057088 0.496318 0.132385 0.314209
0.111050 0.360001 0.122243 0.406706
0.160365 0.132318 0.240792 0.466526
0.075048 0.517007 0.101654 0.306291
0.057188 0.747817 0.029127 0.165869
0.002424 0.710651 0.112415 0.174511
0.074656 0.367634 0.153902 0.403808
0.032634 0.689383 0.089175 0.188808
0.167196 0.009048 0.246952 0.576804
0.072013 0.275070 0.121869 0.531047
0.124095 0.000010 0.214803 0.661092
0.135337 0.014352 0.286371 0.563940
0.086757 0.204966 0.334467 0.373810
0.089180 0.182941 0.281193 0.446686
0.075675 0.172194 0.328220 0.423912
0.094106 0.121705 0.344257 0.439933
0.132812 0.007584 0.236785 0.622819
0.138813 0.011687 0.232047 0.617453
0.057536 0.133800 0.591003 0.217660
0.147575 0.191114 0.187787 0.473525
0.160700 0.086932 0.250776 0.501592
0.155325 0.031075 0.239428 0.574172
0.037182 0.104114 0.000010 0.858694
0.058839 0.008259 0.897751 0.035151
0.079940 0.009309 0.284995 0.625756
0.071888 0.012820 0.915282 0.000010
0.024132 0.008252 0.967605 0.000010
0.067135 0.002962 0.916721 0.013181
0.070491 0.012214 0.914338 0.002958
0.073588 0.018053 0.795315 0.113044
0.053130 0.018387 0.924506 0.003977
0.055394 0.000010 0.944586 0.000010
0.058546 0.013240 0.928204 0.000010
0.050401 0.013043 0.936547 0.000010
0.057207 0.008599 0.934185 0.000010
0.033901 0.032604 0.885947 0.047548
0.075370 0.016427 0.871004 0.037199
0.043451 0.015905 0.940633 0.000010
0.045886 0.015728 0.938376 0.000010
0.026493 0.005824 0.955732 0.011951
0.043988 0.013044 0.942958 0.000010
0.071965 0.000010 0.792424 0.135601
0.047737 0.009934 0.888535 0.053794
0.053170 0.012075 0.926940 0.007815
0.043752 0.018297 0.883228 0.054722
0.055367 0.000010 0.944613 0.000010
0.069309 0.008149 0.922533 0.000010
0.053470 0.004717 0.882703 0.059110
0.052780 0.008249 0.922292 0.016679
0.059954 0.015346 0.924689 0.000010
0.057845 0.011907 0.907801 0.022447
0.069748 0.017153 0.902913 0.010186
0.074764 0.014054 0.800534 0.110648
0.081024 0.021361 0.745176 0.152439
0.065156 0.060219 0.863809 0.010816
0.107498 0.006149 0.743368 0.142985
0.066971 0.010389 0.898722 0.023918
0.074267 0.009840 0.779236 0.136657
0.053996 0.000010 0.936409 0.009585
0.087771 0.031543 0.770557 0.110129
0.065184 0.003844 0.910837 0.020134
0.077993 0.000533 0.921464 0.000010
0.072845 0.014037 0.857043 0.056076
0.070651 0.003461 0.873909 0.051979
0.051702 0.000010 0.917741 0.030548
0.156720 0.000187 0.701006 0.142086
0.059962 0.016331 0.889566 0.034142
0.065387 0.072488 0.764113 0.098011
0.061994 0.020547 0.790396 0.127063
0.054394 0.012154 0.898376 0.035076
0.096062 0.069139 0.730255 0.104544
0.096950 0.010671 0.770144 0.122236
0.102718 0.011356 0.882000 0.003926
0.081462 0.008919 0.803958 0.105661
0.027919 0.042029 0.836179 0.093873
0.050166 0.017282 0.887474 0.045078
0.054351 0.049432 0.793120 0.103097
0.051346 0.071367 0.750308 0.126979
0.036604 0.041292 0.787986 0.134118
0.063391 0.058938 0.791202 0.086468
0.051143 0.062127 0.745501 0.141229
0.055194 0.037604 0.849267 0.057935
0.014988 0.100624 0.672411 0.211977
