0.000010 0.069375 0.392183 0.047650 0.023996 0.443657 0.023128
0.003651 0.050901 0.295491 0.066915 0.000010 0.570317 0.012714
0.017340 0.061996 0.394332 0.038813 0.003108 0.454460 0.029950
0.032446 0.040587 0.316290 0.068267 0.000010 0.542390 0.000010
0.001813 0.098009 0.395592 0.047406 0.002657 0.454513 0.000010
0.009453 0.054492 0.352244 0.057966 0.000010 0.485716 0.040119
0.036160 0.046145 0.323308 0.072512 0.000010 0.511120 0.010746
0.000010 0.000010 0.052372 0.141776 0.004574 0.801249 0.000010
0.000010 0.000010 0.038658 0.110884 0.025694 0.805030 0.019714
0.036103 0.000010 0.074369 0.000010 0.002627 0.886871 0.000010
0.016144 0.060442 0.072442 0.110322 0.006030 0.731097 0.003522
0.015258 0.045795 0.071280 0.131382 0.000010 0.736265 0.000010
0.093824 0.000010 0.663646 0.219541 0.022959 0.000010 0.000010
0.112136 0.086135 0.585516 0.197418 0.000010 0.000010 0.018774
0.009116 0.000010 0.741777 0.249066 0.000010 0.000010 0.000010
0.087394 0.065704 0.597912 0.161520 0.028321 0.011341 0.047808
0.019552 0.074082 0.367163 0.045399 0.022166 0.453729 0.017909
0.000181 0.065846 0.368160 0.041818 0.035871 0.478096 0.010028
0.000010 0.016636 0.050610 0.093736 0.009485 0.829514 0.000010
0.000010 0.000010 0.042140 0.178416 0.007139 0.772275 0.000010
0.002311 0.000010 0.071143 0.132014 0.000010 0.794502 0.000010
0.031085 0.000010 0.061086 0.000010 0.000010 0.907789 0.000010
0.013887 0.042189 0.061546 0.134425 0.008685 0.731440 0.007829
0.039436 0.030203 0.070992 0.118421 0.000010 0.739079 0.001859
0.059774 0.000010 0.711044 0.227232 0.000010 0.000010 0.001919
0.032344 0.006432 0.718846 0.224503 0.000010 0.000010 0.017855
0.000010 0.000010 0.728567 0.256720 0.014672 0.000010 0.000010
0.149659 0.068893 0.571825 0.181508 0.016800 0.000010 0.011305
0.021630 0.079647 0.363884 0.045444 0.006811 0.465619 0.016965
0.052342 0.045168 0.353113 0.061579 0.015439 0.453902 0.018457
0.000010 0.027332 0.095143 0.076561 0.003797 0.797146 0.000010
0.002563 0.000010 0.014251 0.199064 0.010291 0.773812 0.000010
0.020597 0.010729 0.079078 0.000010 0.000010 0.889565 0.000010
0.045912 0.000010 0.060253 0.000010 0.000010 0.893794 0.000010
0.017321 0.053510 0.050430 0.116396 0.000010 0.740720 0.021613
0.036475 0.038587 0.050728 0.114129 0.000010 0.737854 0.022217
0.092021 0.000010 0.670426 0.209608 0.000010 0.000010 0.027915
0.011422 0.000010 0.718267 0.238764 0.027608 0.003919 0.000010
0.078727 0.000010 0.708553 0.203958 0.008731 0.000010 0.000010
0.103087 0.039568 0.600249 0.172145 0.031728 0.008661 0.044563
0.027668 0.045437 0.342705 0.047353 0.000010 0.491409 0.045418
0.057389 0.073433 0.349204 0.046003 0.015044 0.458916 0.000010
0.000010 0.000010 0.058405 0.131356 0.009298 0.800912 0.000010
0.005332 0.000010 0.041989 0.118229 0.000010 0.825546 0.008885
0.049280 0.000010 0.042578 0.000010 0.000010 0.908102 0.000010
0.039658 0.000010 0.073572 0.000010 0.000010 0.886730 0.000010
0.030930 0.000010 0.066398 0.000010 0.000010 0.902632 0.000010
0.022423 0.060969 0.071757 0.122095 0.000010 0.722738 0.000010
0.000010 0.056366 0.069966 0.106238 0.001711 0.736333 0.029375
0.093779 0.000010 0.675285 0.196888 0.003849 0.000010 0.030180
0.000010 0.000010 0.728360 0.263698 0.000010 0.000010 0.007902
0.012939 0.000010 0.752204 0.204307 0.008487 0.000010 0.022042
0.067405 0.053940 0.618782 0.198472 0.020066 0.013161 0.028173
0.054416 0.000010 0.706453 0.218063 0.000010 0.000010 0.021038
0.154093 0.178538 0.398474 0.176776 0.017317 0.000010 0.074792
0.050729 0.000010 0.671134 0.236853 0.014232 0.000010 0.027033
0.070996 0.088846 0.708892 0.079653 0.000010 0.051593 0.000010
0.084593 0.066047 0.639428 0.142395 0.015292 0.039399 0.012846
0.025357 0.068632 0.776242 0.061622 0.000010 0.051059 0.017078
0.069644 0.082647 0.652336 0.133627 0.000010 0.046953 0.014783
0.000010 0.091967 0.398597 0.082639 0.004455 0.410513 0.011819
0.063717 0.024656 0.640572 0.235002 0.010972 0.000010 0.025070
0.111071 0.059789 0.631663 0.197447 0.000010 0.000010 0.000010
0.061549 0.067454 0.674944 0.096609 0.000010 0.081660 0.017774
0.003821 0.152101 0.632692 0.039856 0.000010 0.162586 0.008934
0.026902 0.113839 0.675644 0.096448 0.034969 0.051864 0.000334
0.076780 0.103985 0.642056 0.095830 0.000010 0.069345 0.011992
0.034841 0.091377 0.346431 0.079239 0.000010 0.446553 0.001548
0.022653 0.108404 0.362841 0.047197 0.000010 0.458885 0.000010
0.072339 0.028634 0.657916 0.233739 0.000010 0.000010 0.007352
0.143194 0.135050 0.452213 0.182087 0.038407 0.000010 0.049038
0.060293 0.000010 0.677291 0.224282 0.000010 0.000010 0.038105
0.049723 0.093241 0.672311 0.101304 0.001929 0.063694 0.017799
0.110238 0.074902 0.608214 0.130416 0.004535 0.045843 0.025853
0.076658 0.075118 0.681097 0.123782 0.015294 0.025455 0.002596
0.079404 0.061262 0.620055 0.113753 0.000010 0.081852 0.043663
0.053137 0.057897 0.379112 0.040038 0.026046 0.404568 0.039202
0.036535 0.119819 0.380553 0.049045 0.000117 0.413610 0.000322
0.028567 0.064638 0.344354 0.076604 0.000010 0.450850 0.034977
0.000010 0.028919 0.047548 0.106575 0.004725 0.798427 0.013796
0.030785 0.000010 0.061392 0.000010 0.007406 0.900387 0.000010
0.040557 0.000010 0.068925 0.000010 0.000010 0.882279 0.008209
0.039801 0.000010 0.054376 0.000010 0.000010 0.905783 0.000010
0.005850 0.049688 0.047711 0.183128 0.008637 0.704977 0.000010
0.006822 0.055674 0.049885 0.129685 0.000010 0.735235 0.022688
0.087843 0.038901 0.671649 0.199323 0.000720 0.000010 0.001553
0.000010 0.000010 0.741200 0.258750 0.000010 0.000010 0.000010
0.049790 0.021056 0.691241 0.198161 0.000010 0.000010 0.039731
0.120395 0.044343 0.570092 0.171023 0.000010 0.025795 0.068341
0.053529 0.073975 0.364280 0.049906 0.000010 0.455828 0.002474
0.005723 0.060242 0.229077 0.056004 0.001176 0.647769 0.000010
0.000010 0.024598 0.043298 0.133831 0.001646 0.796607 0.000010
0.000010 0.002311 0.051388 0.116469 0.017202 0.808038 0.004582
0.029889 0.000010 0.057272 0.000010 0.000010 0.896618 0.016192
0.050155 0.000747 0.043560 0.000010 0.000010 0.905508 0.000010
0.027850 0.032768 0.073903 0.120680 0.000010 0.731349 0.013440
0.025151 0.035384 0.070715 0.113573 0.015673 0.732568 0.006937
0.093212 0.000441 0.667708 0.208834 0.000010 0.000010 0.029786
0.033325 0.000010 0.720152 0.212823 0.003231 0.000010 0.030449
0.094614 0.062787 0.601335 0.165602 0.046476 0.012245 0.016942
0.067585 0.003228 0.666826 0.228719 0.025408 0.000010 0.008223
0.216326 0.293621 0.244670 0.124123 0.030843 0.000010 0.090406
0.044585 0.003590 0.672911 0.245363 0.017053 0.000010 0.016488
0.054743 0.079143 0.747962 0.043742 0.008111 0.065371 0.000927
0.033143 0.087888 0.693386 0.095682 0.018519 0.048944 0.022438
0.075382 0.113302 0.661142 0.110631 0.000010 0.039523 0.000010
0.066116 0.078539 0.311970 0.068673 0.004363 0.458613 0.011726
0.026883 0.065646 0.377471 0.049706 0.000010 0.451781 0.028503
0.019304 0.000010 0.042102 0.135678 0.000010 0.802887 0.000010
0.009633 0.000010 0.044473 0.143272 0.000010 0.790055 0.012547
0.022975 0.000010 0.067336 0.000010 0.000010 0.909649 0.000010
0.051566 0.018319 0.038049 0.000408 0.000010 0.884930 0.006718
0.027189 0.060577 0.063452 0.124995 0.000010 0.723767 0.000010
0.097387 0.024676 0.667967 0.184886 0.020496 0.000010 0.004577
0.010395 0.000658 0.753747 0.226486 0.000010 0.000010 0.008694
0.000010 0.000010 0.752110 0.241858 0.005988 0.000015 0.000010
0.108661 0.088185 0.595318 0.185880 0.000010 0.005100 0.016846
0.048194 0.038265 0.670200 0.234025 0.000010 0.000010 0.009296
0.175412 0.189780 0.372832 0.190698 0.000010 0.000010 0.071258
0.085016 0.000010 0.669464 0.234242 0.009779 0.000010 0.001479
0.041266 0.067316 0.723940 0.088266 0.000010 0.054794 0.024409
0.037322 0.084273 0.729225 0.084982 0.000010 0.064178 0.000010
0.083114 0.081817 0.674543 0.106860 0.000010 0.037860 0.015796
0.009705 0.085195 0.447058 0.065440 0.000010 0.363345 0.029247
0.001466 0.063972 0.349896 0.078138 0.001802 0.483948 0.020777
0.000010 0.000010 0.017301 0.156445 0.003098 0.814485 0.008651
0.000010 0.011551 0.068956 0.097062 0.000010 0.822400 0.000010
0.021824 0.000010 0.072652 0.000010 0.000010 0.905484 0.000010
0.036891 0.000010 0.061142 0.000010 0.004988 0.896950 0.000010
0.003044 0.050092 0.064012 0.148734 0.000010 0.734097 0.000010
0.032970 0.048625 0.083036 0.107547 0.000010 0.719744 0.008067
0.127220 0.011052 0.624482 0.209993 0.005695 0.000010 0.021546
0.001570 0.000010 0.743346 0.255044 0.000010 0.000010 0.000010
0.000010 0.000010 0.746853 0.253097 0.000010 0.000010 0.000010
0.119950 0.054317 0.579500 0.177903 0.029984 0.009665 0.028682
0.041539 0.052310 0.669667 0.203466 0.018435 0.000010 0.014573
0.183539 0.177433 0.400931 0.168263 0.003704 0.000010 0.066119
0.058863 0.000010 0.672260 0.241096 0.000010 0.000010 0.027750
0.011619 0.114778 0.775269 0.000010 0.003266 0.095048 0.000010
0.078217 0.118535 0.630649 0.095621 0.008602 0.064291 0.004085
0.080759 0.050887 0.605642 0.118663 0.000010 0.117330 0.026709
0.052237 0.035771 0.301873 0.086104 0.006581 0.499493 0.017942
0.000010 0.041622 0.351034 0.068848 0.022115 0.486177 0.030194
0.000010 0.000010 0.069148 0.113759 0.006383 0.810680 0.000010
0.014201 0.020333 0.030942 0.086889 0.021733 0.825892 0.000010
0.031818 0.000010 0.053880 0.000010 0.017312 0.896960 0.000010
0.029236 0.000010 0.066279 0.000010 0.000010 0.893720 0.010736
0.029528 0.000010 0.066994 0.000010 0.000010 0.903438 0.000010
0.043006 0.045724 0.040216 0.121743 0.013885 0.717611 0.017815
0.000010 0.040489 0.070583 0.113936 0.008006 0.760193 0.006783
0.074502 0.054932 0.661330 0.199546 0.000010 0.000010 0.009670
0.051863 0.016776 0.675296 0.219206 0.025778 0.011071 0.000010
0.000010 0.000010 0.740733 0.259217 0.000010 0.000010 0.000010
0.119429 0.086674 0.589852 0.166163 0.010427 0.019247 0.008208
0.078705 0.056939 0.634886 0.195735 0.000010 0.000010 0.033716
0.035927 0.000010 0.667507 0.254404 0.036060 0.000010 0.006082
0.041625 0.107574 0.667593 0.098531 0.004921 0.039758 0.039997
0.042977 0.094283 0.678280 0.089005 0.000010 0.063907 0.031537
0.078625 0.090616 0.640471 0.126537 0.000010 0.057537 0.006204
0.025428 0.090668 0.745271 0.043010 0.020300 0.053366 0.021958
0.000010 0.000010 0.712651 0.262824 0.000010 0.024486 0.000010
0.056275 0.046091 0.367831 0.068154 0.011304 0.450333 0.000010
0.000010 0.000010 0.044124 0.148192 0.000010 0.807644 0.000010
0.060069 0.006632 0.055776 0.015054 0.007069 0.855390 0.000010
0.036429 0.000010 0.072101 0.000010 0.000010 0.891430 0.000010
0.000010 0.060589 0.056881 0.154754 0.001472 0.711986 0.014308
0.018520 0.044832 0.049617 0.124243 0.004783 0.745374 0.012632
0.000010 0.045157 0.715251 0.215785 0.012944 0.000010 0.010844
0.031497 0.000010 0.738100 0.217817 0.009967 0.000010 0.002598
0.063738 0.000010 0.707014 0.210331 0.000010 0.000010 0.018887
0.059090 0.000010 0.671058 0.252712 0.007142 0.000010 0.009979
0.178662 0.198169 0.405637 0.168504 0.018595 0.000010 0.030423
0.061648 0.000010 0.663190 0.232863 0.021814 0.000010 0.020465
0.044362 0.104542 0.737435 0.034627 0.000010 0.079015 0.000010
0.042788 0.104043 0.711140 0.084572 0.000010 0.057436 0.000010
0.049519 0.087678 0.631387 0.018101 0.019805 0.143749 0.049760
0.037075 0.079866 0.739819 0.073370 0.021039 0.046675 0.002155
0.032545 0.051715 0.301092 0.045927 0.010482 0.524572 0.033667
0.000010 0.000010 0.698220 0.288007 0.000010 0.013733 0.000010
0.000010 0.013738 0.053605 0.119505 0.000010 0.810709 0.002423
0.048474 0.000010 0.054802 0.000010 0.000010 0.895497 0.001197
0.000010 0.011450 0.046485 0.130838 0.000010 0.793813 0.017394
0.000010 0.014133 0.050416 0.135416 0.000010 0.800004 0.000010
0.083171 0.000010 0.659658 0.226075 0.029303 0.000010 0.001773
0.055787 0.133137 0.678317 0.068152 0.000010 0.042834 0.021763
0.157295 0.183583 0.396906 0.188047 0.043396 0.000010 0.030762
0.077933 0.000010 0.676083 0.231366 0.000010 0.000010 0.014588
0.043050 0.100357 0.727299 0.052754 0.000010 0.076520 0.000010
0.061871 0.084296 0.646964 0.118685 0.001741 0.036190 0.050252
0.074474 0.061235 0.529021 0.099454 0.000207 0.219646 0.015962
0.040682 0.076411 0.329054 0.094111 0.002475 0.457255 0.000010
0.000010 0.000010 0.715826 0.266359 0.000010 0.017775 0.000010
0.031598 0.000010 0.081005 0.000010 0.000010 0.887356 0.000010
0.026190 0.084656 0.049294 0.133313 0.000843 0.705694 0.000010
0.036448 0.034057 0.061916 0.128292 0.000010 0.739266 0.000010
0.000010 0.058471 0.087128 0.127158 0.000010 0.727213 0.000010
0.019549 0.000010 0.734054 0.241315 0.004908 0.000155 0.000010
0.053268 0.000010 0.719749 0.225863 0.000010 0.000010 0.001090
0.083518 0.029325 0.628363 0.226797 0.010749 0.000010 0.021239
0.065224 0.016186 0.654117 0.252139 0.000010 0.000010 0.012314
0.140327 0.221959 0.404324 0.190551 0.008579 0.000010 0.034251
0.026320 0.141522 0.750396 0.009710 0.000010 0.072032 0.000010
0.048093 0.102081 0.673585 0.080944 0.012424 0.071353 0.011520
0.053447 0.111068 0.615773 0.128396 0.000010 0.063282 0.028023
0.046126 0.106024 0.687434 0.114641 0.000010 0.045754 0.000010
0.086045 0.053372 0.622141 0.145625 0.038390 0.036266 0.018160
0.000010 0.000010 0.717818 0.261695 0.000010 0.020448 0.000010
0.155157 0.159519 0.457937 0.185053 0.009504 0.000010 0.032819
0.071418 0.017828 0.664522 0.220084 0.000010 0.000010 0.026128
0.048317 0.074436 0.717340 0.055410 0.026578 0.066503 0.011415
0.068565 0.085954 0.683600 0.079360 0.000010 0.065181 0.017330
0.000234 0.153140 0.613319 0.036197 0.025706 0.155453 0.015951
0.069992 0.094399 0.665899 0.107265 0.000010 0.034417 0.028017
0.011847 0.049593 0.325824 0.062547 0.034468 0.489796 0.025925
0.000010 0.000010 0.720264 0.273870 0.000010 0.005826 0.000010
0.000010 0.000010 0.725626 0.263951 0.000010 0.010383 0.000010
0.052889 0.013503 0.621345 0.267571 0.000010 0.015609 0.029073
0.003138 0.010898 0.725014 0.248059 0.000016 0.000010 0.012864
0.161143 0.139111 0.458191 0.131397 0.000010 0.057205 0.052943
0.000010 0.091013 0.739199 0.000010 0.000010 0.169748 0.000010
0.000010 0.089090 0.693984 0.000010 0.000010 0.216885 0.000010
0.000010 0.050500 0.763007 0.165885 0.000010 0.002879 0.017709
0.048076 0.033691 0.750623 0.166787 0.000010 0.000010 0.000804
0.032001 0.028285 0.746792 0.164867 0.015824 0.004350 0.007880
0.012057 0.000010 0.683925 0.265776 0.000859 0.027562 0.009811
0.000010 0.000010 0.717302 0.262431 0.000010 0.018409 0.001829
0.035237 0.001715 0.718495 0.234834 0.000010 0.000010 0.009699
0.109722 0.157340 0.427676 0.135487 0.049137 0.064824 0.055813
0.000010 0.105206 0.701970 0.000010 0.000010 0.192784 0.000010
0.000010 0.124715 0.780922 0.000010 0.000010 0.094323 0.000010
0.018334 0.068317 0.716768 0.178127 0.018434 0.000010 0.000010
0.070002 0.030473 0.725423 0.163741 0.010340 0.000010 0.000010
0.000010 0.000010 0.559950 0.300472 0.000010 0.139538 0.000010
0.025838 0.094184 0.731103 0.091446 0.000010 0.056457 0.000961
0.000010 0.000010 0.699304 0.289815 0.000010 0.010841 0.000010
0.150524 0.145387 0.449538 0.185153 0.037236 0.000010 0.032152
0.142405 0.193766 0.397373 0.110843 0.029260 0.029853 0.096498
0.000010 0.096066 0.656049 0.000010 0.013131 0.220427 0.014307
0.000010 0.098546 0.741911 0.000010 0.000010 0.159503 0.000010
0.005474 0.030427 0.732641 0.180755 0.027998 0.008212 0.014493
0.035368 0.031600 0.728496 0.173353 0.000010 0.010710 0.020464
0.053810 0.002852 0.757828 0.177203 0.004290 0.003965 0.000051
0.000010 0.000010 0.638538 0.267293 0.000010 0.094129 0.000010
0.000010 0.000010 0.718095 0.264360 0.000010 0.017505 0.000010
0.074335 0.012156 0.620998 0.265460 0.017687 0.005711 0.003654
0.163796 0.122248 0.447589 0.179934 0.043665 0.000010 0.042758
0.073347 0.151756 0.462330 0.152174 0.029031 0.077127 0.054236
0.000010 0.082946 0.561152 0.000010 0.000010 0.355862 0.000010
0.000010 0.133460 0.696280 0.000010 0.000010 0.170220 0.000010
0.042148 0.037618 0.744155 0.154689 0.005431 0.005675 0.010283
0.039132 0.028893 0.719693 0.175296 0.000010 0.010607 0.026370
0.023012 0.034554 0.741157 0.161639 0.020033 0.005809 0.013796
0.000010 0.000010 0.543469 0.296354 0.000010 0.160137 0.000010
0.007524 0.073567 0.084421 0.097988 0.000010 0.731981 0.004509
0.000015 0.060609 0.063790 0.126476 0.000010 0.727525 0.021576
0.092641 0.063780 0.648834 0.181732 0.004308 0.000010 0.008696
0.000010 0.000010 0.747485 0.251111 0.000010 0.001364 0.000010
0.115744 0.046432 0.597725 0.172486 0.025793 0.010446 0.031374
0.000010 0.000010 0.726544 0.258890 0.000010 0.014526 0.000010
0.009992 0.000010 0.766938 0.223030 0.000010 0.000010 0.000010
0.128765 0.140836 0.465615 0.176276 0.022533 0.000010 0.065966
0.122032 0.092297 0.477369 0.160579 0.022902 0.058576 0.066244
0.000010 0.074610 0.686349 0.000010 0.000010 0.239001 0.000010
0.000010 0.077231 0.736043 0.000010 0.026450 0.160247 0.000010
0.043192 0.038651 0.723388 0.176886 0.000010 0.016884 0.000990
0.037004 0.000010 0.742993 0.158573 0.000010 0.000010 0.061401
0.040353 0.032029 0.719080 0.173942 0.012549 0.014978 0.007069
0.000010 0.000010 0.644563 0.280093 0.002651 0.072663 0.000010
0.020844 0.012746 0.737290 0.228705 0.000010 0.000010 0.000396
0.161931 0.176943 0.365492 0.203892 0.044576 0.000010 0.047156
0.000010 0.090919 0.730166 0.000010 0.000010 0.178874 0.000010
0.000010 0.121411 0.722938 0.000010 0.000010 0.155611 0.000010
0.013768 0.085017 0.610387 0.000010 0.001176 0.289633 0.000010
0.010534 0.023159 0.754448 0.163594 0.011945 0.015087 0.021233
0.046448 0.020089 0.628005 0.270485 0.013424 0.001199 0.020351
0.059216 0.000010 0.692563 0.230766 0.017426 0.000010 0.000010
0.179692 0.153988 0.398910 0.175905 0.021728 0.000010 0.069767
0.136066 0.158264 0.472914 0.139821 0.000010 0.042548 0.050376
0.000010 0.094260 0.729631 0.000010 0.000010 0.176069 0.000010
0.000010 0.108590 0.732796 0.000010 0.000010 0.158574 0.000010
0.036373 0.028772 0.737913 0.177888 0.018244 0.000799 0.000010
0.025453 0.033733 0.752114 0.175277 0.000010 0.005190 0.008223
0.024851 0.024007 0.744975 0.168527 0.016759 0.009307 0.011574
0.000010 0.000010 0.587614 0.285660 0.000010 0.126686 0.000010
0.039634 0.000010 0.642764 0.286174 0.000010 0.018515 0.012893
0.036820 0.003090 0.733580 0.226480 0.000010 0.000010 0.000010
0.217396 0.131010 0.405434 0.165292 0.034969 0.000010 0.045889
0.139184 0.144751 0.468778 0.132240 0.004003 0.082329 0.028716
0.000010 0.094977 0.726424 0.000010 0.000010 0.178559 0.000010
0.000010 0.101254 0.707624 0.000010 0.000010 0.182657 0.008435
0.021366 0.033291 0.713982 0.182802 0.034404 0.002617 0.011540
0.004910 0.006315 0.744906 0.162410 0.036404 0.004974 0.040080
0.013770 0.037615 0.732738 0.160532 0.018576 0.012541 0.024228
0.006785 0.000010 0.640772 0.287851 0.026832 0.017704 0.020046
0.022122 0.019997 0.721968 0.234806 0.001087 0.000010 0.000010
0.110076 0.184258 0.437359 0.116399 0.039711 0.066009 0.046188
0.000010 0.089272 0.737549 0.000010 0.000010 0.173139 0.000010
0.009789 0.091867 0.717977 0.000010 0.000010 0.180337 0.000010
0.006495 0.044822 0.735958 0.167638 0.030194 0.014445 0.000447
0.064375 0.000010 0.602912 0.297311 0.005681 0.008346 0.021365
0.005302 0.015045 0.729755 0.249868 0.000010 0.000010 0.000010
0.118326 0.130558 0.448157 0.135246 0.048414 0.048976 0.070324
0.000010 0.099290 0.732856 0.000010 0.000010 0.167814 0.000010
0.000010 0.098450 0.699280 0.000010 0.002764 0.199476 0.000010
0.009885 0.000010 0.746971 0.183836 0.017724 0.002919 0.038654
0.016032 0.054862 0.754519 0.158543 0.000010 0.015437 0.000597
0.000010 0.000010 0.569646 0.287845 0.000010 0.142469 0.000010
0.000010 0.000010 0.573926 0.289011 0.000010 0.137023 0.000010
0.110970 0.046520 0.610191 0.136690 0.000010 0.057291 0.038328
0.068554 0.082479 0.634926 0.133038 0.000010 0.048966 0.032027
0.048158 0.038647 0.307406 0.051649 0.036413 0.494007 0.023720
0.043855 0.000010 0.624704 0.289016 0.000010 0.014663 0.027742
0.000010 0.000010 0.745710 0.229233 0.013240 0.000010 0.011787
0.172520 0.206235 0.395142 0.176365 0.015243 0.000010 0.034486
0.000452 0.098600 0.727322 0.000010 0.000010 0.173596 0.000010
0.000010 0.109230 0.673996 0.000010 0.000010 0.216733 0.000010
0.045578 0.008973 0.734668 0.144768 0.022373 0.016762 0.026878
0.054265 0.026347 0.736561 0.177690 0.000010 0.005117 0.000010
0.000010 0.000010 0.555992 0.293496 0.000010 0.150472 0.000010
0.015807 0.041771 0.080923 0.115737 0.010183 0.729650 0.005929
0.002865 0.000010 0.757358 0.229033 0.010713 0.000010 0.000010
0.000010 0.000010 0.615907 0.284582 0.000010 0.096390 0.003092
0.023373 0.038853 0.716182 0.177356 0.014929 0.008230 0.021078
0.008172 0.093197 0.731898 0.000010 0.000010 0.166703 0.000010
0.026965 0.028057 0.747160 0.158303 0.006879 0.015336 0.017299
0.106862 0.161682 0.482605 0.125036 0.017779 0.045739 0.060297
0.127409 0.178373 0.415107 0.166987 0.053478 0.000010 0.058636
0.081521 0.015782 0.594686 0.250682 0.000010 0.025177 0.032143
0.000010 0.076575 0.545249 0.000010 0.006187 0.371959 0.000010
0.058119 0.032801 0.671747 0.181889 0.043962 0.000010 0.011472
0.000010 0.000010 0.000010 0.294980 0.000010 0.704970 0.000010
0.000010 0.000010 0.000010 0.279858 0.000010 0.720092 0.000010
0.000010 0.000010 0.000010 0.312003 0.000010 0.687947 0.000010
0.000010 0.000010 0.000010 0.313695 0.000010 0.686255 0.000010
0.335477 0.147029 0.242795 0.219744 0.016450 0.000010 0.038494
0.273202 0.191989 0.265794 0.197844 0.000010 0.000010 0.071151
0.332000 0.142811 0.252851 0.205707 0.008404 0.000010 0.058216
0.310978 0.117320 0.252219 0.241813 0.007704 0.000010 0.069955
0.000010 0.009214 0.026630 0.279215 0.000678 0.684243 0.000010
0.000011 0.000010 0.021859 0.201768 0.000010 0.776332 0.000010
0.000010 0.000010 0.007543 0.232688 0.000010 0.759730 0.000010
0.000010 0.022072 0.013591 0.205694 0.000010 0.758613 0.000010
0.000010 0.000010 0.015298 0.215000 0.000010 0.769205 0.000467
0.017146 0.000010 0.003799 0.223222 0.000771 0.755042 0.000010
0.000010 0.000010 0.000010 0.276860 0.000010 0.723090 0.000010
0.000010 0.000010 0.016815 0.215207 0.000010 0.762917 0.005031
0.096037 0.068727 0.066018 0.230536 0.020675 0.517997 0.000010
0.000010 0.000010 0.007104 0.438729 0.000010 0.554127 0.000010
0.000010 0.000010 0.000010 0.321950 0.000010 0.678000 0.000010
0.000010 0.000010 0.000010 0.334887 0.000010 0.665063 0.000010
0.000010 0.000010 0.000010 0.328782 0.000010 0.671168 0.000010
0.000010 0.000010 0.000010 0.325593 0.001344 0.673023 0.000010
0.000010 0.000010 0.000010 0.353264 0.000010 0.646686 0.000010
0.000010 0.000010 0.000010 0.281055 0.000010 0.718895 0.000010
0.000010 0.000010 0.000010 0.332097 0.000010 0.667853 0.000010
0.000010 0.000010 0.000010 0.332612 0.000010 0.667338 0.000010
0.000010 0.000010 0.000010 0.339046 0.000010 0.660904 0.000010
0.000010 0.000010 0.000010 0.326774 0.000010 0.673176 0.000010
0.000010 0.000010 0.000010 0.272113 0.000010 0.727837 0.000010
0.000010 0.000010 0.000010 0.257317 0.002533 0.736146 0.003974
0.000010 0.000010 0.000010 0.284108 0.000010 0.715842 0.000010
0.000010 0.000010 0.000010 0.285698 0.000010 0.714252 0.000010
0.000010 0.000010 0.000010 0.287511 0.000010 0.707131 0.005318
0.000010 0.000010 0.000010 0.276495 0.000010 0.723455 0.000010
0.000010 0.000010 0.000010 0.272704 0.000010 0.727246 0.000010
0.000010 0.000010 0.000010 0.272319 0.000010 0.727631 0.000010
0.000010 0.000010 0.000010 0.269018 0.000010 0.730932 0.000010
0.000010 0.000010 0.000010 0.274294 0.000010 0.725656 0.000010
0.000010 0.000010 0.000010 0.276637 0.000010 0.723313 0.000010
0.000010 0.000010 0.000010 0.322783 0.000010 0.677167 0.000010
0.000010 0.000010 0.000010 0.318572 0.000010 0.681378 0.000010
0.000010 0.000010 0.000010 0.319149 0.000010 0.680801 0.000010
0.000010 0.000010 0.000010 0.302614 0.000010 0.697336 0.000010
0.000010 0.000010 0.000010 0.306469 0.000010 0.693481 0.000010
0.000010 0.000010 0.000010 0.301620 0.000010 0.698330 0.000010
0.000010 0.000010 0.000010 0.291372 0.000010 0.708578 0.000010
0.000010 0.000967 0.000010 0.302302 0.000010 0.696691 0.000010
0.000010 0.000010 0.000010 0.313050 0.000010 0.686900 0.000010
0.000010 0.000010 0.000010 0.305137 0.000010 0.694813 0.000010
0.000010 0.000010 0.000010 0.277330 0.000010 0.722620 0.000010
0.000010 0.000010 0.000010 0.279293 0.000010 0.720657 0.000010
0.000010 0.000010 0.000010 0.325341 0.000010 0.674609 0.000010
0.000010 0.000010 0.000010 0.278913 0.000010 0.721037 0.000010
0.000010 0.000010 0.000011 0.276345 0.000012 0.723602 0.000010
0.000010 0.000010 0.000010 0.284122 0.000010 0.715828 0.000010
0.000010 0.000010 0.000010 0.286142 0.000010 0.713808 0.000010
0.000010 0.000010 0.000010 0.270407 0.000010 0.729543 0.000010
0.000010 0.000010 0.000444 0.285191 0.000010 0.714325 0.000010
0.000010 0.000010 0.000010 0.262825 0.000010 0.727848 0.009287
0.000010 0.000010 0.000010 0.320212 0.000010 0.679738 0.000010
0.000010 0.000010 0.000010 0.298925 0.000010 0.701025 0.000010
0.000010 0.015703 0.000010 0.274737 0.000010 0.708811 0.000719
0.000010 0.000010 0.000010 0.307501 0.000010 0.692449 0.000010
0.000010 0.000010 0.000010 0.333394 0.000010 0.666556 0.000010
0.000010 0.004376 0.000010 0.271861 0.000010 0.723722 0.000010
0.000010 0.000010 0.000010 0.334182 0.000010 0.665768 0.000010
0.000010 0.000010 0.000010 0.288174 0.000010 0.711776 0.000010
0.000010 0.000010 0.000010 0.284115 0.000010 0.715835 0.000010
0.000010 0.000010 0.000010 0.311816 0.000010 0.688134 0.000010
0.000010 0.000010 0.000010 0.346617 0.000010 0.653333 0.000010
0.000010 0.000010 0.000010 0.332964 0.000010 0.666986 0.000010
0.000010 0.000010 0.000010 0.316030 0.000010 0.683920 0.000010
0.000010 0.000010 0.000010 0.314351 0.000010 0.685599 0.000010
0.126156 0.079224 0.053320 0.309538 0.053021 0.378732 0.000010
0.016825 0.010085 0.000010 0.238701 0.000010 0.734359 0.000010
0.000010 0.000010 0.000010 0.249135 0.000010 0.750815 0.000010
0.000020 0.000010 0.001039 0.242525 0.006457 0.745784 0.004165
0.000010 0.007690 0.003356 0.236339 0.000010 0.752586 0.000010
0.018853 0.003514 0.000010 0.247343 0.000010 0.730259 0.000010
0.000010 0.000010 0.000010 0.232621 0.011053 0.756093 0.000202
0.000010 0.000010 0.017653 0.226436 0.000010 0.755871 0.000010
0.000010 0.000010 0.019347 0.215092 0.000010 0.765522 0.000010
0.000010 0.000010 0.000010 0.268765 0.000010 0.731185 0.000010
0.000010 0.000010 0.000010 0.305787 0.000010 0.694163 0.000010
0.001067 0.000010 0.000010 0.272129 0.000010 0.726764 0.000010
0.000010 0.000010 0.008628 0.284132 0.000010 0.707200 0.000010
0.000010 0.000010 0.000010 0.282560 0.006937 0.710463 0.000010
0.000010 0.000010 0.000010 0.276319 0.000010 0.720710 0.002931
0.000010 0.000010 0.012536 0.227884 0.000010 0.759540 0.000010
0.000437 0.000010 0.000010 0.277599 0.002472 0.719463 0.000010
0.000010 0.000010 0.015962 0.263809 0.000010 0.720189 0.000010
0.000010 0.000010 0.000010 0.342096 0.000010 0.657854 0.000010
0.000010 0.000010 0.000010 0.295543 0.000010 0.704407 0.000010
0.001464 0.000010 0.000010 0.286989 0.000010 0.711507 0.000010
0.000010 0.000010 0.000010 0.253529 0.000010 0.738129 0.008302
0.000010 0.000010 0.000010 0.313447 0.000010 0.686503 0.000010
0.324748 0.146056 0.167718 0.260634 0.015995 0.009713 0.075136
0.283511 0.235563 0.063062 0.285531 0.067305 0.051872 0.013156
0.241996 0.211001 0.129126 0.309402 0.028217 0.045784 0.034474
0.057155 0.046286 0.029978 0.246906 0.012684 0.581252 0.025740
0.389035 0.126071 0.140585 0.270682 0.012271 0.003898 0.057459
0.362174 0.144183 0.164808 0.270332 0.000010 0.000010 0.058483
0.171670 0.059754 0.068932 0.306272 0.059302 0.299770 0.034301
0.193768 0.075459 0.080264 0.272043 0.052432 0.293732 0.032302
0.207537 0.254340 0.065280 0.260632 0.040201 0.142556 0.029454
0.049541 0.068477 0.005785 0.025219 0.011609 0.000010 0.839359
0.365772 0.125831 0.125000 0.302140 0.000010 0.000010 0.081237
0.373075 0.182096 0.131077 0.263423 0.002995 0.000010 0.047323
0.173946 0.059121 0.100048 0.327416 0.036554 0.283087 0.019829
0.237193 0.215222 0.088709 0.320827 0.078023 0.039671 0.020356
0.220818 0.056567 0.054335 0.433771 0.032299 0.175721 0.026488
0.344672 0.144442 0.164044 0.267410 0.014545 0.000010 0.064877
0.178037 0.095962 0.065629 0.283345 0.031539 0.310180 0.035307
0.212064 0.069292 0.071914 0.299905 0.032123 0.300414 0.014287
0.136117 0.121697 0.083358 0.253973 0.022084 0.361002 0.021770
0.056489 0.089756 0.032061 0.242751 0.018364 0.560569 0.000010
0.171360 0.030244 0.061733 0.378641 0.052637 0.281263 0.024123
0.197793 0.079348 0.062190 0.427629 0.005889 0.194027 0.033124
0.394936 0.155068 0.139957 0.236790 0.027433 0.000010 0.045806
0.172478 0.053935 0.068056 0.413646 0.050719 0.184732 0.056434
0.373438 0.158119 0.131928 0.298281 0.000010 0.006961 0.031263
0.160586 0.058625 0.070489 0.313565 0.058470 0.329234 0.009031
0.181687 0.089594 0.072791 0.318018 0.004903 0.315457 0.017549
0.105289 0.083858 0.040842 0.236796 0.012510 0.520695 0.000010
0.358880 0.096723 0.139384 0.274675 0.055222 0.000010 0.075108
0.202105 0.059822 0.076952 0.439303 0.000010 0.183613 0.038195
0.338578 0.153933 0.125436 0.287045 0.006455 0.000010 0.088544
0.153720 0.262885 0.064463 0.284858 0.084919 0.121993 0.027161
0.187454 0.211746 0.068726 0.307771 0.068969 0.145549 0.009785
0.401304 0.133459 0.123282 0.275017 0.000010 0.000010 0.066920
0.350217 0.162281 0.146491 0.265633 0.017447 0.000010 0.057921
0.209937 0.051998 0.084376 0.434673 0.016154 0.184226 0.018636
0.049290 0.022453 0.055586 0.256692 0.026799 0.573551 0.015629
0.118563 0.079613 0.072223 0.261267 0.006583 0.436220 0.025530
0.174082 0.091199 0.067324 0.307595 0.042921 0.313778 0.003102
0.192104 0.229449 0.073092 0.331025 0.055261 0.102220 0.016851
0.171893 0.095690 0.071672 0.432851 0.000010 0.191813 0.036071
0.169967 0.260934 0.070840 0.265049 0.093631 0.105799 0.033780
0.065617 0.063207 0.031981 0.226929 0.020752 0.573036 0.018478
0.138380 0.266970 0.076320 0.300522 0.083664 0.134134 0.000010
0.363611 0.153621 0.144968 0.279927 0.004632 0.000010 0.053230
0.234991 0.078437 0.064984 0.426544 0.018695 0.171755 0.004594
0.175553 0.106692 0.070310 0.280178 0.048645 0.313129 0.005493
0.211936 0.083746 0.039076 0.306368 0.032933 0.309830 0.016110
0.199024 0.091361 0.058764 0.296302 0.018268 0.313200 0.023081
0.227798 0.045915 0.067040 0.413866 0.049874 0.161562 0.033946
0.386488 0.150621 0.125521 0.284824 0.000010 0.000010 0.052526
0.279947 0.249674 0.087216 0.295280 0.048141 0.022112 0.017630
0.199424 0.240538 0.073829 0.273583 0.066857 0.137143 0.008626
0.060900 0.045974 0.039279 0.240030 0.018411 0.582918 0.012488
0.347427 0.147124 0.165390 0.281970 0.000010 0.000010 0.058068
0.356372 0.159823 0.131892 0.279491 0.014247 0.000010 0.058164
0.093917 0.066008 0.060912 0.275982 0.019730 0.483442 0.000010
0.182207 0.041734 0.071364 0.331349 0.003351 0.321445 0.048552
0.073002 0.003644 0.067305 0.242874 0.032851 0.553616 0.026707
0.186672 0.022144 0.089035 0.429465 0.061440 0.181821 0.029424
0.173332 0.241773 0.092361 0.287641 0.082486 0.117759 0.004648
0.183078 0.255391 0.088108 0.295421 0.079258 0.098734 0.000010
0.171966 0.057813 0.079099 0.321803 0.024252 0.345057 0.000010
0.368224 0.091959 0.170525 0.289079 0.008130 0.000010 0.072072
0.390951 0.132334 0.121837 0.274755 0.008602 0.000010 0.071511
0.358209 0.129365 0.150936 0.261689 0.026178 0.000010 0.073613
0.124442 0.070980 0.043998 0.269340 0.009558 0.466905 0.014778
0.267806 0.117947 0.077995 0.292559 0.013297 0.193521 0.036876
0.066001 0.057409 0.063318 0.217558 0.028914 0.561871 0.004928
0.374860 0.134315 0.121878 0.296885 0.005117 0.000010 0.066934
0.225288 0.046846 0.077187 0.439438 0.013108 0.175922 0.022211
0.220620 0.258266 0.100226 0.321654 0.055110 0.044114 0.000010
0.130545 0.058701 0.063205 0.428048 0.056431 0.242008 0.021061
0.201963 0.254501 0.057169 0.290909 0.060593 0.124762 0.010103
0.386469 0.156493 0.133946 0.273866 0.003730 0.000010 0.045487
0.357055 0.152446 0.138712 0.259473 0.006116 0.000010 0.086188
0.367719 0.139024 0.118037 0.287771 0.002526 0.000952 0.083970
0.161844 0.088089 0.071919 0.295982 0.029719 0.316297 0.036150
0.081939 0.064351 0.032381 0.262273 0.012715 0.536349 0.009992
0.044013 0.080118 0.064780 0.230631 0.008235 0.558350 0.013873
0.181627 0.171576 0.083203 0.306110 0.020737 0.212553 0.024194
0.199790 0.067555 0.049702 0.454949 0.023795 0.174369 0.029840
0.149731 0.239339 0.084781 0.276182 0.062662 0.129537 0.057769
0.156068 0.312391 0.080169 0.322775 0.025255 0.086145 0.017197
0.164147 0.283468 0.053961 0.307420 0.094349 0.073325 0.023330
0.146453 0.349578 0.044698 0.272655 0.093304 0.071548 0.021765
0.536548 0.230899 0.043074 0.066819 0.050578 0.017693 0.054389
0.371826 0.169247 0.124501 0.301311 0.000010 0.000010 0.033095
0.064729 0.536138 0.010088 0.189631 0.113450 0.085953 0.000010
0.137859 0.203013 0.079145 0.270991 0.054348 0.243865 0.010780
0.162545 0.292923 0.103227 0.273560 0.093993 0.057911 0.015840
0.170795 0.286344 0.080975 0.281873 0.065714 0.081643 0.032656
0.235873 0.273478 0.059425 0.331117 0.046972 0.048664 0.004470
0.163329 0.309808 0.075060 0.284480 0.067258 0.092252 0.007813
0.710629 0.167891 0.000010 0.033848 0.038252 0.016052 0.033317
0.345597 0.168571 0.124717 0.312184 0.000010 0.000010 0.048911
0.274290 0.177153 0.089331 0.355111 0.051702 0.047407 0.005005
0.058622 0.533107 0.021020 0.217119 0.102270 0.067530 0.000331
0.101297 0.481205 0.033092 0.225738 0.073293 0.085366 0.000010
0.397585 0.124603 0.088495 0.339953 0.000010 0.000010 0.049344
0.333817 0.163134 0.141976 0.268189 0.042674 0.000010 0.050201
0.163753 0.317236 0.027878 0.253913 0.116961 0.106183 0.014076
0.384355 0.144575 0.122657 0.325035 0.000010 0.000010 0.023358
0.646570 0.215910 0.000010 0.029536 0.074959 0.000010 0.033004
0.388371 0.134563 0.118797 0.306709 0.000010 0.000010 0.051540
0.270126 0.183350 0.139379 0.339142 0.019616 0.048378 0.000010
0.060097 0.551826 0.027946 0.213583 0.066873 0.079665 0.000010
0.126834 0.447707 0.049161 0.212308 0.093253 0.070727 0.000010
0.203780 0.209472 0.108620 0.314639 0.098630 0.054339 0.010520
0.395722 0.133354 0.116236 0.292499 0.013689 0.000010 0.048490
0.155440 0.324964 0.034187 0.256565 0.114049 0.113917 0.000880
0.141601 0.335608 0.057789 0.278108 0.085469 0.070778 0.030647
0.378112 0.093787 0.125708 0.323912 0.026712 0.000010 0.051758
0.628840 0.197324 0.021495 0.044630 0.027910 0.036326 0.043475
0.361666 0.097780 0.125958 0.322979 0.015195 0.000010 0.076411
0.276874 0.188232 0.118432 0.341574 0.033517 0.023346 0.018025
0.048772 0.457451 0.051098 0.241112 0.104600 0.076719 0.020247
0.070093 0.546161 0.016570 0.176679 0.109132 0.081354 0.000010
0.194260 0.193794 0.057601 0.324453 0.069333 0.131118 0.029441
0.134067 0.369021 0.055788 0.251555 0.093538 0.094471 0.001561
0.686356 0.192779 0.000010 0.000179 0.038755 0.000555 0.081365
0.397207 0.128517 0.120654 0.299995 0.000010 0.000010 0.053607
0.065608 0.487431 0.051575 0.199921 0.115862 0.079593 0.000010
0.117741 0.467742 0.025485 0.171737 0.143756 0.063887 0.009652
0.196993 0.235479 0.050541 0.285766 0.099330 0.122593 0.009297
0.062550 0.093172 0.000010 0.019611 0.045622 0.000010 0.779025
0.188786 0.225175 0.081283 0.301699 0.065602 0.099716 0.037739
0.174748 0.370907 0.031176 0.285193 0.038757 0.089166 0.010053
0.686989 0.192497 0.006828 0.020938 0.044111 0.009853 0.038785
0.364292 0.125338 0.114526 0.292946 0.023437 0.000010 0.079451
0.249965 0.127858 0.146577 0.338079 0.060908 0.036749 0.039864
0.058829 0.442861 0.054813 0.212307 0.129428 0.101753 0.000010
0.053747 0.530289 0.000341 0.216226 0.122156 0.077230 0.000010
0.202150 0.293031 0.059912 0.267161 0.097240 0.072494 0.008011
0.150797 0.181416 0.073068 0.300786 0.057900 0.198224 0.037808
0.241235 0.307441 0.067180 0.294848 0.051942 0.037344 0.000010
0.135978 0.231582 0.056516 0.296999 0.064661 0.186504 0.027760
0.171080 0.344154 0.039673 0.281726 0.068196 0.077679 0.017492
0.561890 0.204385 0.055008 0.046183 0.060577 0.029281 0.042676
0.366584 0.145210 0.117328 0.296028 0.000010 0.000010 0.074830
0.033227 0.527770 0.037660 0.214396 0.113222 0.073716 0.000010
0.215423 0.207094 0.122508 0.310076 0.059936 0.065828 0.019134
0.180188 0.317072 0.085538 0.257787 0.079945 0.061642 0.017828
0.370597 0.127156 0.132128 0.290001 0.000732 0.000010 0.079376
0.191059 0.319998 0.069968 0.301286 0.023273 0.057007 0.037409
0.173553 0.324012 0.069135 0.295024 0.065540 0.072725 0.000010
0.157172 0.350589 0.036198 0.290207 0.083818 0.081136 0.000880
0.592771 0.186167 0.030106 0.040921 0.057334 0.028746 0.063955
0.393216 0.123398 0.104365 0.317308 0.004254 0.000010 0.057448
0.039647 0.534914 0.046468 0.220856 0.085474 0.072631 0.000010
0.058664 0.476430 0.037907 0.231554 0.114188 0.080014 0.001242
0.189190 0.303350 0.089179 0.269956 0.061906 0.071578 0.014842
0.608813 0.065942 0.078158 0.142808 0.024468 0.025622 0.054189
0.706764 0.000010 0.073510 0.165957 0.040777 0.000183 0.012798
0.607548 0.227450 0.020592 0.000010 0.036678 0.021982 0.085740
0.488718 0.172564 0.107646 0.102783 0.023358 0.051759 0.053172
0.350603 0.276240 0.158804 0.080067 0.072969 0.015542 0.045774
0.395070 0.326734 0.062445 0.060844 0.054842 0.045686 0.054378
0.369739 0.265985 0.155370 0.088287 0.018882 0.019132 0.082606
0.650347 0.093331 0.053751 0.151271 0.040472 0.010818 0.000010
0.633580 0.096739 0.049781 0.138828 0.023236 0.037628 0.020207
0.551474 0.399056 0.000010 0.000010 0.012707 0.000010 0.036733
0.602938 0.214070 0.049791 0.008417 0.038310 0.025021 0.061453
0.646526 0.096466 0.060525 0.115890 0.045239 0.011820 0.023534
0.741249 0.070632 0.026899 0.121358 0.023877 0.012508 0.003477
0.574183 0.237011 0.036405 0.016005 0.054913 0.015098 0.066385
0.250962 0.378810 0.119825 0.057957 0.078483 0.010374 0.103590
0.664212 0.138511 0.042590 0.110862 0.009336 0.007202 0.027288
0.689032 0.089664 0.027734 0.149703 0.000010 0.007015 0.036842
0.518826 0.249537 0.079660 0.063183 0.013928 0.021322 0.053543
0.578304 0.389151 0.002424 0.000010 0.000010 0.000010 0.030092
0.523096 0.396630 0.000010 0.000010 0.058259 0.007684 0.014312
0.584765 0.392515 0.000010 0.000010 0.005484 0.009945 0.007271
0.690073 0.137053 0.069432 0.000010 0.027348 0.025969 0.050116
0.746033 0.017566 0.046078 0.161617 0.013333 0.015362 0.000010
0.507128 0.155770 0.108711 0.121448 0.063337 0.019453 0.024152
0.617772 0.276212 0.001206 0.020375 0.032447 0.018145 0.033843
0.095824 0.136313 0.039277 0.080046 0.035388 0.028956 0.584196
0.656128 0.116761 0.054174 0.101744 0.019778 0.006811 0.044603
0.576976 0.155690 0.032167 0.087916 0.071821 0.014860 0.060571
0.633291 0.125667 0.057433 0.093235 0.027117 0.022079 0.041178
0.549335 0.375562 0.000010 0.000010 0.016361 0.007566 0.051157
0.583742 0.389905 0.000010 0.000010 0.001197 0.005735 0.019400
0.507453 0.446428 0.000010 0.000010 0.029170 0.008518 0.008410
0.437388 0.296650 0.059624 0.088812 0.057138 0.046017 0.014372
0.735476 0.048508 0.052578 0.132520 0.000010 0.011391 0.019517
0.645356 0.121614 0.010623 0.141862 0.030819 0.014951 0.034775
0.616985 0.187782 0.049508 0.050003 0.062424 0.017151 0.016149
0.342518 0.182437 0.113591 0.178454 0.000010 0.108897 0.074093
0.700451 0.104551 0.028196 0.086289 0.043630 0.010216 0.026667
0.653273 0.085012 0.036865 0.159859 0.029093 0.004884 0.031013
0.661925 0.090106 0.063666 0.122971 0.028458 0.011612 0.021262
0.542025 0.049139 0.089429 0.155033 0.073209 0.045098 0.046067
0.510772 0.447443 0.004594 0.000010 0.000010 0.015873 0.021299
0.527665 0.423885 0.000010 0.000010 0.025875 0.000010 0.022545
0.622252 0.212941 0.025187 0.000010 0.055096 0.018897 0.065618
0.704763 0.039385 0.042626 0.148525 0.000010 0.015815 0.048877
0.726165 0.040063 0.051542 0.160594 0.000010 0.021616 0.000010
0.262862 0.432062 0.112099 0.017170 0.074693 0.018616 0.082498
0.344460 0.187079 0.170326 0.108844 0.062643 0.062823 0.063826
0.293223 0.290227 0.188059 0.055313 0.063480 0.026672 0.083027
0.350667 0.279449 0.167183 0.091274 0.029173 0.020477 0.061778
0.557475 0.189525 0.055972 0.094611 0.019490 0.025827 0.057100
0.538347 0.425123 0.000010 0.000010 0.013776 0.009656 0.013078
0.552721 0.268225 0.039081 0.048526 0.016099 0.017307 0.058041
0.575924 0.378919 0.000010 0.000010 0.025498 0.000010 0.019629
0.531659 0.156999 0.067309 0.088972 0.007609 0.097709 0.049744
0.373144 0.235629 0.166522 0.065157 0.055721 0.024649 0.079178
