0.419634 0.170401 0.045572 0.000010 0.023697 0.000010 0.340676
0.551909 0.083764 0.004798 0.005088 0.016422 0.024552 0.313468
0.422528 0.128009 0.014340 0.020797 0.028201 0.000010 0.386115
0.519876 0.091702 0.000010 0.027378 0.000010 0.029848 0.331175
0.425863 0.150357 0.053777 0.003830 0.000010 0.000010 0.366153
0.459369 0.113563 0.007899 0.008729 0.040440 0.018306 0.351695
0.491673 0.121497 0.004987 0.036913 0.011930 0.023428 0.309571
0.818718 0.000010 0.000010 0.000010 0.000010 0.081790 0.099452
0.817770 0.000010 0.000010 0.000010 0.005474 0.061161 0.115565
0.883380 0.000010 0.000010 0.000010 0.000010 0.000010 0.116570
0.741927 0.000010 0.042061 0.006231 0.002254 0.068469 0.139048
0.748139 0.000010 0.010110 0.011828 0.000010 0.087546 0.142358
0.000010 0.769442 0.033355 0.093916 0.000010 0.022479 0.080788
0.000010 0.585677 0.065163 0.107482 0.021886 0.055534 0.164247
0.010815 0.898405 0.000010 0.023545 0.007613 0.000010 0.059602
0.005747 0.594811 0.078181 0.086652 0.050977 0.012965 0.170667
0.424086 0.109976 0.042219 0.022130 0.018701 0.009405 0.373481
0.452397 0.137213 0.052371 0.000010 0.011543 0.000010 0.346456
0.840786 0.000010 0.000010 0.000010 0.000010 0.030724 0.128449
0.793663 0.000010 0.000010 0.000010 0.000010 0.119519 0.086777
0.806900 0.000010 0.000010 0.000010 0.000010 0.068381 0.124679
0.904471 0.000010 0.000010 0.000010 0.000010 0.000010 0.095479
0.750220 0.002641 0.037836 0.013244 0.008186 0.084564 0.103309
0.750114 0.000010 0.000010 0.033608 0.003956 0.078691 0.133611
0.000010 0.855159 0.004336 0.070641 0.011403 0.001977 0.056474
0.000368 0.802314 0.008963 0.040397 0.020135 0.005574 0.122249
0.020818 0.916123 0.033033 0.000010 0.000020 0.000010 0.029986
0.000010 0.571597 0.069532 0.143138 0.013848 0.046182 0.155693
0.433797 0.094108 0.033694 0.020499 0.017924 0.013816 0.386163
0.427413 0.120406 0.014662 0.049330 0.018698 0.025171 0.344320
0.800876 0.000010 0.001014 0.000010 0.000010 0.028271 0.169809
0.799801 0.000010 0.000010 0.000010 0.000010 0.136805 0.063355
0.890267 0.000010 0.000010 0.000010 0.000010 0.000010 0.109683
0.890327 0.000010 0.000010 0.000010 0.000010 0.000010 0.109623
0.755532 0.000010 0.029513 0.010139 0.021115 0.071523 0.112169
0.751824 0.000010 0.008936 0.029292 0.024419 0.071199 0.114319
0.000010 0.737543 0.000010 0.092613 0.032841 0.020514 0.116470
0.017841 0.844294 0.027538 0.019552 0.000931 0.008448 0.081397
0.000010 0.790127 0.003197 0.090575 0.000010 0.000010 0.116071
0.001656 0.588877 0.052499 0.099590 0.047982 0.028745 0.180651
0.468531 0.128878 0.003935 0.028133 0.047763 0.000010 0.322748
0.429679 0.099500 0.040171 0.053614 0.000010 0.016330 0.360696
0.818293 0.000010 0.000010 0.000010 0.000010 0.070210 0.111457
0.839412 0.000010 0.000010 0.000010 0.000010 0.053878 0.106669
0.900615 0.000010 0.000010 0.000010 0.000010 0.000010 0.099335
0.884569 0.000010 0.000010 0.000010 0.000010 0.000010 0.115381
0.903001 0.000010 0.000010 0.000010 0.000010 0.000010 0.096949
0.732610 0.000010 0.032941 0.010525 0.000010 0.081823 0.142081
0.749728 0.000010 0.040868 0.000010 0.027399 0.058685 0.123299
0.000010 0.713360 0.000010 0.090236 0.031670 0.017715 0.146999
0.022273 0.928433 0.000010 0.000010 0.022994 0.002691 0.023590
0.000010 0.853684 0.010977 0.026899 0.024763 0.000010 0.083657
0.012733 0.647910 0.061909 0.065625 0.030178 0.035901 0.145743
0.000010 0.814336 0.004046 0.063024 0.029032 0.000660 0.088891
0.000010 0.468249 0.194911 0.148317 0.076623 0.064817 0.047074
0.004187 0.816393 0.026559 0.059665 0.033198 0.015880 0.044118
0.000010 0.385052 0.010942 0.077618 0.000010 0.015151 0.511216
0.017669 0.534335 0.047559 0.082166 0.015065 0.014321 0.288886
0.000010 0.346794 0.000010 0.011300 0.006676 0.002031 0.633179
0.017083 0.484265 0.024787 0.075822 0.021455 0.026682 0.349906
0.387952 0.192333 0.052856 0.000010 0.013116 0.024872 0.328861
0.000010 0.734958 0.044100 0.059084 0.025992 0.052946 0.082910
0.000010 0.715320 0.057379 0.123717 0.000306 0.008647 0.094620
0.035968 0.393319 0.003984 0.061530 0.019536 0.018307 0.467357
0.094764 0.209265 0.058318 0.002809 0.011622 0.022911 0.600312
0.012256 0.430616 0.088838 0.025413 0.002847 0.012622 0.427409
0.036670 0.445182 0.056759 0.078538 0.013791 0.000010 0.369049
0.425948 0.150044 0.047544 0.032919 0.003173 0.031646 0.308726
0.432698 0.129368 0.052325 0.029691 0.000010 0.003762 0.352145
0.000010 0.739864 0.032464 0.070812 0.010158 0.041740 0.104953
0.000010 0.499598 0.164555 0.138368 0.052703 0.062737 0.082029
0.000010 0.798049 0.009503 0.062784 0.045518 0.011768 0.072369
0.016079 0.382101 0.028643 0.046698 0.020093 0.032513 0.473873
0.021536 0.472390 0.042289 0.106760 0.028513 0.026168 0.302344
0.000010 0.492859 0.042133 0.071520 0.005263 0.016815 0.371400
0.049066 0.422443 0.012225 0.077748 0.045981 0.025071 0.367465
0.381484 0.181179 0.040180 0.054087 0.036847 0.000010 0.306214
0.382009 0.123490 0.066580 0.038370 0.000010 0.013648 0.375893
0.427171 0.127217 0.009514 0.030307 0.038312 0.036565 0.330914
0.812355 0.000010 0.004999 0.000010 0.007753 0.051964 0.122909
0.899648 0.000010 0.000010 0.000010 0.000010 0.000010 0.100302
0.883147 0.000010 0.000010 0.000010 0.000010 0.000010 0.116803
0.903487 0.000010 0.000010 0.000010 0.000010 0.000010 0.096463
0.728218 0.008597 0.044052 0.000682 0.000010 0.136565 0.081877
0.752904 0.000010 0.031542 0.002623 0.024668 0.085059 0.103194
0.000010 0.732646 0.043847 0.089717 0.003278 0.010302 0.120200
0.011546 0.925132 0.000010 0.000010 0.002673 0.009378 0.051251
0.000010 0.744668 0.021609 0.050837 0.043679 0.003402 0.135796
0.020921 0.569570 0.012956 0.122188 0.075543 0.038266 0.160555
0.424523 0.099872 0.016782 0.055043 0.004098 0.018110 0.381571
0.637014 0.053028 0.029431 0.007017 0.000010 0.010903 0.262598
0.812243 0.000010 0.000010 0.000010 0.000010 0.075592 0.112126
0.819237 0.000010 0.000010 0.000010 0.000010 0.059359 0.121364
0.891004 0.000010 0.000010 0.000010 0.000010 0.000010 0.108946
0.907018 0.000010 0.000010 0.000010 0.000010 0.000010 0.092932
0.741917 0.000010 0.005939 0.018021 0.013321 0.078842 0.141950
0.749605 0.003023 0.037289 0.027156 0.007569 0.061552 0.113806
0.000010 0.718357 0.000010 0.090614 0.030516 0.029058 0.131435
0.000010 0.853887 0.002260 0.047037 0.035929 0.000010 0.060867
0.008775 0.606365 0.092354 0.095634 0.018468 0.013306 0.165098
0.000010 0.775474 0.039507 0.067651 0.012048 0.025641 0.079669
0.000010 0.229127 0.299377 0.205776 0.092240 0.091280 0.082190
0.010511 0.836515 0.041933 0.047503 0.020254 0.011849 0.031435
0.000010 0.322940 0.000010 0.050389 0.000010 0.000010 0.626631
0.000010 0.381759 0.034276 0.027598 0.024767 0.032021 0.499569
0.003539 0.456481 0.063889 0.076262 0.000010 0.013292 0.386527
0.440660 0.129181 0.045392 0.064594 0.012035 0.022157 0.285981
0.425257 0.144352 0.014161 0.031902 0.030424 0.000010 0.353894
0.818204 0.000010 0.000010 0.000010 0.000010 0.075907 0.105849
0.803032 0.000010 0.000010 0.000010 0.000010 0.084776 0.112153
0.905487 0.000010 0.000010 0.000010 0.000010 0.000010 0.094463
0.889921 0.000010 0.001001 0.011262 0.002565 0.000010 0.095231
0.733732 0.000010 0.029046 0.012410 0.000010 0.088821 0.135970
0.000010 0.695386 0.036240 0.097169 0.007539 0.010187 0.153469
0.003164 0.882345 0.000010 0.025806 0.012102 0.000010 0.076564
0.018270 0.912169 0.007759 0.000010 0.000376 0.000010 0.061406
0.000010 0.579185 0.063283 0.101356 0.021975 0.053798 0.180394
0.005061 0.777884 0.042650 0.048572 0.013057 0.025884 0.086891
0.000010 0.421633 0.172116 0.170234 0.077085 0.094263 0.064660
0.004055 0.796277 0.018538 0.082700 0.008533 0.027050 0.062846
0.001316 0.407784 0.000010 0.038711 0.023059 0.016684 0.512436
0.000010 0.320617 0.000010 0.025929 0.000010 0.050695 0.602730
0.003367 0.465000 0.021437 0.085811 0.022807 0.009958 0.391620
0.324775 0.164573 0.028249 0.006598 0.031755 0.025293 0.418757
0.457508 0.104394 0.014635 0.000010 0.021269 0.044152 0.358032
0.836132 0.000010 0.000010 0.000010 0.000010 0.089574 0.074254
0.832765 0.000010 0.000010 0.000010 0.000010 0.034109 0.133086
0.905170 0.000010 0.000010 0.000010 0.000010 0.000010 0.094780
0.898358 0.000010 0.000010 0.000010 0.000010 0.000010 0.101592
0.753709 0.010755 0.035980 0.001775 0.000010 0.095443 0.102328
0.730698 0.000010 0.027942 0.031148 0.008859 0.061685 0.139657
0.000010 0.661414 0.009102 0.122952 0.024193 0.049111 0.133219
0.013405 0.907742 0.000010 0.021383 0.000010 0.000010 0.057440
0.010121 0.924745 0.000010 0.020595 0.001713 0.000010 0.042805
0.002626 0.560596 0.063031 0.113338 0.030474 0.050162 0.179773
0.000010 0.726880 0.070052 0.043720 0.017102 0.016645 0.125591
0.000010 0.433982 0.169276 0.176892 0.069289 0.068960 0.081590
0.000010 0.790384 0.002513 0.065352 0.033308 0.035720 0.072713
0.000010 0.202888 0.000017 0.011659 0.000010 0.000010 0.785406
0.032714 0.441699 0.079359 0.078821 0.006870 0.000010 0.360528
0.092393 0.459013 0.010016 0.081320 0.030852 0.008866 0.317540
0.486396 0.139080 0.010588 0.047211 0.018294 0.033927 0.264503
0.463446 0.127598 0.019441 0.000010 0.030291 0.022318 0.336895
0.822433 0.000010 0.000010 0.000010 0.000010 0.050004 0.127523
0.835929 0.000010 0.000010 0.000010 0.000010 0.039183 0.124847
0.899701 0.000010 0.000010 0.000010 0.000010 0.000010 0.100249
0.896969 0.000010 0.000010 0.000010 0.005349 0.000010 0.097643
0.894841 0.000010 0.000010 0.000010 0.000013 0.000010 0.105106
0.730024 0.000010 0.034278 0.022700 0.014840 0.084964 0.113185
0.773753 0.000010 0.026650 0.000010 0.004741 0.065129 0.129707
0.000010 0.677883 0.045561 0.073611 0.011707 0.028811 0.162417
0.020879 0.790959 0.048006 0.058843 0.000307 0.003136 0.077869
0.020080 0.938787 0.000010 0.000010 0.000841 0.001679 0.038593
0.006012 0.540077 0.072028 0.114838 0.011125 0.039867 0.216053
0.000010 0.694208 0.052260 0.083083 0.038819 0.020028 0.111591
0.002515 0.789864 0.044484 0.035619 0.009243 0.046984 0.071290
0.000010 0.413422 0.052240 0.040669 0.040581 0.017961 0.435116
0.010765 0.359886 0.028055 0.038685 0.031040 0.027874 0.503695
0.030356 0.491277 0.045789 0.082158 0.009517 0.011474 0.329429
0.000010 0.302046 0.009351 0.019335 0.022059 0.002003 0.645196
0.052871 0.947079 0.000010 0.000010 0.000010 0.000010 0.000010
0.419768 0.114058 0.003466 0.053978 0.000010 0.035885 0.372834
0.826846 0.000010 0.000010 0.000010 0.000010 0.079420 0.093694
0.856694 0.000010 0.000010 0.016851 0.000010 0.000010 0.126415
0.892384 0.000010 0.000010 0.000010 0.000010 0.000010 0.107566
0.729984 0.000010 0.044141 0.000010 0.013296 0.113511 0.099048
0.759511 0.000010 0.027010 0.004214 0.010195 0.078841 0.120219
0.000010 0.804506 0.063742 0.004768 0.013211 0.007426 0.106337
0.000010 0.834488 0.004465 0.043889 0.010867 0.000010 0.106271
0.000010 0.809432 0.000010 0.070282 0.025566 0.000010 0.094691
0.000010 0.781195 0.014882 0.054254 0.013551 0.053495 0.082612
0.000010 0.458170 0.210517 0.174032 0.032705 0.064550 0.060016
0.000010 0.791196 0.028827 0.068335 0.025787 0.020514 0.065332
0.000010 0.237986 0.000010 0.047822 0.000010 0.016745 0.697416
0.006901 0.402108 0.032258 0.044620 0.000010 0.012274 0.501828
0.078102 0.218528 0.020165 0.046167 0.049110 0.000010 0.587917
0.000010 0.417137 0.029650 0.030481 0.000448 0.000010 0.522263
0.504490 0.097209 0.023505 0.033387 0.034611 0.000253 0.306544
0.043059 0.956891 0.000010 0.000010 0.000010 0.000010 0.000010
0.822674 0.000010 0.000010 0.000010 0.000010 0.060396 0.116890
0.898327 0.000010 0.000010 0.005582 0.000010 0.000010 0.096051
0.803932 0.000010 0.000010 0.000010 0.000010 0.077465 0.118563
0.815166 0.000010 0.000010 0.000010 0.000010 0.075153 0.109641
0.006171 0.809192 0.044687 0.087953 0.006116 0.002114 0.043766
0.000010 0.362442 0.051983 0.054815 0.027781 0.001178 0.501790
0.000010 0.450219 0.215861 0.148553 0.033482 0.089338 0.062536
0.000010 0.813197 0.000010 0.090235 0.026710 0.013168 0.056671
0.012095 0.344181 0.024517 0.044706 0.000010 0.000010 0.574480
0.008376 0.486208 0.045314 0.061336 0.052903 0.010846 0.335017
0.189141 0.328484 0.017989 0.069756 0.017328 0.023190 0.354112
0.440689 0.148481 0.041191 0.037804 0.000010 0.041909 0.289916
0.045953 0.953997 0.000010 0.000010 0.000010 0.000010 0.000010
0.883993 0.000010 0.000010 0.000010 0.000010 0.000010 0.115957
0.718894 0.000010 0.058409 0.011658 0.000010 0.089775 0.121244
0.754093 0.000010 0.011916 0.031573 0.000010 0.082443 0.119955
0.739580 0.000010 0.034933 0.000010 0.000010 0.083516 0.141941
0.016014 0.888433 0.000010 0.031810 0.000010 0.000010 0.063713
0.000010 0.829298 0.000010 0.064178 0.008904 0.002122 0.095478
0.000010 0.713783 0.050485 0.080656 0.021942 0.042510 0.090615
0.002556 0.794621 0.022445 0.069164 0.019636 0.045296 0.046282
0.000010 0.451263 0.218552 0.131029 0.039314 0.088438 0.071395
0.000010 0.185142 0.011229 0.025040 0.000010 0.005442 0.773128
0.024224 0.387582 0.051212 0.048658 0.012197 0.007975 0.468152
0.037922 0.470190 0.059430 0.060346 0.032482 0.020025 0.319606
0.008061 0.472454 0.055713 0.048061 0.000010 0.014633 0.401067
0.010474 0.474036 0.048766 0.078347 0.020191 0.045079 0.323105
0.048629 0.951321 0.000010 0.000010 0.000010 0.000010 0.000010
0.000010 0.498229 0.158338 0.148439 0.037190 0.065990 0.091803
0.001392 0.780791 0.028093 0.078591 0.033176 0.008218 0.069739
0.004754 0.331021 0.014348 0.048633 0.013991 0.009532 0.577721
0.016376 0.383391 0.014998 0.071736 0.020502 0.008989 0.484008
0.089721 0.201600 0.083998 0.000010 0.017423 0.020297 0.586951
0.000010 0.433558 0.036816 0.066281 0.029162 0.020662 0.413513
0.474363 0.151187 0.048336 0.009649 0.026276 0.009927 0.280263
0.033690 0.966260 0.000010 0.000010 0.000010 0.000010 0.000010
0.039478 0.960472 0.000010 0.000010 0.000010 0.000010 0.000010
0.042073 0.823369 0.034087 0.054284 0.031235 0.014941 0.000010
0.000010 0.880716 0.035365 0.005572 0.019461 0.008155 0.050721
0.048590 0.414396 0.116082 0.161000 0.055796 0.029459 0.174677
0.047579 0.000010 0.000010 0.000010 0.000010 0.007162 0.945220
0.111732 0.010596 0.000010 0.000010 0.000010 0.000010 0.877632
0.000010 0.668522 0.010555 0.006689 0.020637 0.000010 0.293577
0.000010 0.670113 0.000010 0.053388 0.002720 0.000010 0.273749
0.000010 0.676273 0.013300 0.034605 0.008430 0.000010 0.267372
0.048323 0.852303 0.007244 0.015761 0.016981 0.019948 0.039440
0.046309 0.942877 0.000010 0.000010 0.010774 0.000010 0.000010
0.001030 0.854408 0.012529 0.042757 0.016271 0.004782 0.068224
0.059917 0.398780 0.180003 0.107056 0.058731 0.041119 0.154394
0.077437 0.000010 0.000010 0.000010 0.000010 0.000010 0.922513
0.000010 0.042064 0.000010 0.000010 0.000010 0.000010 0.957886
0.000010 0.642007 0.053395 0.018282 0.000010 0.022606 0.263690
0.000010 0.632790 0.008345 0.069324 0.000010 0.004519 0.285001
0.178208 0.793722 0.000010 0.000010 0.000010 0.028030 0.000010
0.001617 0.404568 0.019627 0.024545 0.004075 0.023427 0.522141
0.044260 0.953108 0.000010 0.000017 0.000010 0.002585 0.000010
0.000010 0.482683 0.165482 0.146716 0.035517 0.068657 0.100936
0.019276 0.345914 0.192431 0.137024 0.099995 0.039146 0.166213
0.110544 0.000010 0.000010 0.000010 0.009615 0.000010 0.879801
0.022904 0.000010 0.000010 0.000010 0.000010 0.000010 0.977046
0.000010 0.651228 0.025875 0.007812 0.015399 0.018096 0.281579
0.000010 0.658785 0.003748 0.040190 0.023026 0.005582 0.268659
0.000010 0.661514 0.000010 0.043780 0.000010 0.007106 0.287570
0.128466 0.858719 0.000010 0.002336 0.000010 0.009148 0.001310
0.046782 0.953168 0.000010 0.000010 0.000010 0.000010 0.000010
0.029677 0.810450 0.044148 0.077494 0.007941 0.030281 0.000010
0.000010 0.481530 0.153300 0.157370 0.044922 0.068552 0.094316
0.066627 0.396623 0.147848 0.068211 0.056484 0.060189 0.204018
0.267528 0.000010 0.000010 0.000010 0.000010 0.000010 0.732422
0.054432 0.000010 0.000010 0.000160 0.004073 0.000010 0.941305
0.000010 0.640757 0.008607 0.045408 0.010487 0.000010 0.294720
0.000010 0.628691 0.000010 0.041849 0.026860 0.013768 0.288812
0.000010 0.656550 0.023298 0.028041 0.013379 0.000010 0.278712
0.198800 0.771739 0.000010 0.000010 0.000010 0.029421 0.000010
0.741827 0.000010 0.030100 0.013329 0.010969 0.054559 0.149206
0.745563 0.009460 0.041983 0.000010 0.025119 0.073432 0.104434
0.000010 0.675420 0.059047 0.091568 0.011323 0.014029 0.148603
0.024187 0.933195 0.000010 0.000010 0.000010 0.000010 0.042578
0.001847 0.574120 0.053157 0.108254 0.033894 0.039082 0.189647
0.040245 0.959705 0.000010 0.000010 0.000010 0.000010 0.000010
0.005686 0.911949 0.009327 0.022954 0.000010 0.000010 0.050063
0.000010 0.514148 0.155323 0.126441 0.069254 0.050056 0.084767
0.051042 0.444005 0.092012 0.114787 0.068460 0.058089 0.171604
0.123792 0.000010 0.000010 0.000010 0.000010 0.000010 0.876158
0.033302 0.000010 0.000010 0.000010 0.000010 0.000010 0.966648
0.001331 0.659869 0.014281 0.048823 0.002650 0.005834 0.267213
0.000010 0.648566 0.000010 0.027287 0.049901 0.000010 0.274216
0.000871 0.654960 0.018727 0.045906 0.009200 0.008857 0.261479
0.102646 0.848790 0.019178 0.000010 0.000010 0.021876 0.007490
0.000010 0.865802 0.024661 0.027980 0.003976 0.000010 0.077561
0.000010 0.426020 0.207737 0.152693 0.051627 0.108503 0.053411
0.053187 0.000010 0.000010 0.000010 0.000010 0.000010 0.946763
0.038270 0.000010 0.003088 0.000010 0.002342 0.002114 0.954167
0.189630 0.000010 0.000010 0.000010 0.000010 0.000010 0.810320
0.000010 0.660451 0.004667 0.015944 0.022785 0.000010 0.296132
0.025738 0.821760 0.052719 0.049850 0.025258 0.021359 0.003316
0.000010 0.835509 0.036725 0.068888 0.000010 0.008182 0.050676
0.000010 0.414167 0.158988 0.165085 0.072435 0.089935 0.099381
0.030235 0.408484 0.129753 0.131039 0.053624 0.048311 0.198554
0.051160 0.000010 0.000010 0.000010 0.000010 0.000010 0.948790
0.029028 0.000010 0.000010 0.000010 0.000010 0.000010 0.970922
0.000010 0.660385 0.014700 0.036920 0.000814 0.010920 0.276251
0.000010 0.665395 0.000549 0.031319 0.010609 0.000010 0.292108
0.000010 0.650979 0.007989 0.030979 0.012646 0.000819 0.296578
0.166003 0.833947 0.000010 0.000010 0.000010 0.000010 0.000010
0.047420 0.872764 0.000010 0.047693 0.019870 0.012233 0.000010
0.000010 0.866624 0.017656 0.044341 0.003444 0.000010 0.067916
0.000010 0.422945 0.150912 0.206598 0.047135 0.075032 0.097368
0.071809 0.418606 0.124788 0.137689 0.030629 0.025667 0.190812
0.064410 0.005864 0.000010 0.000010 0.000010 0.000010 0.929687
0.066632 0.000010 0.000010 0.000010 0.010829 0.000010 0.922499
0.000010 0.649677 0.036296 0.025425 0.013032 0.014608 0.260953
0.000010 0.666496 0.013111 0.009194 0.039372 0.000010 0.271807
0.000010 0.635946 0.026381 0.016834 0.025324 0.000010 0.295496
0.044960 0.864748 0.017601 0.019899 0.028737 0.024045 0.000010
0.000010 0.865565 0.041613 0.029439 0.000010 0.000010 0.063353
0.056406 0.384177 0.192609 0.108072 0.049750 0.028117 0.180870
0.045531 0.000010 0.000010 0.000010 0.000010 0.000010 0.954419
0.058987 0.000010 0.000010 0.000010 0.000010 0.005424 0.935548
0.000010 0.636464 0.039427 0.011121 0.002312 0.005395 0.305272
0.036767 0.840289 0.000010 0.061206 0.028368 0.033350 0.000010
0.000010 0.874906 0.034428 0.012043 0.000010 0.013702 0.064902
0.044447 0.426200 0.155302 0.118126 0.071964 0.032709 0.151254
0.047367 0.000010 0.000010 0.000010 0.000010 0.000010 0.952583
0.088026 0.000010 0.000010 0.000010 0.000010 0.000010 0.911923
0.000010 0.668117 0.000010 0.007251 0.035711 0.011606 0.277296
0.000010 0.646426 0.007966 0.026340 0.006558 0.000010 0.312689
0.179755 0.801069 0.000010 0.000010 0.000010 0.019135 0.000010
0.177194 0.814681 0.000010 0.000010 0.000010 0.008085 0.000010
0.038519 0.516856 0.018834 0.108115 0.040234 0.017297 0.260145
0.017891 0.447281 0.030421 0.061413 0.035725 0.046450 0.360821
0.473126 0.095178 0.031142 0.045637 0.023719 0.015596 0.315602
0.043379 0.865174 0.005626 0.040537 0.031173 0.014102 0.000010
0.001002 0.884217 0.016272 0.003104 0.021453 0.000010 0.073942
0.000010 0.445644 0.214779 0.166196 0.038465 0.073697 0.061208
0.056983 0.000010 0.000010 0.003158 0.000010 0.003957 0.935872
0.108897 0.000010 0.000010 0.000010 0.000890 0.000639 0.889544
0.000010 0.637504 0.002432 0.050234 0.026017 0.000010 0.283793
0.000010 0.643545 0.000010 0.053066 0.000010 0.011950 0.291408
0.190421 0.803531 0.000010 0.000010 0.000010 0.006008 0.000010
0.740993 0.000010 0.029964 0.009246 0.004371 0.069768 0.145648
0.000010 0.917521 0.024521 0.015455 0.001105 0.000010 0.041377
0.130395 0.834596 0.000010 0.000010 0.013085 0.021894 0.000010
0.000010 0.641036 0.021386 0.025983 0.024036 0.013871 0.273677
0.042790 0.000010 0.000010 0.000010 0.000010 0.000010 0.957160
0.000010 0.648721 0.002107 0.032919 0.017774 0.000010 0.298459
0.036633 0.442282 0.154496 0.109320 0.063083 0.014249 0.179938
0.000010 0.468610 0.221934 0.124775 0.061577 0.054858 0.068237
0.048716 0.780015 0.035054 0.089316 0.033415 0.013473 0.000010
0.284976 0.000010 0.000010 0.000010 0.000010 0.000010 0.714974
0.000010 0.730989 0.071694 0.060572 0.015137 0.000010 0.121587
0.750318 0.006140 0.000010 0.000010 0.000010 0.243502 0.000010
0.766486 0.012716 0.000010 0.000010 0.000010 0.220759 0.000010
0.739059 0.015260 0.000010 0.000010 0.000010 0.245641 0.000010
0.740334 0.000010 0.000010 0.000010 0.000010 0.259616 0.000010
0.000010 0.271647 0.150915 0.300889 0.040982 0.202113 0.033444
0.000010 0.265399 0.171580 0.245503 0.073535 0.171678 0.072296
0.000010 0.258151 0.137586 0.298290 0.058514 0.191485 0.055964
0.000010 0.269663 0.110817 0.273266 0.071233 0.225101 0.049909
0.724521 0.051053 0.004247 0.000010 0.000010 0.205493 0.014666
0.801680 0.000010 0.000010 0.000010 0.000010 0.136671 0.061609
0.789681 0.000010 0.000010 0.000010 0.000010 0.165084 0.045195
0.790993 0.000010 0.004197 0.000010 0.000010 0.150128 0.054652
0.794660 0.000010 0.000010 0.000010 0.000010 0.143925 0.061374
0.786166 0.000010 0.000010 0.000489 0.000010 0.165385 0.047930
0.769362 0.020242 0.000010 0.000010 0.000010 0.210356 0.000010
0.788933 0.000010 0.000010 0.000010 0.000010 0.153178 0.057849
0.536829 0.032816 0.067824 0.078980 0.000010 0.205425 0.078116
0.605030 0.093449 0.000010 0.000010 0.000010 0.301481 0.000010
0.729298 0.000010 0.000010 0.000010 0.000010 0.270652 0.000010
0.725376 0.000010 0.000010 0.000010 0.000010 0.274574 0.000010
0.728888 0.000010 0.000010 0.000010 0.000010 0.271062 0.000010
0.724332 0.014380 0.000010 0.000010 0.000010 0.261248 0.000010
0.706266 0.012738 0.000010 0.000010 0.000010 0.280956 0.000010
0.765050 0.008516 0.000010 0.000010 0.000010 0.226394 0.000010
0.722314 0.008776 0.000010 0.000010 0.000010 0.268870 0.000010
0.722802 0.000010 0.000010 0.000010 0.000010 0.277148 0.000010
0.713124 0.000010 0.000010 0.000010 0.000010 0.286826 0.000010
0.722221 0.024913 0.000010 0.000010 0.000010 0.252826 0.000010
0.772740 0.000010 0.000010 0.000010 0.008371 0.218849 0.000010
0.779011 0.017993 0.000010 0.000010 0.007903 0.187852 0.007221
0.766012 0.000010 0.000010 0.000010 0.000010 0.233938 0.000010
0.764078 0.021097 0.000010 0.000010 0.000010 0.214785 0.000010
0.752115 0.023278 0.000010 0.000010 0.008087 0.216491 0.000010
0.773129 0.003293 0.000010 0.000010 0.000010 0.223538 0.000010
0.774693 0.017383 0.000010 0.000010 0.000010 0.207884 0.000010
0.775601 0.000010 0.000010 0.000010 0.000010 0.224349 0.000010
0.776174 0.005846 0.000010 0.000010 0.000010 0.213046 0.004903
0.772400 0.000162 0.000010 0.000010 0.000010 0.227398 0.000010
0.767697 0.013513 0.000010 0.000010 0.000010 0.218750 0.000010
0.729722 0.012493 0.000010 0.000010 0.000010 0.257745 0.000010
0.739337 0.007439 0.000010 0.000010 0.000010 0.253184 0.000010
0.739512 0.000010 0.000010 0.000010 0.000010 0.260438 0.000010
0.755207 0.000010 0.000010 0.000010 0.000010 0.244743 0.000010
0.752829 0.000010 0.000010 0.000010 0.000010 0.247121 0.000010
0.761267 0.000010 0.000010 0.000010 0.000010 0.238683 0.000010
0.769687 0.000010 0.000010 0.000010 0.000010 0.230263 0.000010
0.742302 0.031295 0.000010 0.000010 0.000010 0.226363 0.000010
0.738054 0.005968 0.006005 0.000010 0.000010 0.249943 0.000010
0.739522 0.015733 0.000010 0.000010 0.000010 0.244705 0.000010
0.773260 0.007003 0.000010 0.000010 0.000010 0.219696 0.000010
0.768775 0.000010 0.000010 0.000010 0.000010 0.231175 0.000010
0.734061 0.000010 0.000010 0.000010 0.000010 0.265889 0.000010
0.768475 0.001529 0.000010 0.000010 0.002752 0.227214 0.000010
0.765604 0.004182 0.000010 0.000010 0.000010 0.216084 0.014099
0.764917 0.012972 0.000010 0.000010 0.000010 0.222071 0.000010
0.769031 0.007347 0.000010 0.000010 0.000010 0.223582 0.000010
0.785352 0.000010 0.000010 0.000010 0.000010 0.214598 0.000010
0.759104 0.045207 0.000010 0.000010 0.000010 0.195649 0.000010
0.768874 0.000010 0.000010 0.000010 0.014884 0.204834 0.011377
0.729965 0.012836 0.000010 0.000010 0.000010 0.257159 0.000010
0.751261 0.000137 0.000010 0.000010 0.000010 0.248562 0.000010
0.752172 0.035067 0.006959 0.000010 0.002098 0.203684 0.000010
0.745278 0.000010 0.000010 0.000010 0.000010 0.254672 0.000010
0.721695 0.000010 0.000010 0.000010 0.000010 0.278255 0.000010
0.767514 0.010351 0.011037 0.000010 0.000010 0.211068 0.000010
0.724032 0.012398 0.000010 0.000010 0.000010 0.263530 0.000010
0.760536 0.018825 0.000010 0.000010 0.001050 0.219559 0.000010
0.762080 0.001752 0.000010 0.003713 0.000010 0.232424 0.000010
0.747610 0.000010 0.000010 0.000010 0.000010 0.252340 0.000010
0.706677 0.006983 0.000010 0.000010 0.000010 0.286300 0.000010
0.724862 0.009770 0.000010 0.000010 0.000010 0.265329 0.000010
0.738362 0.008853 0.000010 0.000010 0.000010 0.252746 0.000010
0.736700 0.002504 0.000010 0.000010 0.000010 0.260755 0.000010
0.408618 0.097376 0.112017 0.101367 0.000010 0.280601 0.000010
0.770583 0.000010 0.000010 0.019516 0.000010 0.185038 0.024833
0.786702 0.000010 0.000010 0.000010 0.000010 0.188568 0.024689
0.779616 0.000010 0.000010 0.000010 0.000010 0.184203 0.036141
0.784849 0.000010 0.000010 0.000010 0.000010 0.173995 0.041116
0.765206 0.000010 0.000010 0.013132 0.000010 0.190076 0.031556
0.791736 0.000010 0.000010 0.000010 0.000010 0.172986 0.035238
0.788713 0.000010 0.000010 0.000010 0.000010 0.161194 0.050053
0.800068 0.010662 0.000010 0.000010 0.000010 0.144417 0.044823
0.772262 0.007190 0.000010 0.000010 0.000010 0.205269 0.015248
0.743415 0.011665 0.000010 0.000010 0.000010 0.244880 0.000010
0.764864 0.003642 0.000010 0.000010 0.000010 0.210148 0.021315
0.747235 0.023601 0.000010 0.000010 0.000010 0.215502 0.013632
0.751137 0.014795 0.000010 0.000010 0.000010 0.221115 0.012922
0.762524 0.002357 0.000010 0.000010 0.007057 0.219872 0.008170
0.793038 0.000010 0.000010 0.000010 0.000010 0.161547 0.045375
0.762661 0.000010 0.000010 0.014541 0.000010 0.222757 0.000010
0.761366 0.041805 0.000010 0.000010 0.000010 0.187688 0.009111
0.707361 0.013700 0.000010 0.000010 0.000010 0.278899 0.000010
0.750982 0.005635 0.000010 0.000010 0.000010 0.243343 0.000010
0.753674 0.011413 0.000010 0.002834 0.000010 0.230401 0.001657
0.782175 0.006885 0.000010 0.000010 0.018296 0.192387 0.000238
0.736592 0.000497 0.000010 0.000010 0.000010 0.262871 0.000010
0.006995 0.158416 0.128787 0.278274 0.078229 0.279731 0.069569
0.060056 0.085021 0.263900 0.237205 0.014125 0.319790 0.019904
0.058912 0.188533 0.212595 0.200369 0.035670 0.303912 0.000010
0.609281 0.029331 0.045957 0.042813 0.024968 0.208743 0.038907
0.003663 0.155616 0.111534 0.340383 0.059991 0.292879 0.035934
0.000010 0.167812 0.107945 0.318706 0.064055 0.296068 0.045403
0.321339 0.089835 0.095382 0.136675 0.033859 0.302845 0.020064
0.312843 0.096560 0.105634 0.164074 0.031987 0.258379 0.030523
0.154986 0.088840 0.263443 0.171252 0.030690 0.270557 0.020232
0.000010 0.006781 0.078696 0.045421 0.839018 0.028986 0.001088
0.000010 0.129946 0.093629 0.309405 0.084518 0.347536 0.034956
0.000010 0.168756 0.166288 0.327210 0.049761 0.279706 0.008269
0.304737 0.130451 0.073545 0.136126 0.019495 0.314727 0.020918
0.052621 0.137717 0.257378 0.188709 0.021395 0.341228 0.000953
0.200453 0.128189 0.059920 0.154184 0.023074 0.434171 0.000010
0.000010 0.190806 0.139699 0.297777 0.066971 0.280076 0.024662
0.330664 0.088921 0.105380 0.146526 0.036255 0.274488 0.017767
0.319062 0.087688 0.078685 0.175695 0.013346 0.298421 0.027104
0.376666 0.069159 0.118301 0.110604 0.022210 0.241666 0.061394
0.586372 0.026239 0.089926 0.041168 0.000010 0.211572 0.044712
0.306568 0.102029 0.056959 0.125143 0.023405 0.382800 0.003097
0.216851 0.114824 0.059482 0.139681 0.030588 0.438565 0.000010
0.000010 0.152274 0.158463 0.353776 0.048196 0.257217 0.030063
0.209278 0.126048 0.075501 0.116627 0.054909 0.417627 0.000010
0.008634 0.149644 0.120571 0.325583 0.037077 0.323235 0.035257
0.354685 0.106842 0.095205 0.127934 0.008937 0.296551 0.009845
0.336531 0.098881 0.073998 0.145557 0.018095 0.307711 0.019226
0.545065 0.041231 0.080207 0.090319 0.000010 0.204102 0.039066
0.000010 0.156513 0.124838 0.310571 0.076498 0.298254 0.033316
0.207469 0.141382 0.033638 0.143302 0.036078 0.438120 0.000010
0.000010 0.152529 0.138566 0.287067 0.090740 0.314023 0.017066
0.135089 0.082450 0.307269 0.114811 0.027858 0.307110 0.025412
0.161774 0.102298 0.244980 0.145576 0.010959 0.323401 0.011011
0.000010 0.161422 0.110048 0.357171 0.070526 0.293558 0.007265
0.000010 0.163219 0.154109 0.304362 0.059639 0.284016 0.034645
0.207415 0.146562 0.041828 0.148716 0.016809 0.438659 0.000010
0.598957 0.038430 0.031309 0.031759 0.014402 0.223262 0.061881
0.456863 0.072424 0.067984 0.095649 0.025239 0.234327 0.047514
0.337526 0.104025 0.112260 0.140988 0.003297 0.295374 0.006529
0.119890 0.129664 0.250946 0.146058 0.017602 0.335830 0.000010
0.217355 0.153803 0.060946 0.112408 0.035755 0.419724 0.000010
0.120134 0.099717 0.315358 0.137589 0.034941 0.274610 0.017653
0.599217 0.028534 0.069349 0.051501 0.018091 0.193964 0.039345
0.150975 0.109657 0.312212 0.102156 0.000010 0.309258 0.015732
0.000010 0.168758 0.134582 0.314902 0.054641 0.299913 0.027193
0.194973 0.134096 0.069712 0.174695 0.001354 0.425160 0.000010
0.332648 0.082664 0.128852 0.146727 0.005829 0.270376 0.032903
0.329670 0.052823 0.091600 0.174978 0.015547 0.312307 0.023075
0.333812 0.080051 0.090069 0.166926 0.022261 0.287147 0.019734
0.184689 0.134405 0.066505 0.166879 0.031003 0.416509 0.000010
0.000010 0.135955 0.114085 0.335471 0.057727 0.323910 0.032842
0.029010 0.106575 0.257715 0.235668 0.019479 0.321261 0.030292
0.149554 0.095032 0.271646 0.159729 0.010459 0.292277 0.021304
0.604531 0.011980 0.044635 0.037521 0.011853 0.223311 0.066169
0.000010 0.180608 0.114171 0.298940 0.061204 0.301501 0.043566
0.000010 0.125706 0.143590 0.300580 0.059520 0.323191 0.047404
0.509812 0.073381 0.069705 0.072594 0.000010 0.242600 0.031899
0.341720 0.087301 0.026028 0.142395 0.047986 0.326410 0.028160
0.576108 0.047450 0.018200 0.053985 0.025598 0.212912 0.065747
0.207458 0.160069 0.054065 0.125953 0.026924 0.425521 0.000010
0.128583 0.102694 0.282774 0.130747 0.005823 0.309584 0.039796
0.113413 0.131257 0.298792 0.139720 0.000010 0.309893 0.006915
0.368242 0.104658 0.061567 0.136950 0.000010 0.306409 0.022165
0.000010 0.204763 0.081879 0.317347 0.074426 0.297469 0.024105
0.000010 0.140277 0.117234 0.339664 0.073853 0.302654 0.026307
0.000010 0.146938 0.126387 0.311647 0.074381 0.286982 0.053655
0.491954 0.057925 0.066501 0.099487 0.013679 0.247257 0.023196
0.207284 0.095758 0.107397 0.230454 0.037365 0.298498 0.023244
0.585609 0.051307 0.069564 0.054061 0.004881 0.178554 0.056025
0.000010 0.143448 0.117139 0.315031 0.068365 0.339810 0.016197
0.198967 0.132017 0.035266 0.167503 0.019520 0.446717 0.000010
0.057376 0.156355 0.279512 0.172949 0.000010 0.333788 0.000010
0.271516 0.129585 0.086343 0.077549 0.017883 0.417114 0.000010
0.139828 0.090464 0.281501 0.162194 0.011494 0.307749 0.006769
0.000010 0.173643 0.142283 0.339062 0.047849 0.290680 0.006473
0.000010 0.141667 0.132618 0.309694 0.086711 0.285322 0.043979
0.004056 0.150633 0.118949 0.316556 0.086421 0.310137 0.013247
0.335910 0.087395 0.094657 0.126319 0.035969 0.291191 0.028559
0.566806 0.050553 0.064362 0.068319 0.010164 0.219235 0.020560
0.582763 0.053220 0.072134 0.032917 0.013550 0.187245 0.058171
0.229615 0.111200 0.165823 0.144314 0.024683 0.305900 0.018465
0.199338 0.111470 0.059896 0.135708 0.027619 0.465959 0.000010
0.140610 0.097083 0.264368 0.110282 0.058861 0.294537 0.034260
0.101697 0.130250 0.302979 0.114571 0.019243 0.330252 0.001008
0.089260 0.099144 0.336758 0.118971 0.024957 0.330900 0.000010
0.086399 0.085561 0.401063 0.108449 0.023923 0.293720 0.000885
0.017416 0.043571 0.259806 0.531890 0.055661 0.069091 0.022566
0.000010 0.147889 0.139967 0.317436 0.037551 0.344450 0.012697
0.100145 0.040604 0.601323 0.048643 0.000010 0.201368 0.007907
0.263303 0.107850 0.228762 0.110588 0.011829 0.257173 0.020494
0.069774 0.137675 0.345166 0.126158 0.017959 0.282089 0.021179
0.094277 0.111514 0.314889 0.133851 0.034517 0.293773 0.017180
0.063246 0.116548 0.284167 0.186812 0.004110 0.345107 0.000010
0.106381 0.109986 0.338013 0.126615 0.010062 0.295231 0.013713
0.016262 0.002491 0.195879 0.713058 0.033327 0.038973 0.000010
0.000010 0.141247 0.130643 0.289911 0.054105 0.362317 0.021767
0.059547 0.128778 0.193336 0.219074 0.005952 0.384214 0.009099
0.080723 0.055510 0.585652 0.031330 0.003580 0.239108 0.004096
0.099496 0.070318 0.511942 0.078507 0.000010 0.237263 0.002464
0.000010 0.116204 0.084380 0.337936 0.056197 0.397325 0.007948
0.000010 0.152043 0.177362 0.279413 0.052934 0.303975 0.034262
0.122250 0.063085 0.390544 0.131863 0.015416 0.275075 0.001766
0.000010 0.147862 0.116586 0.324441 0.027407 0.370797 0.012897
0.000010 0.001644 0.273884 0.646970 0.034415 0.043002 0.000075
0.000010 0.141913 0.106011 0.329017 0.056225 0.354167 0.012657
0.058921 0.181617 0.174861 0.220751 0.000010 0.343942 0.019897
0.094280 0.066716 0.575532 0.042064 0.000010 0.218442 0.002956
0.082525 0.080035 0.498218 0.104405 0.000010 0.223603 0.011204
0.066159 0.141589 0.267104 0.155940 0.011829 0.335854 0.021525
0.000010 0.150526 0.124838 0.338885 0.051216 0.327824 0.006701
0.129676 0.063348 0.393949 0.124597 0.002554 0.276022 0.009853
0.085491 0.102175 0.379859 0.105612 0.031371 0.293716 0.001775
0.000010 0.156254 0.097469 0.315831 0.054457 0.366564 0.009416
0.038508 0.041801 0.213477 0.628079 0.045052 0.033072 0.000010
0.000421 0.161624 0.089179 0.300229 0.078940 0.358169 0.011438
0.028145 0.137346 0.184254 0.220911 0.018353 0.375390 0.035602
0.093283 0.103931 0.515446 0.023243 0.021761 0.242325 0.000010
0.095207 0.050526 0.608782 0.053589 0.000010 0.191333 0.000553
0.148035 0.099406 0.229716 0.147495 0.029913 0.345424 0.000010
0.107990 0.082712 0.417233 0.104409 0.003628 0.264088 0.019940
0.000010 0.000010 0.221449 0.694035 0.081108 0.003378 0.000010
0.000010 0.147006 0.102292 0.340349 0.056021 0.336537 0.017784
0.094821 0.092032 0.558617 0.049815 0.000010 0.199050 0.005655
0.073734 0.034882 0.557834 0.103026 0.011253 0.192612 0.026658
0.141984 0.106428 0.298667 0.161536 0.008497 0.282878 0.000010
0.000010 0.000010 0.128602 0.054774 0.778748 0.032188 0.005668
0.113908 0.111273 0.256044 0.148808 0.039279 0.311237 0.019450
0.103126 0.074248 0.370954 0.137648 0.011128 0.302886 0.000010
0.009189 0.014134 0.225364 0.686882 0.038880 0.024643 0.000908
0.000010 0.119991 0.118680 0.302137 0.082560 0.347118 0.029504
0.047389 0.184319 0.156526 0.198234 0.040384 0.352662 0.020488
0.115336 0.080086 0.521553 0.037544 0.000010 0.222497 0.022975
0.093130 0.046746 0.600435 0.028648 0.000010 0.231021 0.000010
0.084680 0.087670 0.346606 0.168227 0.009327 0.288045 0.015447
0.216276 0.096452 0.206943 0.116904 0.038958 0.302949 0.021517
0.049573 0.116390 0.324146 0.196260 0.000011 0.313611 0.000010
0.207750 0.107714 0.263873 0.100720 0.029229 0.290704 0.000010
0.091123 0.074146 0.370037 0.133786 0.019183 0.305550 0.006175
0.028008 0.049857 0.245388 0.557903 0.043963 0.046202 0.028680
0.000010 0.120582 0.106757 0.310941 0.081294 0.346157 0.034259
0.089680 0.082380 0.591906 0.014988 0.000010 0.220579 0.000458
0.076667 0.151118 0.229156 0.173603 0.020557 0.320464 0.028436
0.072620 0.116491 0.356428 0.144878 0.020794 0.270862 0.017928
0.000010 0.132440 0.101546 0.309911 0.080976 0.339476 0.035641
0.070947 0.117271 0.312511 0.154831 0.038588 0.305842 0.000010
0.088018 0.116749 0.352925 0.136952 0.000010 0.303104 0.002242
0.097489 0.090637 0.390458 0.114780 0.002460 0.304166 0.000010
0.025108 0.008992 0.221867 0.590815 0.063696 0.053340 0.036182
0.000010 0.112460 0.100740 0.329294 0.058541 0.373262 0.025692
0.086264 0.077067 0.571674 0.021990 0.000010 0.225082 0.017914
0.096411 0.090102 0.542859 0.033053 0.002829 0.234735 0.000010
0.079091 0.097095 0.322329 0.149415 0.016719 0.295768 0.039583
0.027920 0.100841 0.080203 0.585584 0.053753 0.144438 0.007261
0.001044 0.098910 0.026379 0.674475 0.013872 0.180821 0.004498
0.017996 0.006034 0.249499 0.610966 0.087157 0.000938 0.027411
0.050959 0.103575 0.177085 0.479332 0.054430 0.089864 0.044754
0.013810 0.149278 0.319278 0.347831 0.048555 0.057828 0.063420
0.046862 0.062465 0.355918 0.395477 0.055212 0.052931 0.031134
0.012692 0.119601 0.256581 0.360259 0.084073 0.082348 0.084446
0.012412 0.073348 0.117629 0.623936 0.000010 0.167346 0.005319
0.036184 0.050142 0.103650 0.606663 0.020160 0.160281 0.022920
0.000010 0.000010 0.397904 0.567553 0.034503 0.000010 0.000010
0.020625 0.034450 0.234963 0.608394 0.062637 0.002736 0.036195
0.010064 0.061457 0.124881 0.623813 0.023966 0.132849 0.022970
0.013016 0.044957 0.085089 0.717096 0.002663 0.137169 0.000010
0.011911 0.025234 0.271163 0.574509 0.066582 0.021764 0.028837
0.008445 0.103251 0.422381 0.251345 0.105898 0.045889 0.062792
0.006698 0.053916 0.135785 0.647119 0.027664 0.119915 0.008903
0.007291 0.053646 0.076219 0.662695 0.036795 0.163344 0.000010
0.020033 0.079183 0.247917 0.516937 0.053830 0.050943 0.031156
0.000010 0.000010 0.361454 0.606554 0.031952 0.000010 0.000010
0.008096 0.000010 0.437470 0.541923 0.012480 0.000010 0.000010
0.008401 0.000010 0.385098 0.602704 0.003767 0.000010 0.000010
0.019273 0.043518 0.150982 0.697839 0.048802 0.000010 0.039575
0.016817 0.075257 0.021705 0.714758 0.000010 0.171444 0.000010
0.021825 0.129091 0.199057 0.491420 0.025626 0.115745 0.017236
0.018110 0.012796 0.292179 0.621914 0.034499 0.020493 0.000010
0.032459 0.048360 0.156976 0.083303 0.584711 0.083865 0.010325
0.008294 0.079070 0.127193 0.641968 0.044942 0.098523 0.000010
0.018202 0.060924 0.209064 0.562721 0.060580 0.088499 0.000010
0.021699 0.066068 0.138744 0.619982 0.042111 0.096809 0.014586
0.005050 0.000010 0.378399 0.568246 0.048274 0.000010 0.000010
0.003987 0.000010 0.376859 0.602905 0.016220 0.000010 0.000010
0.008646 0.000010 0.455920 0.526978 0.008426 0.000010 0.000010
0.051366 0.083490 0.333082 0.436110 0.014239 0.075042 0.006670
0.008477 0.053505 0.032123 0.710523 0.021413 0.154773 0.019185
0.015723 0.022949 0.135475 0.618979 0.034538 0.170952 0.001384
0.011898 0.023315 0.225816 0.610364 0.016847 0.062020 0.049740
0.120445 0.158516 0.170146 0.332452 0.075669 0.141575 0.001198
0.009012 0.033133 0.134135 0.684211 0.026733 0.103490 0.009286
0.007482 0.070672 0.100054 0.622120 0.030084 0.169577 0.000010
0.012238 0.083105 0.106985 0.640811 0.021298 0.129266 0.006298
0.050920 0.115886 0.106238 0.522508 0.046352 0.151863 0.006234
0.014592 0.000010 0.424849 0.539934 0.020595 0.000010 0.000010
0.000010 0.000010 0.434361 0.545751 0.019848 0.000010 0.000010
0.015871 0.006375 0.254177 0.630726 0.067116 0.000010 0.025726
0.013580 0.044706 0.023164 0.675430 0.050279 0.176054 0.016787
0.022812 0.083128 0.027775 0.694492 0.000010 0.171772 0.000010
0.013056 0.072849 0.465839 0.273752 0.086412 0.005450 0.082641
0.062727 0.158365 0.225367 0.337527 0.065022 0.082016 0.068976
0.020822 0.151403 0.321325 0.293179 0.085715 0.032963 0.094593
0.019331 0.169435 0.286639 0.342870 0.064424 0.065096 0.052205
0.024120 0.051371 0.191270 0.546093 0.057326 0.101598 0.028224
0.006507 0.000010 0.419053 0.552616 0.008915 0.000010 0.012890
0.017349 0.047634 0.270120 0.555516 0.056913 0.041997 0.010471
0.000010 0.000010 0.391819 0.594414 0.013727 0.000010 0.000010
0.102390 0.083771 0.156198 0.531375 0.050307 0.065965 0.009995
0.019513 0.141046 0.264454 0.370813 0.080557 0.043200 0.080417
