0.023873 0.156797 0.016902 0.000010 0.253950 0.000010 0.018021 0.310206 0.000010 0.220222
0.007892 0.076741 0.000010 0.006869 0.332719 0.000010 0.007200 0.273882 0.000010 0.294667
0.005554 0.116453 0.000010 0.024614 0.252537 0.000010 0.021247 0.354475 0.000010 0.225089
0.001562 0.092949 0.000010 0.015169 0.293563 0.008169 0.000010 0.291187 0.000010 0.297372
0.046114 0.140767 0.000010 0.001465 0.240870 0.000010 0.000010 0.330338 0.000010 0.240405
0.010987 0.109287 0.000010 0.003753 0.264890 0.000945 0.036253 0.316868 0.000010 0.256996
0.007427 0.115608 0.000010 0.031155 0.302780 0.000010 0.007402 0.278502 0.000010 0.257096
0.000010 0.000010 0.000010 0.000010 0.547229 0.000010 0.000010 0.061374 0.000010 0.391327
0.000010 0.000010 0.000010 0.000010 0.549548 0.000010 0.000010 0.067485 0.000010 0.382896
0.000010 0.000010 0.006236 0.000010 0.026802 0.000010 0.000010 0.000010 0.000010 0.966892
0.031953 0.000010 0.000010 0.016478 0.498610 0.001912 0.000010 0.100065 0.000010 0.350941
0.019408 0.000010 0.000010 0.009889 0.548152 0.000010 0.000010 0.109456 0.000010 0.313045
0.002674 0.743758 0.027992 0.046455 0.000010 0.010111 0.000010 0.069239 0.099743 0.000010
0.057587 0.551064 0.000010 0.041140 0.000010 0.009619 0.019192 0.155572 0.165796 0.000010
0.002215 0.870388 0.000010 0.000010 0.013297 0.000010 0.004008 0.053009 0.057042 0.000010
0.052178 0.571814 0.022000 0.043865 0.000010 0.003560 0.047670 0.154392 0.093635 0.010875
0.024076 0.102718 0.018952 0.015007 0.245730 0.000010 0.015921 0.343075 0.000010 0.234500
0.021988 0.127108 0.029268 0.000184 0.248698 0.000010 0.004357 0.307308 0.000010 0.261067
0.000010 0.000010 0.000010 0.000010 0.545020 0.000010 0.000010 0.051534 0.000010 0.403376
0.000010 0.000010 0.000010 0.001066 0.615382 0.009312 0.000010 0.068357 0.000010 0.305833
0.000014 0.000010 0.000010 0.000010 0.566601 0.000010 0.000010 0.077594 0.000010 0.355731
0.000010 0.000010 0.000010 0.000010 0.000010 0.000010 0.000010 0.000010 0.000010 0.999910
0.030127 0.000010 0.005073 0.024505 0.541718 0.000010 0.003637 0.073744 0.000010 0.321166
0.012306 0.000010 0.000010 0.026346 0.506887 0.001946 0.000010 0.100219 0.000010 0.352257
0.000010 0.827158 0.009741 0.028975 0.000010 0.000010 0.007346 0.048253 0.078489 0.000010
0.011677 0.780694 0.000010 0.015089 0.000010 0.014481 0.017940 0.112497 0.047593 0.000010
0.018724 0.898686 0.016824 0.000010 0.023799 0.020335 0.000010 0.021591 0.000010 0.000010
0.046736 0.542197 0.013176 0.076412 0.000010 0.013660 0.011314 0.143925 0.152561 0.000010
0.026478 0.088192 0.002342 0.023120 0.255459 0.001866 0.012682 0.352922 0.000010 0.236929
0.001966 0.113328 0.014076 0.033612 0.260011 0.000010 0.016480 0.317057 0.017883 0.225578
0.000010 0.000010 0.000010 0.000010 0.490013 0.000010 0.000010 0.097915 0.000010 0.412002
0.000010 0.000010 0.000010 0.008521 0.653823 0.003071 0.000010 0.056452 0.000010 0.278083
0.000010 0.000345 0.000010 0.000010 0.064142 0.000010 0.000010 0.000010 0.000010 0.935443
0.000010 0.000010 0.000010 0.000010 0.000010 0.000010 0.000010 0.000010 0.000010 0.999910
0.031394 0.000010 0.000010 0.009882 0.506099 0.000010 0.017497 0.076259 0.000010 0.358829
0.021603 0.000010 0.000010 0.022067 0.502116 0.000010 0.016733 0.078664 0.000010 0.358778
0.000010 0.706065 0.000010 0.038912 0.000010 0.000010 0.028809 0.105970 0.120193 0.000010
0.003453 0.819186 0.028439 0.000010 0.017897 0.004542 0.000010 0.074525 0.049851 0.002087
0.000010 0.763957 0.009479 0.050114 0.000010 0.000010 0.000010 0.107865 0.068535 0.000010
0.021428 0.566201 0.028139 0.055364 0.000010 0.013620 0.045031 0.166837 0.098526 0.004843
0.004912 0.121878 0.000010 0.015832 0.267854 0.000010 0.041533 0.285961 0.000010 0.262000
0.027094 0.094844 0.011406 0.038736 0.241958 0.000010 0.000010 0.327231 0.013505 0.245205
0.000010 0.000010 0.000010 0.000010 0.576790 0.000010 0.000010 0.065172 0.000010 0.357968
0.000010 0.000010 0.000010 0.000010 0.570745 0.000010 0.000010 0.047372 0.000010 0.381813
0.000010 0.000010 0.000010 0.000010 0.000010 0.000010 0.000010 0.000010 0.000010 0.999910
0.000010 0.000010 0.000010 0.000010 0.048579 0.000010 0.000010 0.000010 0.008024 0.943327
0.000010 0.000010 0.000010 0.000010 0.000010 0.000010 0.000010 0.000010 0.000010 0.999910
0.036990 0.000010 0.000010 0.009691 0.508784 0.000010 0.000010 0.110881 0.000010 0.333604
0.037141 0.000010 0.000010 0.000010 0.492382 0.000010 0.021465 0.084415 0.000010 0.364546
0.000010 0.688566 0.000958 0.044029 0.000010 0.015860 0.028377 0.132129 0.090051 0.000010
0.000010 0.903139 0.000010 0.000010 0.026266 0.008679 0.019505 0.015960 0.026410 0.000010
0.006426 0.841413 0.011213 0.017379 0.000010 0.000010 0.025460 0.082977 0.015102 0.000010
0.038975 0.618851 0.016775 0.018250 0.000010 0.014613 0.028624 0.133291 0.115563 0.015047
0.009906 0.791991 0.000010 0.031636 0.000010 0.009406 0.023879 0.077676 0.055477 0.000010
0.162731 0.440442 0.016864 0.089647 0.000010 0.024955 0.073628 0.036632 0.155081 0.000010
0.012098 0.793773 0.014912 0.025567 0.007045 0.002477 0.031752 0.037282 0.075084 0.000010
0.017822 0.364739 0.000010 0.041170 0.000010 0.015845 0.000010 0.501291 0.059093 0.000010
0.027633 0.505723 0.014416 0.030240 0.000010 0.000010 0.012929 0.276472 0.112919 0.019649
0.000010 0.320813 0.000010 0.000010 0.000010 0.000010 0.001610 0.626770 0.050747 0.000010
0.031615 0.457845 0.000010 0.025814 0.000010 0.002777 0.015727 0.338268 0.109232 0.018703
0.047488 0.182776 0.001400 0.000010 0.219582 0.000010 0.009049 0.297627 0.019871 0.222188
0.024411 0.700807 0.012791 0.006057 0.000010 0.017729 0.025381 0.075964 0.136840 0.000010
0.060992 0.688773 0.000010 0.068834 0.000010 0.000010 0.000010 0.085795 0.095557 0.000010
0.006651 0.374704 0.000010 0.031863 0.016474 0.010940 0.016378 0.456965 0.062696 0.023318
0.060859 0.194767 0.000010 0.000010 0.035673 0.023463 0.006907 0.582605 0.026842 0.068865
0.060112 0.412323 0.032301 0.008904 0.000010 0.016901 0.000025 0.417235 0.040245 0.011944
0.053292 0.422101 0.000010 0.045385 0.011234 0.000010 0.010826 0.359049 0.070307 0.027786
0.050821 0.144530 0.000010 0.024187 0.256422 0.010380 0.000010 0.279947 0.005281 0.228413
0.054258 0.118731 0.000010 0.022051 0.250006 0.001472 0.000010 0.314863 0.000010 0.238589
0.026859 0.704963 0.000010 0.014849 0.000010 0.011012 0.008375 0.095905 0.138006 0.000010
0.119018 0.472589 0.036540 0.086636 0.000010 0.019918 0.049860 0.075056 0.140363 0.000010
0.009083 0.780099 0.000010 0.036184 0.000010 0.032101 0.042249 0.059354 0.040899 0.000010
0.026417 0.358428 0.001400 0.015311 0.020257 0.007190 0.018477 0.470299 0.082212 0.000010
0.032063 0.448905 0.002984 0.059329 0.000590 0.003493 0.027314 0.292495 0.110137 0.022690
0.026906 0.463869 0.009532 0.025895 0.000010 0.000010 0.003653 0.362650 0.107466 0.000010
0.015246 0.406598 0.000010 0.046878 0.017979 0.018060 0.042111 0.355068 0.062273 0.035778
0.019240 0.175545 0.018765 0.048891 0.206317 0.000010 0.032821 0.275942 0.000010 0.222459
0.062705 0.113617 0.000010 0.025225 0.227226 0.000010 0.000010 0.348847 0.016429 0.205922
0.021042 0.120286 0.000010 0.010845 0.251786 0.000010 0.033786 0.299408 0.027028 0.235799
0.000010 0.000010 0.000010 0.000010 0.547513 0.000010 0.000010 0.074898 0.000010 0.377518
0.000010 0.000010 0.000010 0.000010 0.000010 0.000010 0.000010 0.000010 0.000010 0.999910
0.000010 0.000010 0.000010 0.000010 0.135063 0.000010 0.007114 0.002928 0.000010 0.854835
0.000010 0.000010 0.000010 0.000010 0.000010 0.000010 0.000010 0.000010 0.000010 0.999910
0.039518 0.008008 0.007693 0.005859 0.568085 0.011937 0.000010 0.063115 0.017546 0.278229
0.039839 0.000010 0.000010 0.006666 0.515615 0.001178 0.019004 0.067216 0.000010 0.350452
0.043141 0.710892 0.000010 0.054287 0.000010 0.006894 0.000010 0.111747 0.072999 0.000010
0.000010 0.907463 0.000010 0.000010 0.016459 0.021880 0.000123 0.045709 0.008327 0.000010
0.017920 0.714366 0.000010 0.007559 0.000010 0.000010 0.041325 0.124863 0.093927 0.000010
0.020768 0.542693 0.000010 0.058838 0.000010 0.020735 0.067190 0.142115 0.122159 0.025484
0.026018 0.097094 0.000010 0.043655 0.251087 0.000010 0.000010 0.350842 0.000010 0.231264
0.018607 0.043899 0.000010 0.001922 0.359958 0.000010 0.000010 0.214789 0.000010 0.360784
0.000010 0.000010 0.000010 0.000010 0.578503 0.000010 0.000010 0.069997 0.000010 0.351430
0.000010 0.000010 0.000010 0.000010 0.536972 0.000010 0.000010 0.066285 0.000010 0.396673
0.000010 0.000010 0.000010 0.000010 0.039597 0.000010 0.000010 0.000010 0.000010 0.960323
0.000010 0.000010 0.000010 0.000010 0.000010 0.000010 0.000010 0.000010 0.000010 0.999910
0.011225 0.000010 0.000010 0.009459 0.514336 0.000010 0.010832 0.110681 0.005783 0.337654
0.022582 0.000010 0.009832 0.021065 0.529296 0.000010 0.004782 0.083220 0.000010 0.329193
0.000010 0.696683 0.000010 0.050103 0.000010 0.029230 0.027631 0.120267 0.076046 0.000010
0.000010 0.828798 0.011941 0.013159 0.000010 0.000010 0.034216 0.055827 0.056019 0.000010
0.044588 0.577527 0.042328 0.045053 0.000010 0.000010 0.014909 0.148292 0.114007 0.013276
0.013364 0.752985 0.027374 0.037883 0.000010 0.021667 0.009749 0.073003 0.063955 0.000010
0.254290 0.200058 0.023413 0.130474 0.000010 0.022619 0.087972 0.073647 0.207508 0.000010
0.021295 0.810954 0.020777 0.016314 0.008730 0.002037 0.018023 0.022970 0.075745 0.003156
0.000010 0.306148 0.002656 0.030365 0.000010 0.000013 0.000010 0.619985 0.040793 0.000010
0.014619 0.356132 0.015945 0.000010 0.000010 0.011859 0.024028 0.492465 0.084921 0.000010
0.065584 0.438368 0.000010 0.045812 0.000010 0.003759 0.000010 0.376386 0.065435 0.004626
0.040158 0.125118 0.001494 0.047633 0.243862 0.000010 0.007608 0.251385 0.026256 0.256477
0.014047 0.134494 0.000010 0.027292 0.249406 0.000010 0.022361 0.321040 0.000010 0.231330
0.000010 0.000010 0.000010 0.000010 0.593663 0.000010 0.000010 0.063690 0.000010 0.342577
0.000010 0.000010 0.000010 0.000010 0.588713 0.000010 0.000011 0.077196 0.000010 0.334020
0.000010 0.000010 0.000010 0.000010 0.000010 0.000010 0.000010 0.000010 0.000010 0.999910
0.000010 0.000010 0.000010 0.000010 0.106837 0.005832 0.000010 0.000010 0.002470 0.884800
0.034445 0.000010 0.000010 0.012465 0.510519 0.005473 0.000010 0.103561 0.000010 0.333497
0.015141 0.669667 0.017477 0.049941 0.000010 0.002279 0.004634 0.142019 0.098822 0.000010
0.014579 0.866502 0.000010 0.008886 0.006319 0.000010 0.008623 0.074395 0.020666 0.000010
0.000010 0.895483 0.017803 0.000010 0.011205 0.008587 0.000010 0.053486 0.005283 0.008124
0.063248 0.553425 0.000010 0.040327 0.000010 0.035313 0.015949 0.161250 0.126034 0.004433
0.039954 0.751673 0.000010 0.011650 0.000010 0.015620 0.010823 0.076160 0.087817 0.006283
0.163242 0.387837 0.000010 0.087344 0.000850 0.016157 0.071554 0.057711 0.215283 0.000010
0.000010 0.768455 0.014183 0.034698 0.000010 0.014507 0.007857 0.052918 0.102407 0.004956
0.000365 0.389854 0.000010 0.018073 0.000010 0.019743 0.021206 0.504029 0.045010 0.001700
0.000010 0.290405 0.000010 0.000010 0.000010 0.018899 0.000010 0.597883 0.092754 0.000010
0.031295 0.448599 0.000010 0.056177 0.000010 0.014140 0.016442 0.382970 0.047765 0.002592
0.019175 0.143655 0.000010 0.000010 0.189606 0.000010 0.026371 0.392906 0.048635 0.179623
0.015394 0.099918 0.000492 0.000010 0.285054 0.015614 0.017993 0.327956 0.000010 0.237560
0.000010 0.000010 0.000010 0.000015 0.627034 0.000010 0.000010 0.040810 0.000010 0.332080
0.000010 0.000010 0.000010 0.000010 0.535323 0.000010 0.000010 0.060525 0.000010 0.404083
0.000010 0.000010 0.000010 0.000010 0.000010 0.000010 0.000010 0.000010 0.000010 0.999910
0.000010 0.000010 0.000010 0.000010 0.000010 0.000010 0.000010 0.000010 0.000010 0.999910
0.042046 0.009778 0.000010 0.005260 0.540892 0.001227 0.000010 0.072610 0.000010 0.328158
0.029629 0.000010 0.000010 0.026880 0.489025 0.000010 0.003817 0.103988 0.000010 0.346621
0.000010 0.630284 0.002234 0.060742 0.000010 0.012134 0.022459 0.124340 0.147776 0.000010
0.000010 0.895623 0.000010 0.016007 0.017004 0.019303 0.000010 0.052013 0.000010 0.000010
0.000010 0.905453 0.000010 0.008700 0.011360 0.017832 0.000010 0.035436 0.021179 0.000010
0.033406 0.534316 0.026262 0.055130 0.000010 0.031045 0.028079 0.166578 0.120280 0.004895
0.051894 0.703094 0.016979 0.010835 0.000010 0.012895 0.014958 0.115555 0.073770 0.000010
0.153412 0.405383 0.001515 0.106325 0.000010 0.017660 0.065275 0.071591 0.178818 0.000010
0.000010 0.762011 0.003041 0.012570 0.000010 0.019154 0.031394 0.062002 0.109796 0.000010
0.001523 0.192546 0.002828 0.004051 0.000010 0.000010 0.000010 0.782453 0.016559 0.000010
0.067449 0.418649 0.004331 0.042196 0.000010 0.000010 0.003947 0.347016 0.082621 0.033772
0.013755 0.442041 0.000010 0.050813 0.045062 0.013379 0.026282 0.303231 0.048577 0.056850
0.006112 0.137450 0.005536 0.039386 0.283553 0.004631 0.015557 0.231301 0.006209 0.270267
0.003618 0.118905 0.014784 0.000010 0.278862 0.011478 0.023575 0.301962 0.000010 0.246795
0.000010 0.000010 0.000010 0.000010 0.554941 0.000010 0.000010 0.067954 0.000010 0.377035
0.000010 0.000010 0.000010 0.000010 0.532991 0.000010 0.000010 0.056899 0.000010 0.410040
0.000010 0.000010 0.000010 0.000010 0.000010 0.000010 0.000010 0.000010 0.000010 0.999910
0.000010 0.000012 0.000010 0.000010 0.001012 0.000020 0.000010 0.000010 0.000010 0.998896
0.000010 0.000010 0.000010 0.000010 0.000010 0.000010 0.000010 0.000010 0.000010 0.999910
0.028537 0.000010 0.010184 0.023334 0.501337 0.004295 0.012671 0.081658 0.000010 0.337964
0.021461 0.000011 0.000091 0.000776 0.526621 0.000010 0.000011 0.091529 0.000010 0.359480
0.043552 0.654018 0.000010 0.037933 0.000010 0.022082 0.008695 0.154011 0.079679 0.000010
0.026271 0.769237 0.026250 0.030223 0.020056 0.001102 0.000010 0.070310 0.053311 0.003229
0.000010 0.909677 0.000010 0.000010 0.021222 0.003406 0.000010 0.030480 0.033360 0.001815
0.053939 0.511578 0.007096 0.061078 0.000010 0.011831 0.009493 0.203999 0.132330 0.008646
0.052319 0.665793 0.000010 0.033215 0.000010 0.000010 0.035273 0.103914 0.109445 0.000010
0.009648 0.768375 0.037212 0.011767 0.004490 0.032542 0.006686 0.062739 0.066530 0.000010
0.045632 0.391145 0.004346 0.015851 0.000010 0.002159 0.038939 0.430066 0.071842 0.000010
0.032056 0.346089 0.000010 0.022236 0.007043 0.033144 0.028709 0.495922 0.031009 0.003782
0.052104 0.476578 0.000010 0.058786 0.013161 0.015962 0.004479 0.317825 0.041686 0.019409
0.000018 0.283127 0.009637 0.002165 0.000010 0.004511 0.020430 0.638619 0.041474 0.000010
0.000010 0.934994 0.000010 0.000010 0.064926 0.000010 0.000010 0.000010 0.000010 0.000010
0.000010 0.103804 0.006958 0.024004 0.246042 0.000010 0.000010 0.343971 0.043835 0.231356
0.000010 0.000010 0.000013 0.000010 0.602692 0.000010 0.000010 0.053835 0.000010 0.343400
0.000010 0.000010 0.000010 0.006093 0.224305 0.006504 0.000010 0.029484 0.000010 0.733565
0.000010 0.000015 0.000010 0.000010 0.000010 0.000010 0.000010 0.000010 0.000010 0.999905
0.048108 0.000010 0.000010 0.000010 0.508014 0.012276 0.011624 0.068325 0.017281 0.334343
0.024011 0.000010 0.000010 0.007647 0.537416 0.000010 0.007357 0.089351 0.000010 0.334178
0.048117 0.773652 0.008009 0.000011 0.000010 0.006385 0.008848 0.095351 0.059606 0.000010
0.000010 0.814013 0.013693 0.021920 0.000010 0.006107 0.006252 0.099798 0.038186 0.000010
0.000010 0.789141 0.000010 0.038878 0.000010 0.000010 0.025445 0.088407 0.058080 0.000010
0.003054 0.747036 0.007295 0.000010 0.000010 0.022884 0.012842 0.074053 0.132806 0.000010
0.180155 0.431190 0.015400 0.115979 0.000010 0.023108 0.028077 0.051376 0.154695 0.000010
0.002710 0.760664 0.025953 0.023233 0.000010 0.000010 0.024315 0.059916 0.103180 0.000010
0.000911 0.222184 0.000010 0.027676 0.000010 0.009814 0.000010 0.694854 0.044521 0.000010
0.031248 0.376730 0.000012 0.005131 0.000010 0.001499 0.000010 0.487928 0.084211 0.013222
0.004889 0.205164 0.016266 0.027186 0.030714 0.000010 0.048111 0.578713 0.035441 0.053506
0.013642 0.399027 0.018057 0.010701 0.000010 0.000104 0.000010 0.514820 0.043618 0.000010
0.012792 0.090398 0.004320 0.029902 0.276411 0.000010 0.028092 0.264729 0.000010 0.293335
0.000010 0.945807 0.000010 0.000010 0.054113 0.000010 0.000010 0.000010 0.000010 0.000010
0.000010 0.000010 0.000010 0.000010 0.543011 0.000010 0.000010 0.062378 0.000010 0.394541
0.000010 0.000010 0.000013 0.000010 0.000010 0.000010 0.000010 0.000010 0.000010 0.999907
0.000010 0.000010 0.000010 0.000010 0.546156 0.000010 0.000010 0.078658 0.000010 0.375116
0.000010 0.000010 0.000010 0.000010 0.570949 0.000010 0.000010 0.067381 0.000010 0.361600
0.007971 0.781658 0.035708 0.046866 0.000010 0.000010 0.002898 0.034110 0.085000 0.005769
0.052936 0.340030 0.000010 0.019276 0.000010 0.000010 0.023525 0.492954 0.071240 0.000010
0.166941 0.422807 0.039795 0.089652 0.000010 0.035575 0.029630 0.053349 0.162233 0.000010
0.000871 0.785865 0.000010 0.035082 0.000010 0.000010 0.022698 0.044283 0.109236 0.001935
0.023699 0.323249 0.000010 0.017652 0.006947 0.000010 0.000010 0.570267 0.054487 0.003670
0.040795 0.466029 0.000010 0.033127 0.000010 0.002700 0.049986 0.323530 0.072826 0.010987
0.017728 0.317973 0.000010 0.046363 0.096410 0.018863 0.014262 0.332529 0.039347 0.116514
0.039421 0.143850 0.001177 0.022236 0.259317 0.007075 0.000010 0.258011 0.025305 0.243598
0.000010 0.943594 0.000010 0.000010 0.056326 0.000010 0.000010 0.000010 0.000010 0.000010
0.000010 0.000012 0.000010 0.000010 0.004594 0.003258 0.000010 0.000010 0.000118 0.991967
0.059595 0.000010 0.000010 0.018251 0.515898 0.000010 0.000010 0.092547 0.000010 0.313659
0.018591 0.000010 0.000010 0.024319 0.534505 0.000010 0.000010 0.090489 0.000010 0.332046
0.035273 0.000010 0.000010 0.003402 0.514258 0.005696 0.000010 0.105240 0.000010 0.336091
0.000010 0.866897 0.010893 0.006606 0.009006 0.011493 0.000010 0.054961 0.033507 0.006616
0.001964 0.805125 0.000010 0.026766 0.000010 0.002332 0.007330 0.088481 0.067973 0.000010
0.029634 0.683815 0.015189 0.034047 0.000010 0.009194 0.021082 0.084257 0.122764 0.000010
0.021875 0.760628 0.000010 0.011253 0.000753 0.008266 0.017528 0.037666 0.138371 0.003648
0.197886 0.420503 0.006396 0.073355 0.000010 0.031356 0.034405 0.064484 0.171595 0.000010
0.015821 0.161996 0.000010 0.000010 0.000010 0.000010 0.000010 0.765403 0.056721 0.000010
0.040126 0.367939 0.009464 0.023032 0.000010 0.003857 0.009613 0.456374 0.062848 0.026738
0.069679 0.451304 0.000010 0.033580 0.017178 0.013655 0.025470 0.307477 0.057005 0.024643
0.055808 0.454485 0.000010 0.022930 0.000010 0.013193 0.000010 0.389816 0.054117 0.009621
0.011118 0.445507 0.037216 0.029244 0.008728 0.012718 0.018651 0.316690 0.116757 0.003371
0.000010 0.940280 0.000010 0.000010 0.059640 0.000010 0.000010 0.000010 0.000010 0.000010
0.137087 0.464952 0.007169 0.075123 0.000010 0.007778 0.034906 0.082894 0.190070 0.000010
0.027550 0.755273 0.000010 0.036178 0.001966 0.001024 0.030198 0.062472 0.085318 0.000010
0.000010 0.313965 0.023309 0.027029 0.000010 0.006594 0.009680 0.568819 0.044261 0.006323
0.020268 0.363543 0.000010 0.039811 0.000010 0.002211 0.015964 0.473016 0.067218 0.017950
0.059690 0.183628 0.019940 0.000010 0.032297 0.008761 0.013179 0.567992 0.046997 0.067506
0.036958 0.414665 0.000010 0.033550 0.000010 0.017016 0.026301 0.402693 0.068786 0.000010
0.017209 0.145453 0.031962 0.000010 0.242272 0.000010 0.022017 0.239894 0.007917 0.293258
0.000010 0.956507 0.000010 0.000010 0.043413 0.000010 0.000010 0.000010 0.000010 0.000010
0.000010 0.950932 0.000010 0.000010 0.048988 0.000010 0.000010 0.000010 0.000010 0.000010
0.038228 0.800302 0.000010 0.029871 0.053281 0.000010 0.027622 0.000010 0.050656 0.000010
0.029720 0.851108 0.000010 0.000010 0.000010 0.015063 0.013434 0.035663 0.054971 0.000010
0.109387 0.394785 0.000010 0.114835 0.025699 0.000010 0.050791 0.162748 0.112411 0.029324
0.000010 0.000010 0.000010 0.000010 0.023558 0.013424 0.000010 0.937036 0.000010 0.025922
0.000010 0.005345 0.000010 0.000010 0.059634 0.000010 0.000010 0.870117 0.000010 0.064844
0.018967 0.644638 0.000010 0.000011 0.000010 0.000010 0.015128 0.287690 0.033526 0.000010
0.002989 0.642147 0.000010 0.011489 0.000010 0.000010 0.000010 0.266275 0.077049 0.000010
0.006296 0.657118 0.008215 0.016668 0.000010 0.000010 0.006164 0.260125 0.045384 0.000010
0.002980 0.821734 0.001100 0.000010 0.059752 0.000010 0.014236 0.035060 0.065108 0.000010
0.000010 0.929969 0.000010 0.000010 0.047390 0.006657 0.010437 0.000010 0.000010 0.005497
0.017726 0.829458 0.000011 0.008752 0.000866 0.004168 0.013487 0.060672 0.064851 0.000010
0.132290 0.377254 0.044139 0.074358 0.039232 0.016071 0.053823 0.144212 0.090668 0.027953
0.000010 0.000010 0.000010 0.000010 0.025800 0.005204 0.000010 0.911711 0.000010 0.057225
0.000010 0.026033 0.000010 0.000010 0.000010 0.000010 0.000010 0.963038 0.010859 0.000010
0.041244 0.619615 0.009998 0.000010 0.000010 0.016680 0.000010 0.254927 0.057496 0.000010
0.000010 0.603341 0.001758 0.027638 0.000010 0.000010 0.000010 0.276611 0.090601 0.000010
0.000010 0.783673 0.000010 0.000010 0.206003 0.000010 0.000010 0.000010 0.000010 0.010254
0.021211 0.382492 0.000010 0.000010 0.000010 0.013805 0.000010 0.509890 0.066293 0.006270
0.000010 0.935687 0.000010 0.000010 0.056942 0.007301 0.000010 0.000010 0.000010 0.000010
0.123572 0.457172 0.034173 0.094679 0.000010 0.026375 0.032544 0.093943 0.137522 0.000010
0.157798 0.324719 0.022494 0.084102 0.000010 0.016297 0.094556 0.146504 0.128864 0.024656
0.000010 0.000010 0.004925 0.000010 0.048419 0.000010 0.006894 0.867990 0.000010 0.071722
0.000010 0.000010 0.000010 0.000010 0.000909 0.000010 0.000010 0.980100 0.000010 0.018921
0.000779 0.621110 0.023123 0.000010 0.000010 0.001664 0.010986 0.275743 0.066566 0.000010
0.007056 0.633075 0.000010 0.011735 0.000010 0.000010 0.019689 0.264038 0.064366 0.000010
0.000010 0.638259 0.000010 0.015563 0.000010 0.000010 0.000010 0.282837 0.063281 0.000010
0.000010 0.840736 0.000010 0.006568 0.129584 0.001519 0.000010 0.000010 0.000010 0.021543
0.000010 0.943193 0.000010 0.000010 0.056727 0.000010 0.000010 0.000010 0.000010 0.000010
0.025725 0.781435 0.016630 0.037502 0.035230 0.002888 0.006197 0.000010 0.093545 0.000838
0.103636 0.450554 0.039528 0.091803 0.000010 0.023909 0.041643 0.085564 0.163343 0.000010
0.115429 0.370999 0.025629 0.025704 0.045627 0.015987 0.054615 0.192550 0.121074 0.032386
0.000010 0.000010 0.000010 0.000010 0.133952 0.000010 0.000010 0.702540 0.000010 0.163438
0.000010 0.000010 0.000010 0.000010 0.018223 0.000010 0.000010 0.931315 0.011531 0.038871
0.009532 0.621658 0.000010 0.025006 0.000010 0.000010 0.008722 0.290136 0.044906 0.000010
0.000010 0.603083 0.000010 0.010817 0.000010 0.000010 0.024918 0.284746 0.076385 0.000010
0.011664 0.635768 0.014203 0.007197 0.000010 0.000010 0.012151 0.275204 0.043784 0.000010
0.000010 0.759737 0.000010 0.000010 0.222867 0.000010 0.000010 0.000010 0.001271 0.016066
0.040449 0.000010 0.000010 0.009563 0.495059 0.000010 0.000010 0.102275 0.000010 0.352603
0.048193 0.002666 0.000010 0.000010 0.525488 0.000010 0.018991 0.074030 0.000010 0.330592
0.050870 0.647429 0.001058 0.042937 0.000010 0.005695 0.008085 0.135575 0.108331 0.000010
0.000010 0.921213 0.000010 0.000010 0.029821 0.000010 0.000010 0.040842 0.008065 0.000010
0.019396 0.545819 0.021929 0.049078 0.000010 0.010458 0.031684 0.171985 0.140032 0.009608
0.000010 0.952892 0.000010 0.000010 0.042363 0.000010 0.000010 0.000010 0.000010 0.004675
0.019198 0.899305 0.000010 0.002954 0.000010 0.000010 0.000010 0.042758 0.028923 0.006822
0.123271 0.479782 0.018592 0.058065 0.000010 0.000010 0.067376 0.077566 0.175318 0.000010
0.060557 0.416059 0.022037 0.058285 0.015055 0.014309 0.065047 0.159285 0.147299 0.042067
0.000010 0.000010 0.000010 0.000010 0.055507 0.000010 0.000010 0.863245 0.000010 0.081178
0.000010 0.000010 0.005902 0.000010 0.012995 0.000010 0.000010 0.962764 0.000010 0.018279
0.017725 0.642115 0.000010 0.029261 0.002913 0.009748 0.000010 0.259780 0.038428 0.000010
0.000010 0.633281 0.000010 0.009970 0.000010 0.000010 0.050215 0.269441 0.037044 0.000010
0.014146 0.637397 0.010160 0.027178 0.003031 0.012194 0.006453 0.255851 0.033578 0.000010
0.016299 0.830473 0.011675 0.000010 0.126147 0.000010 0.000010 0.008286 0.007080 0.000010
0.032242 0.840896 0.000010 0.000010 0.000010 0.000010 0.000010 0.069299 0.057504 0.000010
0.156686 0.395057 0.042714 0.082942 0.000316 0.036118 0.048011 0.048489 0.189657 0.000010
0.000010 0.000010 0.000010 0.000010 0.027171 0.000010 0.000010 0.943579 0.000010 0.029180
0.000010 0.000010 0.000010 0.000010 0.013216 0.000010 0.000010 0.941744 0.020626 0.024354
0.000010 0.000010 0.000010 0.000010 0.093318 0.000010 0.000010 0.788760 0.000010 0.117852
0.002494 0.643905 0.008929 0.003414 0.000010 0.010402 0.020904 0.288926 0.021006 0.000010
0.040363 0.797728 0.014195 0.021793 0.033407 0.008378 0.023073 0.000010 0.061043 0.000010
0.014207 0.808955 0.020179 0.030753 0.000010 0.000013 0.000010 0.042311 0.083552 0.000010
0.123134 0.379561 0.018915 0.078905 0.000010 0.031095 0.069096 0.087831 0.211444 0.000010
0.120418 0.382789 0.000010 0.075007 0.014958 0.019123 0.049599 0.186354 0.131931 0.019811
0.000010 0.000010 0.000010 0.000010 0.029315 0.000010 0.000010 0.946242 0.000010 0.024373
0.000010 0.000010 0.000010 0.000010 0.000989 0.000010 0.000010 0.973191 0.000010 0.025751
0.002952 0.638696 0.011772 0.011209 0.000010 0.014795 0.000010 0.267698 0.052848 0.000010
0.008117 0.641240 0.000010 0.005166 0.000010 0.000010 0.006990 0.285943 0.052504 0.000010
0.000010 0.624838 0.010972 0.007669 0.000010 0.000010 0.010455 0.295492 0.050536 0.000010
0.000010 0.806094 0.000010 0.000010 0.189319 0.000010 0.000010 0.000010 0.000010 0.004517
0.000010 0.850655 0.001249 0.025252 0.056965 0.005271 0.018720 0.000010 0.041858 0.000010
0.022600 0.843688 0.000010 0.014271 0.000010 0.000010 0.001500 0.063921 0.053980 0.000010
0.103407 0.390539 0.031357 0.123623 0.000010 0.012754 0.044951 0.089188 0.204162 0.000010
0.114540 0.397706 0.000010 0.089159 0.023313 0.003576 0.027554 0.174669 0.113056 0.056416
0.000010 0.001913 0.000010 0.000010 0.032389 0.000010 0.000010 0.927538 0.000010 0.038100
0.000010 0.000010 0.000010 0.000010 0.026721 0.000010 0.011341 0.916585 0.000010 0.045294
0.009584 0.623231 0.028353 0.000010 0.000010 0.000010 0.010731 0.256593 0.071469 0.000010
0.000010 0.646991 0.027219 0.000010 0.000010 0.007457 0.034649 0.264227 0.019418 0.000010
0.013232 0.617237 0.017644 0.004785 0.000010 0.005628 0.023697 0.292309 0.025447 0.000010
0.000010 0.836259 0.031030 0.000010 0.055196 0.006591 0.023591 0.000010 0.047293 0.000010
0.040966 0.845076 0.000010 0.013705 0.000010 0.012429 0.000010 0.054245 0.033539 0.000010
0.152850 0.362896 0.035384 0.066360 0.014975 0.008875 0.044379 0.164862 0.103083 0.046337
0.000010 0.000010 0.000010 0.000010 0.021589 0.000010 0.000010 0.952453 0.000010 0.025888
0.000010 0.000010 0.000010 0.000010 0.029371 0.005890 0.000010 0.929932 0.000010 0.034747
0.017187 0.614733 0.026619 0.000010 0.000010 0.003722 0.000010 0.301444 0.036255 0.000010
0.000010 0.815063 0.004865 0.027166 0.046838 0.014972 0.026368 0.000010 0.064698 0.000010
0.037034 0.851995 0.000010 0.000010 0.000010 0.009274 0.000010 0.057689 0.043959 0.000010
0.109706 0.405636 0.043996 0.079831 0.025467 0.015192 0.068032 0.141322 0.087850 0.022968
0.000010 0.000010 0.000010 0.000010 0.011015 0.000010 0.000010 0.950638 0.000010 0.038277
0.000010 0.000010 0.000010 0.000873 0.047962 0.000010 0.000010 0.904041 0.000010 0.047064
0.000010 0.642639 0.005034 0.000010 0.000010 0.004622 0.031941 0.273259 0.042465 0.000010
0.021383 0.622636 0.000010 0.000891 0.000010 0.000010 0.001386 0.306318 0.047346 0.000010
0.000010 0.786043 0.000010 0.000010 0.198967 0.000010 0.000010 0.000010 0.000010 0.014920
0.000010 0.789597 0.000010 0.000010 0.207033 0.000010 0.000010 0.000010 0.000010 0.003300
0.016299 0.495428 0.000010 0.064739 0.004270 0.009895 0.037360 0.246845 0.088649 0.036505
0.031809 0.425977 0.000010 0.024924 0.003353 0.032789 0.031851 0.349314 0.083676 0.016297
0.001084 0.090393 0.035013 0.029405 0.262946 0.000010 0.020971 0.282886 0.005853 0.271440
0.012436 0.846189 0.000010 0.023560 0.050419 0.018679 0.028215 0.000010 0.020472 0.000010
0.004808 0.864191 0.015729 0.000010 0.000010 0.000010 0.019310 0.066064 0.029600 0.000268
0.188118 0.420519 0.011821 0.107839 0.000010 0.029763 0.033286 0.050910 0.157724 0.000010
0.000010 0.000010 0.000010 0.000010 0.047370 0.000010 0.000010 0.930606 0.008707 0.013258
0.000010 0.000010 0.000010 0.000010 0.060158 0.001434 0.000010 0.878096 0.000010 0.060252
0.000010 0.618879 0.017199 0.021215 0.000010 0.000010 0.023745 0.281389 0.037534 0.000010
0.000012 0.616717 0.000010 0.016678 0.000010 0.000010 0.000010 0.285052 0.081490 0.000010
0.000010 0.776258 0.000010 0.000010 0.205092 0.000010 0.000010 0.000010 0.000010 0.018579
0.019588 0.000010 0.001389 0.018277 0.515677 0.000010 0.000010 0.111202 0.000010 0.333827
0.011270 0.895625 0.015462 0.000010 0.000010 0.000010 0.002102 0.036497 0.039004 0.000010
0.000010 0.813684 0.000010 0.000010 0.143880 0.000010 0.013078 0.000010 0.017364 0.011944
0.015322 0.620498 0.010991 0.003910 0.000010 0.014008 0.021843 0.269163 0.044246 0.000010
0.000010 0.000010 0.000010 0.000010 0.028569 0.000010 0.000010 0.956323 0.000010 0.015038
0.004040 0.635544 0.003451 0.024810 0.000010 0.006571 0.016192 0.293524 0.015848 0.000010
0.135754 0.422296 0.013540 0.074657 0.013460 0.003172 0.058010 0.167316 0.085273 0.026521
0.166530 0.442697 0.049406 0.077645 0.000010 0.019905 0.057902 0.059207 0.126685 0.000010
0.030688 0.754775 0.000019 0.056827 0.056948 0.000010 0.031748 0.000010 0.068470 0.000505
0.000010 0.000010 0.000010 0.000010 0.140221 0.000010 0.000010 0.683119 0.000010 0.176590
0.028955 0.699775 0.041932 0.011535 0.000010 0.000010 0.013259 0.109703 0.094810 0.000010
0.000011 0.011581 0.000010 0.000010 0.722513 0.034673 0.000010 0.005222 0.053037 0.172933
0.000010 0.009488 0.023937 0.000010 0.756164 0.012152 0.000010 0.016036 0.027570 0.154623
0.000010 0.016833 0.021095 0.000010 0.781884 0.003694 0.000750 0.000010 0.067840 0.107873
0.000010 0.010344 0.003859 0.003052 0.803477 0.039568 0.000010 0.000010 0.046661 0.093010
0.094975 0.217712 0.014513 0.141487 0.000010 0.050460 0.042856 0.026841 0.411136 0.000010
0.140015 0.216183 0.000010 0.113515 0.000010 0.044570 0.071848 0.068485 0.345354 0.000010
0.093404 0.208844 0.007275 0.144894 0.000010 0.045700 0.060160 0.047959 0.391744 0.000010
0.061037 0.211599 0.008542 0.113455 0.000010 0.054681 0.075866 0.049474 0.425325 0.000010
0.013073 0.041655 0.004688 0.000010 0.698295 0.000010 0.000010 0.024334 0.056040 0.161885
0.000010 0.000010 0.000010 0.000014 0.659338 0.000392 0.000010 0.060939 0.001871 0.277405
0.000011 0.000010 0.000010 0.000010 0.690130 0.010812 0.000010 0.055314 0.004381 0.239312
0.019873 0.000010 0.000010 0.012064 0.666395 0.004722 0.000010 0.040664 0.000010 0.256242
0.000010 0.000010 0.000010 0.000010 0.674000 0.001969 0.000236 0.065574 0.000010 0.258171
0.000010 0.000010 0.000010 0.015725 0.668646 0.000010 0.000010 0.040342 0.022377 0.252860
0.000010 0.019965 0.000010 0.013154 0.755521 0.006240 0.000010 0.010144 0.035139 0.159808
0.000010 0.000010 0.000010 0.000010 0.643731 0.029437 0.000010 0.050767 0.000010 0.276005
0.040556 0.009225 0.019926 0.032001 0.474367 0.016654 0.000010 0.073511 0.172671 0.161079
0.000010 0.112557 0.000010 0.000010 0.758071 0.032581 0.000010 0.000010 0.096731 0.000010
0.000010 0.001855 0.000010 0.000010 0.795231 0.024735 0.000010 0.000505 0.088161 0.089474
0.000010 0.003122 0.009335 0.000010 0.811020 0.027358 0.000011 0.000010 0.078857 0.070266
0.000010 0.002414 0.000010 0.000010 0.819158 0.017520 0.003096 0.000010 0.089738 0.068034
0.000010 0.014866 0.034757 0.000010 0.803690 0.012649 0.000010 0.000010 0.061372 0.072626
0.000010 0.024474 0.000010 0.000010 0.825914 0.021925 0.013152 0.000010 0.075673 0.038822
0.011616 0.007581 0.011655 0.000010 0.749920 0.011770 0.000010 0.006049 0.040928 0.160460
0.000010 0.026798 0.005689 0.000010 0.815780 0.027042 0.016303 0.000010 0.046084 0.062275
0.005132 0.000010 0.003287 0.000010 0.791516 0.035712 0.004548 0.000010 0.074029 0.085747
0.015508 0.000010 0.000010 0.000010 0.795628 0.028765 0.003146 0.000010 0.082488 0.074426
0.000010 0.039053 0.000010 0.000010 0.780268 0.029885 0.017378 0.000010 0.040961 0.092416
0.000010 0.000010 0.000010 0.001238 0.784367 0.000266 0.028771 0.022005 0.024999 0.138324
0.000010 0.017535 0.014358 0.003042 0.742057 0.000010 0.016643 0.017721 0.010487 0.178138
0.000010 0.000010 0.017614 0.030421 0.817810 0.015412 0.000010 0.000010 0.014277 0.104426
0.000010 0.041953 0.003041 0.000010 0.775875 0.013639 0.007063 0.000010 0.019529 0.138870
0.014388 0.015693 0.000010 0.000010 0.772658 0.000010 0.018700 0.017170 0.036804 0.124556
0.000010 0.005069 0.014691 0.039778 0.819573 0.004635 0.005864 0.004911 0.000010 0.105458
0.000010 0.009701 0.008010 0.031373 0.797815 0.000010 0.000010 0.020377 0.010229 0.122466
0.000010 0.000010 0.000940 0.010137 0.804050 0.017518 0.016519 0.026026 0.001203 0.123587
0.004448 0.005092 0.016196 0.019416 0.788717 0.010271 0.000010 0.021432 0.000060 0.134357
0.000010 0.000010 0.004470 0.000975 0.739478 0.016242 0.008164 0.000010 0.053384 0.177258
0.000010 0.013945 0.000010 0.016475 0.737529 0.016418 0.003385 0.004144 0.035482 0.172602
0.000010 0.031080 0.000010 0.000010 0.769556 0.040010 0.004857 0.000010 0.043085 0.111373
0.000010 0.040957 0.000010 0.000010 0.837922 0.029397 0.010847 0.000010 0.019059 0.061777
0.000013 0.022957 0.000010 0.020034 0.835093 0.034687 0.006604 0.000010 0.018780 0.061813
0.000010 0.005314 0.025375 0.000010 0.891668 0.027414 0.012380 0.000010 0.004826 0.032993
0.000010 0.000010 0.005819 0.000010 0.926534 0.038807 0.028779 0.000010 0.000010 0.000010
0.000010 0.019703 0.001974 0.010182 0.934984 0.018918 0.014199 0.000010 0.000010 0.000010
0.000010 0.000010 0.000010 0.029277 0.944703 0.016751 0.009209 0.000010 0.000010 0.000010
0.017594 0.027994 0.000010 0.000010 0.741515 0.014263 0.000010 0.000010 0.054568 0.144026
0.020886 0.003561 0.014792 0.000010 0.766066 0.013963 0.000010 0.000010 0.061712 0.118990
0.008295 0.015084 0.005603 0.000010 0.722079 0.030180 0.000010 0.000010 0.057838 0.160891
0.000010 0.012687 0.000010 0.021447 0.797041 0.005538 0.009885 0.009633 0.017281 0.126469
0.000010 0.000010 0.000010 0.000010 0.741884 0.028949 0.000010 0.001558 0.052390 0.175169
0.000010 0.003746 0.000010 0.000010 0.859005 0.000010 0.000010 0.000010 0.096647 0.040543
0.021337 0.007324 0.000010 0.017883 0.783353 0.026738 0.008807 0.001720 0.000010 0.132817
0.000011 0.013702 0.000010 0.000010 0.749711 0.024561 0.000010 0.034594 0.017120 0.160270
0.000010 0.018667 0.002965 0.020115 0.773952 0.010877 0.000010 0.000010 0.032186 0.141208
0.001513 0.019185 0.006649 0.023252 0.840459 0.001747 0.005429 0.000010 0.017410 0.084347
0.000010 0.007537 0.014908 0.000010 0.823382 0.008889 0.012722 0.000010 0.009979 0.122553
0.000010 0.054343 0.000956 0.028706 0.792981 0.001367 0.007273 0.000817 0.000010 0.113536
0.000010 0.002207 0.000010 0.000010 0.738609 0.019185 0.028789 0.024665 0.013943 0.172572
0.000010 0.022684 0.000010 0.000010 0.784629 0.018173 0.009192 0.000010 0.067317 0.097965
0.001996 0.000010 0.000010 0.000010 0.742226 0.015280 0.000010 0.000010 0.084173 0.156274
0.018945 0.024270 0.000010 0.000010 0.693914 0.001331 0.003418 0.000010 0.063121 0.194971
0.000010 0.000010 0.010295 0.000010 0.804554 0.017192 0.000010 0.000010 0.070106 0.097803
0.000011 0.000010 0.003734 0.000010 0.813021 0.034271 0.008153 0.000010 0.074128 0.066652
0.029436 0.008856 0.002683 0.000010 0.719461 0.007045 0.003879 0.004589 0.034415 0.189625
0.000014 0.031620 0.000010 0.000010 0.821970 0.013946 0.000010 0.000010 0.072325 0.060085
0.000010 0.024226 0.000010 0.000010 0.760242 0.002660 0.019062 0.000010 0.046645 0.147125
0.000010 0.000010 0.009735 0.015374 0.753428 0.013741 0.000010 0.006032 0.049199 0.152461
0.005198 0.000010 0.000010 0.000010 0.872005 0.004180 0.000010 0.000010 0.076287 0.042280
0.000013 0.017804 0.000010 0.004183 0.794036 0.039255 0.000010 0.000010 0.078945 0.065735
0.000010 0.018098 0.006744 0.000010 0.808973 0.014803 0.000801 0.000010 0.080315 0.070237
0.000010 0.020626 0.015084 0.000319 0.810197 0.024746 0.009281 0.000010 0.038115 0.081614
0.000010 0.010206 0.015777 0.002873 0.784577 0.027193 0.000010 0.000010 0.055703 0.103641
0.048070 0.056207 0.053517 0.022722 0.425153 0.031837 0.000359 0.003944 0.286162 0.072031
0.013569 0.000010 0.000010 0.035650 0.680305 0.015513 0.000010 0.021366 0.007805 0.225760
0.000010 0.000010 0.004599 0.000749 0.698202 0.013133 0.000010 0.027385 0.028153 0.227749
0.000010 0.000010 0.005223 0.000010 0.679658 0.009993 0.003956 0.035691 0.029564 0.235884
0.007807 0.000011 0.000010 0.000010 0.699257 0.002445 0.000932 0.047273 0.017340 0.224915
0.002552 0.000010 0.000010 0.038490 0.696787 0.029923 0.000010 0.029006 0.000010 0.203202
0.000010 0.000010 0.015247 0.009696 0.690089 0.006895 0.003555 0.032123 0.004333 0.238044
0.000010 0.011632 0.000010 0.000010 0.691074 0.001351 0.006033 0.052684 0.001820 0.235374
0.000010 0.016483 0.000010 0.005506 0.684528 0.000010 0.000010 0.041297 0.000010 0.252136
0.000010 0.006174 0.009483 0.013156 0.733839 0.016309 0.005284 0.022674 0.012847 0.180224
0.009263 0.016789 0.000010 0.000010 0.761676 0.025163 0.001604 0.000010 0.056637 0.128838
0.002980 0.000398 0.000010 0.015229 0.727605 0.017787 0.000010 0.029532 0.028803 0.177646
0.001328 0.027595 0.004443 0.000010 0.727959 0.015130 0.000010 0.029058 0.034233 0.160233
0.001214 0.016340 0.018883 0.000010 0.721532 0.023267 0.000308 0.022814 0.025166 0.170466
0.000010 0.001022 0.000010 0.006360 0.738110 0.017888 0.016227 0.018270 0.035851 0.166252
0.000010 0.009229 0.000010 0.000010 0.705646 0.005570 0.002959 0.048542 0.000010 0.228013
0.000010 0.000010 0.010381 0.024005 0.732491 0.009474 0.000333 0.000288 0.049929 0.173078
0.005836 0.050609 0.000010 0.000010 0.712474 0.017091 0.000010 0.019120 0.007259 0.187582
0.000010 0.017445 0.001934 0.010169 0.776735 0.046018 0.000010 0.000010 0.066499 0.081170
0.000010 0.001969 0.011586 0.007495 0.758544 0.012006 0.000010 0.007952 0.061368 0.139060
0.000010 0.004894 0.000010 0.014183 0.710969 0.023636 0.000010 0.008510 0.055696 0.182081
0.004927 0.005552 0.008472 0.000010 0.727867 0.001547 0.027554 0.006573 0.021358 0.196141
0.000327 0.003474 0.001982 0.010181 0.772279 0.027512 0.000010 0.000010 0.069884 0.114341
0.057132 0.079773 0.018487 0.056719 0.017830 0.030333 0.086131 0.061693 0.587480 0.004423
0.160539 0.026251 0.063276 0.081671 0.077265 0.085644 0.014376 0.014652 0.466840 0.009485
0.148136 0.127553 0.024933 0.051387 0.087302 0.072840 0.038325 0.000010 0.449504 0.000010
0.029868 0.011365 0.012542 0.010950 0.531531 0.024883 0.028423 0.032280 0.130240 0.187918
0.036633 0.074129 0.013618 0.106243 0.015220 0.025978 0.066566 0.029574 0.628609 0.003429
0.058280 0.087568 0.000010 0.086080 0.000010 0.043887 0.069099 0.044652 0.610403 0.000010
0.011062 0.038224 0.061636 0.025937 0.343508 0.055029 0.039950 0.027300 0.347024 0.050330
0.033233 0.052907 0.052789 0.063774 0.303700 0.045057 0.036010 0.031319 0.305778 0.075433
0.195584 0.042471 0.036131 0.054952 0.153443 0.067145 0.031237 0.013846 0.363199 0.041992
0.057282 0.000216 0.012060 0.024898 0.000010 0.002360 0.839178 0.002578 0.061407 0.000010
0.017185 0.021063 0.000010 0.026145 0.000512 0.015666 0.101690 0.038775 0.778944 0.000010
0.103725 0.095516 0.005527 0.115014 0.007126 0.039811 0.056810 0.006192 0.570268 0.000010
0.017118 0.088286 0.037357 0.038579 0.319809 0.092517 0.023593 0.023065 0.305768 0.053907
0.147585 0.075992 0.076242 0.042115 0.081941 0.100879 0.023011 0.000010 0.452214 0.000010
0.000010 0.065240 0.030934 0.001097 0.269884 0.103776 0.030550 0.000010 0.498490 0.000010
0.057448 0.104852 0.022078 0.068240 0.000010 0.022490 0.075514 0.027068 0.622290 0.000010
0.051415 0.040209 0.032440 0.028875 0.314653 0.038328 0.039107 0.016406 0.351165 0.087402
0.019642 0.038995 0.031955 0.061650 0.312381 0.064982 0.017968 0.027359 0.348446 0.076622
