0.378262 0.000010 0.134827 0.486902
0.278380 0.005190 0.083644 0.632786
0.376855 0.005111 0.121931 0.496103
0.297854 0.040211 0.061220 0.600715
0.379475 0.000010 0.123398 0.497117
0.335772 0.015091 0.113664 0.535473
0.308298 0.038807 0.086637 0.566258
0.037550 0.037585 0.013318 0.911547
0.021585 0.012388 0.054872 0.911155
0.013381 0.000010 0.016500 0.970109
0.056337 0.030381 0.085680 0.827602
0.059662 0.050255 0.052401 0.837682
0.679909 0.289879 0.030202 0.000010
0.602059 0.277011 0.120279 0.000651
0.764293 0.235687 0.000010 0.000010
0.612875 0.221085 0.154929 0.011112
0.350891 0.011492 0.139740 0.497877
0.346993 0.000010 0.128076 0.524921
0.028852 0.000010 0.037183 0.933955
0.037551 0.073442 0.000130 0.888877
0.056467 0.041515 0.000010 0.902008
0.000010 0.000010 0.009203 0.990777
0.048214 0.043491 0.075257 0.833038
0.055092 0.060650 0.048539 0.835720
0.731165 0.268815 0.000010 0.000010
0.740600 0.233072 0.026318 0.000010
0.765141 0.220788 0.006774 0.007297
0.584201 0.289476 0.126313 0.000010
0.346743 0.010553 0.132042 0.510662
0.337771 0.052148 0.110853 0.499228
0.068651 0.000010 0.039964 0.891375
0.009325 0.091962 0.003679 0.895035
0.010504 0.000010 0.016771 0.972716
0.003466 0.000010 0.019228 0.977297
0.036411 0.037947 0.085763 0.839878
0.036085 0.053772 0.074273 0.835869
0.687857 0.270830 0.041303 0.000010
0.744075 0.232641 0.013065 0.010219
0.727694 0.261275 0.011021 0.000010
0.615913 0.241699 0.133306 0.009082
0.326921 0.018437 0.114965 0.539677
0.330397 0.045163 0.121656 0.502785
0.048067 0.009613 0.031129 0.911191
0.028768 0.028639 0.008622 0.933971
0.000010 0.000010 0.011196 0.988784
0.018278 0.000010 0.011119 0.970593
0.007179 0.000010 0.005058 0.987753
0.056547 0.046987 0.075965 0.820501
0.056537 0.009728 0.099851 0.833883
0.691159 0.264411 0.044420 0.000010
0.767521 0.223717 0.000010 0.008752
0.772737 0.198127 0.029126 0.000010
0.634966 0.241541 0.105293 0.018200
0.728499 0.249224 0.022267 0.000010
0.417813 0.287397 0.294780 0.000010
0.693927 0.262935 0.043128 0.000010
0.705954 0.136853 0.115585 0.041607
0.648647 0.195612 0.117160 0.038581
0.770965 0.079876 0.112198 0.036962
0.660606 0.181725 0.112398 0.045271
0.390805 0.026778 0.127350 0.455067
0.659053 0.278181 0.062756 0.000010
0.648405 0.276332 0.075253 0.000010
0.676334 0.132189 0.113902 0.077575
0.623049 0.033337 0.180699 0.162915
0.676254 0.113053 0.163346 0.047347
0.641931 0.144021 0.148325 0.065722
0.332169 0.057326 0.115580 0.494926
0.349187 0.016916 0.130311 0.503587
0.678491 0.279823 0.041676 0.000010
0.469738 0.284896 0.245357 0.000010
0.697947 0.261000 0.041043 0.000010
0.672867 0.132017 0.135720 0.059396
0.613038 0.205298 0.137075 0.044589
0.685078 0.175886 0.119916 0.019119
0.622894 0.165513 0.129055 0.082537
0.364572 0.037285 0.156744 0.441399
0.364442 0.031881 0.151362 0.452315
0.333293 0.052011 0.114925 0.499770
0.032464 0.000070 0.065065 0.902400
0.000010 0.000010 0.018219 0.981761
0.015589 0.000010 0.015966 0.968435
0.000010 0.000010 0.008858 0.991122
0.041215 0.084606 0.060030 0.814150
0.037258 0.041086 0.083565 0.838092
0.684053 0.255615 0.060322 0.000010
0.780682 0.219298 0.000010 0.000010
0.708919 0.225326 0.065745 0.000010
0.586059 0.262061 0.123161 0.028719
0.347835 0.044952 0.108074 0.499139
0.203250 0.000010 0.078060 0.718680
0.028719 0.032706 0.032823 0.905753
0.038707 0.000010 0.045733 0.915550
0.001109 0.000010 0.018299 0.980582
0.000010 0.000010 0.011958 0.988022
0.059461 0.050214 0.061746 0.828579
0.053860 0.038958 0.076905 0.830277
0.683350 0.272952 0.043688 0.000010
0.742791 0.235131 0.022069 0.000010
0.616254 0.228209 0.142012 0.013525
0.686476 0.264401 0.049113 0.000010
0.258650 0.289066 0.452274 0.000010
0.698478 0.261330 0.040182 0.000010
0.739808 0.083517 0.126221 0.050454
0.693170 0.117778 0.145893 0.043158
0.665414 0.162904 0.137466 0.034216
0.296857 0.067698 0.128267 0.507178
0.364250 0.020534 0.120155 0.495062
0.028425 0.058951 0.000010 0.912614
0.037387 0.061480 0.000244 0.900889
0.000010 0.000010 0.009783 0.990197
0.000010 0.000010 0.028965 0.971015
0.047993 0.057090 0.073152 0.821765
0.679894 0.251838 0.068258 0.000010
0.780563 0.216420 0.003007 0.000010
0.784458 0.209135 0.000010 0.006396
0.608569 0.264305 0.121068 0.006058
0.692106 0.256514 0.051370 0.000010
0.397434 0.317745 0.284812 0.000010
0.688845 0.288639 0.022505 0.000010
0.723978 0.113341 0.116760 0.045921
0.724825 0.108655 0.110590 0.055930
0.678625 0.165434 0.125306 0.030635
0.435305 0.033007 0.134841 0.396847
0.335094 0.022572 0.105009 0.537324
0.013047 0.034881 0.020512 0.931560
0.052667 0.000010 0.022171 0.925152
0.009714 0.000010 0.003827 0.986448
0.000010 0.000010 0.019695 0.980285
0.052627 0.054737 0.053763 0.838873
0.068709 0.041296 0.077460 0.812535
0.640297 0.298582 0.061111 0.000010
0.768456 0.231304 0.000010 0.000230
0.769291 0.230689 0.000010 0.000010
0.592680 0.262985 0.132645 0.011690
0.685552 0.224911 0.089527 0.000010
0.420031 0.299464 0.280496 0.000010
0.696058 0.279789 0.024143 0.000010
0.762903 0.005586 0.154826 0.076685
0.631597 0.145264 0.162815 0.060324
0.608766 0.166147 0.102386 0.122702
0.287493 0.067418 0.089130 0.555959
0.343090 0.000514 0.116959 0.539438
0.062556 0.000010 0.020054 0.917380
0.010409 0.002573 0.059224 0.927794
0.000010 0.000010 0.018129 0.981851
0.004788 0.000010 0.017344 0.977858
0.004287 0.000010 0.010922 0.984781
0.025037 0.065317 0.094045 0.815602
0.054047 0.014732 0.070163 0.861058
0.676087 0.245521 0.078382 0.000010
0.697304 0.239939 0.047493 0.015264
0.776444 0.215692 0.000010 0.007853
0.600003 0.248656 0.131395 0.019946
0.650075 0.251580 0.098335 0.000010
0.694171 0.264188 0.041631 0.000010
0.672059 0.121483 0.172049 0.034410
0.678502 0.115370 0.148361 0.057767
0.647322 0.171386 0.124948 0.056344
0.739559 0.060697 0.161157 0.038587
0.769745 0.189352 0.000010 0.040893
0.351157 0.070786 0.082231 0.495827
0.040560 0.037416 0.000010 0.922014
0.014138 0.000010 0.045692 0.940160
0.015072 0.000010 0.009219 0.975699
0.047390 0.057025 0.079916 0.815669
0.035751 0.041388 0.076506 0.846354
0.732930 0.203597 0.063463 0.000010
0.760212 0.235022 0.004755 0.000010
0.728739 0.249751 0.021500 0.000010
0.693868 0.287328 0.018794 0.000010
0.419723 0.299777 0.280489 0.000010
0.686762 0.267835 0.045392 0.000010
0.729133 0.073237 0.132585 0.065045
0.708813 0.116273 0.124766 0.050148
0.622594 0.046333 0.192800 0.138273
0.736495 0.096450 0.130123 0.036933
0.282936 0.011392 0.127181 0.578490
0.755924 0.211884 0.000010 0.032182
0.036822 0.018843 0.026621 0.917713
0.000010 0.000010 0.022666 0.977314
0.032551 0.032858 0.033707 0.900884
0.044949 0.020596 0.024390 0.910065
0.681254 0.275112 0.043624 0.000010
0.678305 0.109130 0.179797 0.032768
0.415005 0.303340 0.281645 0.000010
0.698815 0.284050 0.017125 0.000010
0.721146 0.081268 0.132845 0.064741
0.653389 0.156453 0.158185 0.031974
0.523654 0.132247 0.107450 0.236649
0.315470 0.075750 0.098779 0.510001
0.781669 0.183952 0.000010 0.034369
0.023980 0.000010 0.004227 0.971783
0.036450 0.063764 0.094592 0.805194
0.048062 0.064399 0.048438 0.839101
0.073509 0.035742 0.063767 0.826982
0.756947 0.237817 0.000010 0.005226
0.741066 0.258914 0.000010 0.000010
0.647602 0.276793 0.075595 0.000010
0.676599 0.294121 0.029270 0.000010
0.422355 0.290342 0.287293 0.000010
0.740122 0.037267 0.168407 0.054204
0.670780 0.111056 0.152293 0.065871
0.624326 0.161686 0.149054 0.064934
0.691175 0.143671 0.124699 0.040455
0.629814 0.204303 0.128765 0.037118
0.767255 0.197973 0.000010 0.034762
0.475248 0.296826 0.227916 0.000010
0.687714 0.259133 0.053143 0.000010
0.709756 0.090028 0.143303 0.056913
0.681332 0.129334 0.131563 0.057772
0.605163 0.025745 0.212711 0.156380
0.669703 0.154998 0.147170 0.028129
0.309298 0.020582 0.127283 0.542837
0.771729 0.207727 0.000010 0.020535
0.811569 0.158392 0.000010 0.030029
0.652190 0.280077 0.037439 0.030294
0.749165 0.233872 0.016954 0.000010
0.467980 0.239627 0.230414 0.061979
0.711951 0.000010 0.130799 0.157241
0.667742 0.000010 0.120961 0.211287
0.777879 0.153065 0.069046 0.000010
0.760903 0.196628 0.042459 0.000010
0.759137 0.179222 0.061630 0.000010
0.714812 0.244352 0.000010 0.040826
0.761403 0.207333 0.000010 0.031254
0.740554 0.249882 0.009554 0.000010
0.439262 0.206372 0.278780 0.075586
0.677796 0.000010 0.137282 0.184912
0.760959 0.000010 0.164855 0.074176
0.729572 0.187727 0.082691 0.000010
0.734876 0.206136 0.058978 0.000010
0.611584 0.207838 0.000010 0.180568
0.730788 0.107045 0.113185 0.048983
0.742369 0.230858 0.000010 0.026763
0.469776 0.290119 0.238830 0.001274
0.409440 0.213021 0.344025 0.033514
0.617384 0.000010 0.166908 0.215697
0.714875 0.000010 0.138972 0.146144
0.747652 0.173126 0.071790 0.007432
0.742313 0.186821 0.062532 0.008334
0.771167 0.205119 0.023703 0.000010
0.673836 0.206109 0.000010 0.120045
0.781791 0.184317 0.000010 0.033882
0.650665 0.294612 0.036108 0.018614
0.464397 0.300579 0.235014 0.000010
0.476104 0.190202 0.243389 0.090305
0.524989 0.000010 0.104426 0.370575
0.668410 0.000010 0.171499 0.160081
0.756175 0.174240 0.069575 0.000010
0.735242 0.190511 0.066550 0.007696
0.753563 0.167592 0.076783 0.002062
0.592183 0.203263 0.000010 0.204544
0.068935 0.022821 0.081299 0.826944
0.053065 0.031501 0.088134 0.827299
0.661348 0.244970 0.093672 0.000010
0.795454 0.192777 0.000010 0.011759
0.610351 0.254560 0.124433 0.010656
0.791919 0.179563 0.000010 0.028509
0.782689 0.217291 0.000010 0.000010
0.485049 0.267405 0.247537 0.000010
0.490314 0.239945 0.201430 0.068311
0.656902 0.000010 0.105420 0.237668
0.704381 0.000010 0.148243 0.147366
0.738320 0.192133 0.055466 0.014082
0.757357 0.177797 0.064836 0.000010
0.734096 0.188997 0.063809 0.013099
0.687161 0.214784 0.000010 0.098045
0.756230 0.231882 0.011878 0.000010
0.390098 0.321095 0.288797 0.000010
0.704555 0.000010 0.127074 0.168361
0.695412 0.000010 0.162560 0.142018
0.578374 0.000010 0.126804 0.294813
0.769601 0.157485 0.061815 0.011099
0.659751 0.279606 0.047810 0.012834
0.710905 0.270319 0.018766 0.000010
0.416898 0.311647 0.271445 0.000010
0.482662 0.234068 0.236295 0.046975
0.698601 0.000010 0.137293 0.164096
0.699687 0.000010 0.156197 0.144106
0.751223 0.193327 0.055440 0.000010
0.768718 0.180745 0.050080 0.000457
0.758716 0.171582 0.063579 0.006123
0.637915 0.198979 0.000010 0.163096
0.676558 0.288823 0.000010 0.034609
0.752508 0.241331 0.006150 0.000010
0.419262 0.327766 0.252961 0.000010
0.477238 0.220980 0.211840 0.089943
0.696769 0.000010 0.136403 0.166818
0.679274 0.000010 0.147715 0.173001
0.730213 0.187111 0.081327 0.001349
0.759712 0.155923 0.083319 0.001047
0.747617 0.156308 0.087049 0.009026
0.675963 0.275513 0.010471 0.038053
0.745105 0.236471 0.018414 0.000010
0.446331 0.189257 0.290761 0.073652
0.718786 0.000010 0.118553 0.162651
0.693938 0.000010 0.135055 0.170998
0.751874 0.158489 0.078064 0.011573
0.640477 0.326958 0.005293 0.027272
0.754520 0.241462 0.004008 0.000010
0.461666 0.214526 0.267093 0.056715
0.709309 0.000010 0.134442 0.156238
0.665174 0.000010 0.143620 0.191196
0.767132 0.187787 0.042729 0.002352
0.768633 0.159086 0.061853 0.010428
0.625096 0.190969 0.000010 0.183926
0.635281 0.186869 0.000010 0.177841
0.616076 0.212842 0.113457 0.057625
0.641863 0.178324 0.131570 0.048243
0.289480 0.037518 0.127189 0.545813
0.660413 0.292712 0.014144 0.032730
0.773983 0.212651 0.013357 0.000010
0.409640 0.301805 0.288545 0.000010
0.697905 0.000010 0.140002 0.162083
0.648397 0.000010 0.140118 0.211476
0.745662 0.169909 0.073863 0.010566
0.749400 0.209798 0.039670 0.001133
0.605855 0.201634 0.000010 0.192501
0.066600 0.030758 0.075830 0.826812
0.776284 0.221879 0.001828 0.000010
0.650774 0.223301 0.000010 0.125915
0.731734 0.183630 0.078527 0.006110
0.701713 0.000010 0.143524 0.154753
0.759346 0.166734 0.063751 0.010168
0.493830 0.194564 0.261936 0.049670
0.434928 0.257711 0.307351 0.000010
0.622524 0.283939 0.055398 0.038139
0.508330 0.000010 0.102720 0.388940
0.685798 0.219360 0.094832 0.000010
0.000010 0.157993 0.000010 0.841987
0.000010 0.141648 0.000010 0.858332
0.000010 0.167856 0.000010 0.832124
0.000010 0.164650 0.000010 0.835330
0.255164 0.482686 0.262140 0.000010
0.282868 0.411039 0.306083 0.000010
0.264178 0.466225 0.269587 0.000010
0.270707 0.482441 0.246842 0.000010
0.037442 0.146181 0.005142 0.811236
0.015292 0.087514 0.000010 0.897184
0.018564 0.092834 0.000010 0.888592
0.012347 0.096056 0.010964 0.880633
0.030322 0.073239 0.001143 0.895296
0.000468 0.120854 0.000010 0.878668
0.000010 0.141045 0.000010 0.858935
0.016390 0.089652 0.007787 0.886171
0.068555 0.223908 0.096813 0.610724
0.047288 0.252280 0.000010 0.700422
0.000010 0.177664 0.000010 0.822316
0.000010 0.181637 0.000010 0.818343
0.000010 0.176255 0.000010 0.823725
0.000010 0.182404 0.000010 0.817576
0.000010 0.200922 0.000010 0.799058
0.000010 0.141564 0.000010 0.858416
0.000010 0.179336 0.000010 0.820644
0.000010 0.183151 0.000010 0.816829
0.000010 0.183641 0.000010 0.816339
0.000019 0.184495 0.000010 0.815477
0.000010 0.134131 0.000010 0.865849
0.003725 0.121874 0.005866 0.868535
0.000010 0.144210 0.000010 0.855770
0.000618 0.142071 0.000010 0.857301
0.009273 0.138425 0.009427 0.842875
0.000010 0.137496 0.000010 0.862484
0.000010 0.137793 0.000010 0.862187
0.000010 0.129319 0.000010 0.870661
0.000010 0.132686 0.000010 0.867294
0.000010 0.139160 0.000010 0.860820
0.000010 0.145471 0.000010 0.854509
0.000010 0.178552 0.000010 0.821428
0.000010 0.166005 0.000010 0.833975
0.000010 0.168679 0.000010 0.831301
0.000010 0.144871 0.000010 0.855109
0.000010 0.143751 0.000010 0.856229
0.000010 0.142552 0.000010 0.857428
0.000010 0.134640 0.000010 0.865340
0.000010 0.168592 0.000010 0.831388
0.000010 0.159787 0.008257 0.831946
0.000010 0.166618 0.000010 0.833362
0.000010 0.137212 0.000010 0.862768
0.000010 0.136081 0.000010 0.863899
0.000010 0.171159 0.000010 0.828821
0.000010 0.139741 0.000942 0.859307
0.007781 0.132349 0.000010 0.859859
0.000010 0.146794 0.000010 0.853186
0.000010 0.141799 0.000010 0.858181
0.000010 0.115243 0.000010 0.884737
0.012432 0.141771 0.000010 0.845787
0.000010 0.129719 0.008165 0.862106
0.000010 0.174533 0.000010 0.825447
0.000010 0.159949 0.000010 0.840031
0.000010 0.154006 0.007517 0.838467
0.000010 0.160831 0.000010 0.839149
0.000010 0.180138 0.000010 0.819842
0.000010 0.121007 0.020257 0.858727
0.000010 0.181089 0.000010 0.818891
0.000664 0.145882 0.000010 0.853444
0.000010 0.149826 0.000010 0.850154
0.000010 0.156238 0.000010 0.843742
0.000010 0.202800 0.000010 0.797180
0.000010 0.182004 0.000010 0.817976
0.000010 0.169140 0.000010 0.830840
0.000010 0.171975 0.000010 0.828005
0.068872 0.335999 0.125167 0.469962
0.000010 0.131613 0.009334 0.859043
0.000010 0.120487 0.000010 0.879493
0.001303 0.125317 0.000010 0.873370
0.008049 0.107890 0.003984 0.880078
0.000010 0.140620 0.004513 0.854857
0.000010 0.114127 0.002464 0.883399
0.028218 0.089097 0.000010 0.882675
0.021468 0.088011 0.000010 0.890511
0.000015 0.136673 0.000010 0.863302
0.000010 0.164889 0.000010 0.835091
0.000010 0.144032 0.000010 0.855948
0.019837 0.142353 0.000010 0.837799
0.008974 0.147510 0.000010 0.843506
0.000010 0.146139 0.000010 0.853841
0.027601 0.083399 0.000010 0.888989
0.000010 0.151227 0.000010 0.848753
0.026620 0.123891 0.000010 0.849480
0.000010 0.201103 0.000010 0.798877
0.000010 0.159265 0.000010 0.840715
0.000010 0.158677 0.000010 0.841303
0.000010 0.118418 0.010249 0.871322
0.000010 0.173634 0.000010 0.826346
0.189357 0.506912 0.271837 0.031894
0.084800 0.488619 0.333259 0.093322
0.156968 0.478401 0.279768 0.084862
0.033029 0.196749 0.082879 0.687343
0.159504 0.567927 0.247708 0.024860
0.188585 0.562183 0.249222 0.000010
0.085421 0.381704 0.154397 0.378478
0.095319 0.365154 0.174843 0.364684
0.085578 0.388762 0.332578 0.193082
0.067343 0.059439 0.859439 0.013778
0.152926 0.588548 0.249424 0.009102
0.152936 0.548771 0.287486 0.010807
0.117981 0.405747 0.115608 0.360664
0.116058 0.488135 0.312610 0.083198
0.085044 0.552497 0.104593 0.257866
0.190494 0.534563 0.273450 0.001493
0.078376 0.367637 0.168832 0.385155
0.085864 0.406979 0.131937 0.375220
0.093349 0.297045 0.172106 0.437501
0.035153 0.198781 0.102434 0.663632
0.084996 0.449765 0.095291 0.369948
0.094123 0.525353 0.104805 0.275719
0.160739 0.544617 0.294634 0.000010
0.101894 0.494947 0.136579 0.266579
0.155055 0.582881 0.228916 0.033148
0.084986 0.376165 0.126066 0.412783
0.087578 0.400023 0.118049 0.394349
0.043757 0.234774 0.106340 0.615129
0.163498 0.551377 0.268704 0.016421
0.112545 0.540621 0.081457 0.265378
0.151238 0.550641 0.285925 0.012196
0.089983 0.373348 0.359418 0.177251
0.090564 0.419442 0.284835 0.205158
0.150838 0.580119 0.258755 0.010288
0.170801 0.533378 0.282921 0.012900
0.115499 0.544933 0.074548 0.265020
0.058774 0.201717 0.060038 0.679470
0.080641 0.277403 0.119072 0.522883
0.082235 0.382714 0.141671 0.393380
0.098593 0.450668 0.292677 0.158062
0.106960 0.514090 0.103924 0.275026
0.095551 0.366105 0.381539 0.156804
0.032638 0.188898 0.103739 0.674725
0.101289 0.374802 0.329431 0.194479
0.170576 0.554889 0.262728 0.011807
0.095610 0.554738 0.099705 0.249947
0.083757 0.355240 0.172161 0.388842
0.052820 0.411708 0.147175 0.388297
0.073774 0.387371 0.149144 0.389710
0.097894 0.538893 0.124320 0.238892
0.152174 0.595288 0.251395 0.001142
0.113293 0.496655 0.330966 0.059086
0.092579 0.398820 0.319066 0.189534
0.037901 0.201499 0.073665 0.686936
0.191115 0.549074 0.243846 0.015966
0.155684 0.559263 0.277616 0.007437
0.068359 0.264687 0.087282 0.579672
0.089624 0.407351 0.098832 0.404192
0.070475 0.212714 0.063358 0.653453
0.121903 0.523330 0.090280 0.264487
0.114362 0.393830 0.320475 0.171332
0.113870 0.417888 0.317587 0.150655
0.093911 0.386358 0.090105 0.429626
0.194791 0.568996 0.220879 0.015334
0.144665 0.574092 0.267160 0.014083
0.173728 0.534552 0.279099 0.012621
0.050939 0.285295 0.103767 0.559999
0.094112 0.460274 0.194556 0.251059
0.062213 0.183383 0.095629 0.658775
0.147685 0.594776 0.253466 0.004073
0.109343 0.558608 0.075405 0.256643
0.128583 0.477241 0.305972 0.088204
0.095658 0.465025 0.103960 0.335356
0.079420 0.414200 0.327248 0.179131
0.158136 0.569474 0.267065 0.005325
0.161646 0.532930 0.290899 0.014525
0.141464 0.566835 0.267739 0.023962
0.086433 0.364227 0.155582 0.393759
0.037913 0.233757 0.089393 0.638937
0.067537 0.171980 0.102342 0.658141
0.102718 0.401498 0.217729 0.278055
0.085992 0.552093 0.101802 0.260114
0.108963 0.361383 0.345739 0.183915
0.106824 0.417746 0.336489 0.138941
0.082390 0.411875 0.379025 0.126710
0.071034 0.366263 0.442019 0.120683
0.050216 0.459916 0.471512 0.018356
0.149265 0.601161 0.249564 0.000010
0.035159 0.226765 0.606628 0.131448
0.095427 0.331070 0.262601 0.310901
0.130900 0.377491 0.390165 0.101445
0.103862 0.394462 0.372323 0.129352
0.087995 0.490695 0.323759 0.097551
0.098808 0.387355 0.370951 0.142886
0.000010 0.559578 0.431598 0.008814
0.152697 0.597054 0.250240 0.000010
0.117414 0.544863 0.241621 0.096102
0.047036 0.241413 0.599032 0.112519
0.057669 0.287231 0.523030 0.132070
0.117499 0.656660 0.210813 0.015028
0.166230 0.534613 0.297276 0.001880
0.051760 0.354999 0.435304 0.157936
0.148192 0.630975 0.213835 0.006998
0.000010 0.511713 0.488267 0.000010
0.144734 0.619101 0.234962 0.001203
0.166269 0.528302 0.213828 0.091602
0.054382 0.240133 0.580517 0.124967
0.069930 0.294902 0.523906 0.111261
0.134415 0.454581 0.309629 0.101375
0.141942 0.604419 0.249886 0.003752
0.057967 0.348798 0.425804 0.167432
0.085657 0.368754 0.426088 0.119501
0.150829 0.625123 0.219483 0.004565
0.025021 0.505553 0.435821 0.033605
0.150676 0.603398 0.220912 0.025014
0.144486 0.545612 0.247994 0.061907
0.077428 0.258133 0.538854 0.125585
0.038542 0.217927 0.620327 0.123205
0.080077 0.446984 0.282338 0.190601
0.081103 0.328316 0.447255 0.143326
0.000012 0.499769 0.500209 0.000010
0.141908 0.612626 0.229626 0.015840
0.073282 0.237449 0.566241 0.123028
0.046134 0.245423 0.606275 0.102168
0.073677 0.404470 0.343086 0.178767
0.044974 0.067490 0.867657 0.019879
0.105754 0.422688 0.319020 0.152538
0.055836 0.397573 0.407251 0.139341
0.006564 0.529705 0.460359 0.003372
0.137868 0.586771 0.268170 0.007191
0.176886 0.509412 0.233226 0.080476
0.078964 0.237934 0.531863 0.151239
0.028320 0.239722 0.605883 0.126075
0.083333 0.400922 0.398006 0.117739
0.095431 0.374297 0.265902 0.264370
0.093838 0.467346 0.361755 0.077061
0.079731 0.361813 0.305801 0.252655
0.065575 0.393331 0.413576 0.127519
0.058220 0.459939 0.454331 0.027510
0.143328 0.590138 0.257769 0.008765
0.063524 0.223942 0.591845 0.120688
0.150001 0.453114 0.285511 0.111374
0.108350 0.379536 0.409635 0.102479
0.156351 0.587227 0.255315 0.001106
0.097435 0.424142 0.376114 0.102309
0.095642 0.411539 0.370963 0.121856
0.063596 0.388744 0.414577 0.133083
0.032646 0.479393 0.461522 0.026438
0.129888 0.627017 0.231283 0.011812
0.073315 0.232207 0.575581 0.118897
0.064199 0.254847 0.553397 0.127558
0.112008 0.396419 0.377409 0.114164
0.084631 0.603264 0.280510 0.031595
0.078242 0.707549 0.210449 0.003760
0.022177 0.446905 0.516374 0.014545
0.115159 0.460528 0.366569 0.057745
0.168840 0.335329 0.476694 0.019137
0.072836 0.342591 0.532343 0.052230
0.164804 0.358665 0.454369 0.022162
0.059031 0.650118 0.274280 0.016571
0.053818 0.615346 0.287224 0.043612
0.000010 0.339038 0.660942 0.000010
0.053218 0.445256 0.483856 0.017670
0.062266 0.608293 0.316560 0.012881
0.027556 0.688818 0.271064 0.012562
0.039495 0.436924 0.515527 0.008054
0.133677 0.238591 0.611664 0.016069
0.045762 0.613967 0.334213 0.006058
0.034839 0.670623 0.285256 0.009281
0.085751 0.442264 0.452356 0.019629
0.013568 0.347260 0.639162 0.000010
0.000010 0.317339 0.678445 0.004206
0.000010 0.354753 0.641254 0.003983
0.067695 0.499223 0.419285 0.013796
0.050487 0.731242 0.200556 0.017715
0.115863 0.503314 0.355960 0.024863
0.001987 0.472930 0.512698 0.012385
0.083290 0.139212 0.726292 0.051206
0.059659 0.592216 0.343615 0.004511
0.037970 0.523465 0.420579 0.017987
0.059975 0.573843 0.344434 0.021748
0.000010 0.337130 0.659224 0.003636
0.000010 0.373208 0.626772 0.000010
0.005361 0.310935 0.678545 0.005159
0.069575 0.396066 0.480256 0.054103
0.054722 0.697162 0.237866 0.010250
0.017664 0.626960 0.334310 0.021066
0.050506 0.507729 0.428947 0.012818
0.130739 0.404236 0.329127 0.135899
0.028320 0.614288 0.349468 0.007925
0.043487 0.657923 0.287173 0.011417
0.066836 0.626931 0.293540 0.012693
0.097926 0.556034 0.288314 0.057726
0.025740 0.291355 0.671854 0.011051
0.000016 0.320154 0.679820 0.000010
0.025616 0.446208 0.517053 0.011123
0.046610 0.691282 0.243269 0.018839
0.054850 0.719614 0.200799 0.024736
0.121938 0.206868 0.651141 0.020053
0.179882 0.353233 0.392569 0.074316
0.196248 0.270474 0.504727 0.028552
0.176281 0.350362 0.449275 0.024082
0.060886 0.511421 0.399680 0.028013
0.012226 0.306311 0.676000 0.005463
0.047462 0.445374 0.492408 0.014756
0.000010 0.341505 0.658475 0.000010
0.072281 0.462781 0.358077 0.106861
0.174984 0.342417 0.456838 0.025761
0.046432 0.165810 0.772688 0.015070
0.157271 0.321354 0.491625 0.029750
0.039399 0.658256 0.274781 0.027565
0.092398 0.565408 0.339146 0.003049
0.080947 0.559854 0.345626 0.013573
0.000857 0.322910 0.664949 0.011284
0.003534 0.329160 0.667296 0.000010
0.039121 0.471454 0.489416 0.000010
0.074520 0.463645 0.453203 0.008632
0.038339 0.688904 0.272748 0.000010
0.146810 0.366307 0.467078 0.019805
0.073636 0.477255 0.438493 0.010616
0.091906 0.531445 0.349755 0.026894
0.173197 0.349440 0.412968 0.064395
0.107123 0.159239 0.712196 0.021443
0.015533 0.684778 0.289051 0.010639
0.069382 0.605693 0.308531 0.016394
0.000010 0.335655 0.661420 0.002914
0.003986 0.330272 0.665733 0.000010
0.050441 0.456504 0.482557 0.010499
0.096033 0.425529 0.475570 0.002867
0.119865 0.536043 0.331904 0.012188
0.113433 0.488193 0.315700 0.082675
0.099971 0.203165 0.695685 0.001178
0.019316 0.605254 0.351377 0.024053
0.064157 0.594978 0.320145 0.020720
0.043092 0.647968 0.289906 0.019033
0.109883 0.394147 0.391168 0.104802
0.000010 0.326007 0.673973 0.000010
0.023943 0.334734 0.641313 0.000010
0.077791 0.595169 0.305431 0.021610
0.047358 0.443225 0.509407 0.000010
0.070496 0.502235 0.414017 0.013252
0.000010 0.427607 0.572373 0.000010
0.060296 0.434091 0.476854 0.028758
0.178575 0.537604 0.214476 0.069346
0.111782 0.406217 0.386444 0.095556
0.108137 0.382473 0.418989 0.090401
0.121281 0.484641 0.307113 0.086966
0.089190 0.411213 0.488448 0.011149
0.017169 0.891664 0.000010 0.091156
0.047915 0.029214 0.915147 0.007724
0.143093 0.610538 0.243054 0.003316
0.108042 0.408541 0.373006 0.110410
0.150370 0.494857 0.209910 0.144863
0.029903 0.462353 0.464702 0.043042
0.010338 0.912723 0.000010 0.076929
0.055561 0.848025 0.000010 0.096405
0.041505 0.052359 0.902969 0.003167
0.157183 0.551901 0.240254 0.050663
0.173241 0.522081 0.208012 0.096666
0.109683 0.523103 0.296419 0.070795
0.144605 0.599459 0.238882 0.017055
0.145198 0.587953 0.147744 0.119105
0.121324 0.556271 0.186715 0.135690
0.120748 0.593274 0.153883 0.132095
0.054877 0.766294 0.052266 0.126563
0.053279 0.831088 0.000010 0.115623
0.075527 0.031386 0.889710 0.003376
0.161243 0.569363 0.265168 0.004226
0.139341 0.593168 0.258600 0.008891
0.108157 0.328015 0.446817 0.117011
0.026660 0.493612 0.479702 0.000027
0.127184 0.617449 0.252215 0.003152
0.131076 0.606763 0.145240 0.116920
0.122943 0.598798 0.174416 0.103843
0.026649 0.893297 0.000010 0.080044
0.077337 0.780152 0.042702 0.099809
0.063846 0.426169 0.411471 0.098514
0.157833 0.466107 0.275638 0.100423
0.142409 0.570355 0.219005 0.068230
0.013061 0.479550 0.507380 0.000010
0.107031 0.566211 0.183604 0.143153
0.121748 0.599799 0.172886 0.105568
0.044710 0.860540 0.000010 0.094740
0.041852 0.858565 0.000010 0.099573
0.062276 0.784138 0.041375 0.112211
0.129877 0.359295 0.466956 0.043872
0.105963 0.446260 0.352659 0.095119
0.158437 0.497698 0.265003 0.078862
0.167845 0.539380 0.214834 0.077941
0.022676 0.451492 0.518275 0.007557
0.124722 0.533610 0.071650 0.270017
0.140522 0.544746 0.166079 0.148653
0.040701 0.858805 0.000010 0.100484
0.072208 0.835898 0.000010 0.091885
0.064359 0.803187 0.036582 0.095872
0.172334 0.538122 0.275236 0.014308
0.120579 0.484086 0.311519 0.083817
0.000010 0.519523 0.480457 0.000010
0.030765 0.078234 0.872248 0.018753
0.114428 0.591041 0.159092 0.135439
0.108970 0.566128 0.189673 0.135229
0.034405 0.844146 0.035592 0.085857
0.052267 0.822368 0.008564 0.116801
0.034758 0.033018 0.920459 0.011765
0.023677 0.653597 0.297502 0.025224
0.180733 0.497468 0.213646 0.108154
0.017973 0.489985 0.492032 0.000010
0.053794 0.045271 0.875409 0.025526
0.098872 0.566534 0.222700 0.111894
0.084975 0.583585 0.176182 0.155258
0.143817 0.574747 0.149901 0.131534
0.080334 0.833286 0.004179 0.082201
0.040333 0.859094 0.005398 0.095175
0.057695 0.046671 0.895624 0.000010
0.023334 0.475253 0.497447 0.003966
0.089386 0.246187 0.652730 0.011698
0.079144 0.453462 0.447457 0.019937
0.075536 0.459984 0.464470 0.000010
0.046859 0.763110 0.157194 0.032837
0.023547 0.745117 0.231325 0.000010
0.000010 0.898717 0.101263 0.000010
0.019473 0.553676 0.407258 0.019593
0.019911 0.507328 0.427490 0.045271
0.013668 0.689156 0.294592 0.002584
0.035460 0.695142 0.249014 0.020385
0.085991 0.437030 0.464877 0.012102
0.080108 0.206753 0.694008 0.019130
0.040142 0.475794 0.483893 0.000170
0.004572 0.815187 0.148165 0.032076
0.041371 0.555622 0.399475 0.003533
0.050947 0.436685 0.484278 0.028091
0.054538 0.502124 0.416209 0.027129
0.000010 0.727211 0.255705 0.017073
0.000010 0.747110 0.247717 0.005163
0.072509 0.243924 0.671962 0.011605
0.000010 0.522754 0.477226 0.000010
0.008752 0.791573 0.199666 0.000010
0.004627 0.800099 0.188679 0.006596
0.040994 0.485136 0.473860 0.000010
0.013414 0.532081 0.434212 0.020293
0.018542 0.562487 0.418961 0.000010
0.000010 0.747448 0.235100 0.017442
0.000010 0.749538 0.249753 0.000699
0.069692 0.461080 0.469218 0.000010
0.090275 0.206648 0.675520 0.027557
0.044151 0.525199 0.430640 0.000010
0.005483 0.484133 0.510374 0.000010
0.000010 0.792136 0.207844 0.000010
0.025464 0.547905 0.380541 0.046090
0.000520 0.677953 0.318178 0.003348
0.000010 0.731167 0.265045 0.003779
0.000010 0.771412 0.228568 0.000010
0.032496 0.503135 0.463117 0.001252
0.139386 0.244284 0.598575 0.017755
0.007331 0.483439 0.509220 0.000010
0.099450 0.422731 0.464713 0.013106
0.000010 0.872438 0.127542 0.000010
0.043787 0.720633 0.209751 0.025828
0.056952 0.470740 0.345860 0.126448
0.004725 0.583463 0.409935 0.001878
0.004932 0.468959 0.517441 0.008668
0.009340 0.746777 0.243554 0.000328
0.000010 0.771144 0.228836 0.000010
0.076522 0.453380 0.437184 0.032913
0.092893 0.208014 0.683354 0.015740
0.041905 0.496442 0.461643 0.000010
0.028287 0.489390 0.482313 0.000010
0.000010 0.845020 0.144355 0.010615
0.000010 0.877660 0.122320 0.000010
0.070226 0.449047 0.461269 0.019457
0.003083 0.533125 0.438227 0.025566
0.000010 0.752505 0.247475 0.000010
0.000010 0.746469 0.253511 0.000010
0.000010 0.768932 0.226493 0.004565
0.062081 0.439021 0.498888 0.000010
0.068640 0.240377 0.672194 0.018789
0.027655 0.457385 0.503289 0.011672
0.000010 0.877238 0.122742 0.000010
0.006401 0.825294 0.152957 0.015348
0.039975 0.499250 0.435315 0.025461
0.050437 0.535840 0.381406 0.032318
0.009181 0.752566 0.235774 0.002479
0.000010 0.765442 0.234105 0.000443
0.000010 0.697430 0.292277 0.010283
0.042801 0.429837 0.512855 0.014508
0.107094 0.199506 0.674509 0.018891
0.052526 0.556365 0.376775 0.014333
0.052152 0.555656 0.383190 0.009001
0.000010 0.832770 0.132017 0.035204
0.000010 0.774332 0.225648 0.000010
0.051115 0.502810 0.393659 0.052417
0.010321 0.609790 0.373208 0.006680
0.014957 0.723546 0.258643 0.002854
0.000010 0.780062 0.219918 0.000010
0.018164 0.715804 0.260872 0.005161
0.017963 0.487352 0.494372 0.000313
0.003439 0.498763 0.489099 0.008699
0.131755 0.397094 0.461654 0.009497
0.000010 0.646641 0.344932 0.008417
0.035361 0.574372 0.389858 0.000409
0.032957 0.342474 0.618337 0.006232
0.000010 0.439720 0.560260 0.000010
0.090547 0.441904 0.319705 0.147843
0.015393 0.793745 0.179206 0.011656
0.035881 0.529492 0.421466 0.013161
0.016296 0.554130 0.421735 0.007839
0.023330 0.574627 0.388261 0.013782
0.064275 0.664905 0.257905 0.012915
0.031368 0.568631 0.399991 0.000010
0.000010 0.418526 0.581454 0.000010
0.002854 0.377940 0.613137 0.006069
0.143840 0.600320 0.249598 0.006242
0.019235 0.809634 0.142914 0.028217
0.062746 0.489046 0.438934 0.009275
0.039422 0.609611 0.320332 0.030635
0.045483 0.388710 0.565797 0.000010
0.032669 0.396009 0.571312 0.000010
0.029069 0.422242 0.532906 0.015783
0.098307 0.497840 0.403842 0.000010
0.045897 0.499023 0.449745 0.005336
0.000010 0.533464 0.466516 0.000010
0.056343 0.382093 0.561554 0.000010
0.000010 0.573830 0.426150 0.000010
0.046423 0.495519 0.421914 0.036144
0.062662 0.307787 0.614872 0.014679
0.027767 0.503142 0.450619 0.018472
0.025041 0.570404 0.377859 0.026696
0.049138 0.620201 0.307343 0.023318
0.029659 0.441187 0.523705 0.005449
0.012660 0.381335 0.605995 0.000010
0.078674 0.414159 0.504425 0.002742
0.092200 0.428166 0.450446 0.029189
0.028916 0.530016 0.432585 0.008483
0.058836 0.675027 0.266127 0.000010
0.005351 0.398010 0.596629 0.000010
0.018084 0.469378 0.512528 0.000010
0.093382 0.421701 0.480333 0.004583
0.042394 0.595465 0.348651 0.013490
0.000010 0.576761 0.423219 0.000010
0.057307 0.371398 0.566758 0.004537
0.004747 0.364378 0.630865 0.000010
0.088184 0.386734 0.507031 0.018051
0.040354 0.498785 0.457420 0.003441
0.044296 0.527933 0.419719 0.008052
0.011004 0.598942 0.368036 0.022018
0.000010 0.591611 0.404148 0.004231
0.000010 0.487754 0.512226 0.000010
0.019323 0.389921 0.590516 0.000240
0.078038 0.189277 0.732675 0.000010
0.102940 0.165461 0.710202 0.021397
0.074974 0.126491 0.770254 0.028281
0.082859 0.154283 0.745452 0.017406
0.098308 0.136499 0.764787 0.000405
0.094016 0.145069 0.758392 0.002523
0.056594 0.131325 0.772776 0.039306
0.155010 0.183538 0.650241 0.011210
0.097197 0.180907 0.711418 0.010479
0.109149 0.180995 0.687229 0.022627
0.066392 0.184062 0.741530 0.008017
0.080691 0.166818 0.739852 0.012639
0.172447 0.212685 0.613044 0.001825
0.109027 0.123975 0.747432 0.019566
0.096051 0.152883 0.730381 0.020685
0.112309 0.138797 0.726458 0.022435
0.092699 0.176436 0.717304 0.013561
0.090714 0.168945 0.730954 0.009387
0.063315 0.161987 0.749987 0.024712
0.175654 0.182521 0.630017 0.011808
0.173886 0.207109 0.599638 0.019367
0.182677 0.213119 0.587461 0.016744
0.204618 0.203016 0.589058 0.003308
0.199037 0.161822 0.615119 0.024022
0.175017 0.168202 0.629844 0.026937
0.150668 0.215455 0.616045 0.017832
0.180779 0.152997 0.638176 0.028048
0.223323 0.167747 0.602612 0.006318
0.125375 0.197818 0.657872 0.018935
0.165883 0.147296 0.658021 0.028800
0.217162 0.190494 0.570770 0.021574
0.173506 0.194895 0.614573 0.017027
0.153113 0.186924 0.641236 0.018728
0.132797 0.214698 0.629274 0.023231
0.199932 0.154215 0.634933 0.010921
0.164012 0.207793 0.591907 0.036288
0.197683 0.189833 0.602195 0.010290
0.208342 0.163702 0.601859 0.026098
0.184043 0.211497 0.596899 0.007561
0.184560 0.194388 0.600639 0.020413
0.246599 0.201881 0.530705 0.020816
0.188328 0.183789 0.616027 0.011856
0.228373 0.153781 0.581250 0.036595
0.177812 0.185095 0.612786 0.024306
0.158355 0.159578 0.654026 0.028041
0.174201 0.191840 0.618959 0.015000
0.187467 0.220473 0.579489 0.012571
0.187042 0.210394 0.589073 0.013491
0.161569 0.200712 0.618312 0.019407
0.187082 0.196760 0.599160 0.016999
0.066466 0.181779 0.737400 0.014355
0.087190 0.159080 0.735902 0.017829
0.068132 0.150664 0.758529 0.022675
0.102502 0.173918 0.710144 0.013436
0.108029 0.164162 0.709196 0.018613
0.088781 0.124553 0.768908 0.017758
0.116258 0.190816 0.680718 0.012208
0.133001 0.178661 0.675425 0.012914
0.051897 0.143149 0.665207 0.139747
0.070574 0.193901 0.731057 0.004468
0.095973 0.160775 0.703171 0.040080
0.207692 0.139212 0.636302 0.016794
0.087791 0.140662 0.750703 0.020845
0.183296 0.236611 0.572061 0.008032
0.120847 0.162594 0.692483 0.024077
0.081290 0.150863 0.749890 0.017958
0.071506 0.168467 0.744341 0.015686
0.121128 0.132172 0.741728 0.004971
0.047111 0.131736 0.798812 0.022341
0.137188 0.147487 0.695510 0.019815
0.080276 0.126974 0.779225 0.013525
0.063592 0.148910 0.771874 0.015624
0.067816 0.171828 0.740152 0.020204
0.077487 0.198916 0.705697 0.017901
0.049580 0.119997 0.799214 0.031209
0.050501 0.141209 0.791725 0.016565
0.090622 0.121862 0.760654 0.026862
0.071349 0.138918 0.768059 0.021673
0.075519 0.172264 0.747929 0.004288
0.085877 0.166321 0.730185 0.017617
0.107875 0.160564 0.722854 0.008708
0.091553 0.145743 0.756078 0.006626
0.062539 0.186395 0.734141 0.016924
0.093612 0.163300 0.729774 0.013315
0.141524 0.202143 0.629047 0.027286
0.068967 0.130318 0.783035 0.017680
0.075892 0.166827 0.753640 0.003642
0.099450 0.138687 0.749207 0.012656
0.090488 0.148404 0.740529 0.020579
0.094982 0.171035 0.724892 0.009092
0.102005 0.201880 0.625107 0.071009
0.094818 0.172085 0.713965 0.019133
0.058142 0.156657 0.778399 0.006802
0.111460 0.179082 0.696460 0.012998
0.077466 0.127013 0.755265 0.040257
0.131479 0.221562 0.633341 0.013618
0.225515 0.178305 0.585592 0.010588
0.150763 0.208053 0.639304 0.001880
0.181512 0.182614 0.623202 0.012672
0.147662 0.216496 0.634132 0.001711
0.148190 0.226377 0.622658 0.002774
0.083645 0.172038 0.728646 0.015671
0.204439 0.271723 0.523827 0.000010
0.177721 0.203023 0.601273 0.017983
0.196689 0.217400 0.560819 0.025093
0.140052 0.199531 0.651466 0.008951
0.110740 0.149105 0.731634 0.008521
0.122695 0.161369 0.695723 0.020213
0.105822 0.174500 0.711074 0.008604
0.219032 0.228868 0.552090 0.000010
0.100088 0.159918 0.733978 0.006016
0.168608 0.230027 0.601354 0.000010
0.095037 0.211032 0.679433 0.014498
0.071287 0.170058 0.740742 0.017912
0.080458 0.182250 0.716100 0.021193
0.067858 0.171747 0.741034 0.019361
0.103972 0.176835 0.710040 0.009153
0.126147 0.166854 0.691812 0.015187
0.127478 0.157323 0.696479 0.018720
0.075439 0.166973 0.734435 0.023153
0.144590 0.179598 0.675802 0.000010
0.123142 0.214604 0.651861 0.010392
0.161475 0.213366 0.606355 0.018803
0.141660 0.177726 0.680604 0.000010
0.209655 0.234778 0.555557 0.000010
0.172954 0.195871 0.619272 0.011904
0.115755 0.212287 0.669129 0.002829
0.217831 0.189458 0.589091 0.003619
0.181969 0.239679 0.578343 0.000010
0.219364 0.173304 0.574299 0.033034
0.125682 0.164171 0.682727 0.027421
0.123337 0.179700 0.696953 0.000010
0.047334 0.285317 0.057164 0.610186
0.050315 0.330497 0.106321 0.512868
0.006590 0.311745 0.054955 0.626710
0.004025 0.250498 0.067073 0.678404
0.048920 0.277849 0.028726 0.644505
0.050981 0.317440 0.098399 0.533179
0.059688 0.320798 0.081731 0.537783
0.031100 0.371715 0.091456 0.505730
0.045636 0.340336 0.084676 0.529351
0.051780 0.283803 0.072918 0.591499
0.014146 0.303379 0.023400 0.659075
0.036516 0.294783 0.047660 0.621041
0.056286 0.288052 0.059807 0.595855
0.023245 0.309233 0.016019 0.651503
0.177172 0.559029 0.257358 0.006441
0.116269 0.362336 0.330317 0.191077
0.052682 0.244442 0.049180 0.653696
0.105189 0.540497 0.099301 0.255012
0.117181 0.504901 0.105838 0.272080
0.038945 0.278998 0.135030 0.547028
0.150988 0.587228 0.258037 0.003747
0.064148 0.418824 0.127773 0.389256
0.057088 0.314209 0.132386 0.496318
0.111049 0.406706 0.122243 0.360001
0.160364 0.466525 0.240793 0.132318
0.075048 0.306291 0.101654 0.517007
0.057188 0.165869 0.029126 0.747817
0.002424 0.174511 0.112414 0.710651
0.074655 0.403808 0.153903 0.367634
0.032635 0.188807 0.089174 0.689383
0.167195 0.576804 0.246953 0.009048
0.072012 0.531048 0.121870 0.275070
0.124093 0.661092 0.214805 0.000010
0.135336 0.563940 0.286373 0.014351
0.086756 0.373810 0.334468 0.204966
0.089179 0.446686 0.281194 0.182941
0.075674 0.423911 0.328221 0.172194
0.094105 0.439933 0.344258 0.121704
0.132811 0.622819 0.236786 0.007584
0.138812 0.617453 0.232048 0.011687
0.057536 0.217659 0.591004 0.133801
0.147574 0.473525 0.187788 0.191113
0.160699 0.501592 0.250777 0.086932
0.155324 0.574172 0.239429 0.031075
0.037180 0.858696 0.000010 0.104114
0.058839 0.035150 0.897752 0.008259
0.079940 0.625755 0.284996 0.009309
0.071887 0.000010 0.915283 0.012820
0.024132 0.000010 0.967605 0.008253
0.067135 0.013181 0.916722 0.002963
0.070490 0.002957 0.914338 0.012214
0.073588 0.113043 0.795316 0.018053
0.053130 0.003977 0.924507 0.018387
0.055394 0.000010 0.944586 0.000010
0.058545 0.000010 0.928204 0.013240
0.050400 0.000010 0.936547 0.013043
0.057206 0.000010 0.934184 0.008599
0.033901 0.047548 0.885947 0.032604
0.075370 0.037198 0.871005 0.016427
0.043451 0.000010 0.940633 0.015906
0.045886 0.000010 0.938376 0.015728
0.026493 0.011950 0.955732 0.005825
0.043988 0.000010 0.942958 0.013044
0.071965 0.135600 0.792425 0.000010
0.047737 0.053794 0.888536 0.009934
0.053170 0.007814 0.926941 0.012075
0.043752 0.054722 0.883229 0.018297
0.055366 0.000010 0.944614 0.000010
0.069308 0.000010 0.922533 0.008149
0.053469 0.059110 0.882703 0.004718
0.052780 0.016678 0.922292 0.008249
0.059954 0.000010 0.924690 0.015347
0.057845 0.022447 0.907801 0.011908
0.069748 0.010185 0.902913 0.017153
0.074764 0.110647 0.800535 0.014054
0.081024 0.152438 0.745177 0.021361
0.065156 0.010815 0.863809 0.060219
0.107498 0.142984 0.743369 0.006150
0.066971 0.023917 0.898722 0.010389
0.074267 0.136656 0.779237 0.009840
0.053996 0.009584 0.936410 0.000010
0.087771 0.110128 0.770558 0.031543
0.065184 0.020134 0.910838 0.003844
0.077992 0.000010 0.921464 0.000534
0.072845 0.056074 0.857043 0.014037
0.070651 0.051979 0.873909 0.003461
0.051702 0.030547 0.917741 0.000010
0.156720 0.142086 0.701007 0.000188
0.059961 0.034140 0.889565 0.016333
0.065387 0.098011 0.764114 0.072488
0.061994 0.127062 0.790396 0.020548
0.054394 0.035076 0.898377 0.012154
0.096062 0.104543 0.730256 0.069139
0.096950 0.122235 0.770145 0.010671
0.102718 0.003925 0.882001 0.011356
0.081462 0.105660 0.803959 0.008919
0.027920 0.093871 0.836180 0.042029
0.050167 0.045077 0.887474 0.017282
0.054351 0.103096 0.793120 0.049433
0.051346 0.126977 0.750309 0.071368
0.036604 0.134117 0.787987 0.041292
0.063391 0.086467 0.791203 0.058939
0.051143 0.141227 0.745502 0.062127
0.055195 0.057933 0.849268 0.037604
0.014988 0.211976 0.672412 0.100624
