0.034897 0.253019 0.223231 0.000010 0.311945 0.158455 0.000010 0.018433
0.000010 0.328733 0.300433 0.000010 0.279401 0.078306 0.000010 0.013097
0.006250 0.249976 0.228966 0.013112 0.359050 0.118040 0.000010 0.024597
0.000010 0.291430 0.301766 0.018969 0.294707 0.093034 0.000074 0.000010
0.042335 0.237790 0.244447 0.000010 0.334563 0.140836 0.000010 0.000010
0.004593 0.262035 0.261114 0.001765 0.320538 0.110853 0.000010 0.039091
0.001194 0.300662 0.261045 0.030313 0.280675 0.116258 0.000010 0.009843
0.000010 0.543139 0.398163 0.000010 0.058648 0.000010 0.000010 0.000010
0.000010 0.543195 0.391538 0.000010 0.065218 0.000010 0.000010 0.000010
0.002703 0.029045 0.968198 0.000010 0.000010 0.000010 0.000015 0.000010
0.038304 0.494137 0.359363 0.000010 0.106787 0.000010 0.000010 0.001379
0.009060 0.543404 0.322038 0.009034 0.116433 0.000010 0.000010 0.000010
0.034630 0.000010 0.000010 0.088338 0.073272 0.764427 0.039303 0.000010
0.066084 0.000010 0.000010 0.102281 0.158223 0.582139 0.070619 0.020634
0.000010 0.015166 0.000010 0.021158 0.057123 0.891914 0.007240 0.007379
0.077169 0.000010 0.011505 0.080076 0.158299 0.591419 0.032288 0.049234
0.037383 0.243962 0.238052 0.014242 0.345511 0.103992 0.000010 0.016848
0.042971 0.247033 0.265035 0.000010 0.311138 0.127097 0.000010 0.006706
0.000010 0.539367 0.411545 0.000010 0.049038 0.000010 0.000010 0.000010
0.000010 0.609673 0.315804 0.000010 0.071040 0.000010 0.003443 0.000010
0.000010 0.560919 0.363983 0.000010 0.075048 0.000010 0.000010 0.000010
0.000010 0.000012 0.999928 0.000010 0.000010 0.000010 0.000010 0.000010
0.036872 0.536799 0.329924 0.010405 0.077974 0.000020 0.000010 0.007996
0.000010 0.503117 0.359866 0.028470 0.102913 0.000010 0.000574 0.005039
0.004600 0.000010 0.000010 0.065867 0.053167 0.847608 0.018155 0.010584
0.008516 0.000372 0.000461 0.036473 0.116412 0.795677 0.022604 0.019484
0.033608 0.027287 0.000010 0.000010 0.029288 0.908178 0.001609 0.000010
0.071217 0.000010 0.000010 0.136256 0.146753 0.568524 0.065180 0.012050
0.029528 0.252837 0.240972 0.014607 0.357220 0.089278 0.000010 0.015548
0.012630 0.258707 0.229351 0.042878 0.319315 0.117765 0.001008 0.018345
0.000010 0.484945 0.419282 0.000010 0.095723 0.000010 0.000010 0.000010
0.000015 0.647357 0.288399 0.000010 0.058278 0.000010 0.005921 0.000010
0.000010 0.063264 0.936262 0.000010 0.000010 0.000417 0.000017 0.000010
0.000010 0.000010 0.999930 0.000010 0.000010 0.000010 0.000010 0.000010
0.023976 0.502141 0.366385 0.005651 0.079755 0.000010 0.000010 0.022071
0.007208 0.498946 0.365696 0.024553 0.081014 0.000015 0.000010 0.022559
0.000453 0.000010 0.000010 0.085815 0.108743 0.732443 0.040968 0.031558
0.027767 0.017484 0.004674 0.015866 0.077498 0.837260 0.019024 0.000427
0.004148 0.000010 0.000010 0.086512 0.113353 0.783321 0.012636 0.000010
0.052514 0.000010 0.006075 0.093824 0.170102 0.585541 0.045657 0.046277
0.000010 0.265232 0.265937 0.016697 0.288380 0.120697 0.000010 0.043037
0.036767 0.240362 0.248889 0.046361 0.330065 0.097538 0.000010 0.000010
0.000010 0.570602 0.366725 0.000010 0.062623 0.000010 0.000010 0.000010
0.000010 0.563546 0.390894 0.000010 0.045510 0.000010 0.000010 0.000010
0.000010 0.000010 0.999930 0.000010 0.000010 0.000010 0.000010 0.000010
0.000010 0.050874 0.943632 0.000010 0.000010 0.000106 0.005348 0.000010
0.000010 0.000010 0.999930 0.000010 0.000010 0.000010 0.000010 0.000010
0.034344 0.505058 0.340916 0.006553 0.113099 0.000010 0.000010 0.000010
0.031617 0.488533 0.371671 0.000010 0.085494 0.000010 0.000010 0.022655
0.000010 0.000010 0.000010 0.082301 0.136482 0.708309 0.042623 0.030255
0.000010 0.027734 0.000130 0.000010 0.019493 0.919153 0.012445 0.021025
0.013724 0.000010 0.000010 0.025791 0.085276 0.849197 0.000010 0.025983
0.061814 0.000010 0.015462 0.059568 0.135860 0.644574 0.053432 0.029280
0.004290 0.000010 0.000010 0.056608 0.082551 0.806797 0.021989 0.027745
0.196505 0.000010 0.000010 0.141420 0.041217 0.465868 0.079893 0.075077
0.026803 0.008723 0.000010 0.056076 0.040670 0.811436 0.023244 0.033038
0.010471 0.000010 0.000010 0.074124 0.506776 0.378035 0.030564 0.000010
0.048016 0.000010 0.019588 0.078021 0.280537 0.530389 0.029493 0.013946
0.000010 0.000010 0.000010 0.011315 0.631930 0.339875 0.010867 0.005984
0.026028 0.000010 0.017891 0.072182 0.342997 0.480138 0.040860 0.019894
0.048889 0.217863 0.224872 0.000010 0.301136 0.190345 0.005474 0.011410
0.046019 0.000010 0.000010 0.054055 0.077929 0.729808 0.067399 0.024771
0.058000 0.000010 0.000010 0.119593 0.092525 0.708940 0.020872 0.000051
0.004514 0.015849 0.023423 0.059341 0.461246 0.387829 0.029045 0.018752
0.057976 0.035210 0.068866 0.001056 0.589055 0.204939 0.031354 0.011543
0.089164 0.000010 0.013275 0.022264 0.421912 0.424953 0.026405 0.002016
0.058621 0.012239 0.027990 0.076170 0.363848 0.441363 0.006149 0.013619
0.046045 0.254389 0.232876 0.027655 0.283211 0.148088 0.005028 0.002707
0.044904 0.247089 0.243560 0.019293 0.323459 0.121675 0.000010 0.000010
0.033399 0.000010 0.000010 0.065611 0.097869 0.735910 0.057505 0.009685
0.166403 0.000010 0.000010 0.134254 0.079240 0.496904 0.071075 0.052103
0.008370 0.000010 0.000010 0.055065 0.063923 0.791201 0.036909 0.044513
0.031052 0.019556 0.000010 0.046989 0.473537 0.376325 0.033252 0.019280
0.042457 0.000010 0.022576 0.102977 0.295858 0.468311 0.039886 0.027925
0.042814 0.000010 0.000010 0.067603 0.365409 0.487124 0.032665 0.004365
0.012965 0.017514 0.036425 0.074583 0.359380 0.418839 0.035029 0.045264
0.035041 0.204765 0.226357 0.044852 0.278593 0.175618 0.000010 0.034764
0.062719 0.225266 0.209379 0.031789 0.352629 0.118199 0.000010 0.000010
0.007920 0.249292 0.239289 0.025044 0.303265 0.126870 0.009560 0.038760
0.000010 0.541757 0.385674 0.000010 0.072519 0.000010 0.000010 0.000010
0.000010 0.000010 0.999930 0.000010 0.000010 0.000010 0.000010 0.000010
0.000010 0.134078 0.856533 0.000010 0.002386 0.000012 0.000010 0.006960
0.000010 0.000010 0.999930 0.000010 0.000010 0.000010 0.000010 0.000010
0.046404 0.562946 0.286725 0.003017 0.064132 0.011299 0.025174 0.000302
0.031684 0.510835 0.358940 0.000717 0.072261 0.000010 0.000010 0.025543
0.045087 0.000010 0.000010 0.085794 0.116257 0.726889 0.023348 0.002604
0.000010 0.018628 0.000010 0.000010 0.048856 0.917487 0.012769 0.002229
0.022588 0.000010 0.000010 0.045226 0.129446 0.738713 0.021125 0.042882
0.010470 0.000010 0.025827 0.113205 0.145727 0.567416 0.063484 0.073861
0.014245 0.248643 0.235172 0.048463 0.354449 0.096387 0.000010 0.002631
0.015354 0.357177 0.365790 0.000010 0.217490 0.044159 0.000010 0.000010
0.000010 0.573878 0.359102 0.000010 0.066970 0.000010 0.000010 0.000010
0.000010 0.529427 0.406256 0.000010 0.064267 0.000010 0.000010 0.000010
0.000010 0.038864 0.961076 0.000010 0.000010 0.000010 0.000010 0.000010
0.000010 0.000010 0.999930 0.000010 0.000010 0.000010 0.000010 0.000010
0.003825 0.511005 0.344793 0.013847 0.112564 0.000010 0.000010 0.013946
0.029606 0.526565 0.336216 0.019543 0.083228 0.000010 0.000010 0.004823
0.000010 0.000010 0.000010 0.084737 0.124449 0.712914 0.048160 0.029711
0.007054 0.000010 0.000010 0.044090 0.060925 0.850762 0.000010 0.037139
0.091255 0.000010 0.014298 0.089272 0.152213 0.602570 0.033463 0.016920
0.039697 0.001167 0.000010 0.063587 0.076898 0.769528 0.037478 0.011634
0.302547 0.000010 0.000010 0.199107 0.079498 0.228432 0.099540 0.090857
0.042559 0.009323 0.004388 0.043426 0.026373 0.830882 0.023802 0.019248
0.000010 0.000010 0.000010 0.049612 0.623912 0.316680 0.009756 0.000010
0.034020 0.000010 0.000010 0.025228 0.495918 0.376094 0.044472 0.024247
0.064884 0.000010 0.004345 0.074197 0.382502 0.451294 0.022758 0.000010
0.043572 0.242116 0.260430 0.058520 0.254598 0.130571 0.000010 0.010182
0.007234 0.246918 0.235365 0.022768 0.325536 0.135302 0.000010 0.026868
0.000010 0.588385 0.350812 0.000010 0.060753 0.000010 0.000010 0.000010
0.000010 0.582248 0.342958 0.000010 0.074744 0.000010 0.000010 0.000010
0.000010 0.000013 0.999927 0.000010 0.000010 0.000010 0.000010 0.000010
0.000010 0.102990 0.886211 0.000010 0.000010 0.000010 0.010749 0.000010
0.029904 0.506201 0.341410 0.008824 0.107151 0.000010 0.006491 0.000010
0.036155 0.000010 0.000010 0.090202 0.145298 0.690146 0.032174 0.006005
0.000010 0.007848 0.000010 0.024123 0.077563 0.877162 0.000010 0.013274
0.009316 0.011543 0.011085 0.000010 0.058095 0.907919 0.000951 0.001080
0.062811 0.000010 0.004584 0.091802 0.166245 0.576561 0.078320 0.019668
0.041625 0.000010 0.006733 0.041764 0.080108 0.773092 0.044106 0.012561
0.174455 0.000010 0.000010 0.165895 0.062866 0.420777 0.099614 0.076373
0.017911 0.000010 0.006466 0.075551 0.055117 0.790651 0.046713 0.007582
0.000010 0.000010 0.001718 0.037023 0.508307 0.400621 0.029973 0.022337
0.000010 0.000010 0.000010 0.025694 0.602013 0.315094 0.057160 0.000010
0.021472 0.000010 0.003536 0.082485 0.388689 0.458575 0.023224 0.022008
0.028087 0.189672 0.180893 0.003013 0.397897 0.161994 0.007481 0.030963
0.011327 0.282123 0.242166 0.000010 0.330954 0.101247 0.012647 0.019526
0.000010 0.619047 0.342141 0.000010 0.038762 0.000010 0.000010 0.000010
0.000010 0.529093 0.412511 0.000010 0.058346 0.000010 0.000010 0.000010
0.000010 0.000010 0.999930 0.000010 0.000010 0.000010 0.000010 0.000010
0.000010 0.000010 0.999930 0.000010 0.000010 0.000010 0.000010 0.000010
0.037803 0.535646 0.336656 0.000010 0.076876 0.009890 0.003109 0.000010
0.022311 0.485191 0.353883 0.024057 0.106866 0.000010 0.000010 0.007673
0.011131 0.000010 0.000010 0.118215 0.126777 0.657664 0.063207 0.022986
0.000010 0.020221 0.000010 0.019581 0.056352 0.900787 0.003029 0.000010
0.000010 0.013354 0.000010 0.016442 0.038724 0.916026 0.013724 0.001710
0.062544 0.000010 0.005721 0.105953 0.169330 0.557300 0.070114 0.029028
0.070871 0.000010 0.000010 0.038627 0.120724 0.721190 0.032114 0.016453
0.170552 0.000010 0.000010 0.169829 0.076179 0.431636 0.083685 0.068100
0.003777 0.000010 0.000010 0.060248 0.065745 0.785521 0.052152 0.032537
0.001822 0.000010 0.000010 0.013801 0.785820 0.198517 0.000010 0.000010
0.079427 0.000010 0.034162 0.074235 0.351994 0.437712 0.016089 0.006371
0.009696 0.044476 0.058663 0.076496 0.307510 0.453915 0.019428 0.029815
0.008274 0.280811 0.274874 0.039848 0.234077 0.138340 0.006221 0.017556
0.013885 0.276342 0.252416 0.000010 0.308448 0.121021 0.000010 0.027868
0.000010 0.549180 0.385314 0.000010 0.065457 0.000010 0.000010 0.000010
0.000010 0.528239 0.417724 0.000010 0.053987 0.000010 0.000010 0.000010
0.000010 0.000010 0.999930 0.000010 0.000010 0.000010 0.000010 0.000010
0.000010 0.000010 0.999930 0.000010 0.000010 0.000010 0.000010 0.000010
0.000010 0.000010 0.999930 0.000010 0.000010 0.000010 0.000010 0.000010
0.035301 0.497490 0.345635 0.019354 0.082692 0.000010 0.005421 0.014097
0.017505 0.521070 0.367888 0.000010 0.093222 0.000010 0.000010 0.000286
0.046891 0.000010 0.000010 0.069306 0.158403 0.672324 0.042374 0.010682
0.048119 0.021077 0.004530 0.054753 0.074935 0.783531 0.013045 0.000010
0.000010 0.020743 0.004259 0.000010 0.034188 0.929505 0.011274 0.000010
0.071566 0.000010 0.008248 0.108605 0.207453 0.535557 0.058635 0.009927
0.053862 0.000010 0.000010 0.077567 0.108387 0.688649 0.033635 0.037880
0.045069 0.006331 0.000010 0.031413 0.065832 0.785569 0.057132 0.008645
0.054113 0.000010 0.000010 0.039849 0.433842 0.407321 0.025170 0.039684
0.028359 0.007059 0.004099 0.037385 0.501106 0.353567 0.037527 0.030897
0.046547 0.012641 0.021085 0.079663 0.323232 0.486509 0.021406 0.008917
0.010581 0.000010 0.000010 0.017959 0.641912 0.294419 0.014449 0.020660
0.000010 0.065612 0.000010 0.000010 0.000010 0.934328 0.000010 0.000010
0.001969 0.245412 0.234134 0.049877 0.347053 0.113162 0.008382 0.000010
0.000010 0.596844 0.352060 0.000010 0.051046 0.000010 0.000010 0.000010
0.000010 0.222784 0.736653 0.006067 0.029280 0.000010 0.005185 0.000010
0.000010 0.000010 0.999930 0.000010 0.000010 0.000010 0.000010 0.000010
0.043590 0.503164 0.341279 0.000010 0.070266 0.000010 0.028365 0.013316
0.024258 0.533277 0.341856 0.000010 0.091438 0.000010 0.000010 0.009141
0.064484 0.000010 0.000010 0.000010 0.101661 0.797399 0.024375 0.012051
0.006072 0.000010 0.000010 0.040414 0.104433 0.827815 0.010677 0.010569
0.000010 0.000010 0.000010 0.067632 0.092731 0.805464 0.007374 0.026769
0.016401 0.000010 0.000010 0.048334 0.076354 0.777156 0.069042 0.012693
0.211928 0.000010 0.000010 0.168272 0.056809 0.454934 0.076581 0.031456
0.029625 0.000010 0.000010 0.064973 0.062644 0.785750 0.031313 0.025675
0.000010 0.000010 0.000010 0.049774 0.698400 0.231112 0.020673 0.000010
0.029899 0.000010 0.012228 0.040128 0.492417 0.396957 0.028351 0.000010
0.021988 0.032205 0.052967 0.045822 0.582354 0.215260 0.000010 0.049395
0.030066 0.000010 0.000010 0.029749 0.519013 0.411300 0.009842 0.000010
0.015775 0.274234 0.297264 0.023337 0.268530 0.090048 0.000010 0.030802
0.000010 0.054572 0.000010 0.000010 0.000010 0.945368 0.000010 0.000010
0.000010 0.534941 0.404115 0.000010 0.060894 0.000010 0.000010 0.000010
0.000010 0.000010 0.999930 0.000010 0.000010 0.000010 0.000010 0.000010
0.000010 0.538902 0.384509 0.000010 0.076539 0.000010 0.000010 0.000010
0.000010 0.564677 0.370428 0.000010 0.064845 0.000010 0.000010 0.000010
0.044699 0.000010 0.008469 0.084697 0.036448 0.804752 0.015324 0.005601
0.051620 0.000010 0.000010 0.052374 0.498124 0.356035 0.015175 0.026651
0.218595 0.000010 0.000010 0.144027 0.059069 0.448548 0.096684 0.033057
0.000010 0.000010 0.003173 0.084474 0.047406 0.809654 0.029919 0.025354
0.027368 0.008806 0.002771 0.046108 0.575735 0.339189 0.000014 0.000010
0.045624 0.000010 0.010745 0.057697 0.327463 0.481730 0.025283 0.051447
0.016488 0.094771 0.118978 0.063876 0.336636 0.325297 0.027088 0.016866
0.040145 0.257373 0.247177 0.032357 0.261500 0.148137 0.013301 0.000010
0.000010 0.056660 0.000010 0.000010 0.000010 0.943280 0.000010 0.000010
0.000010 0.004374 0.991744 0.000010 0.000010 0.000010 0.003832 0.000010
0.059591 0.511910 0.321138 0.011106 0.096225 0.000010 0.000010 0.000010
0.012003 0.530771 0.339528 0.025909 0.091760 0.000010 0.000010 0.000010
0.033351 0.510199 0.344497 0.000010 0.111912 0.000010 0.000010 0.000010
0.000010 0.009695 0.009114 0.025912 0.058180 0.881958 0.015121 0.000010
0.000010 0.000010 0.000010 0.060409 0.093174 0.822012 0.015861 0.008514
0.052694 0.000010 0.000010 0.077581 0.087290 0.709734 0.051507 0.021173
0.023619 0.000010 0.004361 0.064261 0.039806 0.790818 0.058385 0.018741
0.220811 0.000010 0.000010 0.126434 0.069281 0.449783 0.095154 0.038518
0.011501 0.000010 0.000010 0.024409 0.771551 0.178239 0.014269 0.000010
0.051295 0.000010 0.026221 0.045558 0.460536 0.382455 0.022975 0.010950
0.059868 0.016179 0.026048 0.057815 0.313486 0.465651 0.028993 0.031960
0.055836 0.000010 0.009812 0.044640 0.394680 0.467833 0.027179 0.000010
0.050092 0.010471 0.002203 0.075438 0.318993 0.469597 0.053731 0.019476
0.000010 0.060595 0.000010 0.000010 0.000010 0.939345 0.000010 0.000010
0.160089 0.000010 0.000010 0.142926 0.086116 0.495820 0.078905 0.036125
0.028500 0.002401 0.000010 0.072619 0.066292 0.773816 0.024394 0.031968
0.014624 0.000010 0.006480 0.047097 0.572701 0.325007 0.021677 0.012404
0.015166 0.000010 0.017423 0.069107 0.477744 0.377675 0.022921 0.019955
0.083007 0.032097 0.067018 0.000010 0.573616 0.197549 0.030062 0.016641
0.037308 0.000010 0.000010 0.062511 0.407571 0.428868 0.035399 0.028323
0.045042 0.242238 0.296339 0.001141 0.241635 0.150965 0.000010 0.022630
0.000010 0.043801 0.000010 0.000010 0.000010 0.956139 0.000010 0.000010
0.000010 0.049584 0.000010 0.000010 0.000010 0.950356 0.000010 0.000010
0.034665 0.055446 0.000010 0.053320 0.000010 0.815434 0.009652 0.031463
0.035930 0.000010 0.000010 0.000010 0.041658 0.873545 0.031587 0.017250
0.116928 0.025377 0.030102 0.157048 0.168118 0.411929 0.035092 0.055405
0.000010 0.023501 0.025319 0.000010 0.945183 0.000010 0.005957 0.000010
0.000010 0.058721 0.063620 0.000010 0.873021 0.004598 0.000010 0.000010
0.013644 0.000010 0.000010 0.006762 0.294586 0.663765 0.000010 0.021212
0.000010 0.000010 0.000010 0.052014 0.272044 0.664479 0.008297 0.003137
0.015769 0.000010 0.000010 0.031956 0.264182 0.670900 0.009308 0.007866
0.008492 0.059933 0.001433 0.015649 0.038885 0.844890 0.013866 0.016854
0.000010 0.044854 0.010794 0.000010 0.000010 0.933804 0.000010 0.010507
0.012715 0.000951 0.000894 0.038072 0.064220 0.847589 0.019869 0.015690
0.180208 0.040324 0.029170 0.101467 0.148617 0.394444 0.047826 0.057944
0.000010 0.024122 0.056979 0.000010 0.918849 0.000010 0.000010 0.000010
0.000010 0.000010 0.000010 0.000010 0.963752 0.036188 0.000010 0.000010
0.053843 0.000010 0.000010 0.015530 0.259760 0.636342 0.034494 0.000010
0.009699 0.000010 0.000010 0.066186 0.280243 0.626913 0.016929 0.000010
0.000010 0.202766 0.014284 0.000010 0.000010 0.782900 0.000010 0.000010
0.019596 0.000010 0.005548 0.021489 0.515164 0.399371 0.036740 0.002081
0.000010 0.059260 0.000010 0.000010 0.000010 0.940680 0.000010 0.000010
0.167224 0.000371 0.000010 0.144450 0.098842 0.480410 0.073298 0.035396
0.191914 0.000010 0.025146 0.127882 0.151629 0.344933 0.060540 0.097946
0.000010 0.049852 0.069510 0.000010 0.872550 0.000010 0.000010 0.008048
0.000010 0.000547 0.016548 0.000010 0.982855 0.000010 0.000010 0.000010
0.027777 0.000010 0.000010 0.007893 0.280832 0.645269 0.023058 0.015150
0.005333 0.000010 0.000010 0.039587 0.268283 0.652996 0.010627 0.023154
0.000010 0.000010 0.000010 0.042559 0.286212 0.655462 0.015726 0.000010
0.000010 0.126752 0.026799 0.000427 0.000010 0.845981 0.000010 0.000010
0.000010 0.057331 0.000010 0.000010 0.000010 0.942609 0.000010 0.000010
0.044436 0.034963 0.002889 0.074062 0.000010 0.803443 0.032455 0.007742
0.154668 0.000010 0.000010 0.151772 0.089241 0.479022 0.081501 0.043776
0.148997 0.045670 0.032421 0.063605 0.196849 0.393566 0.063101 0.055792
0.000010 0.131343 0.164236 0.000010 0.704372 0.000010 0.000010 0.000010
0.000010 0.017481 0.037481 0.000010 0.938079 0.000010 0.004141 0.002788
0.011608 0.000010 0.000010 0.046136 0.294758 0.636697 0.000010 0.010771
0.000010 0.000010 0.000010 0.041626 0.288521 0.622006 0.020900 0.026917
0.025388 0.000010 0.000010 0.027274 0.281004 0.651199 0.000620 0.014494
0.000010 0.219643 0.020333 0.000010 0.000010 0.759973 0.000010 0.000010
0.023205 0.490385 0.361346 0.005028 0.112100 0.000010 0.000010 0.007917
0.037268 0.522075 0.337597 0.000010 0.075707 0.004200 0.000010 0.023133
0.060127 0.000010 0.000010 0.083739 0.139303 0.670171 0.037513 0.009127
0.000010 0.029684 0.001143 0.000010 0.041628 0.927504 0.000010 0.000010
0.051884 0.000010 0.009398 0.099661 0.174589 0.572778 0.059546 0.032134
0.000010 0.040270 0.007520 0.000010 0.000010 0.952160 0.000010 0.000010
0.013490 0.000010 0.008850 0.020643 0.044639 0.912349 0.000010 0.000010
0.156711 0.000010 0.000010 0.120672 0.081577 0.510506 0.062152 0.068361
0.092864 0.015687 0.041390 0.109464 0.162030 0.442414 0.069723 0.066429
0.000010 0.053895 0.080474 0.000010 0.865581 0.000010 0.000010 0.000010
0.000010 0.013366 0.016635 0.000010 0.969948 0.000010 0.000010 0.000010
0.014309 0.003636 0.000010 0.047570 0.265605 0.653064 0.013331 0.002474
0.000010 0.000010 0.000010 0.027783 0.273754 0.646161 0.000010 0.052262
0.019530 0.004722 0.000010 0.045954 0.260417 0.649238 0.011194 0.008935
0.021529 0.128323 0.000010 0.000010 0.011195 0.838913 0.000010 0.000010
0.025464 0.000010 0.000010 0.023215 0.074774 0.859699 0.012489 0.004339
0.210017 0.001050 0.000010 0.149302 0.052331 0.425281 0.110884 0.051126
0.000010 0.026742 0.027215 0.000010 0.945993 0.000010 0.000010 0.000010
0.004115 0.017177 0.020583 0.000010 0.954029 0.000010 0.001766 0.002310
0.000010 0.091422 0.117744 0.000010 0.790783 0.000010 0.000010 0.000010
0.005621 0.000010 0.000010 0.015352 0.294066 0.655019 0.007078 0.022844
0.053050 0.035349 0.000010 0.046903 0.001535 0.814975 0.022967 0.025211
0.038216 0.000010 0.000010 0.064406 0.045456 0.830372 0.021521 0.000010
0.160219 0.000010 0.000010 0.155737 0.091316 0.412303 0.109954 0.070451
0.130210 0.014523 0.020046 0.125180 0.191147 0.405616 0.060465 0.052812
0.000010 0.028210 0.022904 0.000010 0.948835 0.000010 0.000011 0.000010
0.000010 0.000010 0.023604 0.000010 0.976336 0.000010 0.000010 0.000010
0.015279 0.000010 0.000010 0.034442 0.272096 0.654605 0.023312 0.000246
0.001799 0.000010 0.000010 0.031359 0.291572 0.659179 0.005360 0.010710
0.009565 0.000010 0.000010 0.032193 0.300658 0.643445 0.001025 0.013094
0.000010 0.184620 0.010514 0.000010 0.000010 0.804816 0.000010 0.000010
0.000010 0.059195 0.000013 0.045538 0.000010 0.864502 0.010442 0.020290
0.020916 0.000010 0.000010 0.043212 0.068596 0.862564 0.000010 0.004683
0.151899 0.000010 0.000010 0.199405 0.091729 0.421231 0.089645 0.046072
0.124785 0.022865 0.056912 0.132027 0.179444 0.416568 0.037396 0.030004
0.000010 0.032090 0.036215 0.000010 0.930948 0.000708 0.000010 0.000010
0.000010 0.025138 0.044208 0.000010 0.920671 0.000010 0.000010 0.009944
0.038030 0.000010 0.000010 0.025333 0.260253 0.643763 0.019801 0.012800
0.014593 0.000010 0.000010 0.006915 0.269792 0.661011 0.008072 0.039597
0.027468 0.000010 0.000010 0.015689 0.296763 0.628863 0.005654 0.025544
0.018801 0.058914 0.000010 0.018790 0.000010 0.856386 0.018341 0.028748
0.041998 0.000010 0.000010 0.025249 0.059627 0.858770 0.014326 0.000010
0.192797 0.015702 0.046992 0.100498 0.169756 0.381612 0.043950 0.048693
0.000010 0.020574 0.024137 0.000010 0.955239 0.000010 0.000010 0.000010
0.000010 0.029802 0.032608 0.000010 0.934741 0.000010 0.002808 0.000010
0.040170 0.000010 0.000010 0.011446 0.306714 0.629450 0.009682 0.002517
0.000010 0.049509 0.000010 0.060009 0.000010 0.833067 0.028964 0.028422
0.035976 0.001245 0.000010 0.011056 0.063511 0.869221 0.018971 0.000010
0.155445 0.026815 0.024438 0.113193 0.145452 0.422455 0.040938 0.071263
0.000010 0.010658 0.035831 0.000010 0.953461 0.000010 0.000010 0.000010
0.000010 0.046095 0.046134 0.000010 0.907721 0.000010 0.000010 0.000010
0.000010 0.000010 0.000010 0.008701 0.277529 0.662315 0.015105 0.036320
0.008978 0.000010 0.000010 0.025511 0.312038 0.641478 0.004203 0.007772
0.000010 0.194542 0.020866 0.000010 0.000010 0.784542 0.000010 0.000010
0.000010 0.202753 0.008755 0.000010 0.000010 0.788441 0.000010 0.000010
0.018622 0.004270 0.036895 0.102287 0.249900 0.512920 0.035451 0.039655
0.030846 0.003317 0.016086 0.057143 0.353325 0.443502 0.061135 0.034647
0.028563 0.262525 0.275182 0.037120 0.283625 0.091568 0.000010 0.021406
0.006781 0.052104 0.001269 0.036852 0.000010 0.856002 0.016060 0.030921
0.019334 0.000010 0.002838 0.001184 0.070984 0.882634 0.000010 0.023006
0.217701 0.000010 0.000010 0.160428 0.056426 0.444304 0.083676 0.037445
0.000010 0.049468 0.010891 0.001210 0.938391 0.000010 0.000010 0.000010
0.000010 0.058959 0.059518 0.000010 0.881473 0.000010 0.000010 0.000010
0.004430 0.000010 0.000010 0.049695 0.284575 0.633965 0.000010 0.027305
0.000010 0.000010 0.000010 0.052653 0.289196 0.638554 0.019556 0.000010
0.000010 0.201506 0.023669 0.000010 0.000010 0.774775 0.000010 0.000010
0.026010 0.510975 0.342296 0.002570 0.116187 0.000010 0.000010 0.001941
0.028632 0.000010 0.000010 0.013935 0.040318 0.914609 0.000010 0.002476
0.000010 0.142871 0.015869 0.000010 0.000010 0.826563 0.000010 0.014657
0.022466 0.000010 0.000010 0.025810 0.274211 0.634446 0.019156 0.023890
0.000010 0.028406 0.012511 0.000010 0.959033 0.000010 0.000010 0.000010
0.004234 0.000010 0.000010 0.033280 0.298584 0.643942 0.001189 0.018750
0.154600 0.013337 0.027493 0.103633 0.172835 0.438194 0.027577 0.062332
0.223874 0.000010 0.000010 0.119174 0.065172 0.465101 0.066224 0.060435
0.035799 0.056705 0.003461 0.086867 0.000010 0.772218 0.012089 0.032851
0.000010 0.137848 0.177617 0.000010 0.684485 0.000010 0.000010 0.000010
0.074766 0.000010 0.000010 0.054802 0.115333 0.728443 0.011083 0.015554
0.000010 0.714104 0.183657 0.000010 0.005838 0.019640 0.076730 0.000010
0.014318 0.749241 0.165415 0.000010 0.016389 0.012848 0.041770 0.000010
0.020139 0.775873 0.117727 0.000010 0.000010 0.031106 0.051104 0.004030
0.000010 0.795634 0.104872 0.007823 0.000010 0.018000 0.073642 0.000010
0.154863 0.000010 0.000010 0.291608 0.024160 0.276247 0.214129 0.038973
0.174871 0.000010 0.000010 0.237353 0.066440 0.267097 0.182965 0.071255
0.141763 0.000010 0.000010 0.290085 0.045772 0.262842 0.203229 0.056289
0.115669 0.000010 0.000010 0.266029 0.044732 0.274063 0.229702 0.069784
0.022012 0.692047 0.170855 0.000010 0.024832 0.052301 0.037933 0.000010
0.000010 0.651946 0.286377 0.000010 0.055314 0.000010 0.006324 0.000010
0.000010 0.681080 0.249234 0.000010 0.047055 0.000010 0.022591 0.000010
0.009762 0.660731 0.266912 0.008782 0.046081 0.000010 0.007712 0.000010
0.000010 0.665247 0.268303 0.000010 0.059441 0.000010 0.006968 0.000010
0.000010 0.662418 0.262034 0.013944 0.040375 0.000010 0.021198 0.000010
0.000010 0.747630 0.170536 0.014089 0.010425 0.023212 0.034089 0.000010
0.000010 0.637170 0.286385 0.000010 0.051375 0.000010 0.025031 0.000010
0.072494 0.470028 0.165310 0.083861 0.073389 0.032858 0.102051 0.000010
0.000010 0.757544 0.000010 0.000010 0.000010 0.132932 0.109474 0.000010
0.000010 0.787941 0.099399 0.015847 0.001045 0.015070 0.080678 0.000010
0.005713 0.804528 0.080671 0.000010 0.000010 0.022494 0.086564 0.000010
0.000010 0.811725 0.078226 0.000010 0.000010 0.022023 0.078982 0.009014
0.026878 0.797169 0.083679 0.000010 0.000010 0.028020 0.061596 0.002639
0.000010 0.818363 0.049148 0.000010 0.000010 0.039970 0.075937 0.016552
0.021317 0.742550 0.171018 0.000010 0.006087 0.013437 0.045571 0.000010
0.000010 0.807937 0.073175 0.000010 0.000010 0.033522 0.067728 0.017608
0.012320 0.783253 0.096410 0.006425 0.000010 0.008709 0.087748 0.005124
0.022884 0.788296 0.083828 0.000010 0.000010 0.000010 0.097167 0.007795
0.000010 0.772168 0.103631 0.000430 0.000010 0.043265 0.062484 0.018001
0.000010 0.776320 0.148938 0.000010 0.020889 0.000010 0.026232 0.027592
0.006876 0.736139 0.188834 0.000010 0.018835 0.020513 0.010501 0.018292
0.001001 0.810428 0.117590 0.032170 0.000816 0.000687 0.037297 0.000010
0.000010 0.768088 0.149742 0.000010 0.000010 0.040619 0.036841 0.004680
0.005665 0.766091 0.134813 0.000010 0.019311 0.024124 0.026652 0.023334
0.000010 0.811661 0.119255 0.027608 0.007875 0.005765 0.015921 0.011905
0.000010 0.791568 0.134429 0.028608 0.021736 0.012835 0.010804 0.000010
0.000010 0.795734 0.135781 0.000010 0.024354 0.000010 0.029312 0.014789
0.012749 0.780783 0.146434 0.007178 0.023277 0.003673 0.023487 0.002418
0.000010 0.732871 0.187087 0.009385 0.000010 0.006408 0.054448 0.009780
0.000010 0.729527 0.183283 0.016947 0.003696 0.015760 0.046940 0.003838
0.000010 0.760623 0.123128 0.000010 0.000010 0.035799 0.076269 0.004152
0.000010 0.828948 0.074155 0.000010 0.000010 0.039525 0.049194 0.008148
0.000010 0.826548 0.074232 0.011101 0.000010 0.023092 0.057393 0.007614
0.000010 0.884195 0.046489 0.000010 0.000010 0.006038 0.047194 0.016054
0.000010 0.920701 0.010030 0.000010 0.000010 0.000010 0.043529 0.025700
0.000010 0.930398 0.010527 0.000010 0.000010 0.020625 0.021228 0.017192
0.000010 0.938251 0.013747 0.015265 0.000010 0.000010 0.017743 0.014963
0.013862 0.734875 0.153849 0.006362 0.000010 0.037661 0.053372 0.000010
0.037337 0.759258 0.128893 0.000010 0.000010 0.015145 0.059337 0.000010
0.015828 0.714719 0.170735 0.000010 0.000010 0.024555 0.074133 0.000010
0.000010 0.788777 0.138206 0.015533 0.009466 0.012914 0.024690 0.010404
0.000010 0.734527 0.185279 0.000010 0.005353 0.000010 0.074802 0.000010
0.000010 0.850076 0.051581 0.007294 0.000010 0.022284 0.068735 0.000010
0.017771 0.775084 0.145966 0.002292 0.004365 0.006539 0.035490 0.012493
0.000010 0.742903 0.170169 0.000010 0.032614 0.012307 0.041976 0.000010
0.000010 0.766047 0.152653 0.020905 0.000010 0.022644 0.037722 0.000010
0.003375 0.832893 0.096883 0.021533 0.000010 0.020543 0.017748 0.007014
0.000010 0.815331 0.134636 0.000010 0.000010 0.006297 0.031436 0.012269
0.000010 0.785594 0.126096 0.015098 0.002884 0.054286 0.006149 0.009882
0.000010 0.731150 0.183023 0.000010 0.023289 0.000010 0.035876 0.026633
0.001944 0.776926 0.107717 0.000010 0.000010 0.032596 0.069316 0.011482
0.008260 0.735105 0.165546 0.011012 0.000010 0.009521 0.070537 0.000010
0.016485 0.686490 0.204206 0.009499 0.000010 0.034197 0.043645 0.005467
0.011201 0.798295 0.107762 0.015674 0.000010 0.001383 0.065664 0.000010
0.010796 0.805473 0.076961 0.000017 0.000010 0.000010 0.095592 0.011141
0.027300 0.712289 0.198990 0.000010 0.004506 0.012269 0.040042 0.004593
0.000010 0.814850 0.070075 0.000010 0.000010 0.046865 0.068170 0.000010
0.000010 0.752828 0.157048 0.000010 0.000010 0.031507 0.039546 0.019040
0.003258 0.746751 0.163026 0.027254 0.007723 0.000230 0.051748 0.000010
0.005132 0.862792 0.054045 0.009747 0.000010 0.007017 0.061246 0.000010
0.001482 0.786457 0.076355 0.018739 0.000010 0.029041 0.087907 0.000010
0.000010 0.802424 0.080031 0.000010 0.000010 0.037456 0.073593 0.006466
0.008493 0.802640 0.093400 0.000119 0.000010 0.026072 0.057588 0.011678
0.004274 0.777973 0.114997 0.013789 0.000010 0.021395 0.067552 0.000010
0.119776 0.422094 0.073955 0.110657 0.001538 0.098833 0.173137 0.000010
0.005764 0.673529 0.236408 0.030946 0.022128 0.000010 0.029952 0.001263
0.000010 0.691520 0.237756 0.004055 0.028095 0.000010 0.038544 0.000010
0.000010 0.673322 0.245128 0.000116 0.037237 0.000010 0.037964 0.006213
0.000010 0.692190 0.234424 0.000010 0.048274 0.000010 0.022546 0.002537
0.000297 0.689916 0.215120 0.028974 0.032570 0.000010 0.032093 0.001021
0.000010 0.684028 0.248527 0.006346 0.033206 0.000010 0.021176 0.006697
0.000010 0.683503 0.245412 0.000010 0.050049 0.006851 0.012560 0.001604
0.000010 0.678830 0.262153 0.000010 0.042191 0.016787 0.000010 0.000010
0.003578 0.727495 0.190718 0.007868 0.023825 0.007584 0.032283 0.006650
0.008611 0.754229 0.139128 0.000010 0.000010 0.026686 0.067162 0.004165
0.001955 0.720261 0.188445 0.013628 0.030362 0.003528 0.041810 0.000010
0.002531 0.720963 0.170239 0.000010 0.029372 0.031646 0.045230 0.000010
0.013700 0.715219 0.180690 0.000010 0.022416 0.019166 0.047867 0.000932
0.000010 0.730536 0.176621 0.006059 0.018240 0.004764 0.047234 0.016536
0.000010 0.698449 0.238617 0.000010 0.047817 0.005134 0.009841 0.000122
0.003387 0.725978 0.183369 0.035129 0.001806 0.000010 0.046709 0.003612
0.000010 0.704997 0.198324 0.000010 0.018114 0.048501 0.030035 0.000010
0.001783 0.768811 0.092328 0.020129 0.000010 0.026405 0.089493 0.001041
0.003683 0.751226 0.149376 0.018351 0.009032 0.010753 0.057570 0.000010
0.000010 0.703118 0.192382 0.022317 0.008180 0.011316 0.062668 0.000010
0.007636 0.721377 0.205911 0.000010 0.007232 0.007610 0.022045 0.028179
0.004162 0.764295 0.124967 0.020162 0.000010 0.012435 0.073960 0.000010
0.131616 0.015350 0.000010 0.269491 0.055899 0.167302 0.284012 0.076320
0.266978 0.076285 0.006261 0.233155 0.011924 0.093016 0.299312 0.013069
0.215487 0.082931 0.000010 0.197840 0.000010 0.193369 0.275937 0.034415
0.050861 0.527076 0.193638 0.048923 0.032222 0.029938 0.089661 0.027682
0.113095 0.011455 0.000010 0.331821 0.022853 0.165616 0.296575 0.058575
0.111544 0.000010 0.000010 0.309840 0.036276 0.177063 0.303202 0.062054
0.100788 0.340886 0.051310 0.139445 0.022519 0.090990 0.218630 0.035432
0.109956 0.302015 0.076227 0.166882 0.028436 0.098885 0.184465 0.033134
0.267199 0.151831 0.039751 0.168909 0.013825 0.094298 0.234517 0.029670
0.080187 0.000010 0.000010 0.044305 0.002517 0.007403 0.027116 0.838452
0.098272 0.000010 0.000010 0.299742 0.025599 0.141768 0.351611 0.082988
0.169939 0.000010 0.000010 0.317418 0.001506 0.177041 0.285186 0.048890
0.077416 0.316996 0.055324 0.139113 0.020510 0.133524 0.236403 0.020713
0.261303 0.078556 0.000010 0.185914 0.000010 0.143832 0.310194 0.020182
0.067443 0.262596 0.000010 0.163690 0.000010 0.137171 0.346431 0.022649
0.144515 0.000010 0.000010 0.288381 0.016259 0.201310 0.284276 0.065239
0.110268 0.312588 0.086636 0.148942 0.013501 0.092557 0.198546 0.036962
0.082821 0.308975 0.077307 0.177490 0.023771 0.091439 0.223756 0.014442
0.121463 0.341037 0.109413 0.111729 0.056489 0.070954 0.165351 0.023564
0.095073 0.502038 0.191523 0.046822 0.037291 0.027443 0.099799 0.000010
0.063061 0.344268 0.035662 0.132265 0.005573 0.106787 0.288137 0.024247
0.066262 0.281754 0.000010 0.150996 0.000010 0.124564 0.345275 0.031129
0.163298 0.000010 0.000010 0.345081 0.023054 0.161306 0.260473 0.046768
0.083062 0.274141 0.000010 0.126908 0.000010 0.133125 0.327478 0.055266
0.121621 0.021798 0.000010 0.317900 0.023776 0.159456 0.320619 0.034821
0.101071 0.350385 0.080258 0.132748 0.008999 0.109348 0.207055 0.010135
0.078149 0.339688 0.068975 0.147587 0.018086 0.101713 0.226872 0.018930
0.085518 0.468378 0.176424 0.093726 0.031806 0.042625 0.101513 0.000010
0.128585 0.003548 0.000010 0.304353 0.024587 0.167771 0.296646 0.074499
0.040168 0.270764 0.000010 0.152986 0.000010 0.150987 0.348020 0.037056
0.144489 0.000010 0.000010 0.277186 0.007859 0.163973 0.317795 0.088677
0.312075 0.156388 0.016110 0.113183 0.021057 0.088198 0.265702 0.027287
0.249168 0.184484 0.019948 0.144946 0.007678 0.107673 0.275131 0.010971
0.114138 0.000010 0.000010 0.349385 0.000684 0.171545 0.294530 0.069698
0.157408 0.000010 0.000010 0.296651 0.025557 0.173498 0.288791 0.058075
0.048011 0.269066 0.000010 0.156614 0.000010 0.154690 0.354613 0.016986
0.034992 0.525632 0.183415 0.038177 0.057153 0.037496 0.106264 0.016872
0.071744 0.400327 0.143095 0.099168 0.040977 0.074214 0.143557 0.026918
0.116148 0.332590 0.076412 0.144112 0.004427 0.107174 0.214837 0.004299
0.255314 0.153933 0.003123 0.145141 0.000010 0.135188 0.289897 0.017393
0.068049 0.281078 0.000010 0.120053 0.000010 0.160900 0.333643 0.036258
0.319024 0.150371 0.003978 0.136220 0.016277 0.103350 0.236359 0.034421
0.072419 0.491974 0.213538 0.055092 0.028417 0.029834 0.088767 0.019960
0.317411 0.195118 0.000010 0.103331 0.016741 0.113947 0.253432 0.000010
0.138357 0.000010 0.000010 0.306696 0.019202 0.179370 0.303233 0.053122
0.075842 0.258362 0.000011 0.185847 0.000010 0.142730 0.334810 0.002388
0.134466 0.340862 0.063832 0.151858 0.034790 0.084443 0.182383 0.007367
0.095919 0.321365 0.078564 0.179041 0.020619 0.057177 0.231030 0.016285
0.095855 0.337363 0.068092 0.170683 0.020445 0.082759 0.201059 0.023745
0.072553 0.245379 0.000010 0.175346 0.000010 0.141015 0.333762 0.031925
0.117980 0.000010 0.000010 0.323022 0.018873 0.148524 0.336954 0.054627
0.261463 0.052680 0.000010 0.234351 0.024200 0.114799 0.294310 0.018188
0.275205 0.138258 0.046820 0.156627 0.010720 0.102711 0.259847 0.009812
0.047485 0.484871 0.226034 0.038161 0.049947 0.013887 0.126253 0.013362
0.117048 0.000010 0.000010 0.289162 0.033620 0.190321 0.309661 0.060169
0.148994 0.000010 0.000010 0.289469 0.037048 0.138027 0.329766 0.056676
0.073955 0.462941 0.144312 0.077376 0.028012 0.074223 0.137369 0.001812
0.032131 0.351363 0.065201 0.146386 0.027799 0.090673 0.237475 0.048973
0.022341 0.491616 0.188579 0.057151 0.057730 0.046798 0.108443 0.027342
0.061025 0.269185 0.000010 0.133831 0.000010 0.167290 0.341706 0.026944
0.286668 0.150547 0.013732 0.128096 0.035180 0.107565 0.273038 0.005175
0.301856 0.128951 0.016727 0.136088 0.000010 0.137046 0.279313 0.000010
0.067626 0.367286 0.079152 0.141873 0.022445 0.106189 0.215418 0.000010
0.085985 0.004442 0.000010 0.310020 0.013574 0.216237 0.296548 0.073184
0.122013 0.003249 0.000010 0.331760 0.017363 0.150840 0.301963 0.072802
0.130867 0.000393 0.000010 0.304802 0.049100 0.156449 0.285256 0.073123
0.070208 0.437741 0.147042 0.102323 0.017651 0.058519 0.151308 0.015210
0.112824 0.225877 0.030646 0.229560 0.020973 0.100421 0.242519 0.037181
0.072805 0.480628 0.208753 0.057914 0.045888 0.051554 0.075144 0.007314
0.122900 0.000010 0.000010 0.301311 0.002035 0.156188 0.352835 0.064711
0.042080 0.265404 0.000010 0.179234 0.000010 0.141550 0.351709 0.020004
0.281323 0.082730 0.000010 0.169042 0.000010 0.161969 0.304905 0.000010
0.095185 0.348841 0.000010 0.090678 0.000010 0.136365 0.308501 0.020411
0.285312 0.164688 0.013723 0.161478 0.004025 0.095196 0.264356 0.011222
0.146198 0.000010 0.000010 0.329683 0.000010 0.182246 0.296668 0.045175
0.137400 0.000502 0.000010 0.301893 0.035254 0.152769 0.286410 0.085760
0.122038 0.014184 0.000010 0.308407 0.000257 0.161148 0.309455 0.084502
0.099229 0.329671 0.076817 0.128752 0.025387 0.090155 0.213510 0.036479
0.070045 0.517378 0.156614 0.074047 0.018846 0.050766 0.098884 0.013419
0.076117 0.495602 0.193003 0.039339 0.050483 0.053694 0.075972 0.015790
0.170032 0.240650 0.042440 0.144466 0.015269 0.114982 0.247198 0.024962
0.067570 0.269471 0.000010 0.149345 0.000010 0.120449 0.365671 0.027474
0.268265 0.160131 0.017606 0.108593 0.028878 0.101666 0.256711 0.058149
0.305713 0.122579 0.010079 0.110569 0.000010 0.136221 0.297375 0.017455
0.339528 0.119693 0.000010 0.115930 0.000010 0.105198 0.295414 0.024217
0.404445 0.098620 0.013774 0.103542 0.000010 0.091058 0.266654 0.021897
0.261392 0.022097 0.000444 0.528791 0.024704 0.042323 0.064575 0.055675
0.146966 0.000010 0.000010 0.304795 0.002128 0.160416 0.351839 0.033836
0.605237 0.110174 0.018333 0.048675 0.004955 0.043831 0.168785 0.000010
0.233094 0.261076 0.059701 0.112166 0.017520 0.110406 0.193647 0.012389
0.348768 0.091931 0.002383 0.123252 0.016713 0.143000 0.256701 0.017253
0.319921 0.116475 0.007442 0.132297 0.012300 0.118063 0.260300 0.033202
0.287108 0.093198 0.000010 0.184983 0.000010 0.123231 0.308320 0.003139
0.342039 0.128822 0.009077 0.124407 0.008614 0.116176 0.261472 0.009392
0.198579 0.022809 0.000010 0.714155 0.000010 0.002194 0.027901 0.034342
0.136460 0.000010 0.000010 0.277010 0.008464 0.154207 0.373460 0.050379
0.197551 0.089894 0.000010 0.218197 0.003866 0.136625 0.349890 0.003968
0.588807 0.084366 0.020326 0.027880 0.000010 0.060688 0.215440 0.002484
0.513914 0.102227 0.024144 0.075186 0.000010 0.075103 0.209407 0.000010
0.089589 0.000010 0.000010 0.325817 0.000010 0.130744 0.401346 0.052473
0.180787 0.000010 0.000010 0.266259 0.019632 0.161729 0.321276 0.050296
0.394896 0.144725 0.012041 0.130878 0.000010 0.068345 0.234390 0.014714
0.121986 0.000010 0.000010 0.312447 0.000010 0.162121 0.378367 0.025048
0.275281 0.000169 0.000010 0.643900 0.002862 0.000739 0.042299 0.034740
0.110417 0.000010 0.000010 0.314823 0.000010 0.154277 0.367523 0.052930
0.177704 0.086250 0.000010 0.219169 0.013602 0.189112 0.314144 0.000010
0.579559 0.106746 0.015274 0.041253 0.000012 0.070852 0.186293 0.000010
0.501360 0.089451 0.017276 0.101917 0.006654 0.084296 0.199036 0.000010
0.270691 0.084590 0.006383 0.153081 0.014540 0.149735 0.310032 0.010948
0.128222 0.000010 0.000010 0.326792 0.000010 0.159877 0.335918 0.049161
0.398544 0.158926 0.007676 0.123782 0.008151 0.067862 0.232384 0.002675
0.383363 0.107815 0.004942 0.101729 0.000010 0.108074 0.264208 0.029858
0.103842 0.000010 0.000010 0.302526 0.000010 0.169460 0.372925 0.051218
0.215124 0.035974 0.010766 0.626907 0.000010 0.040436 0.024685 0.046098
0.089736 0.000010 0.005671 0.286634 0.000010 0.174702 0.368701 0.074537
0.188258 0.047747 0.000010 0.216720 0.024908 0.148598 0.357778 0.015981
0.519401 0.116679 0.005057 0.020415 0.000010 0.106571 0.211017 0.020850
0.609908 0.088768 0.030139 0.048413 0.000010 0.052699 0.170053 0.000010
0.232996 0.161214 0.025435 0.144338 0.000010 0.104695 0.302386 0.028926
0.421624 0.142350 0.000010 0.104726 0.019512 0.086159 0.222189 0.003429
0.221898 0.000010 0.000400 0.690297 0.000010 0.000010 0.005721 0.081654
0.106081 0.000010 0.001652 0.329302 0.004043 0.159693 0.346038 0.053180
0.561879 0.097257 0.023497 0.048593 0.000414 0.095888 0.172462 0.000010
0.562211 0.091994 0.005701 0.102929 0.026556 0.037471 0.162593 0.010544
0.304359 0.183496 0.000017 0.164275 0.000010 0.110255 0.228140 0.009448
0.128919 0.000160 0.000010 0.051564 0.005834 0.000010 0.035441 0.778062
0.261328 0.146226 0.002809 0.149758 0.016812 0.117463 0.267318 0.038286
0.373827 0.115489 0.016948 0.134433 0.000010 0.080628 0.269260 0.009405
0.225688 0.000458 0.008315 0.681686 0.003009 0.011724 0.030161 0.038960
